   0.891191974595864E+00
   0.385985072039685E-02
  -0.225969978375246E+00
   0.369321482463627E-02
  -0.971815007421578E+00
   0.356429959691353E-02
  -0.141316943215448E+01
   0.346782141239592E-02
  -0.152278755118640E+01
   0.340429141668175E-02
  -0.116730655443115E+01
   0.337895158478703E-02
  -0.164421286927215E+01
   0.342433908510447E-02
  -0.158515588828332E+01
   0.351397715555263E-02
  -0.101447433127845E+01
   0.364826572744458E-02
   0.607330459849060E-01
   0.382803185710981E-02
   0.164058413552253E+01
   0.405376621210237E-02
   0.390444850312953E+01
   0.432358813496357E-02
   0.710635421597391E+01
   0.462791346130567E-02
   0.992732164333220E+01
   0.494809761491145E-02
   0.124763456588715E+02
   0.526584504575217E-02
   0.147742422199376E+02
   0.556645200956248E-02
   0.167275640583442E+02
   0.583962065128726E-02
   0.183132636970527E+02
   0.607883556347063E-02
   0.195469475326662E+02
   0.628039911673207E-02
   0.204629822065550E+02
   0.644437680659493E-02
   0.211011487911493E+02
   0.657438201292656E-02
   0.214961899955168E+02
   0.667281334105961E-02
   0.216690953234670E+02
   0.673940297488875E-02
   0.216209474755382E+02
   0.677101191335048E-02
   0.213330315624479E+02
   0.676182570047476E-02
   0.207721798034998E+02
   0.670632578133121E-02
   0.198938540255261E+02
   0.660188488579428E-02
   0.186415028648166E+02
   0.644679572606961E-02
   0.169437834062830E+02
   0.623992121686648E-02
   0.147121754950495E+02
   0.598257625670427E-02
   0.118417562795418E+02
   0.568083883530224E-02
   0.821500109281410E+01
   0.534671484483988E-02
   0.539419712008020E+01
   0.499818974483329E-02
   0.332554924663019E+01
   0.465765396380459E-02
   0.192976404444758E+01
   0.434652969153741E-02
   0.112749219184294E+01
   0.407924291263548E-02
   0.364848428674699E+01
   0.479678532646595E-02
   0.422277275992985E+01
   0.461636671662433E-02
   0.398800614177984E+01
   0.444973367257094E-02
   0.313354586719637E+01
   0.427274655049253E-02
   0.150838352847077E+01
   0.412815412107342E-02
   0.754739137520696E+00
   0.405677812407746E-02
   0.516593207979854E+00
   0.405754011646387E-02
   0.762767476652755E+00
   0.413299759567518E-02
   0.154502975258693E+01
   0.427279508706420E-02
   0.303637911587995E+01
   0.445811343960724E-02
   0.336067294378770E+01
   0.470650663964550E-02
   0.427822445175527E+01
   0.499691937964571E-02
   0.587670987691556E+01
   0.542530958722463E-02
   0.806453916137932E+01
   0.591677898276081E-02
   0.109657104889060E+02
   0.639039892784820E-02
   0.149098989219092E+02
   0.682682314828678E-02
   0.176120505797116E+02
   0.721792316382634E-02
   0.194097995645106E+02
   0.754945443062769E-02
   0.205513628684983E+02
   0.778599601520275E-02
   0.212322485255793E+02
   0.792099773879335E-02
   0.216211287178520E+02
   0.803579981186657E-02
   0.218613574197503E+02
   0.815742165795080E-02
   0.220504346302807E+02
   0.828928690685534E-02
   0.221887259983695E+02
   0.842448919680749E-02
   0.221916020961391E+02
   0.850480554601490E-02
   0.219833812276141E+02
   0.848075280321115E-02
   0.215178529570566E+02
   0.838890015860177E-02
   0.207596248596853E+02
   0.824151689005212E-02
   0.196513120150602E+02
   0.802002524201121E-02
   0.180780755778445E+02
   0.770254002425316E-02
   0.158714313850649E+02
   0.728349798952479E-02
   0.128580562794686E+02
   0.678726615298212E-02
   0.889882091958974E+01
   0.623614342807474E-02
   0.632311834710127E+01
   0.571556023690195E-02
   0.473643880686049E+01
   0.530303322384839E-02
   0.387138153592318E+01
   0.501412439782536E-02
   0.609257188656501E+01
   0.634393175080303E-02
   0.570743884592417E+01
   0.616678834271556E-02
   0.519929183378320E+01
   0.596404314791815E-02
   0.450782851621579E+01
   0.560938671122179E-02
   0.375938441902240E+01
   0.528640977106568E-02
   0.331327294205516E+01
   0.520066528935026E-02
   0.317244719576916E+01
   0.524040552977054E-02
   0.335705858453887E+01
   0.537813779276278E-02
   0.388343848020560E+01
   0.559265019159882E-02
   0.480099688718029E+01
   0.585529874957998E-02
   0.623939137594102E+01
   0.607676725956709E-02
   0.664484335047513E+01
   0.592501964001585E-02
   0.826161339117502E+01
   0.646023566478668E-02
   0.104399182663527E+02
   0.708572548411938E-02
   0.131769747449634E+02
   0.753530873306577E-02
   0.168964799476966E+02
   0.798136548728177E-02
   0.192161995763737E+02
   0.845682237005013E-02
   0.205980495329909E+02
   0.895208167296329E-02
   0.213006396862813E+02
   0.923691390847324E-02
   0.215264960184759E+02
   0.911657957598299E-02
   0.214924697386015E+02
   0.914958273725971E-02
   0.214432559539145E+02
   0.928119115517123E-02
   0.216437955797166E+02
   0.947529268089469E-02
   0.220635391486177E+02
   0.984551756476817E-02
   0.223503739911006E+02
   0.101194509193687E-01
   0.223582788100431E+02
   0.998968527180762E-02
   0.220808062756794E+02
   0.985272755334235E-02
   0.215705113918554E+02
   0.974689514242830E-02
   0.208637938372501E+02
   0.956055853202950E-02
   0.198203383306265E+02
   0.920915160796497E-02
   0.181119353772815E+02
   0.867032861611342E-02
   0.154316594051893E+02
   0.812655310067229E-02
   0.114741520602422E+02
   0.744051109625550E-02
   0.901626361194309E+01
   0.689142899493084E-02
   0.755634850030067E+01
   0.662144700657961E-02
   0.666729891940172E+01
   0.652549788445301E-02
   0.887324568874913E+01
   0.832867373575765E-02
   0.830737407159854E+01
   0.802175200077965E-02
   0.772595672669338E+01
   0.769847713990485E-02
   0.711328283441746E+01
   0.736322250530172E-02
   0.651815220894388E+01
   0.698368401261205E-02
   0.612374320887495E+01
   0.680433144017679E-02
   0.596558931025750E+01
   0.682558692678828E-02
   0.603140339338710E+01
   0.692799083206085E-02
   0.631249972939041E+01
   0.703068520265108E-02
   0.683524403100164E+01
   0.707345832192016E-02
   0.761753504810468E+01
   0.710432913002072E-02
   0.877856159668697E+01
   0.690049471570307E-02
   0.116227965880357E+02
   0.765838286883466E-02
   0.141025466487078E+02
   0.802936610299663E-02
   0.165197044996450E+02
   0.828717685477250E-02
   0.188931251368851E+02
   0.864983916140219E-02
   0.205677752851250E+02
   0.909479202935718E-02
   0.214715979644808E+02
   0.952427577472856E-02
   0.217273613663810E+02
   0.976750435007628E-02
   0.214783630767723E+02
   0.981463423453894E-02
   0.209294617751181E+02
   0.992526633735382E-02
   0.204062753565610E+02
   0.999425666647471E-02
   0.206517900316885E+02
   0.101653548652015E-01
   0.216385668089683E+02
   0.109326814790753E-01
   0.222492073831154E+02
   0.111718378469634E-01
   0.223871755124214E+02
   0.109277368644884E-01
   0.221374212774589E+02
   0.110385177010774E-01
   0.216915654731618E+02
   0.107781275859537E-01
   0.213327854976810E+02
   0.105528039798752E-01
   0.209147325804119E+02
   0.102961995312388E-01
   0.197682554377353E+02
   0.988830210516374E-02
   0.175081990296635E+02
   0.940211178225848E-02
   0.138376031407059E+02
   0.889766152687580E-02
   0.116267011657727E+02
   0.860158626698924E-02
   0.103426916697792E+02
   0.854158007390641E-02
   0.950841690533596E+01
   0.847106330550363E-02
   0.113956297585642E+02
   0.103883610474034E-01
   0.107906099963417E+02
   0.992111871515471E-02
   0.102003131192580E+02
   0.942596628714301E-02
   0.964375615522495E+01
   0.902917474352126E-02
   0.914022633939163E+01
   0.867157689117937E-02
   0.876730758189822E+01
   0.843372780958954E-02
   0.855637065402352E+01
   0.833869169019346E-02
   0.850562450644541E+01
   0.831919761667014E-02
   0.861095455537431E+01
   0.829152604901714E-02
   0.890183869081742E+01
   0.822329237176115E-02
   0.943998393582308E+01
   0.800919498359040E-02
   0.105292881082835E+02
   0.786046795409400E-02
   0.132579824200927E+02
   0.853610653586979E-02
   0.158642315511413E+02
   0.871412712673826E-02
   0.181325393204418E+02
   0.886096419067046E-02
   0.201343559178056E+02
   0.921939640981412E-02
   0.214787020489377E+02
   0.973817464941719E-02
   0.220048691709645E+02
   0.102152370693914E-01
   0.218746303375114E+02
   0.103870960766647E-01
   0.211653089804350E+02
   0.103374144969017E-01
   0.200352427632801E+02
   0.105661670372704E-01
   0.186779428578721E+02
   0.104186439513389E-01
   0.189794294585976E+02
   0.108089169352010E-01
   0.211043076209633E+02
   0.118298632376873E-01
   0.220063789049032E+02
   0.116073797843418E-01
   0.221824404196928E+02
   0.117216504004845E-01
   0.218057546224403E+02
   0.118850600645882E-01
   0.212019705812482E+02
   0.115670747079637E-01
   0.211615452211378E+02
   0.111629913207891E-01
   0.215986961256693E+02
   0.110308463267968E-01
   0.210530736897730E+02
   0.106842515407660E-01
   0.192059937332431E+02
   0.103759534444463E-01
   0.158251705237381E+02
   0.102695215768192E-01
   0.138801446419625E+02
   0.102054961283418E-01
   0.127720370807253E+02
   0.104994984687959E-01
   0.120259607093891E+02
   0.106291915554137E-01
   0.135426736735339E+02
   0.121085937476472E-01
   0.129400558245784E+02
   0.114477283628095E-01
   0.123773631405757E+02
   0.108435683463952E-01
   0.118791645655035E+02
   0.104216681263699E-01
   0.114466713961954E+02
   0.101111886039131E-01
   0.111028997747356E+02
   0.986721099016393E-02
   0.108638026471338E+02
   0.968586771457836E-02
   0.107346537865130E+02
   0.955231494864892E-02
   0.107237995038205E+02
   0.942672121673525E-02
   0.108689829324127E+02
   0.934206585440850E-02
   0.112313049043640E+02
   0.922286784625469E-02
   0.120210562853346E+02
   0.893903838085353E-02
   0.138190863962056E+02
   0.904875959504557E-02
   0.167302041953775E+02
   0.938993679149632E-02
   0.189107020641865E+02
   0.946171319591240E-02
   0.208634441575417E+02
   0.989436511668497E-02
   0.220642692665796E+02
   0.105338818426654E-01
   0.222453457421668E+02
   0.110470147373605E-01
   0.217926467865115E+02
   0.109766083725380E-01
   0.206597926590143E+02
   0.110849192342540E-01
   0.189841904539081E+02
   0.112084368332428E-01
   0.181460669256821E+02
   0.112032472288665E-01
   0.185353048843053E+02
   0.114431307444240E-01
   0.207705610291084E+02
   0.121950676414102E-01
   0.216863256195295E+02
   0.121291717674535E-01
   0.218134514003615E+02
   0.124496102617054E-01
   0.211810123401716E+02
   0.124495138317759E-01
   0.200907689550884E+02
   0.120250569657188E-01
   0.203269273596302E+02
   0.115078053933827E-01
   0.220665852215202E+02
   0.114554372573548E-01
   0.220964134206531E+02
   0.112821828635658E-01
   0.206154273174232E+02
   0.111793280804490E-01
   0.174896652142689E+02
   0.116163647133753E-01
   0.157944352043460E+02
   0.119320806462927E-01
   0.148445836694918E+02
   0.125264252266027E-01
   0.141621906812397E+02
   0.125498539561383E-01
   0.153191395010543E+02
   0.133046525439778E-01
   0.147463231846584E+02
   0.125413638171638E-01
   0.142356972156096E+02
   0.119478973766948E-01
   0.138014055559491E+02
   0.115779542526035E-01
   0.134304519424396E+02
   0.113273347621912E-01
   0.131208930784368E+02
   0.111070600321577E-01
   0.128763391899729E+02
   0.108882743047654E-01
   0.127039572545101E+02
   0.106861003665394E-01
   0.126211362091494E+02
   0.105300225189621E-01
   0.126681642055452E+02
   0.104904339565466E-01
   0.128908609564666E+02
   0.104702949325939E-01
   0.134182098555386E+02
   0.101425574930744E-01
   0.146301466395713E+02
   0.967352684837346E-02
   0.171126054114790E+02
   0.975794869578821E-02
   0.190986672452137E+02
   0.100649012186987E-01
   0.212203425581458E+02
   0.104429859916242E-01
   0.224144902972471E+02
   0.114836614516288E-01
   0.221925241260060E+02
   0.120869271195794E-01
   0.214976956924579E+02
   0.118636432032371E-01
   0.199652580122086E+02
   0.119563980352226E-01
   0.188704380730396E+02
   0.122782661151709E-01
   0.183564282788039E+02
   0.124208458176779E-01
   0.186676061392868E+02
   0.121931660704411E-01
   0.204551074747102E+02
   0.125310605626344E-01
   0.212238893295018E+02
   0.126943260017442E-01
   0.213008700926562E+02
   0.128122475785750E-01
   0.203536971818245E+02
   0.128591495368088E-01
   0.198244630837115E+02
   0.124959151076163E-01
   0.203226286729349E+02
   0.120056727963499E-01
   0.225383312257905E+02
   0.115017154811169E-01
   0.229526241530379E+02
   0.116218527619231E-01
   0.217753857516725E+02
   0.118703500877903E-01
   0.188848782700206E+02
   0.129304246282843E-01
   0.174144848951396E+02
   0.138197802446248E-01
   0.165665987735218E+02
   0.142933729325718E-01
   0.159217489856058E+02
   0.139790522541891E-01
   0.167750445726833E+02
   0.141674917704489E-01
   0.162572089193872E+02
   0.135402166159432E-01
   0.158109854173540E+02
   0.131155653973305E-01
   0.154380792498896E+02
   0.128762729598489E-01
   0.151181874110954E+02
   0.126608614744114E-01
   0.148421918475001E+02
   0.124372869230229E-01
   0.146057215300001E+02
   0.121790714357684E-01
   0.144137491365592E+02
   0.119189697449272E-01
   0.142852306374162E+02
   0.117142408270909E-01
   0.142576835749779E+02
   0.116709715720395E-01
   0.143657047696282E+02
   0.116872096034882E-01
   0.146830611400795E+02
   0.112904915290262E-01
   0.154545235228271E+02
   0.106014807219022E-01
   0.170398080149278E+02
   0.102025204820801E-01
   0.187294474167518E+02
   0.108128205659457E-01
   0.212993309019931E+02
   0.110964168884783E-01
   0.226226855161250E+02
   0.124808493638107E-01
   0.218136832839132E+02
   0.134541720386683E-01
   0.210091366880126E+02
   0.130975208556090E-01
   0.200189872396235E+02
   0.129756601431104E-01
   0.192651773544911E+02
   0.137925487621136E-01
   0.188993108378909E+02
   0.138248276898760E-01
   0.190646827469532E+02
   0.132087127495752E-01
   0.199740828502672E+02
   0.128637683098303E-01
   0.205470063858783E+02
   0.129903414934920E-01
   0.206698000318592E+02
   0.133468520911775E-01
   0.202724523072940E+02
   0.135351821997722E-01
   0.200798211351016E+02
   0.135128510899066E-01
   0.206592088955222E+02
   0.127593219140085E-01
   0.229464188528835E+02
   0.114476896843403E-01
   0.236248625347567E+02
   0.119399124467296E-01
   0.227063003960318E+02
   0.125575001363270E-01
   0.200623993441176E+02
   0.144519716836696E-01
   0.187480326619380E+02
   0.153758247332446E-01
   0.179454009570158E+02
   0.152239313314770E-01
   0.173376851348861E+02
   0.148165500709063E-01
   0.179681583939369E+02
   0.152542024875052E-01
   0.175157358629248E+02
   0.149019714681298E-01
   0.171278372525064E+02
   0.146261257909671E-01
   0.168053607920048E+02
   0.144651591624830E-01
   0.165299669168212E+02
   0.143042100532166E-01
   0.162889000706617E+02
   0.141380238384046E-01
   0.160713200436336E+02
   0.139403190772546E-01
   0.158757009956252E+02
   0.137293122316983E-01
   0.157160036706624E+02
   0.135317370219723E-01
   0.156195235166757E+02
   0.133321826031157E-01
   0.156215588125150E+02
   0.130636924758082E-01
   0.157861197542777E+02
   0.124354956763632E-01
   0.162828853945513E+02
   0.117210832823219E-01
   0.174218609230475E+02
   0.111809972577887E-01
   0.187568124608246E+02
   0.111710270428616E-01
   0.211833290255342E+02
   0.112045302990207E-01
   0.228119437368809E+02
   0.130789307098095E-01
   0.219972285456571E+02
   0.148160697136620E-01
   0.211663353658082E+02
   0.143434423848034E-01
   0.205035456933246E+02
   0.139057002333900E-01
   0.198404972465752E+02
   0.148946229717432E-01
   0.195275871272579E+02
   0.148115411612750E-01
   0.196038038823827E+02
   0.141882582149617E-01
   0.201111366081900E+02
   0.139469489035432E-01
   0.205886485999981E+02
   0.138800497495664E-01
   0.207512814608347E+02
   0.143099969672960E-01
   0.206060342827454E+02
   0.145146534038298E-01
   0.205568492695857E+02
   0.145027160413225E-01
   0.210806835294826E+02
   0.134709136509817E-01
   0.232073750806846E+02
   0.116493642069940E-01
   0.241100635882166E+02
   0.124474934448669E-01
   0.234194292229390E+02
   0.133366716418756E-01
   0.210109109480124E+02
   0.158962395305003E-01
   0.197931032051867E+02
   0.162422928039029E-01
   0.190271732489279E+02
   0.157754547199887E-01
   0.184705728980407E+02
   0.156074276172760E-01
   0.189419486262968E+02
   0.164293862826806E-01
   0.185482522866207E+02
   0.162045635335624E-01
   0.182090485796279E+02
   0.160017169130316E-01
   0.179274451919378E+02
   0.158707578334973E-01
   0.176904407342326E+02
   0.157746480270945E-01
   0.174818210128737E+02
   0.156874153228366E-01
   0.172842965845886E+02
   0.155694663108098E-01
   0.170871387576676E+02
   0.153969782286652E-01
   0.168991765257378E+02
   0.151966180181507E-01
   0.167440596720572E+02
   0.149135659371270E-01
   0.166608808351618E+02
   0.145181827563517E-01
   0.167148676891932E+02
   0.138674183748981E-01
   0.170468769974503E+02
   0.127885261896766E-01
   0.180101572982969E+02
   0.122503916532382E-01
   0.189699071450796E+02
   0.121637618447178E-01
   0.207933719267812E+02
   0.116401213434969E-01
   0.229911929978764E+02
   0.134761260298899E-01
   0.224645002445254E+02
   0.157132024298561E-01
   0.215831335526918E+02
   0.159641008808385E-01
   0.212286383210999E+02
   0.146490956373764E-01
   0.204178705968643E+02
   0.159567436738772E-01
   0.201240264515471E+02
   0.157731887642595E-01
   0.201404086793737E+02
   0.154220322209776E-01
   0.204643263393044E+02
   0.151052069606506E-01
   0.209449067411130E+02
   0.150544033895881E-01
   0.211315186141062E+02
   0.155460652330311E-01
   0.211077819460386E+02
   0.156393758203438E-01
   0.210869171385680E+02
   0.154614881247150E-01
   0.214648771434418E+02
   0.143306368748571E-01
   0.232448930047312E+02
   0.124747566787975E-01
   0.244124728092382E+02
   0.132327225315190E-01
   0.239273793923423E+02
   0.142373045504846E-01
   0.217552197837154E+02
   0.172267967315760E-01
   0.206179382308436E+02
   0.173199483094786E-01
   0.198914705902245E+02
   0.166978887630709E-01
   0.193828047269544E+02
   0.166201223727206E-01
   0.197354287347952E+02
   0.175811851282881E-01
   0.193859106144977E+02
   0.173860809649245E-01
   0.190842052411214E+02
   0.172194775573899E-01
   0.188349378208714E+02
   0.171181627670373E-01
   0.186296136503939E+02
   0.171031746008332E-01
   0.184483998322440E+02
   0.170996389076350E-01
   0.182684729540825E+02
   0.170617091340500E-01
   0.180695898960227E+02
   0.169129028201562E-01
   0.178555868922314E+02
   0.166642852746023E-01
   0.176510297696817E+02
   0.162635672252167E-01
   0.175012092164390E+02
   0.157242615318219E-01
   0.174757667160713E+02
   0.149835556614284E-01
   0.177177010211136E+02
   0.139484518690747E-01
   0.187238588024459E+02
   0.132867305723886E-01
   0.192937322484591E+02
   0.139301158497559E-01
   0.207537378175907E+02
   0.125694560269869E-01
   0.231855914890279E+02
   0.136804648784448E-01
   0.232010362479234E+02
   0.157928819784556E-01
   0.220432824666148E+02
   0.173812133805682E-01
   0.214608443794328E+02
   0.162838120287234E-01
   0.209096627461764E+02
   0.170725797792505E-01
   0.206746780872192E+02
   0.169407916458308E-01
   0.206648149075821E+02
   0.165469947799057E-01
   0.209114671020969E+02
   0.159978147315660E-01
   0.215011015947331E+02
   0.156394582892219E-01
   0.216729517175855E+02
   0.166916042816304E-01
   0.217078836937221E+02
   0.166330109786660E-01
   0.216585443279457E+02
   0.164826106820629E-01
   0.218498314451603E+02
   0.154852259423117E-01
   0.229894089454889E+02
   0.143641062874238E-01
   0.245630337672639E+02
   0.143396592552828E-01
   0.242548849905027E+02
   0.153428561428772E-01
   0.223194494969197E+02
   0.185527211668093E-01
   0.212679988118067E+02
   0.184179783967845E-01
   0.205912670140705E+02
   0.177754911909112E-01
   0.201274696756560E+02
   0.177278441966849E-01
   0.203601813027936E+02
   0.185832931647871E-01
   0.200421207753947E+02
   0.183850692379409E-01
   0.197680713950994E+02
   0.182423621397793E-01
   0.195427348168742E+02
   0.181856079780525E-01
   0.193596794188268E+02
   0.182402233797441E-01
   0.191974867757373E+02
   0.183091883221671E-01
   0.190292539949070E+02
   0.183365302008451E-01
   0.188267020777676E+02
   0.181946720714206E-01
   0.185900957967973E+02
   0.178667195957255E-01
   0.183496723400697E+02
   0.173396967660281E-01
   0.181574611752770E+02
   0.166603749754422E-01
   0.180878330164218E+02
   0.159032710197809E-01
   0.182640155749198E+02
   0.152499676186128E-01
   0.189446968173948E+02
   0.148444515415805E-01
   0.196050366744932E+02
   0.155600645292751E-01
   0.208902518842010E+02
   0.140931363701739E-01
   0.233388493404316E+02
   0.143181540456934E-01
   0.236234349136948E+02
   0.157462552001241E-01
   0.224647388824567E+02
   0.179311213987604E-01
   0.217784013553272E+02
   0.175700680451255E-01
   0.213377590689566E+02
   0.177577482370851E-01
   0.211657755895309E+02
   0.179898172903080E-01
   0.211581200277877E+02
   0.176040762948702E-01
   0.213800336744783E+02
   0.168878790100213E-01
   0.222408733780169E+02
   0.155765315981795E-01
   0.222949475698541E+02
   0.169328368564018E-01
   0.223857199344452E+02
   0.170677929156554E-01
   0.222680072011040E+02
   0.175755517680500E-01
   0.222704492348820E+02
   0.168883708107521E-01
   0.230068210282515E+02
   0.158994640023243E-01
   0.246083950420938E+02
   0.152572538337575E-01
   0.244163635090930E+02
   0.164787298283151E-01
   0.227129312793482E+02
   0.197475369081197E-01
   0.217601887539415E+02
   0.193944528663849E-01
   0.211407572187550E+02
   0.187835966904391E-01
   0.207159423941375E+02
   0.187262144327352E-01
   0.208252787337903E+02
   0.194722189464080E-01
   0.205291322622471E+02
   0.192699818868169E-01
   0.202735802324245E+02
   0.191349178859384E-01
   0.200620631707749E+02
   0.190922534091329E-01
   0.198891168300275E+02
   0.191399811750310E-01
   0.197350744732483E+02
   0.192197194420118E-01
   0.195714225897566E+02
   0.192639846770902E-01
   0.193643543918667E+02
   0.191045078371363E-01
   0.191121762535102E+02
   0.187079463624891E-01
   0.188534770894221E+02
   0.181225930445507E-01
   0.186462442070599E+02
   0.174451656475402E-01
   0.185642576055540E+02
   0.168973986199231E-01
   0.186994402608189E+02
   0.165641724135259E-01
   0.191943494295810E+02
   0.158753485390778E-01
   0.198705178499506E+02
   0.163833242979093E-01
   0.210832540170524E+02
   0.159302613596476E-01
   0.234305954688056E+02
   0.156913675058342E-01
   0.238508725767796E+02
   0.160468229883324E-01
   0.228629991516313E+02
   0.176547197364980E-01
   0.220930807673810E+02
   0.187528434428060E-01
   0.217088228099226E+02
   0.187205964218633E-01
   0.215856179052792E+02
   0.189977377534546E-01
   0.215936565753778E+02
   0.186725795670943E-01
   0.217977402450046E+02
   0.179905633385904E-01
   0.226242905425831E+02
   0.162425842697883E-01
   0.229791859709638E+02
   0.170521296394815E-01
   0.231688079311887E+02
   0.168631454981926E-01
   0.229024340669420E+02
   0.182277910397043E-01
   0.226980586144027E+02
   0.183918843844503E-01
   0.231420660180016E+02
   0.173062589934905E-01
   0.245573938537054E+02
   0.159146636726284E-01
   0.244145322047107E+02
   0.174025477012485E-01
   0.229414719831868E+02
   0.202826353205216E-01
   0.221055772661506E+02
   0.200966166792590E-01
   0.215488073313120E+02
   0.197150494676063E-01
   0.211552832501567E+02
   0.196257618968425E-01
   0.211376781784696E+02
   0.202360811429192E-01
   0.208559495652927E+02
   0.200396780009810E-01
   0.206107097871279E+02
   0.198974912730188E-01
   0.204033901976920E+02
   0.198004061611602E-01
   0.202300156766428E+02
   0.197482934221723E-01
   0.200748248099612E+02
   0.197664787456617E-01
   0.199104578691032E+02
   0.198071436220977E-01
   0.196997874704625E+02
   0.196634424190468E-01
   0.194408475561569E+02
   0.192645045033539E-01
   0.191811683915843E+02
   0.187576946075547E-01
   0.189811887948794E+02
   0.182652116686483E-01
   0.189062472160347E+02
   0.179261801134246E-01
   0.190155552225392E+02
   0.175412575487748E-01
   0.194088442458772E+02
   0.168592160277473E-01
   0.200800193365088E+02
   0.172554979975848E-01
   0.212513958334051E+02
   0.177497832677132E-01
   0.234391798471351E+02
   0.166260457411343E-01
   0.239269788358792E+02
   0.161122918278651E-01
   0.233193313316559E+02
   0.168321631598847E-01
   0.223433187618952E+02
   0.192709685868382E-01
   0.220061918513725E+02
   0.197311169583114E-01
   0.219207880153418E+02
   0.198824101348410E-01
   0.219505357366022E+02
   0.196283574298212E-01
   0.221369245028640E+02
   0.193512790822758E-01
   0.226717535864435E+02
   0.176538290075342E-01
   0.232499110260382E+02
   0.175946196415537E-01
   0.235834016201354E+02
   0.172333183540143E-01
   0.235742112876913E+02
   0.180749872644337E-01
   0.230952473252236E+02
   0.198849742590379E-01
   0.233000407181784E+02
   0.188485022067676E-01
   0.244132388817604E+02
   0.167787613299839E-01
   0.242297008631514E+02
   0.184779986001650E-01
   0.230328536590008E+02
   0.207786871005012E-01
   0.223208225816735E+02
   0.207920928014606E-01
   0.218217186078105E+02
   0.205692445229070E-01
   0.214507967185325E+02
   0.204128095000890E-01
   0.213038452785666E+02
   0.207657819699033E-01
   0.210308913150173E+02
   0.205955446690065E-01
   0.207904881994007E+02
   0.204516271773725E-01
   0.205829205187002E+02
   0.202868223620813E-01
   0.204045991029333E+02
   0.201336945441294E-01
   0.202442370329461E+02
   0.201230254654976E-01
   0.200745556880215E+02
   0.201814895809589E-01
   0.198584321550452E+02
   0.200415624678167E-01
   0.195986149284053E+02
   0.196509593308882E-01
   0.193479325397571E+02
   0.192341196486996E-01
   0.191658312805069E+02
   0.189150876053306E-01
   0.191070977111375E+02
   0.186559922686967E-01
   0.192070139337531E+02
   0.181007232359182E-01
   0.195497642999124E+02
   0.174709059644423E-01
   0.202159450075916E+02
   0.180315938110305E-01
   0.213395312269949E+02
   0.188909187105772E-01
   0.233410107145536E+02
   0.167017272607019E-01
   0.238675385963581E+02
   0.160638770257590E-01
   0.234822679497954E+02
   0.164561610033706E-01
   0.224940519401625E+02
   0.194570829885759E-01
   0.222110565222907E+02
   0.203810492400835E-01
   0.221620326762621E+02
   0.205673292305869E-01
   0.222186262312163E+02
   0.204048013580737E-01
   0.223826451768458E+02
   0.202586535827687E-01
   0.227387437652517E+02
   0.185300234899748E-01
   0.231861775166176E+02
   0.183153481227300E-01
   0.236972468160513E+02
   0.178239533052416E-01
   0.239097203363387E+02
   0.181552869663851E-01
   0.234171620334427E+02
   0.209986335498153E-01
   0.234227469309234E+02
   0.204723925518298E-01
   0.241607171169107E+02
   0.180304725177420E-01
   0.238235712351557E+02
   0.200494683265808E-01
   0.230132380311798E+02
   0.212736698280132E-01
   0.224152293923289E+02
   0.213669441659694E-01
   0.219612093410307E+02
   0.211685211806456E-01
   0.216067223794619E+02
   0.209514955924291E-01
   0.213365845201239E+02
   0.207039120685669E-01
   0.210681324976578E+02
   0.205393504855216E-01
   0.208291198929595E+02
   0.203839471638777E-01
   0.206200226249738E+02
   0.202135271446115E-01
   0.204358617424764E+02
   0.200770915346213E-01
   0.202651356093195E+02
   0.200510864380432E-01
   0.200833646679544E+02
   0.200576385929755E-01
   0.198600664855352E+02
   0.198885301641185E-01
   0.196039101745549E+02
   0.195433734363340E-01
   0.193670803548819E+02
   0.192076308363628E-01
   0.192044250128445E+02
   0.189540245739901E-01
   0.191669106270470E+02
   0.187355735356959E-01
   0.192786809689551E+02
   0.182056382968754E-01
   0.195989863843750E+02
   0.175955325498365E-01
   0.202607389867676E+02
   0.183709260631949E-01
   0.213170786406051E+02
   0.191431754240764E-01
   0.231427605433419E+02
   0.163425144171934E-01
   0.236941124548029E+02
   0.159423555748599E-01
   0.234573622587505E+02
   0.162995559476521E-01
   0.225423337078703E+02
   0.194494728491183E-01
   0.223188196759005E+02
   0.208088830665763E-01
   0.223080301195709E+02
   0.212184044999035E-01
   0.223905007899008E+02
   0.210155223446848E-01
   0.225343882760758E+02
   0.207011490620876E-01
   0.227867865703198E+02
   0.193498803790293E-01
   0.231369561085883E+02
   0.189347689282511E-01
   0.235443618298820E+02
   0.189549217113238E-01
   0.240089246555360E+02
   0.185318293906466E-01
   0.236591694024567E+02
   0.211567055307609E-01
   0.234635908979273E+02
   0.214815221263031E-01
   0.237510876377599E+02
   0.196420081544902E-01
   0.235034641720482E+02
   0.208610780203894E-01
   0.229075511235675E+02
   0.214300907362453E-01
   0.223958165638675E+02
   0.214740008986906E-01
   0.219756100182516E+02
   0.211523600137901E-01
   0.216335709848831E+02
   0.208891496171678E-01
   0.212644856212954E+02
   0.197582663500935E-01
   0.209958156630356E+02
   0.195030031676244E-01
   0.207513157181532E+02
   0.192416238791214E-01
   0.205324788786281E+02
   0.189989487642272E-01
   0.203364028507646E+02
   0.188499971683906E-01
   0.201523319092521E+02
   0.188221419719746E-01
   0.199588796893980E+02
   0.188414896642790E-01
   0.197325723404918E+02
   0.187455109985572E-01
   0.194865150444972E+02
   0.185669655912450E-01
   0.192696993783645E+02
   0.184338921845826E-01
   0.191295648965161E+02
   0.183311419930861E-01
   0.191118115231791E+02
   0.182330281159349E-01
   0.192441446386932E+02
   0.179709952929479E-01
   0.195524360319115E+02
   0.173727231561019E-01
   0.202095571543870E+02
   0.184335038229652E-01
   0.211771999493686E+02
   0.189042066381344E-01
   0.228532107241012E+02
   0.161381604498219E-01
   0.234165923444658E+02
   0.159257617440199E-01
   0.232887550131046E+02
   0.161696602347509E-01
   0.224933728378609E+02
   0.199474568995970E-01
   0.223162481509382E+02
   0.210681345188027E-01
   0.223366545480962E+02
   0.215247197544782E-01
   0.224566494608769E+02
   0.214523350008504E-01
   0.225890089643786E+02
   0.209652021641499E-01
   0.227865421647687E+02
   0.200354410746405E-01
   0.230816407362426E+02
   0.200093607204151E-01
   0.234081926776205E+02
   0.199454633581471E-01
   0.239075342720679E+02
   0.191851586624417E-01
   0.238644564440456E+02
   0.201604739063383E-01
   0.234020620625531E+02
   0.215546964560614E-01
   0.234337188010520E+02
   0.203605422591710E-01
   0.232015685404745E+02
   0.208932494073854E-01
   0.227259106645076E+02
   0.209879684687893E-01
   0.222786641441128E+02
   0.207773270836717E-01
   0.218898064856081E+02
   0.203521865010174E-01
   0.215584445472816E+02
   0.200206037240662E-01
   0.211082649040031E+02
   0.184763989042689E-01
   0.208372681698257E+02
   0.181669352471428E-01
   0.205879636798810E+02
   0.178831135309319E-01
   0.203622866050805E+02
   0.176619014787303E-01
   0.201564543562157E+02
   0.175190834904641E-01
   0.199590661512311E+02
   0.174385496773739E-01
   0.197528874776066E+02
   0.173824663728261E-01
   0.195240741645654E+02
   0.172878545056986E-01
   0.192903889243282E+02
   0.172210141532269E-01
   0.190932174086430E+02
   0.172288290449428E-01
   0.189727287941356E+02
   0.172933009805516E-01
   0.189713865662446E+02
   0.174397757816730E-01
   0.191183930573508E+02
   0.175646330929504E-01
   0.194160421928653E+02
   0.170966921445779E-01
   0.200598474065525E+02
   0.185171299034065E-01
   0.209242454988759E+02
   0.185832001740936E-01
   0.224585497072775E+02
   0.161276153332566E-01
   0.230214392076505E+02
   0.160241812382646E-01
   0.229835424342925E+02
   0.160897555108457E-01
   0.223253133840886E+02
   0.201577287960760E-01
   0.221838342934730E+02
   0.207822234701900E-01
   0.222255219080554E+02
   0.210363700273768E-01
   0.224021751877790E+02
   0.213319588412420E-01
   0.225373812500082E+02
   0.210606880803938E-01
   0.227084837175718E+02
   0.204755737611409E-01
   0.229666704530455E+02
   0.207510815699467E-01
   0.232279665158296E+02
   0.207039066610982E-01
   0.235608670982893E+02
   0.204284120580183E-01
   0.237661411434256E+02
   0.197976501623375E-01
   0.232263768253256E+02
   0.211277741833179E-01
   0.231252296174790E+02
   0.205235920890699E-01
   0.228851307554251E+02
   0.204553344504177E-01
   0.224783373387488E+02
   0.200272725625161E-01
   0.220839540638367E+02
   0.196411005482068E-01
   0.217233053418214E+02
   0.191833064166505E-01
   0.214012639300536E+02
   0.188060363162420E-01
   0.209110468755625E+02
   0.177600575854163E-01
   0.206405518488499E+02
   0.174330751559107E-01
   0.203898672601529E+02
   0.171481569445089E-01
   0.201605259721690E+02
   0.169430436479922E-01
   0.199471685859836E+02
   0.167977821506667E-01
   0.197377402420530E+02
   0.166888510631312E-01
   0.195186333553508E+02
   0.165877903262050E-01
   0.192836946676780E+02
   0.164619106829875E-01
   0.190535917039724E+02
   0.163755656512643E-01
   0.188644573814581E+02
   0.163694265962044E-01
   0.187515699880699E+02
   0.164682950727350E-01
   0.187550108234582E+02
   0.167371965409743E-01
   0.189087025998097E+02
   0.172257441129612E-01
   0.192177669368250E+02
   0.176085544754024E-01
   0.198032926686774E+02
   0.186676764777115E-01
   0.205576851277972E+02
   0.179769202354730E-01
   0.219409839318319E+02
   0.161222114508733E-01
   0.224916633783602E+02
   0.161149738586912E-01
   0.225414315491321E+02
   0.162461820089903E-01
   0.220352108874637E+02
   0.205968721952265E-01
   0.219242143279848E+02
   0.205639084332083E-01
   0.219792865607113E+02
   0.201177632300250E-01
   0.222324510100792E+02
   0.207628354987414E-01
   0.223747372688344E+02
   0.210590298133004E-01
   0.225327542751598E+02
   0.206154314734121E-01
   0.227632089813510E+02
   0.211140590046828E-01
   0.229768337389506E+02
   0.214018043211445E-01
   0.232094205924666E+02
   0.216850159259683E-01
   0.234262500034736E+02
   0.200161600764679E-01
   0.229387375487172E+02
   0.208575266054768E-01
   0.227882332669407E+02
   0.204970994139478E-01
   0.225429964145438E+02
   0.199799718742802E-01
   0.221873085577955E+02
   0.193345944908549E-01
   0.218420074163255E+02
   0.189276552041595E-01
   0.215108294887187E+02
   0.185011960962536E-01
   0.212005735356681E+02
   0.181131387343725E-01
   0.207000510390960E+02
   0.182050755137506E-01
   0.204364224691667E+02
   0.178231055689389E-01
   0.201898444171814E+02
   0.174899558542966E-01
   0.199603516195474E+02
   0.172319903970970E-01
   0.197422670637783E+02
   0.170433809814846E-01
   0.195233821311965E+02
   0.169032579757228E-01
   0.192928749564974E+02
   0.167977813172572E-01
   0.190496139295253E+02
   0.166912571973892E-01
   0.188152083991975E+02
   0.166296049848454E-01
   0.186223452100785E+02
   0.166492843740959E-01
   0.185020296228373E+02
   0.167619537885344E-01
   0.184913057341428E+02
   0.170330211899702E-01
   0.186276686484236E+02
   0.175835177914749E-01
   0.189225685113345E+02
   0.182790489656408E-01
   0.194382209003081E+02
   0.189739406231065E-01
   0.200884622275306E+02
   0.176689360128889E-01
   0.212864074660016E+02
   0.160875597009499E-01
   0.218121650467845E+02
   0.160314255539850E-01
   0.219529553863653E+02
   0.167860709530243E-01
   0.216002153803123E+02
   0.208278885367202E-01
   0.215347774392002E+02
   0.204725242529077E-01
   0.216224289237591E+02
   0.196312412408145E-01
   0.219632128575565E+02
   0.197624050539330E-01
   0.221132605981686E+02
   0.214213326710096E-01
   0.222760634983702E+02
   0.213635265027400E-01
   0.224732173887695E+02
   0.217751479964197E-01
   0.226340676504798E+02
   0.219744732117893E-01
   0.227708621208788E+02
   0.220631400156453E-01
   0.228404879445684E+02
   0.212123902083403E-01
   0.225608879002160E+02
   0.215557678748810E-01
   0.224074826436034E+02
   0.212446481792252E-01
   0.221746347528250E+02
   0.205835720798816E-01
   0.218701092694262E+02
   0.199357783886616E-01
   0.215738283661801E+02
   0.195255248394306E-01
   0.212741358135589E+02
   0.190754033963101E-01
   0.209802212714769E+02
   0.186204539492233E-01
   0.204741405655684E+02
   0.198425994943663E-01
   0.202265104865984E+02
   0.194130539817770E-01
   0.199918681259488E+02
   0.189959747899130E-01
   0.197686477438641E+02
   0.186271363850158E-01
   0.195513687551696E+02
   0.183409884107925E-01
   0.193275086078496E+02
   0.181272622025572E-01
   0.190876892740471E+02
   0.179797393586624E-01
   0.188340398298078E+02
   0.178412031220955E-01
   0.185882442606865E+02
   0.177252441887094E-01
   0.183803398670160E+02
   0.176628307728379E-01
   0.182371763311216E+02
   0.176221064497616E-01
   0.181910774857383E+02
   0.176330580190481E-01
   0.182776704979523E+02
   0.178079205550440E-01
   0.185089703689386E+02
   0.181516326090642E-01
   0.189627166292802E+02
   0.192065845700623E-01
   0.195384699536337E+02
   0.185694261754960E-01
   0.204806473060378E+02
   0.159223102955848E-01
   0.209738481263990E+02
   0.163698707198590E-01
   0.211932525033524E+02
   0.178060959385919E-01
   0.210111353315932E+02
   0.208505301549993E-01
   0.210079282579580E+02
   0.201281605950576E-01
   0.211465254599607E+02
   0.190306371206310E-01
   0.216333247771106E+02
   0.184409743584262E-01
   0.217226535768129E+02
   0.213949335371306E-01
   0.218962434076453E+02
   0.219113040020454E-01
   0.220593500430213E+02
   0.220932869995609E-01
   0.221708547473345E+02
   0.221084953614021E-01
   0.222287538682101E+02
   0.218508853699591E-01
   0.222321266681139E+02
   0.216357991275755E-01
   0.220697962947810E+02
   0.221741122329493E-01
   0.219449637962055E+02
   0.222572562713211E-01
   0.217483992916246E+02
   0.218603232459087E-01
   0.215047152040931E+02
   0.214729807977304E-01
   0.212617219410423E+02
   0.211569999264215E-01
   0.210011206582787E+02
   0.207473932403993E-01
   0.207348251996720E+02
   0.202942120534616E-01
   0.201441129238673E+02
   0.215692608789465E-01
   0.199236034296444E+02
   0.212829067276627E-01
   0.197122586888255E+02
   0.209061430908044E-01
   0.195061108684753E+02
   0.204594392015586E-01
   0.192987452561785E+02
   0.200351973562447E-01
   0.190763937566893E+02
   0.196413009142566E-01
   0.188298026221140E+02
   0.192801243769509E-01
   0.185649014532882E+02
   0.189372235942613E-01
   0.183045252497795E+02
   0.186306016026324E-01
   0.180774731874164E+02
   0.183903408052516E-01
   0.179083457490632E+02
   0.181697681293739E-01
   0.178234919580517E+02
   0.179528408871157E-01
   0.178466315182202E+02
   0.177328053802549E-01
   0.179886784934183E+02
   0.175114837567836E-01
   0.183522055327391E+02
   0.181322243773476E-01
   0.188839721152284E+02
   0.192700187420276E-01
   0.195108207924831E+02
   0.166455648671413E-01
   0.199511982154111E+02
   0.171052491593378E-01
   0.202141029389708E+02
   0.185301459421690E-01
   0.202658799791908E+02
   0.204141990413307E-01
   0.203476916882013E+02
   0.196359439203519E-01
   0.205617622296503E+02
   0.178396937811729E-01
   0.210821286375920E+02
   0.184754104735315E-01
   0.211956731151858E+02
   0.211351643750503E-01
   0.213752633289525E+02
   0.220404130648959E-01
   0.215078042931303E+02
   0.218959839099267E-01
   0.215827895633871E+02
   0.218169740706734E-01
   0.215839852532270E+02
   0.214749803675806E-01
   0.215437819764466E+02
   0.213608840167824E-01
   0.214383888709755E+02
   0.219111945151913E-01
   0.213446280314038E+02
   0.223082452082607E-01
   0.211940645959802E+02
   0.223225118024740E-01
   0.210096806097659E+02
   0.223290061926365E-01
   0.208209002547501E+02
   0.223231010952763E-01
   0.206045269931849E+02
   0.221145284390084E-01
   0.203748957955989E+02
   0.218546808123314E-01
   0.196131461269325E+02
   0.216144180733022E-01
   0.194237659987440E+02
   0.215645052231687E-01
   0.192449067193908E+02
   0.214534504781217E-01
   0.190696999785410E+02
   0.211926023335412E-01
   0.188877127613532E+02
   0.208350875704019E-01
   0.186814144589208E+02
   0.203703016691834E-01
   0.184388010938682E+02
   0.197962300053884E-01
   0.181689913133812E+02
   0.192304360811866E-01
   0.178969879068250E+02
   0.187568573429990E-01
   0.176517065330580E+02
   0.183962637271000E-01
   0.174581163894840E+02
   0.181091357975211E-01
   0.173392850916740E+02
   0.178721302606704E-01
   0.173120243347832E+02
   0.176023479370966E-01
   0.173896249753158E+02
   0.171901924033075E-01
   0.176478284623570E+02
   0.168507692769458E-01
   0.180953098569507E+02
   0.175520468092959E-01
   0.186076716607425E+02
   0.174661599233977E-01
   0.189754314322624E+02
   0.176110756416810E-01
   0.192047730647337E+02
   0.177988283347880E-01
   0.193659731839075E+02
   0.192261276538401E-01
   0.195486931480626E+02
   0.191823728603152E-01
   0.198963968697947E+02
   0.161349753612740E-01
   0.202992748851078E+02
   0.192161037049197E-01
   0.205291236754474E+02
   0.210163905918291E-01
   0.207076758364836E+02
   0.214049781243504E-01
   0.208203286477875E+02
   0.212839863735052E-01
   0.208662825696565E+02
   0.211680209867259E-01
   0.208316044838833E+02
   0.207943865765871E-01
   0.207551377585999E+02
   0.205260418971539E-01
   0.206616995938987E+02
   0.207812133022520E-01
   0.205837363726717E+02
   0.211874351152099E-01
   0.204693573877282E+02
   0.214004240786401E-01
   0.203322608973034E+02
   0.216365878220481E-01
   0.201855129179133E+02
   0.218499096914933E-01
   0.200071668787197E+02
   0.218086496704239E-01
   0.198126563992221E+02
   0.217165029191781E-01
   0.188655275986643E+02
   0.203154497709940E-01
   0.186986795501649E+02
   0.203260862665659E-01
   0.185461027764560E+02
   0.203991696679982E-01
   0.184027944402608E+02
   0.204536265970434E-01
   0.182542606457203E+02
   0.203974983570582E-01
   0.180784181534251E+02
   0.201529826545788E-01
   0.178583575012173E+02
   0.196623432981404E-01
   0.175998071343882E+02
   0.190546748854323E-01
   0.173270788247721E+02
   0.184805697757829E-01
   0.170699981780380E+02
   0.180124414612203E-01
   0.168565891364706E+02
   0.176612727855193E-01
   0.167097623340612E+02
   0.174045006106669E-01
   0.166466891045135E+02
   0.171785868400701E-01
   0.166866848712038E+02
   0.169247496978107E-01
   0.168891832171905E+02
   0.167926222777855E-01
   0.172690033921800E+02
   0.173336933966880E-01
   0.176741671890261E+02
   0.173269634437869E-01
   0.179514431483978E+02
   0.172232976296060E-01
   0.181255375735929E+02
   0.172263375061496E-01
   0.183223999485562E+02
   0.179529497013541E-01
   0.185899099148109E+02
   0.183075428210779E-01
   0.190149187705806E+02
   0.155467297852142E-01
   0.194312180834163E+02
   0.187642422280320E-01
   0.197185673379189E+02
   0.198902272551920E-01
   0.198942565244177E+02
   0.201903963711716E-01
   0.199943326128419E+02
   0.203158453372529E-01
   0.200193855358992E+02
   0.202591289837884E-01
   0.199629451390095E+02
   0.199168518273154E-01
   0.198645573159497E+02
   0.195748101998718E-01
   0.197696293199850E+02
   0.196248104450311E-01
   0.196921757521467E+02
   0.198742100149553E-01
   0.195933550049704E+02
   0.200370404967830E-01
   0.194826050168486E+02
   0.202460802419346E-01
   0.193615494074656E+02
   0.204436025184706E-01
   0.192096551762074E+02
   0.204478515234991E-01
   0.190413790611080E+02
   0.203901668701421E-01
   0.179254877698570E+02
   0.187934382234156E-01
   0.177727676254357E+02
   0.187464053175001E-01
   0.176351407557328E+02
   0.188015949700235E-01
   0.175121552115355E+02
   0.189599689659000E-01
   0.173894567653526E+02
   0.191135916964732E-01
   0.172440292048871E+02
   0.191559325375801E-01
   0.170562426028492E+02
   0.189724274762357E-01
   0.168248266983163E+02
   0.185601743390274E-01
   0.165672033531811E+02
   0.180232728322040E-01
   0.163100923492413E+02
   0.174674203883406E-01
   0.160849764421824E+02
   0.170130869561835E-01
   0.159171313456629E+02
   0.166735857833718E-01
   0.158278204821794E+02
   0.163968324838960E-01
   0.158432559920783E+02
   0.161432938074876E-01
   0.160104048466409E+02
   0.160840991324286E-01
   0.163268423464101E+02
   0.165091333088813E-01
   0.166399186853062E+02
   0.165598299087346E-01
   0.168312385499440E+02
   0.163394846202597E-01
   0.169363066860798E+02
   0.160895159396742E-01
   0.171359585126113E+02
   0.165353817163044E-01
   0.174733103906764E+02
   0.170172581526942E-01
   0.179260257610145E+02
   0.162107324477452E-01
   0.184636543375136E+02
   0.179269719665190E-01
   0.187752646591110E+02
   0.185558131551675E-01
   0.189423427521071E+02
   0.188298108649759E-01
   0.190254564821321E+02
   0.190508572158329E-01
   0.190342897911694E+02
   0.190883988925478E-01
   0.189671445855254E+02
   0.188691525032608E-01
   0.188593840405967E+02
   0.185706768862763E-01
   0.187576901417297E+02
   0.185083354637175E-01
   0.186726327552869E+02
   0.186282558876652E-01
   0.185767986729177E+02
   0.187166639036501E-01
   0.184759158620494E+02
   0.188423660392381E-01
   0.183655598929780E+02
   0.189321881369518E-01
   0.182320151298433E+02
   0.189306070694934E-01
   0.180835049443179E+02
   0.188812991277840E-01
   0.168002074294113E+02
   0.172746460028144E-01
   0.166570115638529E+02
   0.171801425499634E-01
   0.165269253568560E+02
   0.171574754970903E-01
   0.164136899993327E+02
   0.172507550932411E-01
   0.163050538899201E+02
   0.173939820847542E-01
   0.161801485587248E+02
   0.175153372819308E-01
   0.160211249816670E+02
   0.175557795465566E-01
   0.158221835075125E+02
   0.174270072663293E-01
   0.155919312907530E+02
   0.171096947706787E-01
   0.153499767624457E+02
   0.166472000973751E-01
   0.151259901294597E+02
   0.161672111204538E-01
   0.149468773487260E+02
   0.157533026530677E-01
   0.148402195547499E+02
   0.154276080435083E-01
   0.148397551039060E+02
   0.152055074682199E-01
   0.149810817274630E+02
   0.151630726009580E-01
   0.152427168324358E+02
   0.153730614524812E-01
   0.154822532124601E+02
   0.153867210806388E-01
   0.155955820437440E+02
   0.152021375359053E-01
   0.156129693762159E+02
   0.146787976125512E-01
   0.157900486521372E+02
   0.149223940963521E-01
   0.161979007029178E+02
   0.153911279627118E-01
   0.167822721559661E+02
   0.159691357042885E-01
   0.173846291028827E+02
   0.169580550120269E-01
   0.177056832134768E+02
   0.171817026600967E-01
   0.178542643024015E+02
   0.173844678813801E-01
   0.179135913722944E+02
   0.175670455204922E-01
   0.179058773730856E+02
   0.176604239501256E-01
   0.178321147264801E+02
   0.175815797886257E-01
   0.177197257415714E+02
   0.173856320209127E-01
   0.176091514165865E+02
   0.172850132875022E-01
   0.175108106491580E+02
   0.172998567201823E-01
   0.174082728539400E+02
   0.173107691572654E-01
   0.173061951692147E+02
   0.173644062438533E-01
   0.171987257558467E+02
   0.173917108186235E-01
   0.170774303797213E+02
   0.173896068211700E-01
   0.169440995046664E+02
   0.173558134904151E-01
   0.154897276398359E+02
   0.157533042591308E-01
   0.153541307713155E+02
   0.156545008926102E-01
   0.152275459256354E+02
   0.155805003234282E-01
   0.151163685851968E+02
   0.155796713009681E-01
   0.150119381089262E+02
   0.156332976194851E-01
   0.148972200563859E+02
   0.156980571537660E-01
   0.147577425172484E+02
   0.157564376447292E-01
   0.145869207417353E+02
   0.157500980177771E-01
   0.143868215295318E+02
   0.156191557936014E-01
   0.141701600667296E+02
   0.153450598196348E-01
   0.139608303290833E+02
   0.149868770640528E-01
   0.137823218554463E+02
   0.145753979718607E-01
   0.136671900072213E+02
   0.142120675001336E-01
   0.136585743354507E+02
   0.140161623114739E-01
   0.137860452865181E+02
   0.140344501975425E-01
   0.140099018066955E+02
   0.141678457670033E-01
   0.141945206858120E+02
   0.141680989677415E-01
   0.142302441488480E+02
   0.139544381733066E-01
   0.141350740327756E+02
   0.131509828820801E-01
   0.142673702158875E+02
   0.131403857192740E-01
   0.147477789327028E+02
   0.137940222927192E-01
   0.154997282358346E+02
   0.148743980318856E-01
   0.161896536470314E+02
   0.160885949615189E-01
   0.165175691623915E+02
   0.160735348101507E-01
   0.166369721688938E+02
   0.160670682914468E-01
   0.166642155718363E+02
   0.161022410260758E-01
   0.166342045556192E+02
   0.161500696527871E-01
   0.165505286817135E+02
   0.161241004347397E-01
   0.164328715440945E+02
   0.160277813470819E-01
   0.163122922507929E+02
   0.159553541838767E-01
   0.161973289191999E+02
   0.159030886665123E-01
   0.160812156234714E+02
   0.158486930966126E-01
   0.159699583475730E+02
   0.158363135567589E-01
   0.158595164303720E+02
   0.158227001659641E-01
   0.157445742404418E+02
   0.158212334358690E-01
   0.156222468476602E+02
   0.158142132926217E-01
   0.139876435756673E+02
   0.141525165378603E-01
   0.138585931210554E+02
   0.140673171777702E-01
   0.137343281913652E+02
   0.139754133101634E-01
   0.136223048281759E+02
   0.139178824797868E-01
   0.135169381760695E+02
   0.139083022954612E-01
   0.134055827561543E+02
   0.139146369878437E-01
   0.132769071749735E+02
   0.139122152115599E-01
   0.131263381045996E+02
   0.139141295052475E-01
   0.129525612169586E+02
   0.138511878240036E-01
   0.127634988302106E+02
   0.137018966734330E-01
   0.125765016044465E+02
   0.134786894709796E-01
   0.124087820007905E+02
   0.131418668190676E-01
   0.122928440623312E+02
   0.127725970184526E-01
   0.122822753815333E+02
   0.126280500439186E-01
   0.124082826412084E+02
   0.127933768674707E-01
   0.126170276635934E+02
   0.130469038649850E-01
   0.127687490785515E+02
   0.131395493962957E-01
   0.127265839281344E+02
   0.128408313963122E-01
   0.124788670893830E+02
   0.114952472184581E-01
   0.125437686020312E+02
   0.110265386948859E-01
   0.130933097649641E+02
   0.120443189503820E-01
   0.140808766800880E+02
   0.145530263297453E-01
   0.148752007205843E+02
   0.160460995340216E-01
   0.152055538943412E+02
   0.156596312887531E-01
   0.152857286849837E+02
   0.151941856971091E-01
   0.152753165161427E+02
   0.149363019028235E-01
   0.152169677509521E+02
   0.148104917491492E-01
   0.151166336596764E+02
   0.147004748350807E-01
   0.149880776132980E+02
   0.145832105310999E-01
   0.148543616873399E+02
   0.145165728069150E-01
   0.147207215516794E+02
   0.144279354622834E-01
   0.145865464050838E+02
   0.143247250861535E-01
   0.144605689330635E+02
   0.142583460844258E-01
   0.143422974654408E+02
   0.142172212721217E-01
   0.142279500562555E+02
   0.142024609479645E-01
   0.141116764074877E+02
   0.141968315131891E-01
   0.122818718483360E+02
   0.128306220292120E-01
   0.121579471424585E+02
   0.127337625005483E-01
   0.120361420234858E+02
   0.126244364091308E-01
   0.119244198856231E+02
   0.125439002968886E-01
   0.118169883221023E+02
   0.124882230029920E-01
   0.117059569583327E+02
   0.124469024576285E-01
   0.115834316271775E+02
   0.123922096522436E-01
   0.114465620265949E+02
   0.123484773439328E-01
   0.112939061807065E+02
   0.122911816172836E-01
   0.111305531677916E+02
   0.122177004327140E-01
   0.109690623149858E+02
   0.121716629796379E-01
   0.108205814801452E+02
   0.120836477431268E-01
   0.107118303876302E+02
   0.119087970980421E-01
   0.106982976530271E+02
   0.118266277687524E-01
   0.108240572075410E+02
   0.120199108889170E-01
   0.110380185086872E+02
   0.123983167797871E-01
   0.111830961588212E+02
   0.125927391208921E-01
   0.110763686745551E+02
   0.122173085226623E-01
   0.106155634157579E+02
   0.896151541527009E-02
   0.106012539542856E+02
   0.836564690668317E-02
   0.111894495188358E+02
   0.961047770741860E-02
   0.123911694614915E+02
   0.138208486226568E-01
   0.133215678387596E+02
   0.160486088103001E-01
   0.136965998135236E+02
   0.159376222364359E-01
   0.137609790377536E+02
   0.152485082842645E-01
   0.137199755988276E+02
   0.147523939476531E-01
   0.136332399271444E+02
   0.144050750978011E-01
   0.135106538681516E+02
   0.141150677447593E-01
   0.133654011535423E+02
   0.138404185938023E-01
   0.132147943876386E+02
   0.136196268242890E-01
   0.130614758288086E+02
   0.134139170022334E-01
   0.129073947334666E+02
   0.132187394525133E-01
   0.127638251880323E+02
   0.130755979983303E-01
   0.126341343015368E+02
   0.129825744955869E-01
   0.125157721231111E+02
   0.129317398892228E-01
   0.124007327912722E+02
   0.128935287296840E-01
   0.103414233410587E+02
   0.118899613193858E-01
   0.102210814193914E+02
   0.118160372499596E-01
   0.101016535614018E+02
   0.117303065137950E-01
   0.999113216867050E+01
   0.116430132460786E-01
   0.988283799653433E+01
   0.115636222743159E-01
   0.977297738580000E+01
   0.114985191963428E-01
   0.965714759373536E+01
   0.114381334409690E-01
   0.953329923557578E+01
   0.113861242352915E-01
   0.940059274719807E+01
   0.113573259574192E-01
   0.925955511999755E+01
   0.113176856380738E-01
   0.911772195684106E+01
   0.112750607649049E-01
   0.898528027042684E+01
   0.112077492092181E-01
   0.888577113430613E+01
   0.110694661206544E-01
   0.887128135197910E+01
   0.109743772458490E-01
   0.899486142767823E+01
   0.111121274265762E-01
   0.922292946472426E+01
   0.115579790537707E-01
   0.939239372884031E+01
   0.119897864172356E-01
   0.927135198258443E+01
   0.117106395701983E-01
   0.864653255468598E+01
   0.804218194186039E-02
   0.854747006001075E+01
   0.717909942680654E-02
   0.910223892190234E+01
   0.801289993627532E-02
   0.103908607320252E+02
   0.128093335507604E-01
   0.113662772797298E+02
   0.149994979286306E-01
   0.118098272819740E+02
   0.153779559989818E-01
   0.119234182761899E+02
   0.149737344035003E-01
   0.119035354131509E+02
   0.145912962009548E-01
   0.118160973238283E+02
   0.141753114105168E-01
   0.116838204001119E+02
   0.137348477292010E-01
   0.115260565373879E+02
   0.133209321378522E-01
   0.113611192239322E+02
   0.129842174781402E-01
   0.111895452104391E+02
   0.126925518371025E-01
   0.110149611929050E+02
   0.124371689520211E-01
   0.108505048600856E+02
   0.122242441027939E-01
   0.107049461639445E+02
   0.120759571331114E-01
   0.105771485566323E+02
   0.119870191290618E-01
   0.104581040719711E+02
   0.119342108792019E-01
   0.813065469688109E+01
   0.109328310076725E-01
   0.800609072454542E+01
   0.108326786382162E-01
   0.788386940873494E+01
   0.107290726454360E-01
   0.777766288723983E+01
   0.106738171490590E-01
   0.766982789556251E+01
   0.106006404759386E-01
   0.756101559840225E+01
   0.105328868546140E-01
   0.745150902427737E+01
   0.104759916588518E-01
   0.734096756538361E+01
   0.104311990220119E-01
   0.722778400792590E+01
   0.103987078349014E-01
   0.711206410067653E+01
   0.103731965447284E-01
   0.699820520299423E+01
   0.103515407078535E-01
   0.689397116375525E+01
   0.103135724531227E-01
   0.681834836252928E+01
   0.102377900165808E-01
   0.681326835416846E+01
   0.101891967705770E-01
   0.692933099128008E+01
   0.102871857689374E-01
   0.716011867023882E+01
   0.106753410281869E-01
   0.735898955646165E+01
   0.112633746091799E-01
   0.730082321029948E+01
   0.114962428182382E-01
   0.662321151796304E+01
   0.780649045707580E-02
   0.646033148710666E+01
   0.700809907126696E-02
   0.689634341527689E+01
   0.755602771146191E-02
   0.802044664162920E+01
   0.108561200058197E-01
   0.889366489480450E+01
   0.124813246907242E-01
   0.937247683333151E+01
   0.132053597589685E-01
   0.957471024732604E+01
   0.133118466325771E-01
   0.963507898514226E+01
   0.133393233265518E-01
   0.961159028576170E+01
   0.132476323584591E-01
   0.952577629653096E+01
   0.129978781076082E-01
   0.939953538305384E+01
   0.127079368330163E-01
   0.924384443686938E+01
   0.123867093564107E-01
   0.906449622556732E+01
   0.120505676005212E-01
   0.886967532364667E+01
   0.117165607903206E-01
   0.868864231431524E+01
   0.114601651999779E-01
   0.852821567988557E+01
   0.112713624663663E-01
   0.838739485388992E+01
   0.111388956022969E-01
   0.825499304436105E+01
   0.110203574288865E-01
   0.563042492202641E+01
   0.996596395827120E-02
   0.550368570166019E+01
   0.985827116819934E-02
   0.537910557272300E+01
   0.975231429398540E-02
   0.526277211758077E+01
   0.965401299817974E-02
   0.514908379175568E+01
   0.955313317087069E-02
   0.503919438465734E+01
   0.947341829595890E-02
   0.493561860173767E+01
   0.941569994684951E-02
   0.483937057979489E+01
   0.938495573392963E-02
   0.474787487831115E+01
   0.936380630132780E-02
   0.466176603141302E+01
   0.936490981591363E-02
   0.458319388967980E+01
   0.937594768002591E-02
   0.451613774381751E+01
   0.937610263683616E-02
   0.447695019237099E+01
   0.936895696887161E-02
   0.449207814349297E+01
   0.937169758656823E-02
   0.459819364242990E+01
   0.946052875010937E-02
   0.480172154909292E+01
   0.973659152150674E-02
   0.500491295666351E+01
   0.102468181169851E-01
   0.504701757920605E+01
   0.109133524225274E-01
   0.459957248666547E+01
   0.896599349564707E-02
   0.440716135712748E+01
   0.844122863631542E-02
   0.461419908130213E+01
   0.811177691276188E-02
   0.527293834261924E+01
   0.887946556282123E-02
   0.589011759224689E+01
   0.943530718529514E-02
   0.633230816255735E+01
   0.100268941174215E-01
   0.660016158023428E+01
   0.104465261802934E-01
   0.674832204096289E+01
   0.107858626302595E-01
   0.682687800081046E+01
   0.110925821202476E-01
   0.683231710708338E+01
   0.112273125537656E-01
   0.678511760030145E+01
   0.112621874034066E-01
   0.668604578398669E+01
   0.111759415515516E-01
   0.654188772972516E+01
   0.109798487346584E-01
   0.636976772441305E+01
   0.107447668373039E-01
   0.619172963532555E+01
   0.104951822992690E-01
   0.603257825375529E+01
   0.103143128816241E-01
   0.589231971133392E+01
   0.101892995126228E-01
   0.576028215530707E+01
   0.100771185848491E-01
   0.265325190905655E+01
   0.858457959705214E-02
   0.253850933150521E+01
   0.852681520059509E-02
   0.242191638440967E+01
   0.845726877389822E-02
   0.231174653342921E+01
   0.838851870147697E-02
   0.220565895198443E+01
   0.831398873498475E-02
   0.210363823243061E+01
   0.824014813243735E-02
   0.201295323914842E+01
   0.818751684189100E-02
   0.193589139831842E+01
   0.816442539836502E-02
   0.186890708436479E+01
   0.815781321382393E-02
   0.181430257374963E+01
   0.817245678473253E-02
   0.177328615963766E+01
   0.820074803887639E-02
   0.174985279035095E+01
   0.823282068586672E-02
   0.175198632964841E+01
   0.826986376200086E-02
   0.179358119884728E+01
   0.831818605853208E-02
   0.188995701372007E+01
   0.840210326263103E-02
   0.203767952658805E+01
   0.857076878660039E-02
   0.218998762321150E+01
   0.886912126892806E-02
   0.223151118559797E+01
   0.922847256650842E-02
   0.199945609036312E+01
   0.853882961706018E-02
   0.182141881149607E+01
   0.796465402509556E-02
   0.185976466898375E+01
   0.748165880678937E-02
   0.215011687406185E+01
   0.739848754854829E-02
   0.250593944724004E+01
   0.746228043513601E-02
   0.282664958823039E+01
   0.770336794398873E-02
   0.306677526499261E+01
   0.795184432888490E-02
   0.324351136252749E+01
   0.821490186570113E-02
   0.338300988409212E+01
   0.854567963787945E-02
   0.346966249995099E+01
   0.882627637146713E-02
   0.350391046625557E+01
   0.903117039152294E-02
   0.347844405310999E+01
   0.911587181209737E-02
   0.339525883231387E+01
   0.907868575336832E-02
   0.327056651544153E+01
   0.896446796910752E-02
   0.313583244004397E+01
   0.885244818033715E-02
   0.300485601168946E+01
   0.876519533519852E-02
   0.288815909622293E+01
   0.871704024854804E-02
   0.277524931531856E+01
   0.866840500578415E-02
  -0.106083603574372E+01
   0.673792418035099E-02
  -0.115203172952118E+01
   0.672651667551341E-02
  -0.125912277169646E+01
   0.666821023753040E-02
  -0.135039593239061E+01
   0.663915303811470E-02
  -0.143524846915863E+01
   0.660375458271283E-02
  -0.151163648528689E+01
   0.656385054771655E-02
  -0.157453329720627E+01
   0.653263979604746E-02
  -0.162318329613980E+01
   0.651551974035335E-02
  -0.166580587063174E+01
   0.649732135247235E-02
  -0.168870395019015E+01
   0.650678746832090E-02
  -0.169531529207844E+01
   0.652567902103212E-02
  -0.168348055769173E+01
   0.655004272206147E-02
  -0.165092752737845E+01
   0.658240962763591E-02
  -0.159543200213917E+01
   0.662091628018051E-02
  -0.151719988106639E+01
   0.667156770754948E-02
  -0.142429747087365E+01
   0.676068992878422E-02
  -0.133036668969726E+01
   0.695617109420068E-02
  -0.129678929778378E+01
   0.716589679660485E-02
  -0.140415989084316E+01
   0.692056366475058E-02
  -0.153390858350940E+01
   0.656202842734956E-02
  -0.157998180973545E+01
   0.623453536063334E-02
  -0.150372973171968E+01
   0.602629495640350E-02
  -0.135596405023280E+01
   0.591852359016031E-02
  -0.118789852662807E+01
   0.590009980450394E-02
  -0.103327578790538E+01
   0.592554304609366E-02
  -0.895687258038625E+00
   0.599362404321321E-02
  -0.769810067208411E+00
   0.613630822341151E-02
  -0.662476006010635E+00
   0.633432076115253E-02
  -0.586087726783117E+00
   0.653979818213312E-02
  -0.554253161063061E+00
   0.669056279563581E-02
  -0.570122847817384E+00
   0.677002228966273E-02
  -0.633428193018002E+00
   0.677040055833684E-02
  -0.719247109462552E+00
   0.674457807486134E-02
  -0.819881093011937E+00
   0.669999484490646E-02
  -0.902371911993617E+00
   0.670624997878198E-02
  -0.979514106582214E+00
   0.672591460125353E-02
  -0.604923729292367E+01
   0.439577810076850E-02
  -0.611085185370944E+01
   0.440180843978448E-02
  -0.617682971696853E+01
   0.438777195683164E-02
  -0.623945028382070E+01
   0.436504426833291E-02
  -0.629504346372622E+01
   0.433591060418642E-02
  -0.634052946075332E+01
   0.430104922017628E-02
  -0.637306080765901E+01
   0.426881709046839E-02
  -0.639161017790386E+01
   0.424614661048104E-02
  -0.639570552759385E+01
   0.423421944861174E-02
  -0.638441233424522E+01
   0.423387427651528E-02
  -0.635941237548737E+01
   0.423589814305121E-02
  -0.632206757284391E+01
   0.424351459152334E-02
  -0.627340155017053E+01
   0.426342353228123E-02
  -0.621627328173995E+01
   0.429742471695736E-02
  -0.615665148039683E+01
   0.434621590429343E-02
  -0.610167089104580E+01
   0.442172518199398E-02
  -0.606196733589989E+01
   0.453351639726411E-02
  -0.605803154791608E+01
   0.464493156305626E-02
  -0.610348597887758E+01
   0.465987885259177E-02
  -0.617145994563437E+01
   0.457447031354023E-02
  -0.622477009471084E+01
   0.442906590721751E-02
  -0.624151468281422E+01
   0.426643305037210E-02
  -0.621946920810505E+01
   0.412523127107962E-02
  -0.616715742164222E+01
   0.402744653146058E-02
  -0.609567354775892E+01
   0.398315430758280E-02
  -0.601260343286470E+01
   0.399762315888815E-02
  -0.592513216287026E+01
   0.406296366471635E-02
  -0.584447108873655E+01
   0.415950535713471E-02
  -0.578280426520590E+01
   0.426291617514640E-02
  -0.574999930361300E+01
   0.434455847937386E-02
  -0.574981341511485E+01
   0.438584670625109E-02
  -0.577851129938075E+01
   0.439045209111993E-02
  -0.582577857416139E+01
   0.437875098443215E-02
  -0.588210922090562E+01
   0.436761095930377E-02
  -0.593788510767458E+01
   0.436859194266184E-02
  -0.599256082783145E+01
   0.437973253509957E-02
  -0.137488253466735E+02
   0.189074807056158E-02
  -0.137625964677528E+02
   0.189205948306171E-02
  -0.137731924384555E+02
   0.189227580574639E-02
  -0.137759251556909E+02
   0.189310824462511E-02
  -0.137658978293568E+02
   0.189658951234488E-02
  -0.137405616061252E+02
   0.190407241739908E-02
  -0.136959490255425E+02
   0.191805834471961E-02
  -0.136301543597441E+02
   0.194039879370231E-02
  -0.135461004271987E+02
   0.197043145480770E-02
  -0.134501970341155E+02
   0.200589535962719E-02
  -0.133516486902120E+02
   0.204302191358644E-02
  -0.132621261714288E+02
   0.207660079026154E-02
  -0.131920977099911E+02
   0.210213500640500E-02
  -0.131450671031569E+02
   0.211948710839127E-02
  -0.131282802365171E+02
   0.212584915365934E-02
  -0.131440247677371E+02
   0.212142865228363E-02
  -0.131941927965274E+02
   0.210534806133712E-02
  -0.132766089215245E+02
   0.207654725274203E-02
  -0.133822687323190E+02
   0.203550539829994E-02
  -0.134970278774515E+02
   0.198671213285773E-02
  -0.136073437650725E+02
   0.193570369620009E-02
  -0.137021879606887E+02
   0.188793256534603E-02
  -0.137725851456580E+02
   0.184924910564252E-02
  -0.138149073089104E+02
   0.182294626570641E-02
  -0.138277912633071E+02
   0.181113491074237E-02
  -0.138170433437955E+02
   0.181222858963152E-02
  -0.137901974672912E+02
   0.182322797052780E-02
  -0.137549709552101E+02
   0.184040358223522E-02
  -0.137234513886599E+02
   0.185729139520745E-02
  -0.137003679121804E+02
   0.187087181445389E-02
  -0.136870286736783E+02
   0.188005748851414E-02
  -0.136815939037128E+02
   0.188596710923097E-02
  -0.136875249870450E+02
   0.188756076815514E-02
  -0.137008183274416E+02
   0.188733663375662E-02
  -0.137183137531359E+02
   0.188685208761771E-02
  -0.137351899270808E+02
   0.188790731226558E-02
