   0.197465120274107E+01
   0.416164695431238E-02
   0.876622339329614E+00
   0.397445217624756E-02
   0.160052182051821E+00
   0.383232263215150E-02
  -0.251596982270558E+00
   0.372934539656670E-02
  -0.337561657943096E+00
   0.366553730638307E-02
   0.329454274088416E-01
   0.364557490218134E-02
  -0.453194618346961E+00
   0.368910108205868E-02
  -0.420111162044516E+00
   0.378308189249175E-02
   0.107781067063977E+00
   0.392850701832815E-02
   0.113085447417461E+01
   0.412685939103326E-02
   0.265747914064217E+01
   0.437829518169006E-02
   0.491448238700774E+01
   0.467513068001683E-02
   0.816189976026582E+01
   0.500605590373653E-02
   0.110128047266212E+02
   0.535241305637557E-02
   0.135821255944491E+02
   0.569522796117507E-02
   0.158942324839596E+02
   0.601915640338038E-02
   0.178572160769636E+02
   0.631333998967812E-02
   0.194493067442643E+02
   0.657087034981404E-02
   0.206870672843037E+02
   0.678785380231856E-02
   0.216055306274187E+02
   0.696440287781236E-02
   0.222448972851735E+02
   0.710440950868626E-02
   0.226401165899325E+02
   0.721042099375864E-02
   0.228122146418989E+02
   0.728208209969915E-02
   0.227621867749951E+02
   0.731593714261762E-02
   0.224711485859919E+02
   0.730565324409062E-02
   0.219057152636818E+02
   0.724521972159423E-02
   0.210210994583254E+02
   0.713175675494154E-02
   0.197604596298996E+02
   0.696340969786747E-02
   0.180521012472107E+02
   0.673899247033699E-02
   0.158070451371695E+02
   0.646006870087832E-02
   0.129196882404135E+02
   0.613339243546957E-02
   0.927134666340743E+01
   0.577205688159118E-02
   0.644126627417379E+01
   0.539555380813200E-02
   0.436753220755318E+01
   0.502769134179975E-02
   0.296428713411968E+01
   0.469099636799669E-02
   0.217405177352519E+01
   0.440063180738464E-02
   0.493876783609958E+01
   0.523390929937831E-02
   0.552650451082405E+01
   0.504315330363268E-02
   0.531634494182299E+01
   0.487259561205184E-02
   0.449790734508934E+01
   0.469709467612748E-02
   0.291977976643164E+01
   0.456327677274527E-02
   0.219428887399561E+01
   0.450035602065427E-02
   0.195862184646687E+01
   0.450316193287773E-02
   0.218406152928580E+01
   0.457806487627999E-02
   0.292280636891427E+01
   0.471325973047104E-02
   0.435167120184922E+01
   0.489185029772801E-02
   0.461080457683458E+01
   0.514225817173769E-02
   0.548310731759819E+01
   0.544046937814719E-02
   0.705081544119416E+01
   0.589038285590068E-02
   0.921981110219774E+01
   0.641046609970284E-02
   0.121159647461190E+02
   0.691324937569232E-02
   0.160686979251620E+02
   0.737776363342167E-02
   0.187746859669183E+02
   0.779495410407242E-02
   0.205743494532694E+02
   0.814926208936771E-02
   0.217170292814204E+02
   0.840242992496347E-02
   0.223987368962230E+02
   0.854729599718655E-02
   0.227884355786096E+02
   0.867121521378456E-02
   0.230295450310448E+02
   0.880290856669471E-02
   0.232195102406183E+02
   0.894565355487076E-02
   0.233585865013276E+02
   0.909183744584783E-02
   0.233620149747655E+02
   0.917885818144140E-02
   0.231541140221319E+02
   0.915356735863808E-02
   0.226888877213508E+02
   0.905546674350723E-02
   0.219312775730531E+02
   0.889783911351483E-02
   0.208243981315720E+02
   0.866083006011847E-02
   0.192541840306359E+02
   0.832121868415405E-02
   0.170534238799644E+02
   0.787345732145612E-02
   0.140509428736330E+02
   0.734414517366102E-02
   0.101110819709454E+02
   0.675697182354029E-02
   0.756418453520602E+01
   0.620310472490348E-02
   0.599447320211189E+01
   0.576563493354676E-02
   0.514545881068281E+01
   0.546226306302001E-02
   0.742703322565228E+01
   0.690093732859617E-02
   0.705724429765909E+01
   0.671379573775194E-02
   0.657286527494896E+01
   0.651156928215575E-02
   0.591436350887886E+01
   0.615888406650335E-02
   0.519383630525888E+01
   0.582716910445546E-02
   0.477012160018284E+01
   0.575109372793851E-02
   0.464230715083361E+01
   0.581167161714696E-02
   0.482384128925672E+01
   0.597322166836785E-02
   0.531797897341352E+01
   0.618591089932791E-02
   0.618916640487576E+01
   0.644419028330872E-02
   0.757308813217526E+01
   0.665352821613784E-02
   0.793236322885327E+01
   0.646117223616279E-02
   0.950330383161400E+01
   0.701943638842122E-02
   0.116466144932872E+02
   0.767672242810323E-02
   0.143699006390584E+02
   0.814660101501104E-02
   0.180815554665960E+02
   0.861660381616981E-02
   0.203976234944413E+02
   0.912159239063762E-02
   0.217778651912972E+02
   0.965045377202584E-02
   0.224797225383078E+02
   0.995479611257999E-02
   0.227053193281620E+02
   0.982484816345409E-02
   0.226716993479441E+02
   0.986160012146963E-02
   0.226234082583006E+02
   0.100052373929625E-01
   0.228252899824959E+02
   0.102155382291804E-01
   0.232466857038799E+02
   0.106145556405203E-01
   0.235351671244940E+02
   0.109098509109997E-01
   0.235447258236321E+02
   0.107708733697389E-01
   0.232694439900696E+02
   0.106249342037886E-01
   0.227623169545456E+02
   0.105130796589722E-01
   0.220603627610058E+02
   0.103150977207342E-01
   0.210239606282399E+02
   0.994070596675894E-02
   0.193258513644474E+02
   0.936642887390890E-02
   0.166610941633974E+02
   0.878969885662946E-02
   0.127275170040740E+02
   0.806082582791063E-02
   0.102926973496050E+02
   0.747791286251884E-02
   0.885551504432631E+01
   0.719190746755756E-02
   0.798568769879707E+01
   0.709279061844239E-02
   0.102164315747254E+02
   0.900629183908715E-02
   0.966323267049233E+01
   0.868186741302299E-02
   0.909706493412729E+01
   0.834346165935606E-02
   0.850588566608400E+01
   0.800410774706947E-02
   0.793388588133554E+01
   0.762223595789526E-02
   0.755705853751695E+01
   0.744644046044801E-02
   0.740930331928475E+01
   0.748400577120220E-02
   0.747263460138216E+01
   0.760161432680988E-02
   0.773440675396049E+01
   0.770984667410431E-02
   0.821357156356283E+01
   0.770733257049925E-02
   0.896460716535287E+01
   0.775258957177355E-02
   0.100845648115783E+02
   0.751373720506007E-02
   0.128827118264846E+02
   0.831293371535262E-02
   0.153282657563775E+02
   0.868893512326538E-02
   0.177262050751151E+02
   0.894729405971557E-02
   0.200892850825972E+02
   0.932526742209899E-02
   0.217588449813840E+02
   0.979651448949218E-02
   0.226601245248160E+02
   0.102539135364114E-01
   0.229144725153066E+02
   0.105134210317416E-01
   0.226648210571089E+02
   0.105650305254874E-01
   0.221160872464922E+02
   0.106868796840464E-01
   0.215934740800251E+02
   0.107648964220578E-01
   0.218404368325276E+02
   0.109510702026283E-01
   0.228293072425944E+02
   0.117763241258199E-01
   0.234418140960775E+02
   0.120328143095327E-01
   0.235818878361018E+02
   0.117708229356957E-01
   0.233350186434080E+02
   0.118925991743407E-01
   0.228931607448318E+02
   0.116145122340055E-01
   0.225406323274157E+02
   0.113741942172917E-01
   0.221314739561268E+02
   0.111024761317976E-01
   0.209965543148927E+02
   0.106705245485707E-01
   0.187516972527429E+02
   0.101564679573510E-01
   0.151026976279660E+02
   0.962185182597679E-02
   0.129169232449674E+02
   0.930708572432076E-02
   0.116528844613698E+02
   0.923157834587464E-02
   0.108366868166588E+02
   0.915482771335378E-02
   0.127366776073193E+02
   0.111773884418757E-01
   0.121409468719845E+02
   0.106842810505518E-01
   0.115604878298088E+02
   0.101620539788526E-01
   0.110172799357041E+02
   0.974950375543574E-02
   0.105292169702305E+02
   0.938400720737842E-02
   0.101694386509923E+02
   0.914446865157873E-02
   0.996669743974620E+01
   0.905710231870004E-02
   0.991409149762750E+01
   0.904361986050436E-02
   0.100046117467063E+02
   0.901301203693779E-02
   0.102664514049149E+02
   0.892182712255934E-02
   0.107744068249394E+02
   0.868935315917042E-02
   0.118294726322091E+02
   0.853221607934202E-02
   0.145180724659014E+02
   0.924630250320765E-02
   0.170934839225986E+02
   0.941377301271278E-02
   0.193434493915880E+02
   0.955116650854562E-02
   0.213359238070096E+02
   0.992480098217078E-02
   0.226760248517320E+02
   0.104762441967365E-01
   0.231997864558298E+02
   0.109845967343347E-01
   0.230678009598495E+02
   0.111674255579580E-01
   0.223572851608498E+02
   0.111158189001278E-01
   0.212271169888033E+02
   0.113652329916510E-01
   0.198695747940415E+02
   0.112120553763449E-01
   0.201727621858220E+02
   0.116361774474536E-01
   0.222998306459268E+02
   0.127324314171827E-01
   0.232035121126442E+02
   0.124904314630806E-01
   0.233819011915063E+02
   0.126143197571731E-01
   0.230081551876020E+02
   0.127937564769487E-01
   0.224085560085957E+02
   0.124538895552550E-01
   0.223754275086502E+02
   0.120199699010434E-01
   0.228231277440480E+02
   0.118825231963103E-01
   0.222897535245502E+02
   0.115169949426365E-01
   0.204562045877820E+02
   0.111906401142088E-01
   0.170899748635942E+02
   0.110589237182693E-01
   0.151680549779388E+02
   0.109788562490950E-01
   0.140829179977788E+02
   0.112905795999796E-01
   0.133547703566009E+02
   0.114311264354370E-01
   0.148783624340199E+02
   0.129863625416918E-01
   0.142820899505939E+02
   0.122892007621839E-01
   0.137254527855163E+02
   0.116502685300397E-01
   0.132354169528324E+02
   0.112055957693133E-01
   0.128129576556696E+02
   0.108830990437105E-01
   0.124784147220945E+02
   0.106334110753217E-01
   0.122448443238779E+02
   0.104508891632973E-01
   0.121136720164816E+02
   0.103150791122822E-01
   0.120906961181673E+02
   0.101805761432933E-01
   0.122134655641084E+02
   0.100798724418492E-01
   0.125492805823445E+02
   0.994805823799354E-02
   0.133090305399841E+02
   0.965169408687126E-02
   0.150728148026405E+02
   0.976811034961978E-02
   0.179573909767198E+02
   0.101228011616772E-01
   0.201220617508914E+02
   0.101807340616692E-01
   0.220680904145841E+02
   0.106364698202413E-01
   0.232666533596427E+02
   0.113199289545799E-01
   0.234457232688536E+02
   0.118662586728588E-01
   0.229909208854301E+02
   0.117884539888659E-01
   0.218560926139245E+02
   0.119057052693046E-01
   0.201803045967378E+02
   0.120376238000726E-01
   0.193415264211343E+02
   0.120380700789150E-01
   0.197322237255603E+02
   0.123061138109203E-01
   0.219691379903675E+02
   0.131121305372567E-01
   0.228861589854387E+02
   0.130379952761774E-01
   0.230158638394687E+02
   0.133834690708204E-01
   0.223859508743157E+02
   0.133877658730123E-01
   0.212994111065028E+02
   0.129335684086953E-01
   0.215440011179625E+02
   0.123779495972779E-01
   0.232964321063590E+02
   0.123283339872471E-01
   0.233395710174124E+02
   0.121509662668797E-01
   0.218712224973885E+02
   0.120427257329581E-01
   0.187559215560521E+02
   0.124735929379898E-01
   0.170830912474972E+02
   0.127933103134430E-01
   0.161558660316399E+02
   0.134274389107309E-01
   0.154886268692187E+02
   0.134526825443283E-01
   0.166477840872338E+02
   0.142362366706901E-01
   0.160795323989500E+02
   0.134327385277553E-01
   0.155730303741196E+02
   0.128056491022570E-01
   0.151441176534404E+02
   0.124136742462726E-01
   0.147799658448752E+02
   0.121507561261003E-01
   0.144767594858723E+02
   0.119227210404195E-01
   0.142354195261950E+02
   0.116964473067786E-01
   0.140603824906065E+02
   0.114855091624073E-01
   0.139670341741531E+02
   0.113184584804534E-01
   0.139954331767481E+02
   0.112679524725236E-01
   0.141944845464501E+02
   0.112396967682951E-01
   0.146942252091229E+02
   0.108957451703917E-01
   0.158752967745413E+02
   0.104004185007401E-01
   0.183353091662490E+02
   0.104945553937220E-01
   0.203084338467631E+02
   0.108092752250664E-01
   0.224269864304394E+02
   0.112113669964103E-01
   0.236217013654112E+02
   0.123300849774324E-01
   0.233979209122042E+02
   0.129695206577884E-01
   0.227006334729711E+02
   0.127255462910443E-01
   0.211648183233580E+02
   0.128205390258360E-01
   0.200709059519337E+02
   0.131503266492179E-01
   0.195587641291191E+02
   0.133072329174975E-01
   0.198692863655406E+02
   0.130866752745084E-01
   0.216557219440137E+02
   0.134494154933326E-01
   0.224252397667906E+02
   0.136228634007127E-01
   0.225053802604244E+02
   0.137501313958933E-01
   0.215598913582073E+02
   0.138037174104417E-01
   0.210345615646028E+02
   0.134159691005291E-01
   0.215415176377325E+02
   0.128948796068826E-01
   0.237726394586564E+02
   0.123672118738132E-01
   0.242017653233328E+02
   0.125087781386995E-01
   0.230371912531226E+02
   0.127768268961869E-01
   0.201552481365454E+02
   0.138582208021460E-01
   0.187061673746808E+02
   0.147846578006447E-01
   0.178770884765681E+02
   0.152854415389368E-01
   0.172434936549017E+02
   0.149476190745812E-01
   0.180975186616490E+02
   0.151344851924302E-01
   0.175832179443801E+02
   0.144743779356385E-01
   0.171401192330841E+02
   0.140245828748710E-01
   0.167710382551524E+02
   0.137688168540431E-01
   0.164561076236451E+02
   0.135418169816301E-01
   0.161846848545119E+02
   0.133090258431884E-01
   0.159500509063562E+02
   0.130397272399901E-01
   0.157552378274629E+02
   0.127678984876596E-01
   0.156175759783802E+02
   0.125517118747326E-01
   0.155738588782436E+02
   0.124992302408896E-01
   0.156600824022065E+02
   0.125070866782090E-01
   0.159511518668269E+02
   0.120867450699204E-01
   0.166935935648947E+02
   0.113580839163845E-01
   0.182570164655847E+02
   0.109402990714803E-01
   0.199361761287546E+02
   0.115865964273926E-01
   0.225075773755447E+02
   0.118975168733129E-01
   0.238350480837832E+02
   0.133929833370544E-01
   0.230237912434435E+02
   0.144173482754897E-01
   0.222165938479184E+02
   0.140241673705263E-01
   0.212226214151881E+02
   0.138795958638115E-01
   0.204729310259860E+02
   0.147337689005171E-01
   0.201092109744236E+02
   0.147720292363922E-01
   0.202712577931656E+02
   0.141287151592542E-01
   0.211757641806153E+02
   0.137612493804609E-01
   0.217488978182527E+02
   0.138998708254543E-01
   0.218763444361132E+02
   0.142812583258713E-01
   0.214834578320336E+02
   0.144830211904776E-01
   0.212945141832955E+02
   0.144620963684607E-01
   0.218798709115281E+02
   0.136736533420738E-01
   0.241850965088243E+02
   0.122979769881888E-01
   0.248801849767202E+02
   0.128455713093934E-01
   0.239748817570041E+02
   0.135097921279528E-01
   0.213392180063265E+02
   0.154645773838651E-01
   0.200434616585578E+02
   0.164249941532521E-01
   0.192543406412135E+02
   0.162563661502183E-01
   0.186546317618869E+02
   0.158167436003883E-01
   0.192864070652987E+02
   0.162652214464017E-01
   0.188367060568311E+02
   0.158911400347934E-01
   0.184516708917250E+02
   0.155994872509044E-01
   0.181320380484145E+02
   0.154243863633078E-01
   0.178603865078199E+02
   0.152530883042258E-01
   0.176226499104229E+02
   0.150787952259834E-01
   0.174059380235941E+02
   0.148712605837143E-01
   0.172072984251571E+02
   0.146506439997353E-01
   0.170393327413325E+02
   0.144431446785770E-01
   0.169284427103609E+02
   0.142298007099400E-01
   0.169105047797827E+02
   0.139420939498245E-01
   0.170501779931898E+02
   0.132782819092045E-01
   0.175193192136453E+02
   0.125206854225401E-01
   0.186360563118455E+02
   0.119474778827945E-01
   0.199617837470213E+02
   0.119407101757748E-01
   0.223929865639722E+02
   0.119958075583170E-01
   0.240303039772181E+02
   0.140315515226729E-01
   0.232145823152496E+02
   0.158664959770940E-01
   0.223812252194536E+02
   0.153292483596333E-01
   0.217154932062251E+02
   0.148577095477088E-01
   0.210567329954248E+02
   0.158838352143770E-01
   0.207450001114764E+02
   0.157940057404493E-01
   0.208173185285036E+02
   0.151432223959658E-01
   0.213193622652289E+02
   0.148858952419545E-01
   0.217979191965199E+02
   0.148271018267133E-01
   0.219664217269393E+02
   0.152841923585043E-01
   0.218259739591057E+02
   0.155014276040354E-01
   0.217788845309536E+02
   0.154892527084517E-01
   0.223034212724149E+02
   0.144006803096108E-01
   0.244508369400330E+02
   0.125024046491265E-01
   0.253720591758031E+02
   0.133886843995516E-01
   0.246954875862586E+02
   0.143458179309312E-01
   0.222961094868028E+02
   0.169944638839660E-01
   0.210934235830947E+02
   0.173436815564289E-01
   0.203357067434202E+02
   0.168311724763431E-01
   0.197847049248708E+02
   0.166404400157035E-01
   0.202589490858427E+02
   0.174897394195104E-01
   0.198675575736991E+02
   0.172487019312375E-01
   0.195307374704714E+02
   0.170322660497125E-01
   0.192516591751588E+02
   0.168898495222387E-01
   0.190177931817810E+02
   0.167863573465777E-01
   0.188118015703616E+02
   0.166940090543034E-01
   0.186146241487537E+02
   0.165696622229017E-01
   0.184141901353789E+02
   0.163888361977702E-01
   0.182182832079127E+02
   0.161789122281779E-01
   0.180494969565666E+02
   0.158783501731735E-01
   0.179471796155737E+02
   0.154559434076056E-01
   0.179772872997273E+02
   0.147636231151568E-01
   0.182836708100370E+02
   0.136243656751219E-01
   0.192272269435529E+02
   0.130683374579449E-01
   0.201751133092665E+02
   0.129601635995319E-01
   0.220042021799528E+02
   0.124358529243513E-01
   0.242166902689987E+02
   0.144596879449468E-01
   0.236921258808230E+02
   0.168336414502271E-01
   0.228099631981473E+02
   0.170473182148467E-01
   0.224518698013022E+02
   0.156518227212320E-01
   0.216438266327928E+02
   0.169966939094982E-01
   0.213497074982735E+02
   0.167886862282752E-01
   0.213616014742803E+02
   0.164143344644671E-01
   0.216814320342676E+02
   0.160862547964682E-01
   0.221647341365917E+02
   0.160585371320975E-01
   0.223588485801379E+02
   0.165834939727149E-01
   0.223397877676896E+02
   0.166840530443427E-01
   0.223191814849084E+02
   0.164868590553374E-01
   0.226941644322069E+02
   0.152823231893540E-01
   0.244937751374009E+02
   0.133706391881889E-01
   0.256817135582547E+02
   0.142326109496980E-01
   0.252113685960212E+02
   0.153161474235390E-01
   0.230496853630592E+02
   0.184031883976992E-01
   0.219233554172550E+02
   0.184731020102383E-01
   0.212011318797123E+02
   0.177904580632032E-01
   0.206965385669379E+02
   0.176957957692062E-01
   0.210543794845595E+02
   0.186966641043176E-01
   0.207067613843394E+02
   0.184862194181690E-01
   0.204070774295135E+02
   0.183071512959327E-01
   0.201601466964817E+02
   0.181967160353783E-01
   0.199577058426146E+02
   0.181791587669657E-01
   0.197787671821711E+02
   0.181749372274469E-01
   0.195988497534224E+02
   0.181347695083073E-01
   0.193962964614683E+02
   0.179779302785133E-01
   0.191740701741042E+02
   0.177152980300673E-01
   0.189558893295816E+02
   0.172883665362676E-01
   0.187875348278641E+02
   0.167122718947947E-01
   0.187397343082412E+02
   0.159235198393530E-01
   0.189586811954142E+02
   0.148343228521547E-01
   0.199488617886064E+02
   0.141756108699861E-01
   0.205059467190548E+02
   0.148152231577979E-01
   0.219687211644714E+02
   0.134098071703135E-01
   0.244195028646410E+02
   0.146876359157455E-01
   0.244401811421601E+02
   0.169558708990364E-01
   0.232827676922855E+02
   0.185537578638138E-01
   0.226947116438382E+02
   0.173515303646326E-01
   0.221455164768114E+02
   0.181583841882931E-01
   0.219102085328081E+02
   0.180057988371941E-01
   0.218963300748316E+02
   0.175857096075940E-01
   0.221400629342548E+02
   0.170201468396258E-01
   0.227342570426086E+02
   0.166928033278720E-01
   0.229150086045568E+02
   0.178069418243110E-01
   0.229544153465689E+02
   0.177441283109867E-01
   0.229045578187661E+02
   0.175635493927515E-01
   0.230909716618034E+02
   0.164934768722650E-01
   0.242437675041990E+02
   0.153619184230283E-01
   0.258400656465261E+02
   0.154237888900093E-01
   0.255469942789949E+02
   0.165095523816644E-01
   0.236236993971423E+02
   0.198082410886062E-01
   0.225794456341262E+02
   0.196234535140399E-01
   0.219046071121699E+02
   0.189188801553867E-01
   0.214438227582141E+02
   0.188571965056506E-01
   0.216834246009216E+02
   0.197523654505114E-01
   0.213669059532341E+02
   0.195388394547900E-01
   0.210946314186425E+02
   0.193854549440223E-01
   0.208715488150478E+02
   0.193238445746023E-01
   0.206912626468796E+02
   0.193816587722915E-01
   0.205310931824864E+02
   0.194549237708572E-01
   0.203624652196138E+02
   0.194831999894010E-01
   0.201556027798675E+02
   0.193311793366936E-01
   0.199101141705017E+02
   0.189805406981388E-01
   0.196558520917573E+02
   0.184154155213406E-01
   0.194457722547981E+02
   0.176880136058652E-01
   0.193558393530812E+02
   0.168816839913511E-01
   0.195120953578769E+02
   0.161976571900034E-01
   0.201772545425730E+02
   0.157912981552008E-01
   0.208274210048999E+02
   0.165298072292092E-01
   0.221121228051096E+02
   0.150020721205367E-01
   0.245824506577411E+02
   0.153836100808877E-01
   0.248733981354831E+02
   0.169310906723071E-01
   0.237157379689380E+02
   0.191459688576935E-01
   0.230241145220557E+02
   0.186964696143669E-01
   0.225840572723232E+02
   0.188677031853058E-01
   0.224125530523079E+02
   0.191033634470111E-01
   0.224019443414497E+02
   0.186941511618812E-01
   0.226221447886558E+02
   0.179604911933938E-01
   0.234895819425836E+02
   0.166712072648326E-01
   0.235531178105526E+02
   0.180996201483294E-01
   0.236486507249521E+02
   0.182394567896062E-01
   0.235310310988523E+02
   0.187385830131400E-01
   0.235276653038854E+02
   0.179789883275094E-01
   0.242691753000685E+02
   0.169649695883963E-01
   0.258938282397086E+02
   0.164118336264214E-01
   0.257164502930129E+02
   0.177334915550982E-01
   0.240267347841377E+02
   0.210761359011705E-01
   0.230784342831496E+02
   0.206492733595892E-01
   0.224596722390500E+02
   0.199789308670657E-01
   0.220371220368207E+02
   0.199086082773864E-01
   0.221543753607274E+02
   0.206981963173223E-01
   0.218594720875565E+02
   0.204815711806668E-01
   0.216054935204385E+02
   0.203381624806738E-01
   0.213961085790460E+02
   0.202948417769881E-01
   0.212256992091244E+02
   0.203487165007906E-01
   0.210732620031214E+02
   0.204345248506365E-01
   0.209085388888747E+02
   0.204780930878373E-01
   0.206962501348629E+02
   0.203013401472699E-01
   0.204344645793420E+02
   0.198713605832430E-01
   0.201620232935144E+02
   0.192392193828850E-01
   0.199381770214474E+02
   0.185111232672831E-01
   0.198384936650761E+02
   0.179271426360251E-01
   0.199566113322448E+02
   0.175814333056021E-01
   0.204365637903492E+02
   0.168636574772553E-01
   0.211043177729846E+02
   0.173953589286372E-01
   0.223173542941169E+02
   0.169440912285531E-01
   0.246851774372340E+02
   0.168723804527095E-01
   0.251119134440659E+02
   0.172764753229076E-01
   0.241247577452667E+02
   0.188816060281561E-01
   0.233511851959564E+02
   0.199490973134846E-01
   0.229668053682335E+02
   0.198814015949397E-01
   0.228448953616854E+02
   0.201660117988897E-01
   0.228513371275608E+02
   0.198228731862783E-01
   0.230546720848842E+02
   0.191263033260291E-01
   0.238877862042211E+02
   0.173894072487892E-01
   0.242544175987173E+02
   0.182871603755250E-01
   0.244496870313213E+02
   0.180937762908856E-01
   0.241846415734245E+02
   0.194797915071548E-01
   0.239743239194083E+02
   0.195834579172476E-01
   0.244181652390954E+02
   0.184506977939931E-01
   0.258518437190970E+02
   0.171172107115494E-01
   0.257242409450508E+02
   0.187174346301365E-01
   0.242636612212289E+02
   0.216408560374823E-01
   0.234308592559875E+02
   0.213893484314654E-01
   0.228745833838040E+02
   0.209662106567698E-01
   0.224827792318349E+02
   0.208646052431003E-01
   0.224730271859123E+02
   0.215220874168063E-01
   0.221922488539710E+02
   0.213133626604233E-01
   0.219482849031311E+02
   0.211650869886129E-01
   0.217426910852036E+02
   0.210677461123860E-01
   0.215712414116972E+02
   0.210185535395916E-01
   0.214168668301722E+02
   0.210380689174978E-01
   0.212504781145762E+02
   0.210716520839104E-01
   0.210337485451053E+02
   0.209037643606785E-01
   0.207649768440619E+02
   0.204659953189823E-01
   0.204924631550931E+02
   0.199148034842889E-01
   0.202779268557315E+02
   0.193823780061250E-01
   0.201879978103285E+02
   0.190194799844938E-01
   0.202825378111643E+02
   0.186180009879388E-01
   0.206620678307669E+02
   0.179027079382552E-01
   0.213260075450306E+02
   0.183204823633012E-01
   0.224994782251473E+02
   0.188758290568964E-01
   0.247060220455565E+02
   0.178894710422243E-01
   0.251986279268193E+02
   0.173672704307806E-01
   0.245922295974233E+02
   0.180686800785352E-01
   0.236134252634957E+02
   0.205156499149926E-01
   0.232764041366356E+02
   0.209552986567744E-01
   0.231931470812966E+02
   0.211063120282461E-01
   0.232228093651489E+02
   0.208392814591433E-01
   0.234092380082614E+02
   0.205649532519030E-01
   0.239485488611113E+02
   0.188548635248583E-01
   0.245393826336387E+02
   0.188759262269864E-01
   0.248800973903878E+02
   0.185253246627675E-01
   0.248760943739700E+02
   0.193978269640917E-01
   0.243919347751264E+02
   0.211942616481219E-01
   0.245927110680346E+02
   0.200916936280470E-01
   0.257166658830472E+02
   0.180323659819127E-01
   0.255484819443343E+02
   0.198383324460892E-01
   0.243623545050679E+02
   0.221631485286586E-01
   0.236531621222198E+02
   0.221308931065377E-01
   0.231547345114443E+02
   0.218819234895581E-01
   0.227850120780882E+02
   0.217118395732137E-01
   0.226441557187980E+02
   0.221021936818926E-01
   0.223717362195242E+02
   0.219223272913472E-01
   0.221320013517428E+02
   0.217730337657786E-01
   0.219252134896950E+02
   0.216030421609077E-01
   0.217476657567434E+02
   0.214439550044151E-01
   0.215869818254880E+02
   0.214270940128926E-01
   0.214144552882511E+02
   0.214739755850627E-01
   0.211920986568052E+02
   0.213085329332960E-01
   0.209230941144827E+02
   0.208808409026602E-01
   0.206613158501783E+02
   0.204283530340643E-01
   0.204672390376421E+02
   0.200831443424113E-01
   0.203961506810051E+02
   0.198055809022179E-01
   0.204833193771492E+02
   0.192225098801997E-01
   0.208139981886009E+02
   0.185606596487885E-01
   0.214736424070762E+02
   0.191479057900947E-01
   0.226002457455119E+02
   0.200893414775242E-01
   0.246183532965896E+02
   0.179803078155735E-01
   0.251488128762180E+02
   0.173310555849259E-01
   0.247645772118221E+02
   0.177047829753279E-01
   0.237742352101999E+02
   0.207230154412399E-01
   0.234926497476722E+02
   0.216507750339805E-01
   0.234471224393323E+02
   0.218404197140134E-01
   0.235053298744869E+02
   0.216709935502369E-01
   0.236701373433665E+02
   0.215323380832224E-01
   0.240289858978780E+02
   0.197659653680570E-01
   0.244867705979185E+02
   0.196038520547276E-01
   0.250069540394639E+02
   0.191487063338036E-01
   0.252280842817702E+02
   0.195284520916734E-01
   0.247329887513434E+02
   0.224109633874862E-01
   0.247323551535619E+02
   0.218247697684998E-01
   0.254742893115440E+02
   0.193382091864047E-01
   0.251491536742376E+02
   0.214476905940084E-01
   0.243484802188881E+02
   0.226785582557138E-01
   0.237537374569043E+02
   0.227514808305635E-01
   0.233003806875192E+02
   0.225343892974927E-01
   0.229464434282783E+02
   0.223010299951399E-01
   0.226784949779127E+02
   0.220377403955922E-01
   0.224098470829182E+02
   0.218619625778915E-01
   0.221703798786278E+02
   0.216956927720629E-01
   0.219605297893436E+02
   0.215108307820195E-01
   0.217756871038127E+02
   0.213615147748070E-01
   0.216037870829618E+02
   0.213272330731051E-01
   0.214190539654982E+02
   0.213240859867663E-01
   0.211901125530850E+02
   0.211351849971595E-01
   0.209261387748381E+02
   0.207633732833161E-01
   0.206804421551860E+02
   0.204050905907858E-01
   0.205085483788588E+02
   0.201366164349001E-01
   0.204613602496062E+02
   0.199060752742036E-01
   0.205625818376600E+02
   0.193487033624544E-01
   0.208730997119361E+02
   0.187110689459944E-01
   0.215284679037522E+02
   0.195121751654017E-01
   0.225876392553640E+02
   0.203591259780240E-01
   0.244284893564356E+02
   0.176012563663054E-01
   0.249838864001448E+02
   0.172117089750440E-01
   0.247478117296269E+02
   0.175580779320310E-01
   0.238309239635095E+02
   0.207185973207574E-01
   0.236101950220215E+02
   0.221101848465004E-01
   0.236046417605596E+02
   0.225398726656031E-01
   0.236908350976587E+02
   0.223331224720763E-01
   0.238359892249276E+02
   0.220134440531159E-01
   0.240903680501177E+02
   0.206325852523179E-01
   0.244485508184699E+02
   0.202396230433901E-01
   0.248639908431000E+02
   0.203017371463182E-01
   0.253406638244641E+02
   0.199434996718988E-01
   0.249914124697984E+02
   0.226263551105603E-01
   0.247880819804910E+02
   0.229074765151364E-01
   0.250731215035176E+02
   0.209907431218941E-01
   0.248348416600262E+02
   0.222648179476730E-01
   0.242469133445670E+02
   0.228372353047546E-01
   0.237381674347068E+02
   0.228711288669918E-01
   0.233179742897382E+02
   0.225233656904848E-01
   0.229756007378602E+02
   0.222378707773599E-01
   0.226049017631792E+02
   0.210117606676083E-01
   0.223352716899251E+02
   0.207391455558437E-01
   0.220892628360940E+02
   0.204591909793378E-01
   0.218685348316464E+02
   0.201965652989902E-01
   0.216707535743538E+02
   0.200333881171378E-01
   0.214848344953378E+02
   0.199985923098456E-01
   0.212883585462857E+02
   0.200136226050590E-01
   0.210570387565899E+02
   0.199081508894882E-01
   0.208044838869025E+02
   0.197181991910894E-01
   0.205807615129137E+02
   0.195800919420327E-01
   0.204337240601909E+02
   0.194769733621483E-01
   0.204088169674226E+02
   0.193792649854453E-01
   0.205332642013760E+02
   0.191089991094698E-01
   0.208347557086707E+02
   0.184959498303360E-01
   0.214853695324313E+02
   0.195796535717230E-01
   0.224547924732479E+02
   0.201038718574652E-01
   0.241458891154038E+02
   0.173862358825621E-01
   0.247137752803159E+02
   0.172010732758972E-01
   0.245860336730875E+02
   0.174282164683676E-01
   0.237892427683779E+02
   0.212478132335177E-01
   0.236154872691605E+02
   0.223901724424902E-01
   0.236429353829258E+02
   0.228792928783487E-01
   0.237691513281349E+02
   0.228177400801252E-01
   0.239033366826068E+02
   0.223110943998058E-01
   0.241023861042649E+02
   0.213609381230308E-01
   0.244034147644734E+02
   0.213586615293525E-01
   0.247366268334287E+02
   0.213144114247711E-01
   0.252492021505764E+02
   0.206205102632813E-01
   0.252105080797301E+02
   0.216410346592736E-01
   0.247382220090815E+02
   0.230000286775607E-01
   0.247635657562924E+02
   0.217155072051769E-01
   0.245376158779702E+02
   0.222707901062264E-01
   0.240674362202043E+02
   0.223539751992023E-01
   0.236219090404907E+02
   0.221183193087151E-01
   0.232320794437937E+02
   0.216552246253980E-01
   0.228996356541090E+02
   0.212946312060791E-01
   0.224483942436806E+02
   0.196427009043994E-01
   0.221757663318984E+02
   0.193129814072527E-01
   0.219239746815896E+02
   0.190078726876770E-01
   0.216955150230912E+02
   0.187678942522038E-01
   0.214871443315284E+02
   0.186112325278828E-01
   0.212872231934267E+02
   0.185212096319248E-01
   0.210777118810721E+02
   0.184580012072969E-01
   0.208440617506493E+02
   0.183551514346691E-01
   0.206045891206362E+02
   0.182838300020780E-01
   0.204016009609839E+02
   0.182945881149638E-01
   0.202756178150301E+02
   0.183687160943278E-01
   0.202689148604411E+02
   0.185313897913281E-01
   0.204105029862715E+02
   0.186745329248334E-01
   0.207045935584616E+02
   0.182157493514521E-01
   0.213423726846343E+02
   0.196691753262213E-01
   0.222064720812542E+02
   0.197516073493967E-01
   0.237568027240868E+02
   0.173747124908994E-01
   0.243245400428980E+02
   0.173077560144763E-01
   0.242862239454450E+02
   0.173418154318468E-01
   0.236267564411489E+02
   0.214667875258558E-01
   0.234885888228446E+02
   0.220883614626362E-01
   0.235389067030972E+02
   0.223805711842258E-01
   0.237245393071577E+02
   0.227166245268842E-01
   0.238626861064478E+02
   0.224349771011482E-01
   0.240351087967155E+02
   0.218358762077827E-01
   0.242975601822368E+02
   0.221366284277019E-01
   0.245643748966147E+02
   0.221009862833875E-01
   0.249082147718487E+02
   0.218792074018883E-01
   0.251205220122644E+02
   0.212737631404211E-01
   0.245706130298898E+02
   0.225505209979159E-01
   0.244621403617091E+02
   0.218689388612296E-01
   0.242253812906380E+02
   0.217888172683046E-01
   0.238215441485644E+02
   0.213200202431695E-01
   0.234276413553387E+02
   0.208959730039746E-01
   0.230656650736762E+02
   0.203989156910909E-01
   0.227424219129211E+02
   0.199934579997765E-01
   0.222551706146824E+02
   0.188956015406641E-01
   0.219824449662077E+02
   0.185462408315800E-01
   0.217283780383752E+02
   0.182368878054526E-01
   0.214954376384816E+02
   0.180121503729570E-01
   0.212787898681922E+02
   0.178520369957850E-01
   0.210661542717834E+02
   0.177317082612585E-01
   0.208432268930469E+02
   0.176208318287695E-01
   0.206032364826072E+02
   0.174843043488912E-01
   0.203674326781860E+02
   0.173914309268324E-01
   0.201727457658867E+02
   0.173859519616605E-01
   0.200547551027342E+02
   0.174942033055041E-01
   0.200534654798219E+02
   0.177833401238232E-01
   0.202028615867571E+02
   0.183062714065944E-01
   0.205097067269736E+02
   0.187356272602443E-01
   0.210916481284158E+02
   0.198356015243447E-01
   0.218438864039572E+02
   0.191078704394022E-01
   0.232428823822088E+02
   0.173618893896253E-01
   0.237983031009307E+02
   0.173934726755235E-01
   0.238478444948651E+02
   0.174949187183374E-01
   0.233399164655843E+02
   0.219099155509611E-01
   0.232324377354687E+02
   0.218492455475596E-01
   0.232968640723722E+02
   0.214146566758397E-01
   0.235614363427842E+02
   0.221264027405495E-01
   0.237082715405967E+02
   0.224459320440047E-01
   0.238679552929250E+02
   0.219937560778856E-01
   0.241010975967453E+02
   0.225162910486966E-01
   0.243188326234282E+02
   0.228201484787021E-01
   0.245597384021536E+02
   0.231485495862193E-01
   0.247842408766722E+02
   0.214726420614986E-01
   0.242882032236327E+02
   0.222530245514372E-01
   0.241318946306153E+02
   0.218344216667586E-01
   0.238883881069857E+02
   0.212806762484447E-01
   0.235343459538946E+02
   0.205847372731604E-01
   0.231891069950145E+02
   0.201395764488576E-01
   0.228569583078356E+02
   0.196800980218193E-01
   0.225457978373761E+02
   0.192680534596036E-01
   0.220519937740405E+02
   0.193803694257724E-01
   0.217856738598545E+02
   0.189701802285167E-01
   0.215352790054642E+02
   0.186096369107917E-01
   0.213017018065466E+02
   0.183292793222943E-01
   0.210797787075651E+02
   0.181234594327971E-01
   0.208570946650065E+02
   0.179701583614115E-01
   0.206222095037212E+02
   0.178544438108271E-01
   0.203734195112457E+02
   0.177376159405947E-01
   0.201328948559120E+02
   0.176696511012836E-01
   0.199340480744948E+02
   0.176897492764760E-01
   0.198081339281292E+02
   0.178098674502277E-01
   0.197922216708578E+02
   0.180972274251526E-01
   0.199239524736077E+02
   0.186774729529581E-01
   0.202162463411983E+02
   0.194189626733812E-01
   0.207304617559094E+02
   0.201592581390786E-01
   0.213786680603798E+02
   0.187906052688217E-01
   0.225892568073683E+02
   0.173017868360336E-01
   0.231190308522907E+02
   0.172678573959937E-01
   0.232607640264058E+02
   0.180364144499310E-01
   0.229060326460032E+02
   0.221284021873355E-01
   0.228452028281926E+02
   0.217450095473617E-01
   0.229419488218098E+02
   0.208882087387416E-01
   0.232969378120970E+02
   0.210835885465341E-01
   0.234509945175325E+02
   0.228055589219353E-01
   0.236156012478691E+02
   0.227529414291940E-01
   0.238141589693992E+02
   0.231789766699789E-01
   0.239779414723852E+02
   0.233846625685001E-01
   0.241213459105219E+02
   0.234964754936804E-01
   0.241973940274993E+02
   0.226570881766138E-01
   0.239131861441645E+02
   0.229618414778517E-01
   0.237573621333090E+02
   0.226209160606042E-01
   0.235264692985651E+02
   0.219235047212605E-01
   0.232238145254965E+02
   0.212319613444839E-01
   0.229280538366317E+02
   0.207864208834095E-01
   0.226281761685982E+02
   0.203061912024672E-01
   0.223336061753683E+02
   0.198229207028323E-01
   0.218359521972699E+02
   0.211196289391090E-01
   0.215857479288463E+02
   0.206591496202493E-01
   0.213472621385772E+02
   0.202102174688994E-01
   0.211197354118445E+02
   0.198128891329017E-01
   0.208982485546732E+02
   0.195041298810397E-01
   0.206700368443202E+02
   0.192726146610990E-01
   0.204251154713842E+02
   0.191111706711598E-01
   0.201650916171556E+02
   0.189581054559665E-01
   0.199121689171562E+02
   0.188293758798289E-01
   0.196971066755344E+02
   0.187588383147115E-01
   0.195470096792836E+02
   0.187124782853693E-01
   0.194943809049014E+02
   0.187207026811886E-01
   0.195750815432807E+02
   0.188990822079564E-01
   0.198026678787245E+02
   0.192615064037416E-01
   0.202550743686156E+02
   0.203785289016901E-01
   0.208315445646022E+02
   0.197409376730083E-01
   0.217810131817309E+02
   0.170690772161314E-01
   0.222774817993470E+02
   0.175600893881606E-01
   0.224988221689912E+02
   0.190549572818925E-01
   0.223157521056046E+02
   0.221245120528014E-01
   0.223194247604777E+02
   0.213776792650778E-01
   0.224676333999592E+02
   0.202554705603872E-01
   0.229720060107358E+02
   0.197319893129233E-01
   0.230621037052443E+02
   0.227556536078768E-01
   0.232370926998149E+02
   0.232955491516861E-01
   0.234004325963281E+02
   0.234780639967018E-01
   0.235141038081960E+02
   0.234925113020130E-01
   0.235772031201303E+02
   0.232350968933083E-01
   0.235861028625207E+02
   0.230413780447709E-01
   0.234224905271959E+02
   0.235812294436146E-01
   0.232985849521252E+02
   0.236720706426562E-01
   0.231053764736126E+02
   0.232624571770352E-01
   0.228649664471126E+02
   0.228555011450042E-01
   0.226236835169431E+02
   0.225143445979701E-01
   0.223639644151050E+02
   0.220798929001880E-01
   0.220977826099193E+02
   0.216005067176331E-01
   0.215144376170068E+02
   0.229391966832217E-01
   0.212921363690331E+02
   0.226331015611111E-01
   0.210775141669142E+02
   0.222289857002517E-01
   0.208673075049694E+02
   0.217505595304793E-01
   0.206557275024868E+02
   0.212969315777706E-01
   0.204286866098761E+02
   0.208752383765493E-01
   0.201762634443363E+02
   0.204866124626062E-01
   0.199039806652148E+02
   0.201146754052543E-01
   0.196351501813398E+02
   0.197800077729417E-01
   0.193993103731035E+02
   0.195160532699658E-01
   0.192214305790039E+02
   0.192737580204365E-01
   0.191282868210176E+02
   0.190367769712522E-01
   0.191441570124380E+02
   0.187989651479462E-01
   0.192814288753808E+02
   0.185689638894000E-01
   0.196425279263649E+02
   0.192218612327388E-01
   0.201766373288837E+02
   0.204540936202460E-01
   0.208055228570196E+02
   0.177411507082085E-01
   0.212475794363358E+02
   0.182310650110276E-01
   0.215118018720529E+02
   0.197083200948887E-01
   0.215667383704919E+02
   0.216320077131005E-01
   0.216587001606340E+02
   0.208492304238270E-01
   0.218845983034603E+02
   0.190174955437316E-01
   0.224223350206396E+02
   0.197657116628284E-01
   0.225343016625661E+02
   0.224564039665852E-01
   0.227148789681441E+02
   0.234045628910983E-01
   0.228466675176230E+02
   0.232419911265410E-01
   0.229232746288061E+02
   0.231587225059160E-01
   0.229287226108939E+02
   0.228119496164277E-01
   0.228931751745091E+02
   0.227080469536091E-01
   0.227887789552921E+02
   0.232737382355217E-01
   0.226983703146397E+02
   0.236989856042027E-01
   0.225525710230059E+02
   0.237234523626572E-01
   0.223732050375128E+02
   0.237387619013925E-01
   0.221878595171483E+02
   0.237314403839753E-01
   0.219737672712817E+02
   0.235128451216666E-01
   0.217454423517944E+02
   0.232411920283244E-01
   0.209875053285085E+02
   0.229648387713739E-01
   0.207972684491415E+02
   0.229099852486895E-01
   0.206160511507391E+02
   0.227881150296558E-01
   0.204375506825584E+02
   0.225073662592438E-01
   0.202518738674194E+02
   0.221258163356427E-01
   0.200410847300074E+02
   0.216310124289105E-01
   0.197924109439055E+02
   0.210187799427032E-01
   0.195146741338448E+02
   0.204121220994647E-01
   0.192332473816210E+02
   0.199002173855798E-01
   0.189777882447143E+02
   0.195069079448232E-01
   0.187738719220589E+02
   0.191917501495313E-01
   0.186452650540828E+02
   0.189320339812520E-01
   0.186095228855108E+02
   0.186427089466253E-01
   0.186810568127252E+02
   0.182110780283198E-01
   0.189358392223931E+02
   0.178542885465617E-01
   0.193857174402359E+02
   0.186168920545300E-01
   0.198976242379360E+02
   0.185434661283911E-01
   0.202649902799017E+02
   0.186898672445611E-01
   0.204942783920373E+02
   0.188628402747907E-01
   0.206615346324420E+02
   0.203511973034720E-01
   0.208577727515397E+02
   0.203554872706658E-01
   0.212216789246934E+02
   0.172563068147182E-01
   0.216363747892104E+02
   0.204836731029440E-01
   0.218646126717081E+02
   0.223030242276059E-01
   0.220431129433326E+02
   0.227061724629206E-01
   0.221547162967683E+02
   0.225711907403027E-01
   0.222022232939246E+02
   0.224522293991591E-01
   0.221710537109654E+02
   0.220689969820582E-01
   0.220986552772324E+02
   0.217967098190964E-01
   0.220077109684934E+02
   0.220602690440859E-01
   0.219344952937141E+02
   0.224932796756451E-01
   0.218257704665688E+02
   0.227222366293298E-01
   0.216947952935021E+02
   0.229776569676046E-01
   0.215530665522663E+02
   0.232059943504990E-01
   0.213783639623381E+02
   0.231660742209539E-01
   0.211862620646252E+02
   0.230719757868359E-01
   0.202398197610861E+02
   0.215653701141392E-01
   0.200728592259917E+02
   0.215747230640045E-01
   0.199188151764182E+02
   0.216483280352298E-01
   0.197732105013996E+02
   0.217017781662272E-01
   0.196218418361550E+02
   0.216388987502352E-01
   0.194422082821981E+02
   0.213776387760996E-01
   0.192165886768027E+02
   0.208558321896273E-01
   0.189503783914418E+02
   0.202087123416710E-01
   0.186679963321436E+02
   0.195937132543223E-01
   0.183999243789142E+02
   0.190883816013843E-01
   0.181750619720306E+02
   0.187060835553173E-01
   0.180172707044012E+02
   0.184253514797311E-01
   0.179446215018796E+02
   0.181814838943319E-01
   0.179774048128531E+02
   0.179136469822288E-01
   0.181756559987048E+02
   0.177746413316103E-01
   0.185565283637537E+02
   0.183559105329852E-01
   0.189598405051042E+02
   0.183477654482636E-01
   0.192354415660780E+02
   0.182325711910679E-01
   0.194090785861860E+02
   0.182233121637372E-01
   0.196129566161206E+02
   0.189893392158985E-01
   0.198960820293308E+02
   0.194132136481194E-01
   0.203401138591874E+02
   0.166251817548474E-01
   0.207645982923964E+02
   0.199597621860367E-01
   0.210491364087268E+02
   0.210886071204838E-01
   0.212234783994571E+02
   0.213980699379902E-01
   0.213227024634016E+02
   0.215267885202814E-01
   0.213495147680612E+02
   0.214723766319742E-01
   0.212962787602024E+02
   0.211203462385780E-01
   0.212015066590803E+02
   0.207664747576336E-01
   0.211098382774099E+02
   0.208166969473590E-01
   0.210378097824731E+02
   0.210820300938089E-01
   0.209452554796893E+02
   0.212557629106558E-01
   0.208412188759860E+02
   0.214795832409678E-01
   0.207261403141746E+02
   0.216914529479636E-01
   0.205790359718071E+02
   0.217012181780487E-01
   0.204141181217315E+02
   0.216436047242915E-01
   0.192983313053490E+02
   0.199352241239225E-01
   0.191459940824341E+02
   0.198834912603492E-01
   0.190074502765365E+02
   0.199383431265955E-01
   0.188829219057710E+02
   0.201022720710287E-01
   0.187582482320440E+02
   0.202616045453700E-01
   0.186099778308083E+02
   0.203041530546285E-01
   0.184176590487185E+02
   0.201086106502344E-01
   0.181794739060517E+02
   0.196709640778536E-01
   0.179126436495638E+02
   0.190991291051573E-01
   0.176443435890124E+02
   0.185046957472811E-01
   0.174071237455543E+02
   0.180160743102948E-01
   0.172274183594227E+02
   0.176491215806449E-01
   0.171275697686147E+02
   0.173506473346591E-01
   0.171347892776319E+02
   0.170793326416976E-01
   0.172969285608252E+02
   0.170140912916294E-01
   0.176129617390640E+02
   0.174657366835721E-01
   0.179235520445401E+02
   0.175144883644392E-01
   0.181125476308527E+02
   0.172780796937495E-01
   0.182168279400065E+02
   0.170083982948410E-01
   0.184232747141365E+02
   0.174814270741223E-01
   0.187765811440676E+02
   0.180281326757323E-01
   0.192489474736436E+02
   0.172706440307247E-01
   0.197927458516977E+02
   0.190329433310967E-01
   0.201008691268921E+02
   0.196624134226914E-01
   0.202652752380659E+02
   0.199433567343543E-01
   0.203476542443251E+02
   0.201755269164232E-01
   0.203584962186789E+02
   0.202208635720744E-01
   0.202945951272412E+02
   0.199968711230471E-01
   0.201903175678719E+02
   0.196861028788082E-01
   0.200924231240764E+02
   0.196189217246930E-01
   0.200131599798803E+02
   0.197457188336032E-01
   0.199240127236803E+02
   0.198392584678403E-01
   0.198302152319792E+02
   0.199738019578567E-01
   0.197264204306198E+02
   0.200721719827621E-01
   0.195984577880486E+02
   0.200758803750962E-01
   0.194541196324288E+02
   0.200273129572795E-01
   0.181735373950718E+02
   0.183217339754050E-01
   0.180311478363142E+02
   0.182199801684937E-01
   0.179003957549081E+02
   0.181921404163335E-01
   0.177858551401671E+02
   0.182864653912650E-01
   0.176756594375919E+02
   0.184343715289762E-01
   0.175486060171480E+02
   0.185605200316220E-01
   0.173860851653104E+02
   0.186026093595169E-01
   0.171815027627197E+02
   0.184663077473984E-01
   0.169428846665058E+02
   0.181292260296954E-01
   0.166900021244041E+02
   0.176366271506454E-01
   0.164536639702470E+02
   0.171240587730079E-01
   0.162621083496995E+02
   0.166807295931255E-01
   0.161442413739118E+02
   0.163311654079363E-01
   0.161350113503730E+02
   0.160922451823898E-01
   0.162708935474995E+02
   0.160438017964530E-01
   0.165307888115085E+02
   0.162638060319699E-01
   0.167675520881312E+02
   0.162722452509791E-01
   0.168785106180250E+02
   0.160742737941656E-01
   0.168950502743667E+02
   0.155209257321795E-01
   0.170780274662925E+02
   0.157793360898669E-01
   0.175008601578702E+02
   0.162980569234787E-01
   0.181054560757307E+02
   0.169808540081395E-01
   0.187123255644489E+02
   0.179944582362760E-01
   0.190284002685854E+02
   0.182059174455028E-01
   0.191728744177053E+02
   0.184108830919438E-01
   0.192311355776118E+02
   0.186029022505849E-01
   0.192255293062404E+02
   0.187064317383935E-01
   0.191552638939427E+02
   0.186294277310118E-01
   0.190466565500446E+02
   0.184260408397985E-01
   0.189405408805988E+02
   0.183194837935013E-01
   0.188485029074617E+02
   0.183347304275002E-01
   0.187532381990045E+02
   0.183458033207181E-01
   0.186586235648365E+02
   0.184035995213705E-01
   0.185581111527058E+02
   0.184356977588999E-01
   0.184429473072810E+02
   0.184382998982306E-01
   0.183145288207871E+02
   0.184063479596432E-01
   0.168681169307022E+02
   0.167190942737495E-01
   0.167338337777958E+02
   0.166133429122237E-01
   0.166068028515396E+02
   0.165312079592783E-01
   0.164943032686002E+02
   0.165251494507752E-01
   0.163883760896190E+02
   0.165775852431549E-01
   0.162718086202318E+02
   0.166433933713485E-01
   0.161294268552069E+02
   0.167041496632618E-01
   0.159537927611794E+02
   0.166976578529150E-01
   0.157460707951265E+02
   0.165587464706226E-01
   0.155187770043443E+02
   0.162667039410706E-01
   0.152969599786936E+02
   0.158846420493778E-01
   0.151055869827024E+02
   0.154457072551094E-01
   0.149788090693428E+02
   0.150577672369657E-01
   0.149611970970297E+02
   0.148471050918009E-01
   0.150830855528621E+02
   0.148627383584709E-01
   0.153044920368449E+02
   0.149998438273527E-01
   0.154865851909386E+02
   0.149936628791130E-01
   0.155205059649597E+02
   0.147657552191018E-01
   0.154251587624382E+02
   0.139246309419885E-01
   0.155620580365632E+02
   0.139129222908695E-01
   0.160560097400476E+02
   0.146179989840988E-01
   0.168269098825108E+02
   0.158140352798974E-01
   0.175194863672521E+02
   0.170725767548992E-01
   0.178407281696575E+02
   0.170349293807655E-01
   0.179545376406700E+02
   0.170193365597880E-01
   0.179800563315175E+02
   0.170565325344914E-01
   0.179520950418616E+02
   0.171121518513952E-01
   0.178721905793919E+02
   0.170906661510415E-01
   0.177588771465471E+02
   0.169930765521305E-01
   0.176436992370687E+02
   0.169180187231212E-01
   0.175360347844853E+02
   0.168633486737012E-01
   0.174283387909090E+02
   0.168062000951404E-01
   0.173251831009321E+02
   0.167940967095739E-01
   0.172220943819822E+02
   0.167825122719710E-01
   0.171136948758381E+02
   0.167850836590513E-01
   0.169970109387671E+02
   0.167817404515710E-01
   0.153778182792223E+02
   0.150424112949298E-01
   0.152507109659894E+02
   0.149516181010757E-01
   0.151263630297152E+02
   0.148508412951870E-01
   0.150130535255440E+02
   0.147841941424422E-01
   0.149062081766268E+02
   0.147692718323468E-01
   0.147931530334632E+02
   0.147729734514036E-01
   0.146618147104623E+02
   0.147688810156786E-01
   0.145067925766038E+02
   0.147708465762061E-01
   0.143256455694436E+02
   0.147037210320069E-01
   0.141257231080713E+02
   0.145425988571454E-01
   0.139256618595358E+02
   0.143019798434590E-01
   0.137445035719177E+02
   0.139420522922755E-01
   0.136165942864106E+02
   0.135495158629715E-01
   0.135969082002876E+02
   0.133939361461150E-01
   0.137172321049423E+02
   0.135637198364145E-01
   0.139233945915798E+02
   0.138257515482619E-01
   0.140736008108660E+02
   0.139176068730413E-01
   0.140313182582846E+02
   0.136049694313444E-01
   0.137856438160531E+02
   0.122104484795373E-01
   0.138538790530637E+02
   0.117150388820404E-01
   0.144147675125667E+02
   0.127985392935906E-01
   0.154137719639018E+02
   0.154403455905792E-01
   0.162085963006342E+02
   0.169950426532174E-01
   0.165318537202886E+02
   0.165781501906145E-01
   0.166057628914737E+02
   0.160873178947050E-01
   0.165931199177782E+02
   0.158203342842384E-01
   0.165368856342084E+02
   0.156966205290698E-01
   0.164406407573863E+02
   0.155885464726300E-01
   0.163170979078851E+02
   0.154716584795752E-01
   0.161900136090561E+02
   0.154059645372013E-01
   0.160654220946766E+02
   0.153159617792704E-01
   0.159418266717787E+02
   0.152104949168702E-01
   0.158251204245161E+02
   0.151419014902990E-01
   0.157147638562696E+02
   0.151008287508260E-01
   0.156072768816873E+02
   0.150884189790033E-01
   0.154974195625178E+02
   0.150869625688135E-01
   0.136918773521694E+02
   0.136586259133291E-01
   0.135706828572055E+02
   0.135559579650197E-01
   0.134494725518881E+02
   0.134375702701010E-01
   0.133368124738454E+02
   0.133462459480173E-01
   0.132281559178511E+02
   0.132823157756164E-01
   0.131157182880283E+02
   0.132357733969213E-01
   0.129907142110313E+02
   0.131761514563351E-01
   0.128493350152675E+02
   0.131288556885884E-01
   0.126889146302589E+02
   0.130660856959800E-01
   0.125134372117650E+02
   0.129798953723421E-01
   0.123370020743286E+02
   0.129177773029587E-01
   0.121733470379697E+02
   0.128125491589632E-01
   0.120515870716727E+02
   0.126214164135211E-01
   0.120287927518100E+02
   0.125339091873884E-01
   0.121492320200078E+02
   0.127379437129124E-01
   0.123614095743931E+02
   0.131352689432750E-01
   0.125073393981003E+02
   0.133421691527898E-01
   0.124040335318077E+02
   0.129636854785925E-01
   0.119520473851136E+02
   0.960075206969067E-02
   0.119410657499313E+02
   0.898363436363139E-02
   0.125370234328160E+02
   0.103033824747772E-01
   0.137385887929131E+02
   0.146727005715215E-01
   0.146636830106598E+02
   0.169728287953898E-01
   0.150306232537914E+02
   0.168452980031556E-01
   0.150882532595563E+02
   0.161237866459409E-01
   0.150439915955185E+02
   0.156050957569742E-01
   0.149592785621283E+02
   0.152509743645677E-01
   0.148408178683906E+02
   0.149538108551200E-01
   0.147009456624133E+02
   0.146736145684292E-01
   0.145584040492981E+02
   0.144507178936599E-01
   0.144169834739721E+02
   0.142450918595962E-01
   0.142775504799955E+02
   0.140537522971845E-01
   0.141453316045719E+02
   0.139071112229768E-01
   0.140244534713598E+02
   0.138112723581160E-01
   0.139131517522675E+02
   0.137588566299226E-01
   0.138054204067302E+02
   0.137229958396323E-01
   0.117820889015072E+02
   0.126765750686375E-01
   0.116649684023524E+02
   0.125936910384405E-01
   0.115468261858797E+02
   0.124973941203949E-01
   0.114361047820120E+02
   0.123975523101577E-01
   0.113272615902866E+02
   0.123079022674866E-01
   0.112166179455085E+02
   0.122360781744095E-01
   0.110987182782394E+02
   0.121704394336265E-01
   0.109702185903335E+02
   0.121133501300531E-01
   0.108289273316138E+02
   0.120782403286641E-01
   0.106742734082096E+02
   0.120248687292158E-01
   0.105160919725762E+02
   0.119649245950720E-01
   0.103673793242330E+02
   0.118809680267218E-01
   0.102541016681418E+02
   0.117283320495050E-01
   0.102296684304431E+02
   0.116279048962343E-01
   0.103473210732239E+02
   0.117749551008637E-01
   0.105744746509618E+02
   0.122509518162145E-01
   0.107467775409338E+02
   0.127145094638022E-01
   0.106323213170586E+02
   0.124470413372602E-01
   0.100192774483339E+02
   0.865803760070656E-02
   0.992271787014690E+01
   0.776608227592446E-02
   0.104800348606945E+02
   0.864206803757128E-02
   0.117605090643188E+02
   0.136207194836837E-01
   0.127249467928945E+02
   0.158651744649236E-01
   0.131594190391999E+02
   0.162498865496109E-01
   0.132663634408045E+02
   0.158308659498880E-01
   0.132416510101055E+02
   0.154205945719633E-01
   0.131561316177103E+02
   0.149942324497311E-01
   0.130283906306643E+02
   0.145407995908122E-01
   0.128754760903701E+02
   0.141114753986364E-01
   0.127191569668087E+02
   0.137650773138170E-01
   0.125622208234578E+02
   0.134712611493781E-01
   0.124090071667884E+02
   0.132406903270069E-01
   0.122593894991713E+02
   0.130289422868163E-01
   0.121238932352151E+02
   0.128738674843187E-01
   0.120030879632726E+02
   0.127764348050533E-01
   0.118926971317244E+02
   0.127255076758148E-01
   0.962041477315435E+01
   0.116965637749728E-01
   0.950035950126260E+01
   0.115829002735871E-01
   0.938122307737050E+01
   0.114660643281296E-01
   0.927643757335857E+01
   0.113983817924590E-01
   0.916963780912016E+01
   0.113154865159419E-01
   0.906160257496443E+01
   0.112426539673657E-01
   0.895138274877755E+01
   0.111840487861150E-01
   0.883692082021620E+01
   0.111384367588256E-01
   0.871512960009639E+01
   0.111032279660692E-01
   0.858448362182988E+01
   0.110659096963014E-01
   0.845277872631044E+01
   0.110273468668338E-01
   0.833063237850294E+01
   0.109709205437263E-01
   0.823964461715317E+01
   0.108801516402490E-01
   0.822270460663070E+01
   0.108251513361384E-01
   0.833012929976542E+01
   0.109245998292641E-01
   0.855824898052085E+01
   0.113374311182688E-01
   0.875935213899753E+01
   0.119645057596524E-01
   0.870741336864056E+01
   0.122333237516815E-01
   0.804025939169986E+01
   0.840447319571813E-02
   0.787850994599485E+01
   0.758338632359655E-02
   0.831211548408347E+01
   0.815907280078990E-02
   0.941986653090598E+01
   0.115587752859415E-01
   0.102783453722746E+02
   0.132152525913099E-01
   0.107477659289267E+02
   0.139653568226946E-01
   0.109431522583202E+02
   0.140763671298574E-01
   0.109990292804995E+02
   0.140982834388364E-01
   0.109772240150905E+02
   0.140085707823614E-01
   0.108975366720108E+02
   0.137622886302225E-01
   0.107745741411730E+02
   0.134548958912232E-01
   0.106276546624866E+02
   0.131211759813967E-01
   0.104665812079368E+02
   0.127902565476171E-01
   0.103013941755256E+02
   0.125082045985312E-01
   0.101396655931041E+02
   0.122585332109771E-01
   0.999112767320079E+01
   0.120562811440814E-01
   0.985670299418911E+01
   0.119009137005981E-01
   0.973647678058915E+01
   0.117913449781792E-01
   0.719195118932804E+01
   0.106992930454361E-01
   0.707293264317867E+01
   0.105810984505824E-01
   0.695597385947453E+01
   0.104657699902459E-01
   0.684562335551729E+01
   0.103589977810058E-01
   0.673636757685695E+01
   0.102512017735366E-01
   0.663039733467036E+01
   0.101716686246702E-01
   0.652872916726636E+01
   0.101199798789372E-01
   0.642999869814285E+01
   0.100968519484660E-01
   0.633018965765008E+01
   0.100799827729860E-01
   0.622648727156378E+01
   0.100668747252075E-01
   0.612848854733934E+01
   0.100607730346209E-01
   0.604323512984856E+01
   0.100484943457251E-01
   0.598702066212435E+01
   0.100272131454617E-01
   0.598784804534900E+01
   0.100238108116467E-01
   0.607992580669123E+01
   0.100993118278753E-01
   0.627490459814678E+01
   0.103762825131689E-01
   0.647595185348221E+01
   0.109107545424621E-01
   0.651847275578786E+01
   0.116209389943633E-01
   0.607063151487000E+01
   0.958618712451198E-02
   0.587712983657179E+01
   0.905174101877349E-02
   0.607801103395157E+01
   0.870292640290635E-02
   0.672009201602724E+01
   0.946568124554541E-02
   0.732206401197318E+01
   0.100193797754888E-01
   0.775395290930810E+01
   0.106301493040395E-01
   0.801504447966205E+01
   0.110670434179048E-01
   0.815919702979306E+01
   0.114175872967794E-01
   0.823873914406233E+01
   0.117405919817170E-01
   0.825380382768369E+01
   0.119155380296458E-01
   0.820625991910257E+01
   0.119294099181946E-01
   0.811566393452981E+01
   0.118382593386577E-01
   0.799065889281563E+01
   0.116517508110691E-01
   0.784624989548014E+01
   0.114434976445237E-01
   0.769751979902712E+01
   0.112346472359841E-01
   0.755765231788606E+01
   0.110616960585481E-01
   0.742452642132492E+01
   0.109054016838963E-01
   0.730597140315061E+01
   0.107956380017312E-01
   0.433306964741149E+01
   0.930123646809638E-02
   0.422650289190368E+01
   0.921728740199620E-02
   0.412572332306056E+01
   0.914642148818973E-02
   0.402781043781608E+01
   0.907558364459114E-02
   0.393031311429203E+01
   0.899823346085055E-02
   0.383689747476382E+01
   0.893517259557390E-02
   0.375089326802767E+01
   0.889725656413837E-02
   0.367118086100049E+01
   0.888411534218117E-02
   0.359420223652672E+01
   0.887880113569187E-02
   0.351447160538976E+01
   0.885156531595077E-02
   0.345320598048420E+01
   0.885906150552695E-02
   0.341034068587802E+01
   0.887444819003977E-02
   0.339367567760784E+01
   0.889550274171078E-02
   0.341758240892656E+01
   0.893053018203619E-02
   0.349548164489677E+01
   0.899190471406368E-02
   0.363061158832374E+01
   0.915176298645618E-02
   0.377713148540571E+01
   0.946544668547116E-02
   0.381198885957119E+01
   0.984173968588448E-02
   0.357164084134306E+01
   0.911363305186320E-02
   0.339032471034641E+01
   0.853076103845792E-02
   0.341596882944688E+01
   0.801559639961391E-02
   0.369023583147769E+01
   0.791154798602224E-02
   0.403156242741937E+01
   0.796751930428742E-02
   0.434228222991699E+01
   0.821854934806403E-02
   0.457621525552904E+01
   0.847974659212893E-02
   0.474852449919434E+01
   0.875029127928724E-02
   0.488511775746098E+01
   0.908411081435023E-02
   0.497658871668574E+01
   0.938694548108772E-02
   0.501336614024223E+01
   0.959652047162364E-02
   0.499600069037241E+01
   0.968499433802091E-02
   0.493221146850053E+01
   0.966552480493093E-02
   0.483648806763333E+01
   0.958302888935616E-02
   0.472810722895986E+01
   0.948611033770847E-02
   0.462677399728533E+01
   0.943187468790229E-02
   0.452734409199410E+01
   0.938799852476235E-02
   0.442991664881816E+01
   0.934400713908756E-02
   0.784189412265257E+00
   0.728309957440292E-02
   0.717701089162795E+00
   0.727924371869240E-02
   0.648126364948407E+00
   0.726061944012117E-02
   0.575814968857674E+00
   0.723071163315799E-02
   0.501469743045645E+00
   0.718603428505650E-02
   0.430941318182022E+00
   0.713950478284868E-02
   0.368693922950502E+00
   0.710506409982676E-02
   0.312934908085062E+00
   0.708122923184016E-02
   0.261905336077687E+00
   0.706005410293459E-02
   0.222159218133733E+00
   0.704753420404173E-02
   0.203419472872383E+00
   0.706106712515578E-02
   0.202154672336169E+00
   0.708050686970104E-02
   0.219702698992299E+00
   0.710494444626334E-02
   0.259845885970879E+00
   0.713572808332784E-02
   0.323426548435817E+00
   0.718007590984879E-02
   0.403395588374810E+00
   0.726834503353217E-02
   0.484249940287706E+00
   0.747038294533964E-02
   0.501446150917313E+00
   0.768317900193203E-02
   0.376433292220733E+00
   0.741665794571539E-02
   0.229883099528896E+00
   0.703958673185708E-02
   0.158293203381540E+00
   0.667364344700967E-02
   0.220275549925693E+00
   0.646646001661372E-02
   0.353241092577827E+00
   0.635868097977358E-02
   0.509696755976236E+00
   0.634371726541221E-02
   0.656954489591699E+00
   0.637459044705144E-02
   0.790609326822211E+00
   0.644784959441461E-02
   0.915380678551463E+00
   0.659714554797503E-02
   0.102381993702761E+01
   0.680435337247559E-02
   0.110120693070397E+01
   0.701290356845045E-02
   0.113672468608712E+01
   0.716032428027043E-02
   0.113166359178905E+01
   0.723761164539471E-02
   0.109511951195800E+01
   0.726495678579108E-02
   0.103921468460082E+01
   0.726089554812157E-02
   0.979835823799778E+00
   0.726792109470271E-02
   0.918270002580634E+00
   0.727952362300784E-02
   0.849770670649587E+00
   0.727681652507158E-02
  -0.376689399775614E+01
   0.489519081213953E-02
  -0.379503666347928E+01
   0.490933113736909E-02
  -0.382819536020017E+01
   0.490276915424382E-02
  -0.386519671005183E+01
   0.487778925079727E-02
  -0.390368034593477E+01
   0.483822435084359E-02
  -0.393471920421490E+01
   0.479649747786425E-02
  -0.395467698034987E+01
   0.476286631191177E-02
  -0.396214847086794E+01
   0.474443900887355E-02
  -0.395810483246819E+01
   0.473815892897894E-02
  -0.394231013259793E+01
   0.474184460670604E-02
  -0.391558311648509E+01
   0.474755324220289E-02
  -0.388173573135140E+01
   0.475451057676128E-02
  -0.384229573393347E+01
   0.476891862132727E-02
  -0.379744349555159E+01
   0.479832250213502E-02
  -0.375251596198209E+01
   0.484475192966700E-02
  -0.371572307920545E+01
   0.491983876320343E-02
  -0.370005062639636E+01
   0.503074992906498E-02
  -0.372722952627525E+01
   0.513720521036339E-02
  -0.380792649503022E+01
   0.514155455600565E-02
  -0.391406326332456E+01
   0.504005790450560E-02
  -0.400728737448779E+01
   0.487395675030047E-02
  -0.406154162054634E+01
   0.469392366868945E-02
  -0.407486136975181E+01
   0.453512571940929E-02
  -0.405158932285254E+01
   0.442349996944156E-02
  -0.400072010322878E+01
   0.437217294203741E-02
  -0.392947963538765E+01
   0.438777090053655E-02
  -0.384615642054972E+01
   0.446137946289063E-02
  -0.376517241792937E+01
   0.456820421828585E-02
  -0.369981863682209E+01
   0.468107733962856E-02
  -0.365921099378133E+01
   0.477046645715071E-02
  -0.364552114090445E+01
   0.481894752872106E-02
  -0.365349076278144E+01
   0.483379200776458E-02
  -0.367382525058064E+01
   0.483395549319180E-02
  -0.369755901226957E+01
   0.483900468478866E-02
  -0.372051265090663E+01
   0.485193259184737E-02
  -0.374277262761281E+01
   0.487124455030526E-02
  -0.100013596290563E+02
   0.273950740217084E-02
  -0.994217913608443E+01
   0.276565133955387E-02
  -0.989082199833099E+01
   0.277796624330581E-02
  -0.984224287839619E+01
   0.278095797011550E-02
  -0.978026982549295E+01
   0.279378272827682E-02
  -0.969857129512547E+01
   0.282253861670783E-02
  -0.959153199864732E+01
   0.287283259809943E-02
  -0.945437843075332E+01
   0.294987364628086E-02
  -0.930963545344068E+01
   0.303279412208883E-02
  -0.916247823823464E+01
   0.311856055442251E-02
  -0.902162756658321E+01
   0.320153706963903E-02
  -0.889920416874570E+01
   0.327658459866305E-02
  -0.878584988800960E+01
   0.336157300781052E-02
  -0.872553701227451E+01
   0.340476301680534E-02
  -0.871822411286972E+01
   0.341198469292211E-02
  -0.876817860572454E+01
   0.338262125375204E-02
  -0.888404369218196E+01
   0.330890979804679E-02
  -0.907834444703074E+01
   0.317475824508774E-02
  -0.928972398625632E+01
   0.304968750790622E-02
  -0.951240037577928E+01
   0.292884825263516E-02
  -0.973406161748823E+01
   0.281288019485367E-02
  -0.995083563816508E+01
   0.269338139526991E-02
  -0.101531293541856E+02
   0.257469788401418E-02
  -0.102912170128561E+02
   0.249857102132598E-02
  -0.103724688207011E+02
   0.245837686210265E-02
  -0.104077228670723E+02
   0.244635227409649E-02
  -0.104106046559258E+02
   0.245334047768104E-02
  -0.103958901990484E+02
   0.246948956957666E-02
  -0.103755293006568E+02
   0.248677547804338E-02
  -0.103552709360266E+02
   0.250146373374170E-02
  -0.103362668160794E+02
   0.251322358810130E-02
  -0.103144521676717E+02
   0.252592289980744E-02
  -0.102851197923814E+02
   0.254396584189189E-02
  -0.102408600849695E+02
   0.257379392783873E-02
  -0.101738349455494E+02
   0.262160268903098E-02
  -0.100759237695438E+02
   0.269350650801050E-02
