   0.198209916048542E+01
   0.416403153748068E-02
   0.882881461661996E+00
   0.397634936148598E-02
   0.165260905706590E+00
   0.383381527118273E-02
  -0.247278959253144E+00
   0.373052165449152E-02
  -0.333984968467962E+00
   0.366647784139754E-02
   0.359251169356396E-01
   0.364634704755349E-02
  -0.450740929809923E+00
   0.368973065631788E-02
  -0.418078853413040E+00
   0.378361889237704E-02
   0.109485965153258E+00
   0.392899565280200E-02
   0.113233068992845E+01
   0.412733898473081E-02
   0.265882596549945E+01
   0.437879581073107E-02
   0.491575799533422E+01
   0.467567488681320E-02
   0.816315939859299E+01
   0.500666596760196E-02
   0.110140929135167E+02
   0.535311098343958E-02
   0.135834859435210E+02
   0.569603416714930E-02
   0.158957084899118E+02
   0.602008996172784E-02
   0.178588510597222E+02
   0.631441879933746E-02
   0.194511452427869E+02
   0.657211170285113E-02
   0.206891562967048E+02
   0.678927501341549E-02
   0.216079206649337E+02
   0.696602155804975E-02
   0.222476431980694E+02
   0.710624354229140E-02
   0.226432781241467E+02
   0.721248777657108E-02
   0.228158566678614E+02
   0.728439730947437E-02
   0.227663790684425E+02
   0.731851324307252E-02
   0.224759649026403E+02
   0.730849768730973E-02
   0.219112311616402E+02
   0.724833324541662E-02
   0.210273879039182E+02
   0.713513193311098E-02
   0.197675828215044E+02
   0.696702859549402E-02
   0.180600962595154E+02
   0.674282345875920E-02
   0.158158999334696E+02
   0.646406306741764E-02
   0.129293039615145E+02
   0.613748021467846E-02
   0.928148428479003E+01
   0.577614250603226E-02
   0.645164227125629E+01
   0.539951728485080E-02
   0.437765199610569E+01
   0.503140097828731E-02
   0.297374270231694E+01
   0.469433672898388E-02
   0.218256135231552E+01
   0.440351440551280E-02
   0.494811848235044E+01
   0.523755575022622E-02
   0.553342942441094E+01
   0.504562755598081E-02
   0.532146896942633E+01
   0.487431064834560E-02
   0.450174443164994E+01
   0.469832177811040E-02
   0.292271002867432E+01
   0.456419541006307E-02
   0.219655130359095E+01
   0.450105112632592E-02
   0.196037674974329E+01
   0.450368325268805E-02
   0.218544057280688E+01
   0.457846486764772E-02
   0.292392131876581E+01
   0.471358971569302E-02
   0.435261949108131E+01
   0.489215857225566E-02
   0.461164574447960E+01
   0.514257224811827E-02
   0.548389864070269E+01
   0.544080697321916E-02
   0.705159864685919E+01
   0.589076807791335E-02
   0.922062187620612E+01
   0.641092549884796E-02
   0.121168329548161E+02
   0.691380747507989E-02
   0.160696677735064E+02
   0.737844122851786E-02
   0.187757873586665E+02
   0.779576901016501E-02
   0.205756166239179E+02
   0.815023155528635E-02
   0.217185016603947E+02
   0.840357091841701E-02
   0.224004606498364E+02
   0.854862809873401E-02
   0.227904654551454E+02
   0.867276920341201E-02
   0.230319462931699E+02
   0.880472175510394E-02
   0.232223609382356E+02
   0.894776684120589E-02
   0.233619808051594E+02
   0.909429493837032E-02
   0.233660690613391E+02
   0.918169909775485E-02
   0.231589753825873E+02
   0.915682476054180E-02
   0.226947486192475E+02
   0.905918808587610E-02
   0.219383930553337E+02
   0.890208344517783E-02
   0.208331079333119E+02
   0.866566068324317E-02
   0.192649296196358E+02
   0.832669949803224E-02
   0.170667245495089E+02
   0.787963254329164E-02
   0.140672090706833E+02
   0.735097156724597E-02
   0.101298527796352E+02
   0.676416470100978E-02
   0.758163574206264E+01
   0.621009908009275E-02
   0.600968693450077E+01
   0.577204140030146E-02
   0.515773471898739E+01
   0.546742696675232E-02
   0.743565965173393E+01
   0.690518449955243E-02
   0.706301892646977E+01
   0.671588456285831E-02
   0.657684633586123E+01
   0.651276510047336E-02
   0.591720005079038E+01
   0.615963947308588E-02
   0.519601098122072E+01
   0.582785952789497E-02
   0.477178218082105E+01
   0.575164311173006E-02
   0.464356063596998E+01
   0.581204998009357E-02
   0.482479299306469E+01
   0.597346739227582E-02
   0.531873075045505E+01
   0.618609288574095E-02
   0.618979812575992E+01
   0.644435927530354E-02
   0.757367082793042E+01
   0.665374976907454E-02
   0.793292109958846E+01
   0.646141232809455E-02
   0.950386645590275E+01
   0.701971770359571E-02
   0.116472053779842E+02
   0.767706619333954E-02
   0.143705460415208E+02
   0.814702397448405E-02
   0.180822810924628E+02
   0.861712746239007E-02
   0.203984567500466E+02
   0.912223844159397E-02
   0.217788351863392E+02
   0.965124687755751E-02
   0.224808627738961E+02
   0.995574640808016E-02
   0.227066704380478E+02
   0.982594916660780E-02
   0.226733120745893E+02
   0.986290198684024E-02
   0.226253457147978E+02
   0.100067950798255E-01
   0.228276292713166E+02
   0.102174055033996E-01
   0.232495189384007E+02
   0.106168164710927E-01
   0.235386078190810E+02
   0.109125639833452E-01
   0.235489210026796E+02
   0.107740268282031E-01
   0.232745934984688E+02
   0.106286158993273E-01
   0.227687038639620E+02
   0.105174160540676E-01
   0.220684121284473E+02
   0.103202107835970E-01
   0.210343648420809E+02
   0.994673953332376E-02
   0.193398637797328E+02
   0.937359214890536E-02
   0.166813471165769E+02
   0.879842906332477E-02
   0.127604757049423E+02
   0.807126494381248E-02
   0.103134314723007E+02
   0.748851909801244E-02
   0.887265485876317E+01
   0.720345347532676E-02
   0.799839673731773E+01
   0.710092218795021E-02
   0.102234401175172E+02
   0.900980833847763E-02
   0.966779786669447E+01
   0.868327572287333E-02
   0.910012044492755E+01
   0.834410105665923E-02
   0.850804728433621E+01
   0.800455087382837E-02
   0.793553508662564E+01
   0.762273109664542E-02
   0.755833281854803E+01
   0.744689959986484E-02
   0.741026599329790E+01
   0.748432113496067E-02
   0.747338406493006E+01
   0.760187265969815E-02
   0.773499445597838E+01
   0.771003748575941E-02
   0.821404748480097E+01
   0.770746533545297E-02
   0.896503342695036E+01
   0.775274002540725E-02
   0.100849749962274E+02
   0.751391491871032E-02
   0.128831309625098E+02
   0.831315570080305E-02
   0.153287145753654E+02
   0.868920204452991E-02
   0.177267038333808E+02
   0.894762019049987E-02
   0.200898540471510E+02
   0.932567295704092E-02
   0.217595053145096E+02
   0.979701736102705E-02
   0.226608994125575E+02
   0.102545290607274E-01
   0.229153895666152E+02
   0.105141582980673E-01
   0.226659152649357E+02
   0.105659111291915E-01
   0.221174043574897E+02
   0.106879425480136E-01
   0.215950743847994E+02
   0.107661817632785E-01
   0.218423973965576E+02
   0.109526336580026E-01
   0.228317135529417E+02
   0.117783171655941E-01
   0.234447666733756E+02
   0.120352422692409E-01
   0.235855165481497E+02
   0.117736809787680E-01
   0.233394973756111E+02
   0.118960698687976E-01
   0.228987282292643E+02
   0.116185858304970E-01
   0.225476307551533E+02
   0.113790285534219E-01
   0.221404193258969E+02
   0.111083000203328E-01
   0.210082073848750E+02
   0.106776829423731E-01
   0.187671716788930E+02
   0.101659237250963E-01
   0.151231703011619E+02
   0.963690437454017E-02
   0.129343253049568E+02
   0.932099711744011E-02
   0.116668580962474E+02
   0.924239180433867E-02
   0.108470446253926E+02
   0.916188500123508E-02
   0.127423674508412E+02
   0.111804555323231E-01
   0.121447333160738E+02
   0.106857205311524E-01
   0.115630188799851E+02
   0.101627361488898E-01
   0.110190564639423E+02
   0.974996406161214E-02
   0.105305387498117E+02
   0.938441443612297E-02
   0.101704632351198E+02
   0.914487350798533E-02
   0.996749165631083E+01
   0.905744372960504E-02
   0.991471818474787E+01
   0.904391891608016E-02
   0.100051047623894E+02
   0.901324602921834E-02
   0.102668413013171E+02
   0.892198452087300E-02
   0.107747342587467E+02
   0.868946351664862E-02
   0.118297796559248E+02
   0.853233493392306E-02
   0.145183895812743E+02
   0.924646608397805E-02
   0.170938326630628E+02
   0.941397786039051E-02
   0.193438447579256E+02
   0.955141975128025E-02
   0.213363818111215E+02
   0.992512076048917E-02
   0.226765618555047E+02
   0.104766450122605E-01
   0.232004202581264E+02
   0.109850871210485E-01
   0.230685535883592E+02
   0.111680073397797E-01
   0.223581854833161E+02
   0.111165101699123E-01
   0.212282049947419E+02
   0.113660812775113E-01
   0.198709078879570E+02
   0.112130741921160E-01
   0.201744243705648E+02
   0.116374825149628E-01
   0.223018980793480E+02
   0.127341733346184E-01
   0.232060692177294E+02
   0.124925149306150E-01
   0.233850591212436E+02
   0.126168899856738E-01
   0.230120582161958E+02
   0.127969126251041E-01
   0.224133944206703E+02
   0.124575904481342E-01
   0.223814476699581E+02
   0.120243042737085E-01
   0.228306929483483E+02
   0.118877967968600E-01
   0.222992421898321E+02
   0.115233588401761E-01
   0.204679351766127E+02
   0.111984670672113E-01
   0.171036346052478E+02
   0.110685345457015E-01
   0.151807483703665E+02
   0.109881367074425E-01
   0.140935942940867E+02
   0.112985209520661E-01
   0.133629143043188E+02
   0.114366471885987E-01
   0.148830644061830E+02
   0.129892296137248E-01
   0.142853234946435E+02
   0.122908578911375E-01
   0.137276469702107E+02
   0.116511936922217E-01
   0.132369492785200E+02
   0.112061916763730E-01
   0.128140769064009E+02
   0.108835443731574E-01
   0.124792699520794E+02
   0.106337996435141E-01
   0.122455119183186E+02
   0.104512314792584E-01
   0.121142024523879E+02
   0.103153859576130E-01
   0.120911156174614E+02
   0.101808286601774E-01
   0.122137933530503E+02
   0.100800497432472E-01
   0.125495429942688E+02
   0.994816323777613E-02
   0.133092631920741E+02
   0.965176613872244E-02
   0.150730544453829E+02
   0.976820875289188E-02
   0.179576647752580E+02
   0.101229564636703E-01
   0.201223793019146E+02
   0.101809324264511E-01
   0.220684649007714E+02
   0.106367293656869E-01
   0.232670972097168E+02
   0.113202589001067E-01
   0.234462492029558E+02
   0.118666584661174E-01
   0.229915458555054E+02
   0.117889130889000E-01
   0.218568390454702E+02
   0.119062493864442E-01
   0.201812053416230E+02
   0.120382775799161E-01
   0.193426414198242E+02
   0.120388827630933E-01
   0.197336457462396E+02
   0.123072074200953E-01
   0.219709283954682E+02
   0.131136027297335E-01
   0.228883885716158E+02
   0.130398061745235E-01
   0.230186275331473E+02
   0.133857556060821E-01
   0.223893668099093E+02
   0.133905527426581E-01
   0.213036334027360E+02
   0.129368140254011E-01
   0.215491821172900E+02
   0.123817242248461E-01
   0.233028748014155E+02
   0.123329905332048E-01
   0.233474149834962E+02
   0.121565604210594E-01
   0.218804674639797E+02
   0.120492543429423E-01
   0.187660494027858E+02
   0.124807354555742E-01
   0.170927517868883E+02
   0.128003087179162E-01
   0.161641757979156E+02
   0.134335829132349E-01
   0.154951284366655E+02
   0.134571809440455E-01
   0.166516869285521E+02
   0.142386840382688E-01
   0.160822908554508E+02
   0.134343155601279E-01
   0.155749409712856E+02
   0.128066456174660E-01
   0.151454558669052E+02
   0.124143339908830E-01
   0.147809322344792E+02
   0.121512235600800E-01
   0.144774859994032E+02
   0.119230914979815E-01
   0.142359830019447E+02
   0.116967640576093E-01
   0.140608293130332E+02
   0.114857916848700E-01
   0.139673875410322E+02
   0.113186964224653E-01
   0.139957070710190E+02
   0.112681249269100E-01
   0.141946978166950E+02
   0.112397979205388E-01
   0.146944071608011E+02
   0.108958024374247E-01
   0.158754811554097E+02
   0.104004813177801E-01
   0.183355248626614E+02
   0.104946677169381E-01
   0.203086899849017E+02
   0.108094284648208E-01
   0.224272953608892E+02
   0.112115773245421E-01
   0.236220722202012E+02
   0.123303653500118E-01
   0.233983612402806E+02
   0.129698544714844E-01
   0.227011560644998E+02
   0.127259157234263E-01
   0.211654388451344E+02
   0.128209491789471E-01
   0.200716617172269E+02
   0.131508082429113E-01
   0.195597149977949E+02
   0.133078612185701E-01
   0.198705132811774E+02
   0.130875931731531E-01
   0.216572803897217E+02
   0.134506443951927E-01
   0.224271921852687E+02
   0.136244199410702E-01
   0.225078092814118E+02
   0.137520750952380E-01
   0.215628914336886E+02
   0.138061148607320E-01
   0.210382678154992E+02
   0.134187893775337E-01
   0.215460608335895E+02
   0.128982231552986E-01
   0.237781975648963E+02
   0.123712636558353E-01
   0.242083762022233E+02
   0.125136854785986E-01
   0.230447343889728E+02
   0.127824360849173E-01
   0.201632353724904E+02
   0.138641340309151E-01
   0.187138226265404E+02
   0.147905230498042E-01
   0.178837329930188E+02
   0.152904723477001E-01
   0.172487667880435E+02
   0.149512697972959E-01
   0.181007972608354E+02
   0.151365681820142E-01
   0.175855795079746E+02
   0.144757970772119E-01
   0.171417792995210E+02
   0.140255305263635E-01
   0.167722053108705E+02
   0.137694565981928E-01
   0.164569442135891E+02
   0.135422626032600E-01
   0.161853049349347E+02
   0.133093629582459E-01
   0.159505256426096E+02
   0.130400033531521E-01
   0.157556103025273E+02
   0.127681370592886E-01
   0.156178682463243E+02
   0.125519100331247E-01
   0.155740836582744E+02
   0.124993762417533E-01
   0.156602548113536E+02
   0.125071750297402E-01
   0.159512958835005E+02
   0.120867949160510E-01
   0.166937374736704E+02
   0.113581304252739E-01
   0.182571849813383E+02
   0.109403736808696E-01
   0.199363816741422E+02
   0.115867090622736E-01
   0.225078332822939E+02
   0.118976889893725E-01
   0.238353603839198E+02
   0.133932270545339E-01
   0.230241616749299E+02
   0.144176332494530E-01
   0.222170325786541E+02
   0.140244662956959E-01
   0.212231446665204E+02
   0.138799164099085E-01
   0.204735783387432E+02
   0.147341762520473E-01
   0.201100351578662E+02
   0.147725738054416E-01
   0.202723257184010E+02
   0.141294836696772E-01
   0.211771238854373E+02
   0.137622329865863E-01
   0.217506108993212E+02
   0.139011339363053E-01
   0.218784860463464E+02
   0.142828727237924E-01
   0.214861197596882E+02
   0.144850704179109E-01
   0.212977981681571E+02
   0.144646130758504E-01
   0.218838825411153E+02
   0.136766851678995E-01
   0.241899490036726E+02
   0.123015200445953E-01
   0.248858534407145E+02
   0.128499299535847E-01
   0.239812036034772E+02
   0.135147442897091E-01
   0.213457752395288E+02
   0.154698450793644E-01
   0.200497133760004E+02
   0.164300212392915E-01
   0.192597779896387E+02
   0.162604715283140E-01
   0.186589928011622E+02
   0.158197661759555E-01
   0.192891963519941E+02
   0.162670467270993E-01
   0.188387394675743E+02
   0.158924102681551E-01
   0.184531123735064E+02
   0.156003388607027E-01
   0.181330538532634E+02
   0.154249636755899E-01
   0.178611100411778E+02
   0.152534841938446E-01
   0.176231788095801E+02
   0.150790843775437E-01
   0.174063357570331E+02
   0.148714845629463E-01
   0.172076049298855E+02
   0.146508294673654E-01
   0.170395696322623E+02
   0.144432948064737E-01
   0.169286229902707E+02
   0.142299103810921E-01
   0.169106422115230E+02
   0.139421632550337E-01
   0.170502921371948E+02
   0.132783261840764E-01
   0.175194324975136E+02
   0.125207249982754E-01
   0.186361882974070E+02
   0.119475286627770E-01
   0.199619495093719E+02
   0.119407953251914E-01
   0.223931986209529E+02
   0.119959402265091E-01
   0.240305687793508E+02
   0.140317612083464E-01
   0.232148975484931E+02
   0.158667506380666E-01
   0.223815996598056E+02
   0.153295071175363E-01
   0.217159454040580E+02
   0.148579991624945E-01
   0.210572983627119E+02
   0.158842106701363E-01
   0.207457254617480E+02
   0.157945047762131E-01
   0.208182625628313E+02
   0.151439244024142E-01
   0.213205713189245E+02
   0.148868116398544E-01
   0.217994506842316E+02
   0.148282776754985E-01
   0.219683424155631E+02
   0.152856860025030E-01
   0.218283643141838E+02
   0.155033092983881E-01
   0.217818376030129E+02
   0.154916543111203E-01
   0.223070011801220E+02
   0.144035296119336E-01
   0.244551185987193E+02
   0.125055929883791E-01
   0.253769892354737E+02
   0.133926504787158E-01
   0.247008944976553E+02
   0.143503025246808E-01
   0.223016464716171E+02
   0.169993185338160E-01
   0.210986705016448E+02
   0.173481397248299E-01
   0.203402609370508E+02
   0.168346868788744E-01
   0.197883770926360E+02
   0.166430441049684E-01
   0.202613499017120E+02
   0.174913687328537E-01
   0.198693213794049E+02
   0.172498356219811E-01
   0.195319951281474E+02
   0.170330244460855E-01
   0.192525458704953E+02
   0.168903565947062E-01
   0.190184209633249E+02
   0.167867000376613E-01
   0.188122541235252E+02
   0.166942500929530E-01
   0.186149579284593E+02
   0.165698391924051E-01
   0.184144415587449E+02
   0.163889732609197E-01
   0.182184735229461E+02
   0.161790184402672E-01
   0.180496396346385E+02
   0.158784270083287E-01
   0.179472876328096E+02
   0.154559946088516E-01
   0.179773769007645E+02
   0.147636598358579E-01
   0.182837599235564E+02
   0.136244003822003E-01
   0.192273316086206E+02
   0.130683811275051E-01
   0.201752460252857E+02
   0.129602255366110E-01
   0.220043768423132E+02
   0.124359499040717E-01
   0.242169161477402E+02
   0.144598687710962E-01
   0.236923983545194E+02
   0.168338738063578E-01
   0.228102892056206E+02
   0.170475661366572E-01
   0.224522680849598E+02
   0.156521049113980E-01
   0.216443281170789E+02
   0.169970584081659E-01
   0.213503531578522E+02
   0.167891516706729E-01
   0.213624431391888E+02
   0.164149751989074E-01
   0.216825163939017E+02
   0.160871065525415E-01
   0.221661176545566E+02
   0.160596617464937E-01
   0.223605921528128E+02
   0.165849404020693E-01
   0.223419597043294E+02
   0.166858665940970E-01
   0.223218655298367E+02
   0.164892034656216E-01
   0.226973959436051E+02
   0.152850737679445E-01
   0.244975864661826E+02
   0.133736418928450E-01
   0.256860506928183E+02
   0.142363149901119E-01
   0.252160639070064E+02
   0.153202868653943E-01
   0.230544473690903E+02
   0.184076530422256E-01
   0.219278302894364E+02
   0.184770561512536E-01
   0.212050013246720E+02
   0.177934832857167E-01
   0.206996735823084E+02
   0.176980775002980E-01
   0.210564687092030E+02
   0.186981544461036E-01
   0.207083049136798E+02
   0.184872544439265E-01
   0.204081828713001E+02
   0.183078452045950E-01
   0.201609260468870E+02
   0.181971763135593E-01
   0.199582543373192E+02
   0.181794660254495E-01
   0.197791572484478E+02
   0.181751468043861E-01
   0.195991316739445E+02
   0.181349159287488E-01
   0.193965034048892E+02
   0.179780352910506E-01
   0.191742226114059E+02
   0.177153731045926E-01
   0.189560009585951E+02
   0.172884181240078E-01
   0.187876181299306E+02
   0.167123072895886E-01
   0.187398031017678E+02
   0.159235473919765E-01
   0.189587502460262E+02
   0.148343520088268E-01
   0.199489451114318E+02
   0.141756552417922E-01
   0.205060532641317E+02
   0.148152728848371E-01
   0.219688655927734E+02
   0.134098859550178E-01
   0.244196964881929E+02
   0.146877930989809E-01
   0.244404197994507E+02
   0.169560888262047E-01
   0.232830547210000E+02
   0.185539956429675E-01
   0.226950629668852E+02
   0.173517831691989E-01
   0.221459645251291E+02
   0.181587282533915E-01
   0.219107881966924E+02
   0.180062403558269E-01
   0.218970874763238E+02
   0.175863096810757E-01
   0.221410429266972E+02
   0.170209376646544E-01
   0.227355177714083E+02
   0.166938806336692E-01
   0.229166062508604E+02
   0.178083855426435E-01
   0.229564076678712E+02
   0.177459272168801E-01
   0.229070093459053E+02
   0.175658045381084E-01
   0.230939071385247E+02
   0.164961501930489E-01
   0.242471822156642E+02
   0.153649027778882E-01
   0.258439158743842E+02
   0.154273326341943E-01
   0.255511189558950E+02
   0.165134522547286E-01
   0.236278492011610E+02
   0.198123550071860E-01
   0.225833112698079E+02
   0.196269729205260E-01
   0.219079424583495E+02
   0.189215799967476E-01
   0.214465340735788E+02
   0.188592574474240E-01
   0.216852575144262E+02
   0.197537187056686E-01
   0.213682661437400E+02
   0.195397804621063E-01
   0.210956088592312E+02
   0.193860883359456E-01
   0.208722377346509E+02
   0.193242642513678E-01
   0.206917446734539E+02
   0.193819367158874E-01
   0.205314314097567E+02
   0.194551086713417E-01
   0.203627045641649E+02
   0.194833234252039E-01
   0.201557735373816E+02
   0.193312614667995E-01
   0.199102357993822E+02
   0.189805936960973E-01
   0.196559381068194E+02
   0.184154479691801E-01
   0.194458346244851E+02
   0.176880348642189E-01
   0.193558901944594E+02
   0.168817014007773E-01
   0.195121472286471E+02
   0.161976796456849E-01
   0.201773191266630E+02
   0.157913345194520E-01
   0.208275062336633E+02
   0.165298478813284E-01
   0.221122418865679E+02
   0.150021354117087E-01
   0.245826170261141E+02
   0.153837516025463E-01
   0.248736078802467E+02
   0.169312886212422E-01
   0.237159924388382E+02
   0.191461883288321E-01
   0.230244278040063E+02
   0.186967066029380E-01
   0.225844601273264E+02
   0.188680238674310E-01
   0.224130774825210E+02
   0.191037907602281E-01
   0.224026306028072E+02
   0.186947201670774E-01
   0.226230358869224E+02
   0.179612324272025E-01
   0.234907387166044E+02
   0.166722463710986E-01
   0.235545893015916E+02
   0.181010250863140E-01
   0.236504893170250E+02
   0.182412430107371E-01
   0.235332845856975E+02
   0.187408145508288E-01
   0.235303460250057E+02
   0.179816019731297E-01
   0.242722558480038E+02
   0.169678450404075E-01
   0.258972708994191E+02
   0.164151773881727E-01
   0.257201055713220E+02
   0.177371804796174E-01
   0.240303870991494E+02
   0.210799294466749E-01
   0.230818086313246E+02
   0.206524165283670E-01
   0.224625782421849E+02
   0.199813510467569E-01
   0.220394896957600E+02
   0.199104655588029E-01
   0.221559956332273E+02
   0.206994312619853E-01
   0.218606789551282E+02
   0.204824350978874E-01
   0.216063631560244E+02
   0.203387482709731E-01
   0.213967212366818E+02
   0.202952314826184E-01
   0.212261253811782E+02
   0.203489731838518E-01
   0.210735569999145E+02
   0.204346917179424E-01
   0.209087430326941E+02
   0.204781994512391E-01
   0.206963911902801E+02
   0.203014052220324E-01
   0.204345608829683E+02
   0.198713966245854E-01
   0.201620879688527E+02
   0.192392362666121E-01
   0.199382214499807E+02
   0.185111310098922E-01
   0.198385288168643E+02
   0.179271492959637E-01
   0.199566480782047E+02
   0.175814465814213E-01
   0.204366120077629E+02
   0.168636820409864E-01
   0.211043852392713E+02
   0.173953918183801E-01
   0.223174527875859E+02
   0.169441472883184E-01
   0.246853203962506E+02
   0.168725141240453E-01
   0.251120981991108E+02
   0.172766571501607E-01
   0.241249847048129E+02
   0.188818069670290E-01
   0.233514662960520E+02
   0.199493242662867E-01
   0.229671690170602E+02
   0.198817041359981E-01
   0.228453713107889E+02
   0.201664190791780E-01
   0.228519613733294E+02
   0.198234119226532E-01
   0.230554855948081E+02
   0.191270061041671E-01
   0.238888462688844E+02
   0.173903848408176E-01
   0.242557743911104E+02
   0.182885199372175E-01
   0.244513856053123E+02
   0.180954970245371E-01
   0.241867184707455E+02
   0.194819674847549E-01
   0.239767799987764E+02
   0.195859935628481E-01
   0.244209638635985E+02
   0.184534681049256E-01
   0.258549393317192E+02
   0.171202998279803E-01
   0.257275061157913E+02
   0.187208593301591E-01
   0.242668985041649E+02
   0.216442612558230E-01
   0.234338293902673E+02
   0.213921411654385E-01
   0.228771385024622E+02
   0.209683966013070E-01
   0.224848646333823E+02
   0.208662893747575E-01
   0.224744697319292E+02
   0.215232331024157E-01
   0.221933267125894E+02
   0.213141722753828E-01
   0.219490632844208E+02
   0.211656420173164E-01
   0.217432390947171E+02
   0.210681183274538E-01
   0.215716203672411E+02
   0.210187983307414E-01
   0.214171254758042E+02
   0.210382244944933E-01
   0.212506528554616E+02
   0.210717465100655E-01
   0.210338649264578E+02
   0.209038166909877E-01
   0.207650520871539E+02
   0.204660180456868E-01
   0.204925098863827E+02
   0.199148075061240E-01
   0.202779558830112E+02
   0.193823737739337E-01
   0.201880191812496E+02
   0.190194756465613E-01
   0.202825610956821E+02
   0.186180030863737E-01
   0.206621016776878E+02
   0.179027204724245E-01
   0.213260596488912E+02
   0.183205071937155E-01
   0.224995592785348E+02
   0.188758790350810E-01
   0.247061448096403E+02
   0.178895924907108E-01
   0.251987906620826E+02
   0.173674341239321E-01
   0.245924332330601E+02
   0.180688706969394E-01
   0.236136782386846E+02
   0.205158640272654E-01
   0.232767330067500E+02
   0.209555833482050E-01
   0.231935795352725E+02
   0.211066923389570E-01
   0.232233783011987E+02
   0.208397852209163E-01
   0.234099822949156E+02
   0.205656270698005E-01
   0.239495170198331E+02
   0.188557518351563E-01
   0.245406285612946E+02
   0.188771854776835E-01
   0.248816625368757E+02
   0.185269559926859E-01
   0.248780120052889E+02
   0.193999144147933E-01
   0.243941910108686E+02
   0.211967319711607E-01
   0.245952628132366E+02
   0.200943644508779E-01
   0.257194603672291E+02
   0.180352223475286E-01
   0.255514126319885E+02
   0.198414849342054E-01
   0.243652397659819E+02
   0.221662162526259E-01
   0.236557953908499E+02
   0.221334070364674E-01
   0.231569988402052E+02
   0.218839229096849E-01
   0.227868631573343E+02
   0.217133891371986E-01
   0.226454476042334E+02
   0.221032709587542E-01
   0.223727038976530E+02
   0.219230976518846E-01
   0.221327012251588E+02
   0.217735681929487E-01
   0.219257056614406E+02
   0.216034035087085E-01
   0.217480038675313E+02
   0.214441911088222E-01
   0.215872091006080E+02
   0.214272393487946E-01
   0.214146048353033E+02
   0.214740589240718E-01
   0.211921941033103E+02
   0.213085742325380E-01
   0.209231515835049E+02
   0.208808525752425E-01
   0.206613473566864E+02
   0.204283461352810E-01
   0.204672547737231E+02
   0.200831291120389E-01
   0.203961599247481E+02
   0.198055655921367E-01
   0.204833306950171E+02
   0.192225004040501E-01
   0.208140193508703E+02
   0.185606603305550E-01
   0.214736808758033E+02
   0.191479204842374E-01
   0.226003114395290E+02
   0.200893820268554E-01
   0.246184580789204E+02
   0.179804112799086E-01
   0.251489557983208E+02
   0.173312005079650E-01
   0.247647593680470E+02
   0.177049587644388E-01
   0.237744627111318E+02
   0.207232106704887E-01
   0.234929470470068E+02
   0.216510353062520E-01
   0.234475153475301E+02
   0.218407666924108E-01
   0.235058487500145E+02
   0.216714563778569E-01
   0.236708183164474E+02
   0.215329639892819E-01
   0.240298711929269E+02
   0.197667675339623E-01
   0.244879087414956E+02
   0.196049513669988E-01
   0.250083902702427E+02
   0.191501909048629E-01
   0.252298500738642E+02
   0.195304041880745E-01
   0.247350633741779E+02
   0.224133529041121E-01
   0.247346852530590E+02
   0.218273407366124E-01
   0.254768193985483E+02
   0.193408547647157E-01
   0.251517893090034E+02
   0.214505828512323E-01
   0.243510604333373E+02
   0.226813135745007E-01
   0.237560861614253E+02
   0.227537737251188E-01
   0.233024003864603E+02
   0.225362338654193E-01
   0.229480971935375E+02
   0.223024734715807E-01
   0.226796556170164E+02
   0.220387275382147E-01
   0.224107176272809E+02
   0.218626695460873E-01
   0.221710095675512E+02
   0.216961814367481E-01
   0.219609713980147E+02
   0.215111575598180E-01
   0.217759880268428E+02
   0.213617232349372E-01
   0.216039860394576E+02
   0.213273561839703E-01
   0.214191811057879E+02
   0.213241517041645E-01
   0.211901897191574E+02
   0.211352128128205E-01
   0.209261809558201E+02
   0.207633740904599E-01
   0.206804606143071E+02
   0.204050739257446E-01
   0.205085526148343E+02
   0.201365913078613E-01
   0.204613588471184E+02
   0.199060498078483E-01
   0.205625826369935E+02
   0.193486840004137E-01
   0.208731097043338E+02
   0.187110592396589E-01
   0.215284941728139E+02
   0.195121784584026E-01
   0.225876911072355E+02
   0.203591538838598E-01
   0.244285778728683E+02
   0.176013410015071E-01
   0.249840112158235E+02
   0.172118351989975E-01
   0.247479739305326E+02
   0.175582366488602E-01
   0.238311280880748E+02
   0.207187710895065E-01
   0.236104634442483E+02
   0.221104187843685E-01
   0.236049988002234E+02
   0.225401892470126E-01
   0.236913084840666E+02
   0.223335423298060E-01
   0.238366121167529E+02
   0.220140100317832E-01
   0.240911783207847E+02
   0.206333194509907E-01
   0.244495918101508E+02
   0.202406045439032E-01
   0.248653021690093E+02
   0.203030418917989E-01
   0.253422842460128E+02
   0.199452922161528E-01
   0.249933176527468E+02
   0.226285961503819E-01
   0.247902080049617E+02
   0.229098766834195E-01
   0.250754124147861E+02
   0.209931691201940E-01
   0.248372162455068E+02
   0.222674247845262E-01
   0.242492258519803E+02
   0.228396845980332E-01
   0.237402713878574E+02
   0.228732111106586E-01
   0.233197845676288E+02
   0.225250512581691E-01
   0.229770843300835E+02
   0.222391905633960E-01
   0.226059449161028E+02
   0.210126104568508E-01
   0.223360541303831E+02
   0.207397447286210E-01
   0.220898279455212E+02
   0.204595954193401E-01
   0.218689293861377E+02
   0.201968276852481E-01
   0.216710198592375E+02
   0.200335490298293E-01
   0.214850073996597E+02
   0.199986821369501E-01
   0.212884654236569E+02
   0.200136652986371E-01
   0.210570997061571E+02
   0.199081635479835E-01
   0.208045127172179E+02
   0.197181893708006E-01
   0.205807687158757E+02
   0.195800672476297E-01
   0.204337184127989E+02
   0.194769410336315E-01
   0.204088063357578E+02
   0.193792318700497E-01
   0.205332557778878E+02
   0.191089714833709E-01
   0.208347558780912E+02
   0.184959315703535E-01
   0.214853848766454E+02
   0.195796455532184E-01
   0.224548317906091E+02
   0.201038867589605E-01
   0.241459627909209E+02
   0.173863042181735E-01
   0.247138833485618E+02
   0.172011821341303E-01
   0.245861771709864E+02
   0.174283563372158E-01
   0.237894252906070E+02
   0.212479694639460E-01
   0.236157291289582E+02
   0.223903800581874E-01
   0.236432597025577E+02
   0.228795792164198E-01
   0.237695838044845E+02
   0.228181249845116E-01
   0.239039068342623E+02
   0.223116067550050E-01
   0.241031284162789E+02
   0.213616125700721E-01
   0.244043678198133E+02
   0.213595625824045E-01
   0.247378251357482E+02
   0.213155793549065E-01
   0.252506827732993E+02
   0.206221171379111E-01
   0.252122534868099E+02
   0.216430603364385E-01
   0.247401574331809E+02
   0.230021782450306E-01
   0.247656416254530E+02
   0.217176934305638E-01
   0.245397550589826E+02
   0.222730743024570E-01
   0.240695107586452E+02
   0.223560953464797E-01
   0.236237973843743E+02
   0.221201405331470E-01
   0.232337053501005E+02
   0.216567008086537E-01
   0.229009684104735E+02
   0.212957778954557E-01
   0.224493313360444E+02
   0.196434076328235E-01
   0.221764690402800E+02
   0.193134750806582E-01
   0.219244812934419E+02
   0.190082015441481E-01
   0.216958669471430E+02
   0.187681029189677E-01
   0.214873793405771E+02
   0.186113556042479E-01
   0.212873727175052E+02
   0.185212731407464E-01
   0.210778006910965E+02
   0.184580250965986E-01
   0.208441082129121E+02
   0.183551496211012E-01
   0.206046061472271E+02
   0.182838101712748E-01
   0.204015983261932E+02
   0.182945565832358E-01
   0.202756035870622E+02
   0.183686782670091E-01
   0.202688962099107E+02
   0.185313507924289E-01
   0.204104864767660E+02
   0.186744980612222E-01
   0.207045850984444E+02
   0.182157238545435E-01
   0.213423783612016E+02
   0.196691581339068E-01
   0.222065001209152E+02
   0.197516114715589E-01
   0.237568627247131E+02
   0.173747663211228E-01
   0.243246324274978E+02
   0.173078482439437E-01
   0.242863497783690E+02
   0.173419356089984E-01
   0.236269187868516E+02
   0.214669236773416E-01
   0.234888061310954E+02
   0.220885400652414E-01
   0.235392011546730E+02
   0.223808253445239E-01
   0.237249350696667E+02
   0.227169800178135E-01
   0.238632087225301E+02
   0.224354486919155E-01
   0.240357894954631E+02
   0.218364992484605E-01
   0.242984334422692E+02
   0.221374597877257E-01
   0.245654704794419E+02
   0.221020500668652E-01
   0.249095599919706E+02
   0.218806059214179E-01
   0.251221127939536E+02
   0.212755604867933E-01
   0.245723709315245E+02
   0.225523991347769E-01
   0.244640200494933E+02
   0.218708799763564E-01
   0.242273077993906E+02
   0.217907842405666E-01
   0.238234062545008E+02
   0.213218098742955E-01
   0.234293371482862E+02
   0.208975165872173E-01
   0.230671259240395E+02
   0.204001665007942E-01
   0.227436191609991E+02
   0.199944209111397E-01
   0.222560136496570E+02
   0.188962193848806E-01
   0.219830767738835E+02
   0.185466714736814E-01
   0.217288325050935E+02
   0.182371728066794E-01
   0.214957515100038E+02
   0.180123278950234E-01
   0.212789969802662E+02
   0.178521374775317E-01
   0.210662829902208E+02
   0.177317550020597E-01
   0.208432996837545E+02
   0.176208424419109E-01
   0.206032701733240E+02
   0.174842914255087E-01
   0.203674393433206E+02
   0.173914024944367E-01
   0.201727345133300E+02
   0.173859137990992E-01
   0.200547333731184E+02
   0.174941599366853E-01
   0.200534398441254E+02
   0.177832957572291E-01
   0.202028380351663E+02
   0.183062301306116E-01
   0.205096906582051E+02
   0.187355927573072E-01
   0.210916451551118E+02
   0.198355753923677E-01
   0.218439041593181E+02
   0.191078650969738E-01
   0.232429296359827E+02
   0.173619292531729E-01
   0.237983806108668E+02
   0.173935473476336E-01
   0.238479535274642E+02
   0.174950189564758E-01
   0.233400597101628E+02
   0.219100290491515E-01
   0.232326322677877E+02
   0.218493966644692E-01
   0.232971309829763E+02
   0.214148762350863E-01
   0.235617984417090E+02
   0.221267241995389E-01
   0.237087507659711E+02
   0.224463682390111E-01
   0.238685796550031E+02
   0.219943323927304E-01
   0.241018977321956E+02
   0.225170554266663E-01
   0.243198340935264E+02
   0.228211251822705E-01
   0.245609608899398E+02
   0.231497971615703E-01
   0.247856830493638E+02
   0.214742040763353E-01
   0.242897963659139E+02
   0.222546648091347E-01
   0.241335949978854E+02
   0.218361394424432E-01
   0.238901231521511E+02
   0.212823762938563E-01
   0.235360201156269E+02
   0.205862849079333E-01
   0.231906327864844E+02
   0.201409279496918E-01
   0.228582732464180E+02
   0.196811982496083E-01
   0.225468751765974E+02
   0.192688976193764E-01
   0.220527525667126E+02
   0.193809529143327E-01
   0.217862418002537E+02
   0.189705838993855E-01
   0.215356862428560E+02
   0.186099003382981E-01
   0.213019811474587E+02
   0.183294390474409E-01
   0.210799605678501E+02
   0.181235451702930E-01
   0.208572046739339E+02
   0.179701927858635E-01
   0.206222680516028E+02
   0.178544438006940E-01
   0.203734420036255E+02
   0.177375935118308E-01
   0.201328925206388E+02
   0.176696142213864E-01
   0.199340293792798E+02
   0.176897034256139E-01
   0.198081057451368E+02
   0.178098168974348E-01
   0.197921900419139E+02
   0.180971762616541E-01
   0.199239228865373E+02
   0.186774249372597E-01
   0.202162237242593E+02
   0.194189205062426E-01
   0.207304511920720E+02
   0.201592243263579E-01
   0.213786763873333E+02
   0.187905906745279E-01
   0.225892920573294E+02
   0.173018119120986E-01
   0.231190941135324E+02
   0.172679114713018E-01
   0.232608569877419E+02
   0.180364936618839E-01
   0.229061579577319E+02
   0.221284927884357E-01
   0.228453762424614E+02
   0.217451365703463E-01
   0.229421901575157E+02
   0.208883970160847E-01
   0.232972689359292E+02
   0.210838782414144E-01
   0.234514329741907E+02
   0.228059554110301E-01
   0.236161726550409E+02
   0.227534652356147E-01
   0.238148907623449E+02
   0.231796713015411E-01
   0.239788555834697E+02
   0.233855502943079E-01
   0.241224557883018E+02
   0.234975837175079E-01
   0.241986931957130E+02
   0.226584252946167E-01
   0.239146262020421E+02
   0.229633149806942E-01
   0.237588979615260E+02
   0.226224891687787E-01
   0.235280317272378E+02
   0.219250562512775E-01
   0.232253218284146E+02
   0.212334041622495E-01
   0.229294284305867E+02
   0.207876985804340E-01
   0.226293611277431E+02
   0.203072386824898E-01
   0.223345765505886E+02
   0.198237222673095E-01
   0.218366325458039E+02
   0.211201961177985E-01
   0.215862566219648E+02
   0.206595434828321E-01
   0.213476258113705E+02
   0.202104741630084E-01
   0.211199832118086E+02
   0.198130434524479E-01
   0.208984076807406E+02
   0.195042109184154E-01
   0.206701303071671E+02
   0.192726445073954E-01
   0.204251616840726E+02
   0.191111657931994E-01
   0.201651046205261E+02
   0.189580776985822E-01
   0.199121591017213E+02
   0.188293334986117E-01
   0.196970818966756E+02
   0.187587870012922E-01
   0.195469762783377E+02
   0.187124225240335E-01
   0.194943444197084E+02
   0.187206467284259E-01
   0.195750469861576E+02
   0.188990298258785E-01
   0.198026397321143E+02
   0.192614595696882E-01
   0.202550572365680E+02
   0.203784884555046E-01
   0.208315443702601E+02
   0.197409129342516E-01
   0.217810370574316E+02
   0.170690846633320E-01
   0.222775313777904E+02
   0.175601203888278E-01
   0.224988996863350E+02
   0.190550124089285E-01
   0.223158606369417E+02
   0.221245801704471E-01
   0.223195785529743E+02
   0.213777835627386E-01
   0.224678510968785E+02
   0.202556345391761E-01
   0.229723084728842E+02
   0.197322568162759E-01
   0.230625036581697E+02
   0.227560111829032E-01
   0.232376147876421E+02
   0.232960320780258E-01
   0.234011008838270E+02
   0.234787024972845E-01
   0.235149367640674E+02
   0.234933246518434E-01
   0.235782084232276E+02
   0.232360785622031E-01
   0.235872719854541E+02
   0.230425393497350E-01
   0.234237877224938E+02
   0.235825540015451E-01
   0.232999668806574E+02
   0.236735119435399E-01
   0.231067796727351E+02
   0.232639014845244E-01
   0.228663204486583E+02
   0.228568850386968E-01
   0.226249176150889E+02
   0.225155752527599E-01
   0.223650276352180E+02
   0.220809020492395E-01
   0.220986530030581E+02
   0.216012822431127E-01
   0.215150422326846E+02
   0.229397173905571E-01
   0.212925879583752E+02
   0.226334666844873E-01
   0.210778360669277E+02
   0.222292247364978E-01
   0.208675253713480E+02
   0.217507026037224E-01
   0.206558653980270E+02
   0.212970050574574E-01
   0.204287649468439E+02
   0.208752622867905E-01
   0.201762986833631E+02
   0.204866022951882E-01
   0.199039854975569E+02
   0.201146428433525E-01
   0.196351341479313E+02
   0.197799613550174E-01
   0.193992807198917E+02
   0.195159988966987E-01
   0.192213931289090E+02
   0.192737001859168E-01
   0.191282465951939E+02
   0.190367194374317E-01
   0.191441185044272E+02
   0.187989108393316E-01
   0.192813961420742E+02
   0.185689143913143E-01
   0.196425052168804E+02
   0.192218178227023E-01
   0.201766295905786E+02
   0.204540586663614E-01
   0.208055359851565E+02
   0.177411365995585E-01
   0.212476159421803E+02
   0.182310687569492E-01
   0.215118645579205E+02
   0.197083443801203E-01
   0.215668313236064E+02
   0.216320531902967E-01
   0.216588356524997E+02
   0.208493123812102E-01
   0.218847939846641E+02
   0.190176390909916E-01
   0.224226084441595E+02
   0.197659523361837E-01
   0.225346644496467E+02
   0.224567220311073E-01
   0.227153537653728E+02
   0.234050067755779E-01
   0.228472750201965E+02
   0.232425728128100E-01
   0.229240300596244E+02
   0.231594589155736E-01
   0.229296292823815E+02
   0.228128189726604E-01
   0.228942232820971E+02
   0.227090479640219E-01
   0.227899405084539E+02
   0.232748831299733E-01
   0.226996052844671E+02
   0.237002376976746E-01
   0.225538225559809E+02
   0.237247245274891E-01
   0.223744117051226E+02
   0.237400031780331E-01
   0.221889576640095E+02
   0.237325453148379E-01
   0.219747127343215E+02
   0.235137550834370E-01
   0.217462161583662E+02
   0.232418974348166E-01
   0.209880356768436E+02
   0.229652526517319E-01
   0.207976639135968E+02
   0.229102749188234E-01
   0.206163320796548E+02
   0.227883043082193E-01
   0.204377394497457E+02
   0.225074783130113E-01
   0.202519914677437E+02
   0.221258711708693E-01
   0.200411489862058E+02
   0.216310250321017E-01
   0.197924363431451E+02
   0.210187627588421E-01
   0.195146719627379E+02
   0.204120851473884E-01
   0.192332262675726E+02
   0.199001683606100E-01
   0.189777547844860E+02
   0.195068522337927E-01
   0.187738314040103E+02
   0.191916917278143E-01
   0.186452219977097E+02
   0.189319758487151E-01
   0.186094813259556E+02
   0.186426534253922E-01
   0.186810204483361E+02
   0.182110269278603E-01
   0.189358118461245E+02
   0.178542435984960E-01
   0.193857033561042E+02
   0.186168535847675E-01
   0.198976285274642E+02
   0.185434405638951E-01
   0.202650158760258E+02
   0.186898557106891E-01
   0.204943284653034E+02
   0.188628450207842E-01
   0.206616135495781E+02
   0.203512224388718E-01
   0.208578911939108E+02
   0.203555474017313E-01
   0.212218539688284E+02
   0.172564338340183E-01
   0.216366182262253E+02
   0.204838719437071E-01
   0.218649390941403E+02
   0.223033092058081E-01
   0.220435410756351E+02
   0.227065668079162E-01
   0.221552640316622E+02
   0.225717094585657E-01
   0.222029029803860E+02
   0.224528812302362E-01
   0.221718659987098E+02
   0.220697565712982E-01
   0.220995892447176E+02
   0.217975583365094E-01
   0.220087428029462E+02
   0.220612117520536E-01
   0.219355889724421E+02
   0.224942958993259E-01
   0.218268756375080E+02
   0.227232661238411E-01
   0.216958577405368E+02
   0.229786508402949E-01
   0.215540314719597E+02
   0.232068729608605E-01
   0.213791941327209E+02
   0.231667976671577E-01
   0.211869413488795E+02
   0.230725376847707E-01
   0.202402792608046E+02
   0.215656692001193E-01
   0.200732010155487E+02
   0.215749272181834E-01
   0.199190568267402E+02
   0.216484569468860E-01
   0.197733713841931E+02
   0.217018500306570E-01
   0.196219401288203E+02
   0.216389280346834E-01
   0.194422594377758E+02
   0.213776361053761E-01
   0.192166053245384E+02
   0.208558068772523E-01
   0.189503703448901E+02
   0.202086710863716E-01
   0.186679712460630E+02
   0.195936622794861E-01
   0.183998881471756E+02
   0.190883253148627E-01
   0.181750193212762E+02
   0.187060251481436E-01
   0.180172256730225E+02
   0.184252933585584E-01
   0.179445777288308E+02
   0.181814280694398E-01
   0.179773656786699E+02
   0.179135950715676E-01
   0.181756249036026E+02
   0.177745943710836E-01
   0.185565091480491E+02
   0.183558693612994E-01
   0.189598375948740E+02
   0.183477338883074E-01
   0.192354581719456E+02
   0.182325499781973E-01
   0.194091181896715E+02
   0.182233040019137E-01
   0.196130233051020E+02
   0.189893476813742E-01
   0.198961847743076E+02
   0.194132519771340E-01
   0.203402678342839E+02
   0.166252828915829E-01
   0.207648129961504E+02
   0.199599232139948E-01
   0.210494267197289E+02
   0.210888519564571E-01
   0.212238596179941E+02
   0.213984075006749E-01
   0.213231901348432E+02
   0.215272368141761E-01
   0.213501191376291E+02
   0.214729383737243E-01
   0.212969992360720E+02
   0.211209989739796E-01
   0.212023319592409E+02
   0.207671917334147E-01
   0.211107472038665E+02
   0.208174731381400E-01
   0.210387696015220E+02
   0.210828432627686E-01
   0.209462214516188E+02
   0.212565667925319E-01
   0.208421438059523E+02
   0.214803385216954E-01
   0.207269784624568E+02
   0.216921104984038E-01
   0.205797563593424E+02
   0.217017541659294E-01
   0.204147073157050E+02
   0.216440174347558E-01
   0.192987254631434E+02
   0.199354427294267E-01
   0.191462864256268E+02
   0.198836353460765E-01
   0.190076557566721E+02
   0.199384282893499E-01
   0.188830571616431E+02
   0.201023132487050E-01
   0.187583289285229E+02
   0.202616134895816E-01
   0.186100173005206E+02
   0.203041380559807E-01
   0.184176681917608E+02
   0.201085785593543E-01
   0.181794612132019E+02
   0.196709197462434E-01
   0.179126157750967E+02
   0.190990771801083E-01
   0.176443056859033E+02
   0.185046397027104E-01
   0.174070799588441E+02
   0.180160166380070E-01
   0.172273722543103E+02
   0.176490642246415E-01
   0.171275246012925E+02
   0.173505920310562E-01
   0.171347481233915E+02
   0.170792808093684E-01
   0.172968944983117E+02
   0.170140433762142E-01
   0.176129382718712E+02
   0.174656932303939E-01
   0.179235432131003E+02
   0.175144514339319E-01
   0.181125569681400E+02
   0.172780503916064E-01
   0.182168592400721E+02
   0.170083801483592E-01
   0.184233313099816E+02
   0.174814220865912E-01
   0.187766699337842E+02
   0.180281511256243E-01
   0.192490799538185E+02
   0.172707087713580E-01
   0.197929327004377E+02
   0.190330709971948E-01
   0.201011227648747E+02
   0.196626146513592E-01
   0.202656084118718E+02
   0.199436342705391E-01
   0.203480803210735E+02
   0.201758956473151E-01
   0.203590243348962E+02
   0.202213276099881E-01
   0.202952244917149E+02
   0.199974146329340E-01
   0.201910376480975E+02
   0.196867010995274E-01
   0.200932147761814E+02
   0.196195602150235E-01
   0.200139936558593E+02
   0.197463742604919E-01
   0.199248484470408E+02
   0.198398927191225E-01
   0.198310123547253E+02
   0.199743843187832E-01
   0.197271412033110E+02
   0.200726706203751E-01
   0.195990767369821E+02
   0.200762826318708E-01
   0.194546256216308E+02
   0.200276197620535E-01
   0.181738715951554E+02
   0.183218999169751E-01
   0.180313949930811E+02
   0.182200866265359E-01
   0.179005683977607E+02
   0.181921993946625E-01
   0.177859673887540E+02
   0.182864889983700E-01
   0.176757246312302E+02
   0.184343694996383E-01
   0.175486355347945E+02
   0.185604992367967E-01
   0.173860883108021E+02
   0.186025750702187E-01
   0.171814868161115E+02
   0.184662637232553E-01
   0.169428553128644E+02
   0.181291756409019E-01
   0.166899637745629E+02
   0.176365731605622E-01
   0.164536201693114E+02
   0.171240032309299E-01
   0.162620621729883E+02
   0.166806740890302E-01
   0.161441956815489E+02
   0.163311111280208E-01
   0.161349689012976E+02
   0.160921928890528E-01
   0.162708571916789E+02
   0.160437519546529E-01
   0.165307618782908E+02
   0.162637593615111E-01
   0.167675385699234E+02
   0.162722030890267E-01
   0.168785144912180E+02
   0.160742374001212E-01
   0.168950757301269E+02
   0.155209000216956E-01
   0.170780765533213E+02
   0.157793202735926E-01
   0.175009373464977E+02
   0.162980589596895E-01
   0.181055700320968E+02
   0.169808991161078E-01
   0.187124851292833E+02
   0.179945549999850E-01
   0.190286158227759E+02
   0.182060667040462E-01
   0.191731573377799E+02
   0.184110905271187E-01
   0.192314975396672E+02
   0.186031803478095E-01
   0.192259790952227E+02
   0.187067880938082E-01
   0.191558012330114E+02
   0.186298534696611E-01
   0.190472724624669E+02
   0.184265166407977E-01
   0.189412186671794E+02
   0.183199923920042E-01
   0.188492164737570E+02
   0.183352501416505E-01
   0.187539513117442E+02
   0.183463001632144E-01
   0.186593016178705E+02
   0.184040505547358E-01
   0.185587233203451E+02
   0.184360816860715E-01
   0.184434727749761E+02
   0.184386090295098E-01
   0.183149582727744E+02
   0.184065829723227E-01
   0.168683953192050E+02
   0.167192218411381E-01
   0.167340390934609E+02
   0.166134237170230E-01
   0.166069453600400E+02
   0.165312506307525E-01
   0.164943947377145E+02
   0.165251633481491E-01
   0.163884276723774E+02
   0.165775783666496E-01
   0.162718298586430E+02
   0.166433715608978E-01
   0.161294255532457E+02
   0.167041171944171E-01
   0.159537750377042E+02
   0.166976176514504E-01
   0.157460413899106E+02
   0.165587008387221E-01
   0.155187395717886E+02
   0.162666547974752E-01
   0.152969174374128E+02
   0.158845909153161E-01
   0.151055418800473E+02
   0.154456554220534E-01
   0.149787638564893E+02
   0.150577151999216E-01
   0.149611542127053E+02
   0.148470526056905E-01
   0.150830476765571E+02
   0.148626858085021E-01
   0.153044625048183E+02
   0.149997926061941E-01
   0.154865683095908E+02
   0.149936148144577E-01
   0.155205063724560E+02
   0.147657119452323E-01
   0.154251814530190E+02
   0.139246010263475E-01
   0.155621030797624E+02
   0.139129002495205E-01
   0.160560784638283E+02
   0.146179885846977E-01
   0.168270072546818E+02
   0.158140590758500E-01
   0.175196183435295E+02
   0.170726330424449E-01
   0.178409039154154E+02
   0.170350159233758E-01
   0.179547679587457E+02
   0.170194640473334E-01
   0.179803514400426E+02
   0.170567109657326E-01
   0.179524639406041E+02
   0.171123920340733E-01
   0.178726340267130E+02
   0.170909649009862E-01
   0.177593884253410E+02
   0.169934221863296E-01
   0.176442648984045E+02
   0.169183979817840E-01
   0.175366327213540E+02
   0.168637453899910E-01
   0.174289350171285E+02
   0.168065769470136E-01
   0.173257487222144E+02
   0.167944381942681E-01
   0.172226046655414E+02
   0.167828040933663E-01
   0.171141329474685E+02
   0.167853200602528E-01
   0.169973689564077E+02
   0.167819210150768E-01
   0.153780432105594E+02
   0.150425026888934E-01
   0.152508763830605E+02
   0.149516754747665E-01
   0.151264770726009E+02
   0.148508701181622E-01
   0.150131257473466E+02
   0.147842009856612E-01
   0.149062476043315E+02
   0.147692626607963E-01
   0.147931674095494E+02
   0.147729528328506E-01
   0.146618103802054E+02
   0.147688523271104E-01
   0.145067745140725E+02
   0.147708120281528E-01
   0.143256175730460E+02
   0.147036821367590E-01
   0.141256880468199E+02
   0.145425567149614E-01
   0.139256219700243E+02
   0.143019352540884E-01
   0.137444608042283E+02
   0.139420057880014E-01
   0.136165506674942E+02
   0.135494667835827E-01
   0.135968658919145E+02
   0.133938828256525E-01
   0.137171936485352E+02
   0.135636623622815E-01
   0.139233634626706E+02
   0.138256922767702E-01
   0.140735820406980E+02
   0.139175496969225E-01
   0.140313174729451E+02
   0.136049169874715E-01
   0.137856678247837E+02
   0.122104191149910E-01
   0.138539249178201E+02
   0.117150186646095E-01
   0.144148323412124E+02
   0.127985233937968E-01
   0.154138545365518E+02
   0.154403377595732E-01
   0.162087003242070E+02
   0.169950397048286E-01
   0.165319884254163E+02
   0.165781562882814E-01
   0.166059392397830E+02
   0.160873540541639E-01
   0.165933461505180E+02
   0.158204015728121E-01
   0.165371714329758E+02
   0.156967334406130E-01
   0.164409883201201E+02
   0.155887067774742E-01
   0.163175034441187E+02
   0.154718627164118E-01
   0.161904678331910E+02
   0.154062082750305E-01
   0.160659078752979E+02
   0.153162429424923E-01
   0.159423096960397E+02
   0.152107564517418E-01
   0.158255777288149E+02
   0.151421383664751E-01
   0.157151763620879E+02
   0.151010333937306E-01
   0.156076311859913E+02
   0.150885865497820E-01
   0.154977090756872E+02
   0.150870913213722E-01
   0.136920492142726E+02
   0.136586737422202E-01
   0.135708087160355E+02
   0.135559857700722E-01
   0.134495585285891E+02
   0.134375804712072E-01
   0.133368660503518E+02
   0.133462425143107E-01
   0.132281839894895E+02
   0.132823021237038E-01
   0.131157267749114E+02
   0.132357523420802E-01
   0.129907079868517E+02
   0.131761251916855E-01
   0.128493178876395E+02
   0.131288256332244E-01
   0.126888894253678E+02
   0.130660525583141E-01
   0.125134059451561E+02
   0.129798592142853E-01
   0.123369661843127E+02
   0.129177374983941E-01
   0.121733077409440E+02
   0.128125043513220E-01
   0.120515460107737E+02
   0.126213638049933E-01
   0.120287520648510E+02
   0.125338467863943E-01
   0.121491940710647E+02
   0.127378717004127E-01
   0.123613779643659E+02
   0.131351904636026E-01
   0.125073203866439E+02
   0.133420926526027E-01
   0.124040342055980E+02
   0.129636157048947E-01
   0.119520786118625E+02
   0.960073399605135E-02
   0.119411197097989E+02
   0.898363276073612E-02
   0.125370922360921E+02
   0.103033830676082E-01
   0.137386620329633E+02
   0.146726683166481E-01
   0.146637623553027E+02
   0.169727548322561E-01
   0.150307206805078E+02
   0.168452220762703E-01
   0.150883781659981E+02
   0.161237242758242E-01
   0.150441503314021E+02
   0.156050414479688E-01
   0.149594818839743E+02
   0.152509506965311E-01
   0.148410695293675E+02
   0.149538233341628E-01
   0.147012453956979E+02
   0.146736693025520E-01
   0.145587477283028E+02
   0.144508219734575E-01
   0.144173612348223E+02
   0.142452758248388E-01
   0.142779224697388E+02
   0.140538994945350E-01
   0.141456825201864E+02
   0.139072396251365E-01
   0.140247698826162E+02
   0.138113840529766E-01
   0.139134235257578E+02
   0.137589486677636E-01
   0.138056420854076E+02
   0.137230650546165E-01
   0.117822071408307E+02
   0.126765625878245E-01
   0.116650541281216E+02
   0.125936746601637E-01
   0.115468836209801E+02
   0.124973730126050E-01
   0.114361396012441E+02
   0.123975285384123E-01
   0.113272785335966E+02
   0.123078760204605E-01
   0.112166210866831E+02
   0.122360497758640E-01
   0.110987109857959E+02
   0.121704092618822E-01
   0.109702034521089E+02
   0.121133183289959E-01
   0.108289061360026E+02
   0.120782064440617E-01
   0.106742472626065E+02
   0.120248317329417E-01
   0.105160614832847E+02
   0.119648829947845E-01
   0.103673449678535E+02
   0.118809193552648E-01
   0.102540650052204E+02
   0.117282712112233E-01
   0.102296320793447E+02
   0.116278306620896E-01
   0.103472866948538E+02
   0.117748642907789E-01
   0.105744453817120E+02
   0.122508448702614E-01
   0.107467612284127E+02
   0.127144002754731E-01
   0.106323277298795E+02
   0.124469466137830E-01
   0.100193198124128E+02
   0.865801241382354E-02
   0.992278446015957E+01
   0.776608148591999E-02
   0.104801131581781E+02
   0.864206826841147E-02
   0.117605816280186E+02
   0.136206647620364E-01
   0.127250145092202E+02
   0.158650663263441E-01
   0.131594927310422E+02
   0.162497663371964E-01
   0.132664516957507E+02
   0.158307554827436E-01
   0.132417569868017E+02
   0.154204690510635E-01
   0.131562653884728E+02
   0.149941142550035E-01
   0.130285572118129E+02
   0.145406964751931E-01
   0.128756777594397E+02
   0.141113944110038E-01
   0.127193959910665E+02
   0.137650468912620E-01
   0.125625009593454E+02
   0.134714017164644E-01
   0.124092715640275E+02
   0.132407195089124E-01
   0.122596364579109E+02
   0.130289501600950E-01
   0.121241151944647E+02
   0.128738715840960E-01
   0.120032780042073E+02
   0.127764355993007E-01
   0.118928507750038E+02
   0.127254994111025E-01
   0.962048324276381E+01
   0.116964877791597E-01
   0.950040766693660E+01
   0.115828324420251E-01
   0.938125360349426E+01
   0.114660018709725E-01
   0.927645501115146E+01
   0.113983283312047E-01
   0.916964487757280E+01
   0.113154385861866E-01
   0.906160176675016E+01
   0.112426095324729E-01
   0.895137610603033E+01
   0.111840065599368E-01
   0.883690972105155E+01
   0.111383951401118E-01
   0.871511475487917E+01
   0.111031850329019E-01
   0.858446519255636E+01
   0.110658630622435E-01
   0.845275636694188E+01
   0.110272937264251E-01
   0.833060560652924E+01
   0.109708564825442E-01
   0.823961523424344E+01
   0.108800674466946E-01
   0.822267725205450E+01
   0.108250523857860E-01
   0.833010496807068E+01
   0.109244803468129E-01
   0.855822970282794E+01
   0.113372886235141E-01
   0.875934630614668E+01
   0.119643518437794E-01
   0.870743262791890E+01
   0.122331819607475E-01
   0.804031875035516E+01
   0.840441311364289E-02
   0.787859575371810E+01
   0.758335588121269E-02
   0.831221224857575E+01
   0.815904793852243E-02
   0.941995286669939E+01
   0.115586989002095E-01
   0.102784206409375E+02
   0.132151363413939E-01
   0.107478367403334E+02
   0.139652272078819E-01
   0.109432244595661E+02
   0.140762371135687E-01
   0.109991063588970E+02
   0.140981429983840E-01
   0.109773130797189E+02
   0.140084264205645E-01
   0.108976433085243E+02
   0.137621474372146E-01
   0.107747023329136E+02
   0.134547642368227E-01
   0.106278087539198E+02
   0.131210782045718E-01
   0.104667585656156E+02
   0.127902282281608E-01
   0.103015642684878E+02
   0.125081413687250E-01
   0.101398218976526E+02
   0.122584545017055E-01
   0.999126605188422E+01
   0.120562018948821E-01
   0.985681955628635E+01
   0.119008372831969E-01
   0.973656838456260E+01
   0.117912649675989E-01
   0.719198689987897E+01
   0.106991970290673E-01
   0.707295667567385E+01
   0.105810079459303E-01
   0.695598802023283E+01
   0.104656832221072E-01
   0.684563058929352E+01
   0.103589162970461E-01
   0.673637002268361E+01
   0.102511245889004E-01
   0.663039728525457E+01
   0.101715970405017E-01
   0.652872805157121E+01
   0.101199133368044E-01
   0.642999709055570E+01
   0.100967882081193E-01
   0.633018720991327E+01
   0.100799178874269E-01
   0.622648336453531E+01
   0.100668053270098E-01
   0.612848197555598E+01
   0.100606954113761E-01
   0.604322451750131E+01
   0.100484025625813E-01
   0.598700674192961E+01
   0.100270810592675E-01
   0.598784149421163E+01
   0.100236698530912E-01
   0.607992743287178E+01
   0.100991541047295E-01
   0.627491337973167E+01
   0.103760956289087E-01
   0.647597654450473E+01
   0.109105474310855E-01
   0.651852392920694E+01
   0.116207290230592E-01
   0.607071799613146E+01
   0.958601849361450E-02
   0.587724632899450E+01
   0.905160723071605E-02
   0.607814185901257E+01
   0.870281918662218E-02
   0.672021837022407E+01
   0.946557393993212E-02
   0.732217710199925E+01
   0.100192664279892E-01
   0.775405198385753E+01
   0.106300324229134E-01
   0.801513193692704E+01
   0.110669257519744E-01
   0.815927601573426E+01
   0.114174649619106E-01
   0.823881501524814E+01
   0.117404651265001E-01
   0.825388186378896E+01
   0.119154079830214E-01
   0.820634500702070E+01
   0.119292807062761E-01
   0.811576095879448E+01
   0.118381456856822E-01
   0.799076567438487E+01
   0.116516623788612E-01
   0.784635196444693E+01
   0.114434015213532E-01
   0.769761142468348E+01
   0.112345446273721E-01
   0.755773101490183E+01
   0.110615923546485E-01
   0.742459054808869E+01
   0.109052989899979E-01
   0.730602088344529E+01
   0.107955390597488E-01
   0.433309739139334E+01
   0.930115304023140E-02
   0.422652583482747E+01
   0.921720354716321E-02
   0.412574261551111E+01
   0.914633590281496E-02
   0.402782765679474E+01
   0.907549624759669E-02
   0.393033014873956E+01
   0.899814530597626E-02
   0.383691645212840E+01
   0.893508607733208E-02
   0.375091565121765E+01
   0.889717262215632E-02
   0.367120728904943E+01
   0.888403282225965E-02
   0.359423189987537E+01
   0.887871514196078E-02
   0.351450340672428E+01
   0.885147123451572E-02
   0.345323801116537E+01
   0.885895327698235E-02
   0.341037283765077E+01
   0.887431965322829E-02
   0.339371165413779E+01
   0.889534334026704E-02
   0.341763061746825E+01
   0.893034888547338E-02
   0.349555150782573E+01
   0.899172378659852E-02
   0.363069199827943E+01
   0.915152602593919E-02
   0.377723859536048E+01
   0.946518825637040E-02
   0.381213108381061E+01
   0.984147413740033E-02
   0.357182301338644E+01
   0.911339074099071E-02
   0.339054110007284E+01
   0.853056050449699E-02
   0.341620128461146E+01
   0.801543591336592E-02
   0.369046320658999E+01
   0.791141406362532E-02
   0.403176869579355E+01
   0.796740018617251E-02
   0.434246075503254E+01
   0.821844039423139E-02
   0.457636600999584E+01
   0.847964745021980E-02
   0.474865016774320E+01
   0.875019825917610E-02
   0.488522251058802E+01
   0.908401743543552E-02
   0.497667879165201E+01
   0.938685150499229E-02
   0.501344741712833E+01
   0.959642663714784E-02
   0.499607875463547E+01
   0.968490618005597E-02
   0.493228728860394E+01
   0.966544454822704E-02
   0.483655710536529E+01
   0.958294768901582E-02
   0.472816693772921E+01
   0.948602589577013E-02
   0.462682448873810E+01
   0.943179038091999E-02
   0.452738552800556E+01
   0.938791410026023E-02
   0.442995005132641E+01
   0.934392265957534E-02
   0.784243676278769E+00
   0.728304188943056E-02
   0.717758559060249E+00
   0.727918373661972E-02
   0.648187720045106E+00
   0.726055482917552E-02
   0.575880180727489E+00
   0.723063885070882E-02
   0.501540152048240E+00
   0.718595414341590E-02
   0.431019211117734E+00
   0.713942103032821E-02
   0.368780851155120E+00
   0.710497742170856E-02
   0.313033031323496E+00
   0.708114079016891E-02
   0.262014688084863E+00
   0.705995855845588E-02
   0.222280648781113E+00
   0.704743142058604E-02
   0.203548859449743E+00
   0.706094365805484E-02
   0.202294290845978E+00
   0.708035844630738E-02
   0.219861609004628E+00
   0.710477297143953E-02
   0.260034750663089E+00
   0.713553747934911E-02
   0.323654278074251E+00
   0.717986845884042E-02
   0.403669198764905E+00
   0.726811447426415E-02
   0.484583006924469E+00
   0.747014168500821E-02
   0.501844912959820E+00
   0.768293731683939E-02
   0.376893019132607E+00
   0.741643916221007E-02
   0.230380492204738E+00
   0.703939908031215E-02
   0.158799925633931E+00
   0.667349876932628E-02
   0.220754941070421E+00
   0.646634033900159E-02
   0.353669683815375E+00
   0.635857747835959E-02
   0.510064522491011E+00
   0.634362711062959E-02
   0.657261694688087E+00
   0.637451471602779E-02
   0.790861183672952E+00
   0.644778695880496E-02
   0.915584259423995E+00
   0.659709073396584E-02
   0.102398368195262E+01
   0.680430161057084E-02
   0.110133990029692E+01
   0.701285252359150E-02
   0.113683556123611E+01
   0.716027464575847E-02
   0.113175802195362E+01
   0.723756367846093E-02
   0.109520150916385E+01
   0.726491307319070E-02
   0.103928435311571E+01
   0.726084699221402E-02
   0.979896716155984E+00
   0.726787086873724E-02
   0.918325205380074E+00
   0.727947169118907E-02
   0.849822558007224E+00
   0.727675986263858E-02
  -0.376675124364867E+01
   0.489517059161276E-02
  -0.379487901824779E+01
   0.490931033470840E-02
  -0.382802075040404E+01
   0.490274614170436E-02
  -0.386500510993122E+01
   0.487776115922202E-02
  -0.390347236094243E+01
   0.483818926185986E-02
  -0.393449555781863E+01
   0.479645375604087E-02
  -0.395443485028952E+01
   0.476281677178922E-02
  -0.396187866447429E+01
   0.474439468398800E-02
  -0.395779918235519E+01
   0.473811694900617E-02
  -0.394196554209783E+01
   0.474179937611511E-02
  -0.391520559388654E+01
   0.474748973312404E-02
  -0.388131893544462E+01
   0.475442791874362E-02
  -0.384181288045316E+01
   0.476884040841354E-02
  -0.379686941982087E+01
   0.479826199872189E-02
  -0.375183777759508E+01
   0.484469806664969E-02
  -0.371491416366377E+01
   0.491980569155895E-02
  -0.369907056491058E+01
   0.503078519993375E-02
  -0.372606004345350E+01
   0.513734280328259E-02
  -0.380660855591895E+01
   0.514177642475199E-02
  -0.391269120079116E+01
   0.504029787168976E-02
  -0.400597156852873E+01
   0.487414961279980E-02
  -0.406035441273351E+01
   0.469404857865238E-02
  -0.407383483731803E+01
   0.453519122751101E-02
  -0.405072796708985E+01
   0.442352467781611E-02
  -0.400001255458779E+01
   0.437217504353288E-02
  -0.392890691395257E+01
   0.438776313712243E-02
  -0.384569788878107E+01
   0.446136746616233E-02
  -0.376480709834377E+01
   0.456819038117321E-02
  -0.369952587300916E+01
   0.468106310438982E-02
  -0.365897096739127E+01
   0.477045472555302E-02
  -0.364532121261856E+01
   0.481893698230182E-02
  -0.365332188048697E+01
   0.483378026283884E-02
  -0.367367871894380E+01
   0.483394086821362E-02
  -0.369742566214721E+01
   0.483898782243302E-02
  -0.372038375276986E+01
   0.485191414053567E-02
  -0.374264036852113E+01
   0.487122467755078E-02
  -0.100009752058914E+02
   0.273954240581895E-02
  -0.994177154651824E+01
   0.276568250469712E-02
  -0.989039294431877E+01
   0.277798177806871E-02
  -0.984180320348247E+01
   0.278093711039669E-02
  -0.977984302874329E+01
   0.279369405368228E-02
  -0.969819283735209E+01
   0.282233649321159E-02
  -0.959124261528393E+01
   0.287246349515442E-02
  -0.945427248322384E+01
   0.294923401814463E-02
  -0.930935401957302E+01
   0.303226207927143E-02
  -0.916187152463793E+01
   0.311829547574689E-02
  -0.902083553875321E+01
   0.320137102038838E-02
  -0.889826623487981E+01
   0.327644831713412E-02
  -0.878469672277370E+01
   0.336151287117073E-02
  -0.872406804705416E+01
   0.340486003797098E-02
  -0.871633946747399E+01
   0.341231855692966E-02
  -0.876577512884118E+01
   0.338328132081915E-02
  -0.888096435700316E+01
   0.331005348147385E-02
  -0.907436623723293E+01
   0.317661985954975E-02
  -0.928513499380960E+01
   0.305198008475435E-02
  -0.950761495971009E+01
   0.293120977888287E-02
  -0.972965520413221E+01
   0.281485888355863E-02
  -0.994706789643410E+01
   0.269483620122609E-02
  -0.101500216603921E+02
   0.257568895905790E-02
  -0.102886844501775E+02
   0.249923386564641E-02
  -0.103704314809612E+02
   0.245881250303542E-02
  -0.104060962499878E+02
   0.244663845562077E-02
  -0.104093108921705E+02
   0.245353072605616E-02
  -0.103948646181532E+02
   0.246961654385780E-02
  -0.103747053923841E+02
   0.248686787134454E-02
  -0.103545627938546E+02
   0.250156380014522E-02
  -0.103356636374029E+02
   0.251331700756664E-02
  -0.103139470134475E+02
   0.252599538101418E-02
  -0.102846888095046E+02
   0.254401861214038E-02
  -0.102404751458491E+02
   0.257383366323265E-02
  -0.101734699038411E+02
   0.262163652097530E-02
  -0.100755559330945E+02
   0.269354073438087E-02
