   0.198208337746203E+01
   0.416402729819249E-02
   0.882866281624722E+00
   0.397634553711106E-02
   0.165245937391643E+00
   0.383381174499666E-02
  -0.247293893841244E+00
   0.373051831858980E-02
  -0.333999961699265E+00
   0.366647458798060E-02
   0.359099339593610E-01
   0.364634375959294E-02
  -0.450756132811841E+00
   0.368972737591271E-02
  -0.418094165341135E+00
   0.378361548706420E-02
   0.109470436658021E+00
   0.392899199585006E-02
   0.113231468270636E+01
   0.412733496553371E-02
   0.265880908175188E+01
   0.437879141271379E-02
   0.491574005829791E+01
   0.467567019463413E-02
   0.816314006571588E+01
   0.500666106653229E-02
   0.110140723427849E+02
   0.535310595561409E-02
   0.135834642530775E+02
   0.569602906291640E-02
   0.158956857984484E+02
   0.602008479164266E-02
   0.178588274980311E+02
   0.631441353927853E-02
   0.194511209434541E+02
   0.657210631135493E-02
   0.206891313894170E+02
   0.678926945076805E-02
   0.216078952737304E+02
   0.696601579615422E-02
   0.222476174404227E+02
   0.710623756766461E-02
   0.226432521126331E+02
   0.721248159132874E-02
   0.228158305145731E+02
   0.728439093022095E-02
   0.227663528911711E+02
   0.731850669846915E-02
   0.224759388307752E+02
   0.730849101549321E-02
   0.219112053404662E+02
   0.724832649054441E-02
   0.210273624976174E+02
   0.713512514190982E-02
   0.197675580154043E+02
   0.696702181679862E-02
   0.180600722615130E+02
   0.674281674425596E-02
   0.158158769739723E+02
   0.646405647347829E-02
   0.129292822910340E+02
   0.613747380224448E-02
   0.928146416944035E+01
   0.577613633893103E-02
   0.645162352183164E+01
   0.539951143012260E-02
   0.437763430543724E+01
   0.503139549144594E-02
   0.297372584643506E+01
   0.469433165093531E-02
   0.218254512775831E+01
   0.440350975029817E-02
   0.494810714423930E+01
   0.523755254914369E-02
   0.553341818038449E+01
   0.504562439003178E-02
   0.532145786910355E+01
   0.487430759149909E-02
   0.450173353005776E+01
   0.469831891982154E-02
   0.292269947604596E+01
   0.456419290054832E-02
   0.219654085826691E+01
   0.450104878724795E-02
   0.196036622711008E+01
   0.450368094205423E-02
   0.218542976729987E+01
   0.457846243378957E-02
   0.292390994546848E+01
   0.471358692862138E-02
   0.435260715371286E+01
   0.489215506333960E-02
   0.461163260563076E+01
   0.514256802423735E-02
   0.548388460130042E+01
   0.544080224455372E-02
   0.705158367076251E+01
   0.589076311614714E-02
   0.922060587311959E+01
   0.641092065665855E-02
   0.121168155984125E+02
   0.691380296821701E-02
   0.160696490624884E+02
   0.737843695768800E-02
   0.187757675660042E+02
   0.779576469461415E-02
   0.205755959634115E+02
   0.815022692579149E-02
   0.217184803236354E+02
   0.840356582296592E-02
   0.224004388032035E+02
   0.854862249614095E-02
   0.227904432279112E+02
   0.867276308672852E-02
   0.230319237762627E+02
   0.880471515275594E-02
   0.232223381997168E+02
   0.894775981651606E-02
   0.233619579206542E+02
   0.909428757166472E-02
   0.233660461352963E+02
   0.918169149872648E-02
   0.231589525482129E+02
   0.915681705669283E-02
   0.226947260339904E+02
   0.905918036147237E-02
   0.219383709034702E+02
   0.890207576897143E-02
   0.208330864378162E+02
   0.866565313117361E-02
   0.192649090593926E+02
   0.832669215142228E-02
   0.170667052645840E+02
   0.787962548927195E-02
   0.140671914405750E+02
   0.735096491059859E-02
   0.101298371776611E+02
   0.676415861190856E-02
   0.758162173590807E+01
   0.621009372728361E-02
   0.600967418327506E+01
   0.577203692444928E-02
   0.515772286885960E+01
   0.546742335087082E-02
   0.743565102283941E+01
   0.690518273765372E-02
   0.706301058581401E+01
   0.671588295903711E-02
   0.657683812264573E+01
   0.651276351317166E-02
   0.591719189656662E+01
   0.615963789209331E-02
   0.519600289997390E+01
   0.582785804282526E-02
   0.477177413492804E+01
   0.575164172248284E-02
   0.464355253565520E+01
   0.581204865718457E-02
   0.482478469618373E+01
   0.597346609523230E-02
   0.531872198429346E+01
   0.618609139689609E-02
   0.618978852012767E+01
   0.644435714928563E-02
   0.757365994623876E+01
   0.665374606662544E-02
   0.793290931741875E+01
   0.646140795884819E-02
   0.950385373755227E+01
   0.701971312595761E-02
   0.116471917490731E+02
   0.767706231945654E-02
   0.143705311271031E+02
   0.814702123310703E-02
   0.180822650219112E+02
   0.861712516640579E-02
   0.203984395916408E+02
   0.912223574736136E-02
   0.217788171223221E+02
   0.965124325927917E-02
   0.224808440465975E+02
   0.995574177199698E-02
   0.227066512722159E+02
   0.982594373195799E-02
   0.226732926168726E+02
   0.986289575885547E-02
   0.226253260158508E+02
   0.100067881087368E-01
   0.228276093089152E+02
   0.102173979287056E-01
   0.232494987205827E+02
   0.106168083584612E-01
   0.235385874437262E+02
   0.109125555182838E-01
   0.235489006131704E+02
   0.107740183739513E-01
   0.232745732492594E+02
   0.106286074852368E-01
   0.227686839150483E+02
   0.105174077063011E-01
   0.220683926678513E+02
   0.103202026249115E-01
   0.210343461528049E+02
   0.994673171400562E-02
   0.193398462890171E+02
   0.937358483049977E-02
   0.166813313649223E+02
   0.879842232982413E-02
   0.127604623004722E+02
   0.807125921087535E-02
   0.103134198736267E+02
   0.748851448497661E-02
   0.887264468107929E+01
   0.720345049708733E-02
   0.799838752894556E+01
   0.710092002153075E-02
   0.102234327762246E+02
   0.900980693506429E-02
   0.966779081979749E+01
   0.868327451671044E-02
   0.910011350514143E+01
   0.834409983781784E-02
   0.850804036952805E+01
   0.800454958811693E-02
   0.793552818830555E+01
   0.762272982259637E-02
   0.755832592705848E+01
   0.744689839128350E-02
   0.741025905577586E+01
   0.748432000241806E-02
   0.747337694958637E+01
   0.760187153455476E-02
   0.773498696288924E+01
   0.771003627488487E-02
   0.821403931919127E+01
   0.770746375101093E-02
   0.896502425505650E+01
   0.775273737845267E-02
   0.100849648313865E+02
   0.751391112755936E-02
   0.128831199522302E+02
   0.831315178881009E-02
   0.153287028045470E+02
   0.868920011255125E-02
   0.177266912981750E+02
   0.894762066883710E-02
   0.200898403380552E+02
   0.932567358811831E-02
   0.217594903605130E+02
   0.979701663380390E-02
   0.226608834644129E+02
   0.102545265573395E-01
   0.229153729859253E+02
   0.105141542574865E-01
   0.226658983729720E+02
   0.105659058998163E-01
   0.221173873411496E+02
   0.106879362745904E-01
   0.215950572520687E+02
   0.107661746052472E-01
   0.218423799496278E+02
   0.109526258311148E-01
   0.228316956909542E+02
   0.117783085765483E-01
   0.234447485425425E+02
   0.120352334515911E-01
   0.235854983301764E+02
   0.117736722753495E-01
   0.233394792376401E+02
   0.118960609794059E-01
   0.228987102973127E+02
   0.116185771683311E-01
   0.225476131187788E+02
   0.113790202218992E-01
   0.221404022101853E+02
   0.111082920598526E-01
   0.210081912932279E+02
   0.106776755055281E-01
   0.187671572970987E+02
   0.101659171400919E-01
   0.151231584485002E+02
   0.963689981698148E-02
   0.129343152333846E+02
   0.932099375312749E-02
   0.116668493605715E+02
   0.924238953255181E-02
   0.108470367175477E+02
   0.916188316466944E-02
   0.127423606908744E+02
   0.111804538990526E-01
   0.121447268096099E+02
   0.106857190565895E-01
   0.115630124856918E+02
   0.101627347314557E-01
   0.110190501020394E+02
   0.974996260474142E-02
   0.105305324400780E+02
   0.938441313082793E-02
   0.101704569276964E+02
   0.914487225431952E-02
   0.996748529677842E+01
   0.905744251025440E-02
   0.991471166656754E+01
   0.904391768664798E-02
   0.100050979263710E+02
   0.901324473659409E-02
   0.102668339161989E+02
   0.892198294395913E-02
   0.107747261202767E+02
   0.868946139918631E-02
   0.118297706795747E+02
   0.853233186880996E-02
   0.145183800412232E+02
   0.924646302838693E-02
   0.170938227764269E+02
   0.941397822009640E-02
   0.193438346656581E+02
   0.955142472951870E-02
   0.213363702862692E+02
   0.992512475990982E-02
   0.226765487788733E+02
   0.104766460060501E-01
   0.232004060744317E+02
   0.109850852231832E-01
   0.230685388317076E+02
   0.111680034630722E-01
   0.223581706001391E+02
   0.111165050510942E-01
   0.212281902329937E+02
   0.113660750598330E-01
   0.198708932473974E+02
   0.112130671526049E-01
   0.201744093195314E+02
   0.116374745333723E-01
   0.223018823450841E+02
   0.127341645158305E-01
   0.232060531138964E+02
   0.124925063362963E-01
   0.233850428878286E+02
   0.126168812255235E-01
   0.230120420595094E+02
   0.127969035622436E-01
   0.224133784348798E+02
   0.124575816663139E-01
   0.223814317634700E+02
   0.120242960601176E-01
   0.228306772075902E+02
   0.118877889116721E-01
   0.222992272296883E+02
   0.115233514773331E-01
   0.204679218062579E+02
   0.111984605792239E-01
   0.171036237947293E+02
   0.110685304954465E-01
   0.151807392797563E+02
   0.109881339235307E-01
   0.140935863488636E+02
   0.112985187726765E-01
   0.133629070708490E+02
   0.114366452422531E-01
   0.148830578618713E+02
   0.129892273964101E-01
   0.142853171820325E+02
   0.122908558970833E-01
   0.137276407893023E+02
   0.116511919031484E-01
   0.132369431582583E+02
   0.112061899663946E-01
   0.128140708424387E+02
   0.108835428005181E-01
   0.124792639039775E+02
   0.106337981424409E-01
   0.122455058328516E+02
   0.104512300219643E-01
   0.121141962333840E+02
   0.103153844922272E-01
   0.120911091243971E+02
   0.101808271205668E-01
   0.122137864022272E+02
   0.100800479661082E-01
   0.125495354451397E+02
   0.994816106259546E-02
   0.133092550893789E+02
   0.965176365052531E-02
   0.150730460572045E+02
   0.976820646448568E-02
   0.179576566338494E+02
   0.101229589508804E-01
   0.201223719106996E+02
   0.101809440612760E-01
   0.220684553895221E+02
   0.106367370773315E-01
   0.232670857043108E+02
   0.113202611228879E-01
   0.234462365002345E+02
   0.118666565407038E-01
   0.229915326785549E+02
   0.117889090165551E-01
   0.218568259756549E+02
   0.119062442392197E-01
   0.201811927018364E+02
   0.120382717825945E-01
   0.193426289506593E+02
   0.120388761292304E-01
   0.197336328144488E+02
   0.123071996461140E-01
   0.219709145658081E+02
   0.131135943607657E-01
   0.228883743191567E+02
   0.130397979580542E-01
   0.230186131355097E+02
   0.133857470676397E-01
   0.223893525483230E+02
   0.133905439269267E-01
   0.213036193767359E+02
   0.129368055740649E-01
   0.215491679277245E+02
   0.123817164219641E-01
   0.233028602713598E+02
   0.123329829082457E-01
   0.233474009610577E+02
   0.121565531515959E-01
   0.218804548591945E+02
   0.120492478409190E-01
   0.187660392506876E+02
   0.124807313449301E-01
   0.170927432191713E+02
   0.128003056987756E-01
   0.161641682184971E+02
   0.134335801809680E-01
   0.154951214952988E+02
   0.134571784897924E-01
   0.166516804950386E+02
   0.142386815964529E-01
   0.160822846177148E+02
   0.134343132728950E-01
   0.155749348505570E+02
   0.128066434741606E-01
   0.151454498162665E+02
   0.124143319411119E-01
   0.147809262476584E+02
   0.121512216354962E-01
   0.144774800468911E+02
   0.119230896615085E-01
   0.142359770374179E+02
   0.116967622879476E-01
   0.140608232454465E+02
   0.114857899117038E-01
   0.139673812379640E+02
   0.113186945543118E-01
   0.139957003675232E+02
   0.112681228129852E-01
   0.141946905854399E+02
   0.112397953759695E-01
   0.146943994691928E+02
   0.108957994798666E-01
   0.158754734503903E+02
   0.104004787473473E-01
   0.183355182320895E+02
   0.104946713764760E-01
   0.203086858673942E+02
   0.108094507521427E-01
   0.224272876175927E+02
   0.112115885362703E-01
   0.236220619716784E+02
   0.123303680481148E-01
   0.233983497893149E+02
   0.129698518353167E-01
   0.227011442755775E+02
   0.127259111062385E-01
   0.211654274382755E+02
   0.128209442014917E-01
   0.200716507910152E+02
   0.131508034758877E-01
   0.195597041059949E+02
   0.133078557738427E-01
   0.198705019535177E+02
   0.130875861635150E-01
   0.216572682616872E+02
   0.134506370203589E-01
   0.224271796490119E+02
   0.136244125455729E-01
   0.225077965895216E+02
   0.137520675261961E-01
   0.215628789969506E+02
   0.138061069521271E-01
   0.210382554221219E+02
   0.134187818187581E-01
   0.215460480051488E+02
   0.128982159552879E-01
   0.237781840668196E+02
   0.123712565378566E-01
   0.242083629715506E+02
   0.125136783796977E-01
   0.230447223894389E+02
   0.127824295007874E-01
   0.201632256686304E+02
   0.138641296867176E-01
   0.187138143479454E+02
   0.147905194890374E-01
   0.178837256058299E+02
   0.152904691043025E-01
   0.172487599976474E+02
   0.149512670533574E-01
   0.181007908282492E+02
   0.151365654144230E-01
   0.175855732526572E+02
   0.144757944464126E-01
   0.171417731566430E+02
   0.140255280234026E-01
   0.167721992458460E+02
   0.137694541815359E-01
   0.164569382271627E+02
   0.135422603181631E-01
   0.161852990049167E+02
   0.133093607593727E-01
   0.159505197334462E+02
   0.130400012338674E-01
   0.157556043260842E+02
   0.127681349172078E-01
   0.156178620723916E+02
   0.125519077548277E-01
   0.155740771225291E+02
   0.124993736855856E-01
   0.156602477723155E+02
   0.125071719669514E-01
   0.159512883931143E+02
   0.120867912111877E-01
   0.166937300884290E+02
   0.113581267704549E-01
   0.182571794701188E+02
   0.109403763165613E-01
   0.199363819271197E+02
   0.115867498285959E-01
   0.225078268554446E+02
   0.118977027608236E-01
   0.238353510629186E+02
   0.133932292576691E-01
   0.230241513049137E+02
   0.144176293293591E-01
   0.222170220255343E+02
   0.140244609728935E-01
   0.212231345884477E+02
   0.138799117046678E-01
   0.204735686179795E+02
   0.147341714476428E-01
   0.201100254492574E+02
   0.147725686655780E-01
   0.202723156713170E+02
   0.141294779479386E-01
   0.211771133368662E+02
   0.137622273648059E-01
   0.217505999872663E+02
   0.139011282679540E-01
   0.218784749305664E+02
   0.142828668402285E-01
   0.214861086147717E+02
   0.144850641122390E-01
   0.212977869625576E+02
   0.144646070371353E-01
   0.218838708017248E+02
   0.136766789541810E-01
   0.241899363956860E+02
   0.123015134814936E-01
   0.248858408931343E+02
   0.128499229542481E-01
   0.239811921009974E+02
   0.135147375189703E-01
   0.213457658372589E+02
   0.154698402727849E-01
   0.200497052651269E+02
   0.164300171660679E-01
   0.192597706982019E+02
   0.162604679891507E-01
   0.186589860494069E+02
   0.158197631324795E-01
   0.192891898581680E+02
   0.162670435823194E-01
   0.188387331409645E+02
   0.158924072616939E-01
   0.184531061619276E+02
   0.156003359876785E-01
   0.181330477289589E+02
   0.154249608589636E-01
   0.178611040208191E+02
   0.152534815463406E-01
   0.176231728779487E+02
   0.150790818189638E-01
   0.174063298954216E+02
   0.148714821409189E-01
   0.172075990525304E+02
   0.146508270383679E-01
   0.170395636080687E+02
   0.144432922482615E-01
   0.169286166381770E+02
   0.142299074921807E-01
   0.169106353546596E+02
   0.139421597101663E-01
   0.170502847912659E+02
   0.132783217680813E-01
   0.175194252473181E+02
   0.125207203855424E-01
   0.186361835175990E+02
   0.119475334373744E-01
   0.199619513417389E+02
   0.119408449463387E-01
   0.223931926244898E+02
   0.119959514808357E-01
   0.240305600611562E+02
   0.140317618167071E-01
   0.232148880657366E+02
   0.158667456508528E-01
   0.223815901014603E+02
   0.153295014601472E-01
   0.217159362502945E+02
   0.148579940428485E-01
   0.210572895645515E+02
   0.158842057575077E-01
   0.207457166872960E+02
   0.157944998159323E-01
   0.208182535017382E+02
   0.151439190494745E-01
   0.213205618537306E+02
   0.148868063387687E-01
   0.217994408385847E+02
   0.148282722087006E-01
   0.219683323178176E+02
   0.152856803970252E-01
   0.218283540816555E+02
   0.155033035052065E-01
   0.217818272405276E+02
   0.154916486203360E-01
   0.223069903856953E+02
   0.144035240202868E-01
   0.244551067807604E+02
   0.125055867750020E-01
   0.253769772909095E+02
   0.133926433878098E-01
   0.247008834209833E+02
   0.143502954182395E-01
   0.223016372851350E+02
   0.169993132040303E-01
   0.210986624735921E+02
   0.173481351452989E-01
   0.203402536636376E+02
   0.168346830054570E-01
   0.197883703089743E+02
   0.166430407049794E-01
   0.202613433035527E+02
   0.174913651574716E-01
   0.198693149429074E+02
   0.172498321965702E-01
   0.195319888158113E+02
   0.170330211764242E-01
   0.192525396718263E+02
   0.168903534441787E-01
   0.190184148996345E+02
   0.167866970536483E-01
   0.188122481983356E+02
   0.166942472385449E-01
   0.186149521308412E+02
   0.165698364772952E-01
   0.184144358153467E+02
   0.163889705834409E-01
   0.182184676984889E+02
   0.161790156545909E-01
   0.180496335272435E+02
   0.158784238628973E-01
   0.179472810204208E+02
   0.154559906670006E-01
   0.179773697296791E+02
   0.147636547018781E-01
   0.182837526869204E+02
   0.136243946244316E-01
   0.192273262391466E+02
   0.130683819254974E-01
   0.201752436719294E+02
   0.129602417332009E-01
   0.220043704294408E+02
   0.124359523222860E-01
   0.242169077989904E+02
   0.144598670934661E-01
   0.236923894488739E+02
   0.168338676666595E-01
   0.228102803664989E+02
   0.170475597742503E-01
   0.224522596475859E+02
   0.156520992790182E-01
   0.216443200754822E+02
   0.169970533713187E-01
   0.213503451523227E+02
   0.167891468282983E-01
   0.213624348727050E+02
   0.164149701553580E-01
   0.216825077281140E+02
   0.160871013854373E-01
   0.221661085445957E+02
   0.160596562240187E-01
   0.223605827304717E+02
   0.165849346638610E-01
   0.223419500818060E+02
   0.166858607784580E-01
   0.223218557564405E+02
   0.164891978460877E-01
   0.226973858277505E+02
   0.152850685567323E-01
   0.244975753698235E+02
   0.133736357851871E-01
   0.256860392916117E+02
   0.142363075941145E-01
   0.252160532116396E+02
   0.153202792857459E-01
   0.230544383451678E+02
   0.184076471977607E-01
   0.219278223060749E+02
   0.184770511760998E-01
   0.212049940276311E+02
   0.177934790768527E-01
   0.206996667210608E+02
   0.176980736873214E-01
   0.210564619798224E+02
   0.186981504235468E-01
   0.207082983462717E+02
   0.184872506132098E-01
   0.204081764449640E+02
   0.183078415669039E-01
   0.201609197700393E+02
   0.181971728542622E-01
   0.199582482428038E+02
   0.181794627575806E-01
   0.197791513593080E+02
   0.181751437164750E-01
   0.195991259910679E+02
   0.181349130177257E-01
   0.193964978662498E+02
   0.179780324863473E-01
   0.191742170776042E+02
   0.177153702550262E-01
   0.189559952047027E+02
   0.172884149291612E-01
   0.187876118845417E+02
   0.167123031890063E-01
   0.187397962299610E+02
   0.159235418226533E-01
   0.189587430926791E+02
   0.148343452302963E-01
   0.199489390454809E+02
   0.141756517274103E-01
   0.205060487212579E+02
   0.148152751395028E-01
   0.219688588588228E+02
   0.134098834418554E-01
   0.244196884492014E+02
   0.146877894946387E-01
   0.244404113806287E+02
   0.169560820494465E-01
   0.232830465035829E+02
   0.185539888473756E-01
   0.226950552461207E+02
   0.173517776509172E-01
   0.221459571662717E+02
   0.181587232281279E-01
   0.219107808611704E+02
   0.180062354929742E-01
   0.218970798662055E+02
   0.175863046018189E-01
   0.221410348845532E+02
   0.170209323897987E-01
   0.227355091872583E+02
   0.166938747668917E-01
   0.229165972934745E+02
   0.178083793737129E-01
   0.229563984408652E+02
   0.177459209768731E-01
   0.229069999662707E+02
   0.175657986182561E-01
   0.230938975035895E+02
   0.164961447504821E-01
   0.242471718238495E+02
   0.153648966353946E-01
   0.258439049704662E+02
   0.154273247340283E-01
   0.255511086182525E+02
   0.165134440600850E-01
   0.236278403077566E+02
   0.198123486464993E-01
   0.225833033042204E+02
   0.196269675524690E-01
   0.219079351060579E+02
   0.189215753843815E-01
   0.214465271053501E+02
   0.188592531859328E-01
   0.216852506418022E+02
   0.197537143117912E-01
   0.213682594397602E+02
   0.195397763130802E-01
   0.210956023232934E+02
   0.193860844302138E-01
   0.208722313968135E+02
   0.193242605825858E-01
   0.206917385840656E+02
   0.193819332826142E-01
   0.205314256127361E+02
   0.194551054742872E-01
   0.203626990750541E+02
   0.194833204639265E-01
   0.201557683038808E+02
   0.193312586968935E-01
   0.199102306774125E+02
   0.189805909781075E-01
   0.196559328496105E+02
   0.184154449781738E-01
   0.194458289160703E+02
   0.176880309558354E-01
   0.193558838210464E+02
   0.168816958678233E-01
   0.195121403614027E+02
   0.161976721944193E-01
   0.201773125679361E+02
   0.157913265344877E-01
   0.208275005952314E+02
   0.165298437897194E-01
   0.221122350378730E+02
   0.150021302081234E-01
   0.245826093393886E+02
   0.153837465326799E-01
   0.248735999607849E+02
   0.169312816556828E-01
   0.237159848275530E+02
   0.191461815809441E-01
   0.230244207604800E+02
   0.186967012526057E-01
   0.225844534257381E+02
   0.188680190553240E-01
   0.224130707712442E+02
   0.191037859235732E-01
   0.224026235851314E+02
   0.186947150706737E-01
   0.226230283822711E+02
   0.179612270253909E-01
   0.234907305441390E+02
   0.166722400221784E-01
   0.235545806897041E+02
   0.181010185220735E-01
   0.236504803551955E+02
   0.182412362177931E-01
   0.235332754636469E+02
   0.187408080445558E-01
   0.235303367333829E+02
   0.179815960342650E-01
   0.242722460364249E+02
   0.169678389280844E-01
   0.258972604494209E+02
   0.164151690930643E-01
   0.257200955871215E+02
   0.177371717341523E-01
   0.240303783185557E+02
   0.210799226363981E-01
   0.230818006646853E+02
   0.206524108097217E-01
   0.224625708137160E+02
   0.199813460570533E-01
   0.220394826035457E+02
   0.199104609052655E-01
   0.221559886133661E+02
   0.206994265714350E-01
   0.218606721184218E+02
   0.204824307050155E-01
   0.216063565264585E+02
   0.203387441773754E-01
   0.213967148697228E+02
   0.202952276849051E-01
   0.212261193497996E+02
   0.203489696747840E-01
   0.210735513713438E+02
   0.204346885066843E-01
   0.209087378395196E+02
   0.204781965592082E-01
   0.206963863888644E+02
   0.203014026426883E-01
   0.204345563223614E+02
   0.198713942343030E-01
   0.201620833798071E+02
   0.192392337200032E-01
   0.199382164808222E+02
   0.185111276465392E-01
   0.198385231857663E+02
   0.179271443044585E-01
   0.199566418102367E+02
   0.175814393715141E-01
   0.204366056068917E+02
   0.168636734126332E-01
   0.211043791901502E+02
   0.173953844468213E-01
   0.223174460222571E+02
   0.169441399129381E-01
   0.246853131671289E+02
   0.168725078248404E-01
   0.251120908393802E+02
   0.172766501384453E-01
   0.241249777288625E+02
   0.188818006216405E-01
   0.233514599423162E+02
   0.199493192306933E-01
   0.229671629762813E+02
   0.198816995707261E-01
   0.228453652151721E+02
   0.201664143824025E-01
   0.228519549229818E+02
   0.198234068744298E-01
   0.230554785967526E+02
   0.191270006243077E-01
   0.238888385348041E+02
   0.173903784382896E-01
   0.242557660606298E+02
   0.182885126486210E-01
   0.244513768273688E+02
   0.180954893901665E-01
   0.241867095177261E+02
   0.194819602631049E-01
   0.239767709528856E+02
   0.195859870261316E-01
   0.244209544512863E+02
   0.184534616486810E-01
   0.258549292982516E+02
   0.171202913655273E-01
   0.257274964343639E+02
   0.187208503972160E-01
   0.242668898269038E+02
   0.216442542958555E-01
   0.234338214093892E+02
   0.213921352070301E-01
   0.228771309828589E+02
   0.209683912752868E-01
   0.224848574070937E+02
   0.208662843934468E-01
   0.224744625668825E+02
   0.215232281735590E-01
   0.221933197550369E+02
   0.213141676865281E-01
   0.219490565875218E+02
   0.211656377735183E-01
   0.217432327436169E+02
   0.210681144255820E-01
   0.215716144627945E+02
   0.210187947635213E-01
   0.214171201128246E+02
   0.210382213062223E-01
   0.212506480861375E+02
   0.210717437763194E-01
   0.210338607135391E+02
   0.209038144451682E-01
   0.207650482672869E+02
   0.204660161528604E-01
   0.204925061646952E+02
   0.199148055899106E-01
   0.202779518748179E+02
   0.193823711776168E-01
   0.201880145498034E+02
   0.190194715775019E-01
   0.202825557570283E+02
   0.186179969918243E-01
   0.206620959258707E+02
   0.179027126961652E-01
   0.213260538402551E+02
   0.183204991434636E-01
   0.224995529463062E+02
   0.188758709223928E-01
   0.247061381578358E+02
   0.178895856531503E-01
   0.251987839629552E+02
   0.173674274029841E-01
   0.245924269402554E+02
   0.180688647961061E-01
   0.236136726146237E+02
   0.205158595721976E-01
   0.232767276544339E+02
   0.209555791567212E-01
   0.231935740728969E+02
   0.211066879526914E-01
   0.232233724232385E+02
   0.208397803634935E-01
   0.234099758076683E+02
   0.205656215976659E-01
   0.239495097802645E+02
   0.188557458251905E-01
   0.245406205902656E+02
   0.188771781656515E-01
   0.248816540015924E+02
   0.185269479696677E-01
   0.248780031659100E+02
   0.193999062540128E-01
   0.243941821459535E+02
   0.211967247300068E-01
   0.245952536972802E+02
   0.200943574964113E-01
   0.257194507350686E+02
   0.180352138544687E-01
   0.255514032474898E+02
   0.198414761820808E-01
   0.243652311836346E+02
   0.221662092265435E-01
   0.236557873848948E+02
   0.221334008740788E-01
   0.231569912192821E+02
   0.218839172910258E-01
   0.227868557918088E+02
   0.217133838846422E-01
   0.226454403012956E+02
   0.221032658353163E-01
   0.223726968393217E+02
   0.219230928928375E-01
   0.221326944991924E+02
   0.217735638079228E-01
   0.219256993888851E+02
   0.216033995125629E-01
   0.217479981847586E+02
   0.214441875405894E-01
   0.215872041344574E+02
   0.214272363268600E-01
   0.214146006556339E+02
   0.214740565530443E-01
   0.211921906716969E+02
   0.213085725236729E-01
   0.209231487173750E+02
   0.208808513568331E-01
   0.206613447317397E+02
   0.204283450114553E-01
   0.204672519724982E+02
   0.200831274676672E-01
   0.203961565622627E+02
   0.198055627229190E-01
   0.204833266012370E+02
   0.192224958844521E-01
   0.208140146572104E+02
   0.185606541345906E-01
   0.214736758438735E+02
   0.191479133148007E-01
   0.226003059048671E+02
   0.200893746139284E-01
   0.246184521975940E+02
   0.179804047241968E-01
   0.251489498956389E+02
   0.173311943350246E-01
   0.247647538664771E+02
   0.177049534818308E-01
   0.237744578744700E+02
   0.207232069155008E-01
   0.234929424313329E+02
   0.216510317055980E-01
   0.234475105561073E+02
   0.218407628173985E-01
   0.235058434712946E+02
   0.216714518828904E-01
   0.236708123651301E+02
   0.215329587819394E-01
   0.240298644534163E+02
   0.197667619349785E-01
   0.244879012158658E+02
   0.196049446922619E-01
   0.250083820618581E+02
   0.191501830804849E-01
   0.252298414166337E+02
   0.195303956593575E-01
   0.247350546641961E+02
   0.224133450303228E-01
   0.247346763793232E+02
   0.218273332876094E-01
   0.254768101246499E+02
   0.193408464648658E-01
   0.251517802349697E+02
   0.214505746985038E-01
   0.243510519370259E+02
   0.226813065609600E-01
   0.237560781207064E+02
   0.227537674074535E-01
   0.233023926576705E+02
   0.225362280269082E-01
   0.229480896869951E+02
   0.223024679997535E-01
   0.226796481932265E+02
   0.220387224082719E-01
   0.224107105048687E+02
   0.218626648415183E-01
   0.221710028773775E+02
   0.216961772087041E-01
   0.219609653061195E+02
   0.215111538914994E-01
   0.217759827095838E+02
   0.213617202054174E-01
   0.216039816508621E+02
   0.213273538772477E-01
   0.214191777262729E+02
   0.213241501695532E-01
   0.211901873022104E+02
   0.211352120114673E-01
   0.209261792941807E+02
   0.207633738139569E-01
   0.206804593513633E+02
   0.204050737943687E-01
   0.205085512983845E+02
   0.201365907881080E-01
   0.204613570431884E+02
   0.199060482822602E-01
   0.205625800924602E+02
   0.193486810629820E-01
   0.208731064264375E+02
   0.187110547522275E-01
   0.215284903604464E+02
   0.195121729845994E-01
   0.225876867093181E+02
   0.203591480483247E-01
   0.244285729894297E+02
   0.176013352280875E-01
   0.249840062760957E+02
   0.172118297809019E-01
   0.247479693515241E+02
   0.175582321363630E-01
   0.238311241247632E+02
   0.207187681794345E-01
   0.236104596279512E+02
   0.221104158925795E-01
   0.236049947291095E+02
   0.225401859791394E-01
   0.236913038481325E+02
   0.223335383676619E-01
   0.238366067399035E+02
   0.220140053167670E-01
   0.240911720987436E+02
   0.206333141921025E-01
   0.244495847474326E+02
   0.202405983502654E-01
   0.248652943722784E+02
   0.203030346816979E-01
   0.253422758481001E+02
   0.199452837187409E-01
   0.249933090994805E+02
   0.226285878824074E-01
   0.247901993557998E+02
   0.229098690450082E-01
   0.250754034897493E+02
   0.209931613982284E-01
   0.248372074241010E+02
   0.222674171306646E-01
   0.242492174279579E+02
   0.228396777048433E-01
   0.237402633016814E+02
   0.228732047482308E-01
   0.233197767252288E+02
   0.225250453438858E-01
   0.229770766858607E+02
   0.222391850375962E-01
   0.226059374039817E+02
   0.210126057266704E-01
   0.223360470026983E+02
   0.207397405360512E-01
   0.220898213835017E+02
   0.204595918424822E-01
   0.218689236047798E+02
   0.201968248287963E-01
   0.216710150748149E+02
   0.200335469661464E-01
   0.214850037915883E+02
   0.199986809170969E-01
   0.212884630787666E+02
   0.200136649158798E-01
   0.210570985636749E+02
   0.199081638912385E-01
   0.208045125407508E+02
   0.197181901919742E-01
   0.205807691135969E+02
   0.195800681997213E-01
   0.204337188935207E+02
   0.194769416732327E-01
   0.204088064133809E+02
   0.193792316787315E-01
   0.205332551158981E+02
   0.191089700409336E-01
   0.208347543717672E+02
   0.184959286645869E-01
   0.214853826781745E+02
   0.195796420198304E-01
   0.224548288519534E+02
   0.201038827430808E-01
   0.241459591590309E+02
   0.173862993882230E-01
   0.247138795708386E+02
   0.172011776073773E-01
   0.245861736727809E+02
   0.174283527601475E-01
   0.237894223046311E+02
   0.212479673784295E-01
   0.236157261958249E+02
   0.223903779880075E-01
   0.236432564189558E+02
   0.228795766940651E-01
   0.237695798652487E+02
   0.228181216470581E-01
   0.239039020791919E+02
   0.223116026387510E-01
   0.241031227422886E+02
   0.213616076905817E-01
   0.244043612439635E+02
   0.213595567139784E-01
   0.247378177726898E+02
   0.213155726257507E-01
   0.252506747129185E+02
   0.206221090053207E-01
   0.252122451072017E+02
   0.216430518556878E-01
   0.247401490076304E+02
   0.230021707594459E-01
   0.247656329824486E+02
   0.217176861672031E-01
   0.245397464393034E+02
   0.222730671379186E-01
   0.240695023883134E+02
   0.223560887597174E-01
   0.236237892451783E+02
   0.221201344217607E-01
   0.232336973957688E+02
   0.216566951484749E-01
   0.229009606426742E+02
   0.212957726772709E-01
   0.224493237657723E+02
   0.196434033695181E-01
   0.221764619699722E+02
   0.193134714748584E-01
   0.219244749620308E+02
   0.190081986861050E-01
   0.216958616195915E+02
   0.187681008920775E-01
   0.214873752713664E+02
   0.186113544679166E-01
   0.212873701074515E+02
   0.185212729202173E-01
   0.210777996287245E+02
   0.184580257340101E-01
   0.208441086208934E+02
   0.183551509484248E-01
   0.206046077609901E+02
   0.182838119340768E-01
   0.204016007186256E+02
   0.182945584915512E-01
   0.202756062243117E+02
   0.183686799823579E-01
   0.202688985476021E+02
   0.185313519088185E-01
   0.204104880915090E+02
   0.186744981738717E-01
   0.207045857626124E+02
   0.182157225037286E-01
   0.213423781673906E+02
   0.196691565086680E-01
   0.222064989795850E+02
   0.197516093019468E-01
   0.237568606371431E+02
   0.173747625854271E-01
   0.243246300526895E+02
   0.173078447951779E-01
   0.242863475524665E+02
   0.173419331524208E-01
   0.236269169126803E+02
   0.214669225379559E-01
   0.234888041882771E+02
   0.220885389505550E-01
   0.235391987422178E+02
   0.223808236811266E-01
   0.237249318957339E+02
   0.227169774071560E-01
   0.238632046473364E+02
   0.224354452442042E-01
   0.240357844123719E+02
   0.218364948007297E-01
   0.242984273843296E+02
   0.221374542489616E-01
   0.245654635732645E+02
   0.221020436860151E-01
   0.249095523488508E+02
   0.218805984397501E-01
   0.251221046716301E+02
   0.212755522239675E-01
   0.245723627376016E+02
   0.225523920206771E-01
   0.244640116395776E+02
   0.218708731005310E-01
   0.242272993343875E+02
   0.217907775528032E-01
   0.238233979130604E+02
   0.213218037281701E-01
   0.234293289418295E+02
   0.208975108590847E-01
   0.230671178521901E+02
   0.204001611877770E-01
   0.227436112777840E+02
   0.199944160742584E-01
   0.222560060611366E+02
   0.188962154502476E-01
   0.219830698377686E+02
   0.185466682948874E-01
   0.217288265246816E+02
   0.182371704702294E-01
   0.214957468025507E+02
   0.180123264610305E-01
   0.212789938355618E+02
   0.178521369929842E-01
   0.210662816242775E+02
   0.177317554728275E-01
   0.208433001813277E+02
   0.176208437779442E-01
   0.206032724397260E+02
   0.174842934321844E-01
   0.203674430885211E+02
   0.173914049284892E-01
   0.201727392772580E+02
   0.173859164357699E-01
   0.200547385766169E+02
   0.174941625484837E-01
   0.200534448767317E+02
   0.177832980692795E-01
   0.202028423822503E+02
   0.183062318577660E-01
   0.205096939785994E+02
   0.187355935090515E-01
   0.210916473967059E+02
   0.198355757235741E-01
   0.218439051904962E+02
   0.191078647352554E-01
   0.232429294417555E+02
   0.173619268943472E-01
   0.237983799337445E+02
   0.173935453154943E-01
   0.238479528077796E+02
   0.174950178866323E-01
   0.233400591259891E+02
   0.219100291113775E-01
   0.232326314496069E+02
   0.218493965891331E-01
   0.232971295461302E+02
   0.214148754643014E-01
   0.235617961222585E+02
   0.221267224101094E-01
   0.237087474419230E+02
   0.224463654959054E-01
   0.238685752191831E+02
   0.219943284191699E-01
   0.241018922357640E+02
   0.225170502513626E-01
   0.243198276770619E+02
   0.228211190905028E-01
   0.245609536882756E+02
   0.231497901438967E-01
   0.247856752602211E+02
   0.214741963329760E-01
   0.242897884118591E+02
   0.222546580515773E-01
   0.241335867821937E+02
   0.218361328624816E-01
   0.238901147960738E+02
   0.212823699605486E-01
   0.235360117700545E+02
   0.205862790549578E-01
   0.231906244912553E+02
   0.201409224534308E-01
   0.228582650496668E+02
   0.196811931457599E-01
   0.225468671900518E+02
   0.192688930321936E-01
   0.220527450122991E+02
   0.193809489690709E-01
   0.217862350963213E+02
   0.189705808148198E-01
   0.215356807650313E+02
   0.186098981802301E-01
   0.213019772674264E+02
   0.183294378483108E-01
   0.210799586048575E+02
   0.181235449598985E-01
   0.208572048491674E+02
   0.179701935634972E-01
   0.206222704380046E+02
   0.178544454737499E-01
   0.203734464877034E+02
   0.177375958937118E-01
   0.201328987908032E+02
   0.176696170983812E-01
   0.199340369464919E+02
   0.176897066421485E-01
   0.198081139832563E+02
   0.178098203297308E-01
   0.197921982648204E+02
   0.180971797529858E-01
   0.199239304761858E+02
   0.186774283367767E-01
   0.202162302162152E+02
   0.194189235454558E-01
   0.207304563598102E+02
   0.201592268634526E-01
   0.213786800266095E+02
   0.187905921492043E-01
   0.225892941785347E+02
   0.173018114126971E-01
   0.231190954934853E+02
   0.172679113960074E-01
   0.232608580594740E+02
   0.180364944231279E-01
   0.229061588808817E+02
   0.221284943271831E-01
   0.228453767216473E+02
   0.217451377094081E-01
   0.229421898298653E+02
   0.208883971464258E-01
   0.232972675828633E+02
   0.210838773088803E-01
   0.234514304901739E+02
   0.228059533629326E-01
   0.236161689435697E+02
   0.227534617452752E-01
   0.238148858892884E+02
   0.231796664894047E-01
   0.239788497032536E+02
   0.233855445235429E-01
   0.241224490540859E+02
   0.234975771421404E-01
   0.241986858067510E+02
   0.226584181851333E-01
   0.239146184972089E+02
   0.229633083789140E-01
   0.237588899086549E+02
   0.226224825589047E-01
   0.235280234374506E+02
   0.219250498427856E-01
   0.232253134429146E+02
   0.212333981489557E-01
   0.229294200229647E+02
   0.207876928942487E-01
   0.226293528000676E+02
   0.203072334086763E-01
   0.223345684787560E+02
   0.198237175750721E-01
   0.218366251187778E+02
   0.211201920556360E-01
   0.215862503001312E+02
   0.206595403920520E-01
   0.213476210515404E+02
   0.202104720524079E-01
   0.211199804401522E+02
   0.198130422816518E-01
   0.208984072347227E+02
   0.195042106660819E-01
   0.206701323964886E+02
   0.192726451809987E-01
   0.204251663563144E+02
   0.191111673567184E-01
   0.201651117393690E+02
   0.189580800385726E-01
   0.199121683398389E+02
   0.188293364750298E-01
   0.196970927435721E+02
   0.187587905398525E-01
   0.195469880623754E+02
   0.187124265932018E-01
   0.194943563708169E+02
   0.187206512644845E-01
   0.195750583653417E+02
   0.188990347599103E-01
   0.198026499330816E+02
   0.192614646859662E-01
   0.202550658868224E+02
   0.203784936598796E-01
   0.208315511438458E+02
   0.197409168935659E-01
   0.217810420028908E+02
   0.170690867889019E-01
   0.222775352473099E+02
   0.175601230037953E-01
   0.224989028934813E+02
   0.190550156970089E-01
   0.223158633361554E+02
   0.221245835743910E-01
   0.223195805474852E+02
   0.213777861721893E-01
   0.224678520547427E+02
   0.202556356710106E-01
   0.229723082347686E+02
   0.197322568456470E-01
   0.230625021244934E+02
   0.227560097565369E-01
   0.232376118903721E+02
   0.232960289489024E-01
   0.234010967082932E+02
   0.234786979726689E-01
   0.235149314762770E+02
   0.234933191608837E-01
   0.235782021931679E+02
   0.232360724144874E-01
   0.235872650109804E+02
   0.230425327465891E-01
   0.234237802736624E+02
   0.235825474721048E-01
   0.232999589771959E+02
   0.236735052405006E-01
   0.231067714260867E+02
   0.232638948627347E-01
   0.228663120052531E+02
   0.228568786931468E-01
   0.226249090901819E+02
   0.225155691981282E-01
   0.223650191938796E+02
   0.220808964451646E-01
   0.220986448950088E+02
   0.216012773082924E-01
   0.215150350888277E+02
   0.229397138358102E-01
   0.212925822452853E+02
   0.226334642367994E-01
   0.210778323314838E+02
   0.222292232594215E-01
   0.208675240918756E+02
   0.217507018753076E-01
   0.206558669123098E+02
   0.212970049111832E-01
   0.204287694255486E+02
   0.208752627171704E-01
   0.201763061233137E+02
   0.204866033898585E-01
   0.199039957278602E+02
   0.201146446631148E-01
   0.196351468325294E+02
   0.197799639372642E-01
   0.193992953419292E+02
   0.195160023117123E-01
   0.192214089831580E+02
   0.192737045275263E-01
   0.191282628286258E+02
   0.190367247338874E-01
   0.191441342383961E+02
   0.187989169934267E-01
   0.192814106027471E+02
   0.185689210693347E-01
   0.196425178862793E+02
   0.192218250122382E-01
   0.201766400801322E+02
   0.204540657280556E-01
   0.208055443545474E+02
   0.177411424973326E-01
   0.212476228122879E+02
   0.182310750298544E-01
   0.215118703065470E+02
   0.197083508843299E-01
   0.215668361266309E+02
   0.216320588904471E-01
   0.216588394333993E+02
   0.208493167548156E-01
   0.218847964505704E+02
   0.190176412780303E-01
   0.224226095063887E+02
   0.197659533416723E-01
   0.225346640181658E+02
   0.224567211896300E-01
   0.227153518143743E+02
   0.234050040089129E-01
   0.228472716539003E+02
   0.232425686526256E-01
   0.229240254504951E+02
   0.231594537989093E-01
   0.229296236126905E+02
   0.228128132521726E-01
   0.228942167491182E+02
   0.227090418528095E-01
   0.227899333357369E+02
   0.232748768506216E-01
   0.226995975348638E+02
   0.237002311682702E-01
   0.225538143507820E+02
   0.237247180040005E-01
   0.223744032106108E+02
   0.237399968823280E-01
   0.221889490480782E+02
   0.237325393220183E-01
   0.219747042360249E+02
   0.235137496439564E-01
   0.217462081132428E+02
   0.232418928172969E-01
   0.209880290203765E+02
   0.229652507874894E-01
   0.207976590941669E+02
   0.229102743722174E-01
   0.206163297443072E+02
   0.227883046737245E-01
   0.204377401256369E+02
   0.225074790030020E-01
   0.202519954702218E+02
   0.221258716949462E-01
   0.200411564084800E+02
   0.216310252690883E-01
   0.197924470925316E+02
   0.210187629769406E-01
   0.195146858125433E+02
   0.204120857524800E-01
   0.192332428783206E+02
   0.199001697581268E-01
   0.189777736538543E+02
   0.195068547510866E-01
   0.187738518171359E+02
   0.191916956392718E-01
   0.186452430367379E+02
   0.189319813208864E-01
   0.186095019735892E+02
   0.186426603710493E-01
   0.186810397491154E+02
   0.182110348521478E-01
   0.189358290933895E+02
   0.178542519967041E-01
   0.193857181131856E+02
   0.186168624333575E-01
   0.198976408634022E+02
   0.185434500387128E-01
   0.202650262343155E+02
   0.186898656407468E-01
   0.204943371530367E+02
   0.188628542390684E-01
   0.206616208443056E+02
   0.203512306379437E-01
   0.208578971005709E+02
   0.203555538906643E-01
   0.212218582318076E+02
   0.172564371164845E-01
   0.216366208225031E+02
   0.204838738380835E-01
   0.218649399764423E+02
   0.223033089296176E-01
   0.220435402639683E+02
   0.227065645794847E-01
   0.221552616355728E+02
   0.225717058459539E-01
   0.222028991732392E+02
   0.224528766681586E-01
   0.221718609717754E+02
   0.220697513940317E-01
   0.220995831996712E+02
   0.217975527949587E-01
   0.220087359434442E+02
   0.220612059880420E-01
   0.219355813990422E+02
   0.224942899099579E-01
   0.218268674886340E+02
   0.227232601421484E-01
   0.216958492174010E+02
   0.229786451494169E-01
   0.215540228129497E+02
   0.232068677600557E-01
   0.213791856642586E+02
   0.231667932866056E-01
   0.211869335053939E+02
   0.230725344391184E-01
   0.202402732886742E+02
   0.215656694727222E-01
   0.200731973593883E+02
   0.215749290387336E-01
   0.199190562463513E+02
   0.216484596330637E-01
   0.197733744587824E+02
   0.217018525610416E-01
   0.196219471341158E+02
   0.216389294366178E-01
   0.194422703508978E+02
   0.213776359498833E-01
   0.192166199166926E+02
   0.208558055374148E-01
   0.189503883025293E+02
   0.202086694649131E-01
   0.186679922242327E+02
   0.195936613837850E-01
   0.183999116818404E+02
   0.190883258892130E-01
   0.181750447238258E+02
   0.187060277014352E-01
   0.180172519913555E+02
   0.184252981836450E-01
   0.179446038229276E+02
   0.181814351120444E-01
   0.179773904154498E+02
   0.179136038327401E-01
   0.181756473963299E+02
   0.177746043468344E-01
   0.185565288848929E+02
   0.183558808172852E-01
   0.189598545324157E+02
   0.183477466629047E-01
   0.192354725724941E+02
   0.182325632254628E-01
   0.194091303115915E+02
   0.182233162054538E-01
   0.196130335592476E+02
   0.189893585832196E-01
   0.198961932275545E+02
   0.194132606489319E-01
   0.203402742621264E+02
   0.166252873140700E-01
   0.207648174433428E+02
   0.199599257640041E-01
   0.210494292191676E+02
   0.210888523877181E-01
   0.212238602205551E+02
   0.213984060903720E-01
   0.213231889323170E+02
   0.215272339897195E-01
   0.213501162992110E+02
   0.214729345381562E-01
   0.212969949662082E+02
   0.211209944513129E-01
   0.212023264718047E+02
   0.207671867775370E-01
   0.211107407066559E+02
   0.208174679036102E-01
   0.210387622366228E+02
   0.210828378697378E-01
   0.209462133852136E+02
   0.212565615132044E-01
   0.208421352863030E+02
   0.214803336829252E-01
   0.207269698128971E+02
   0.216921063987978E-01
   0.205797480099088E+02
   0.217017512111964E-01
   0.204146998116156E+02
   0.216440159797554E-01
   0.192987203638262E+02
   0.199354448662210E-01
   0.191462841728450E+02
   0.198836391402581E-01
   0.190076572280462E+02
   0.199384328093785E-01
   0.188830629882678E+02
   0.201023170803161E-01
   0.187583393344150E+02
   0.202616151581359E-01
   0.186100321241438E+02
   0.203041367245006E-01
   0.184176870385707E+02
   0.201085745698489E-01
   0.181794836566425E+02
   0.196709145240445E-01
   0.179126414578954E+02
   0.190990725331362E-01
   0.176443342078234E+02
   0.185046370276379E-01
   0.174071106999880E+02
   0.180160167497193E-01
   0.172274042679696E+02
   0.176490674807576E-01
   0.171275566518657E+02
   0.173505983610983E-01
   0.171347789034246E+02
   0.170792896385618E-01
   0.172969229413308E+02
   0.170140542317973E-01
   0.176129637360266E+02
   0.174657065847080E-01
   0.179235654549982E+02
   0.175144667762529E-01
   0.181125760432704E+02
   0.172780662965255E-01
   0.182168753866593E+02
   0.170083950206577E-01
   0.184233450920293E+02
   0.174814356253592E-01
   0.187766814661726E+02
   0.180281616748805E-01
   0.192490890430203E+02
   0.172707144080658E-01
   0.197929394721783E+02
   0.190330743832970E-01
   0.201011273185869E+02
   0.196626161396783E-01
   0.202656108119470E+02
   0.199436340196506E-01
   0.203480806177390E+02
   0.201758938842539E-01
   0.203590226911256E+02
   0.202213246858770E-01
   0.202952211367291E+02
   0.199974108905498E-01
   0.201910328240553E+02
   0.196866968136358E-01
   0.200932087193906E+02
   0.196195556034198E-01
   0.200139865567518E+02
   0.197463695353257E-01
   0.199248405065849E+02
   0.198398881869505E-01
   0.198310038843090E+02
   0.199743803635463E-01
   0.197271326295125E+02
   0.200726676312994E-01
   0.195990686072717E+02
   0.200762810354073E-01
   0.194546185995030E+02
   0.200276199372560E-01
   0.181738675791746E+02
   0.183219033584253E-01
   0.180313943843980E+02
   0.182200916427767E-01
   0.179005721836894E+02
   0.181922048374868E-01
   0.177859762382036E+02
   0.182864931331300E-01
   0.176757386967107E+02
   0.184343704413167E-01
   0.175486545005897E+02
   0.185604958010592E-01
   0.173861116104957E+02
   0.186025674839136E-01
   0.171815139096229E+02
   0.184662537607570E-01
   0.169428858430782E+02
   0.181291659023446E-01
   0.166899974456438E+02
   0.176365658973321E-01
   0.164536564847011E+02
   0.171239997476359E-01
   0.162621002479262E+02
   0.166806748300533E-01
   0.161442342146626E+02
   0.163311159766747E-01
   0.161350064222566E+02
   0.160922012418881E-01
   0.162708924344213E+02
   0.160437632783555E-01
   0.165307939588946E+02
   0.162637737457227E-01
   0.167675669613525E+02
   0.162722198244839E-01
   0.168785390153497E+02
   0.160742549688535E-01
   0.168950966217450E+02
   0.155209169607035E-01
   0.170780945619452E+02
   0.157793358940178E-01
   0.175009526826908E+02
   0.162980710653610E-01
   0.181055825827653E+02
   0.169809067793627E-01
   0.187124949229797E+02
   0.179945598196054E-01
   0.190286230305385E+02
   0.182060694880002E-01
   0.191731620554873E+02
   0.184110916863564E-01
   0.192314997463969E+02
   0.186031798352483E-01
   0.192259789501516E+02
   0.187067862219796E-01
   0.191557990104918E+02
   0.186298506616424E-01
   0.190472684562939E+02
   0.184265132197018E-01
   0.189412131691097E+02
   0.183199886407019E-01
   0.188492097367063E+02
   0.183352463413393E-01
   0.187539435736957E+02
   0.183462965809109E-01
   0.186592932718755E+02
   0.184040476044005E-01
   0.185587149196385E+02
   0.184360798057192E-01
   0.184434650023843E+02
   0.184386086311943E-01
   0.183149519092795E+02
   0.184065844199841E-01
   0.168683926778471E+02
   0.167192259636948E-01
   0.167340404392672E+02
   0.166134291228253E-01
   0.166069517685734E+02
   0.165312560216918E-01
   0.164944068837583E+02
   0.165251667881074E-01
   0.163884456024013E+02
   0.165775777070960E-01
   0.162718530797720E+02
   0.166433653978163E-01
   0.161294533252016E+02
   0.167041056467548E-01
   0.159538067313539E+02
   0.166976026568522E-01
   0.157460766964365E+02
   0.165586855177637E-01
   0.155187783730623E+02
   0.162666420832846E-01
   0.152969594538735E+02
   0.158845826823123E-01
   0.151055863791480E+02
   0.154456524005167E-01
   0.149788094940999E+02
   0.150577173166054E-01
   0.149611993341365E+02
   0.148470591873517E-01
   0.150830907765697E+02
   0.148626962644433E-01
   0.153045023526554E+02
   0.149998066365505E-01
   0.154866039656620E+02
   0.149936314354671E-01
   0.155205373644521E+02
   0.147657296844707E-01
   0.154252080174518E+02
   0.139246189876233E-01
   0.155621262428420E+02
   0.139129170391979E-01
   0.160560986147214E+02
   0.146180019573579E-01
   0.168270243205454E+02
   0.158140687857048E-01
   0.175196320915678E+02
   0.170726393255127E-01
   0.178409145901524E+02
   0.170350198139032E-01
   0.179547756977296E+02
   0.170194665212313E-01
   0.179803561071068E+02
   0.170567115511403E-01
   0.179524656982879E+02
   0.171123910462480E-01
   0.178726332226434E+02
   0.170909629231015E-01
   0.177593854364310E+02
   0.169934196201123E-01
   0.176442601091865E+02
   0.169183951881809E-01
   0.175366264740771E+02
   0.168637427258856E-01
   0.174289275851436E+02
   0.168065744846826E-01
   0.173257406063530E+02
   0.167944363539791E-01
   0.172225965819044E+02
   0.167828033369931E-01
   0.171141257404525E+02
   0.167853207286472E-01
   0.169973635113131E+02
   0.167819233654480E-01
   0.153780424333465E+02
   0.150425072532299E-01
   0.152508802014314E+02
   0.149516807642910E-01
   0.151264866184544E+02
   0.148508747496439E-01
   0.150131416448351E+02
   0.147842029296549E-01
   0.149062697355718E+02
   0.147692596548889E-01
   0.147931950616817E+02
   0.147729433730748E-01
   0.146618426296699E+02
   0.147688364811777E-01
   0.145068106805282E+02
   0.147707917553232E-01
   0.143256574766378E+02
   0.147036607779704E-01
   0.141257318589769E+02
   0.145425374340312E-01
   0.139256697705063E+02
   0.143019201833648E-01
   0.137445121605008E+02
   0.139419961201198E-01
   0.136166042390611E+02
   0.135494630449107E-01
   0.135969197551437E+02
   0.133938844070574E-01
   0.137172460038402E+02
   0.135636688617098E-01
   0.139234126439538E+02
   0.138257033718854E-01
   0.140736265146145E+02
   0.139175639730853E-01
   0.140313563626787E+02
   0.136049328889169E-01
   0.137857013660207E+02
   0.122104365718546E-01
   0.138539545551710E+02
   0.117150350442701E-01
   0.144148587727637E+02
   0.127985372329920E-01
   0.154138775971753E+02
   0.154403495408279E-01
   0.162087193078716E+02
   0.169950465174059E-01
   0.165320036949662E+02
   0.165781600530478E-01
   0.166059509848395E+02
   0.160873569783496E-01
   0.165933540366873E+02
   0.158204023035818E-01
   0.165371756431890E+02
   0.156967323865328E-01
   0.164409893157441E+02
   0.155887048378575E-01
   0.163175017285840E+02
   0.154718604500323E-01
   0.161904639385990E+02
   0.154062061784675E-01
   0.160659022833228E+02
   0.153162415234655E-01
   0.159423027056991E+02
   0.152107552510106E-01
   0.158255699943169E+02
   0.151421378229622E-01
   0.157151688240031E+02
   0.151010340351590E-01
   0.156076248968633E+02
   0.150885885726426E-01
   0.154977049911743E+02
   0.150870946493356E-01
   0.136920512674614E+02
   0.136586809832928E-01
   0.135708160401866E+02
   0.135559927813697E-01
   0.134495722604638E+02
   0.134375855429056E-01
   0.133368866502851E+02
   0.133462432122136E-01
   0.132282110641122E+02
   0.132822959744820E-01
   0.131157592993686E+02
   0.132357376984984E-01
   0.129907448186794E+02
   0.131761020617635E-01
   0.128493583312632E+02
   0.131287959687756E-01
   0.126889335444138E+02
   0.130660197727022E-01
   0.125134543515516E+02
   0.129798263274169E-01
   0.123370195064145E+02
   0.129177063218900E-01
   0.121733661133267E+02
   0.128124768618708E-01
   0.120516082470187E+02
   0.126213432239230E-01
   0.120288159181962E+02
   0.125338343463104E-01
   0.121492573916877E+02
   0.127378677187456E-01
   0.123614385597075E+02
   0.131351943483992E-01
   0.125073758945231E+02
   0.133421018483516E-01
   0.124040831142210E+02
   0.129636276860965E-01
   0.119521210472032E+02
   0.960074736871071E-02
   0.119411578639808E+02
   0.898364640904309E-02
   0.125371273252192E+02
   0.103033969153540E-01
   0.137386934583055E+02
   0.146726818522693E-01
   0.146637886933384E+02
   0.169727606236881E-01
   0.150307425214328E+02
   0.168452251895900E-01
   0.150883955440153E+02
   0.161237266295806E-01
   0.150441626499238E+02
   0.156050404766126E-01
   0.149594894202161E+02
   0.152509474900413E-01
   0.148410729180745E+02
   0.149538194581535E-01
   0.147012453382885E+02
   0.146736657526541E-01
   0.145587449934205E+02
   0.144508195947625E-01
   0.144173565489085E+02
   0.142452756478120E-01
   0.142779161277341E+02
   0.140538998175980E-01
   0.141456754235138E+02
   0.139072411198647E-01
   0.140247633081771E+02
   0.138113875720188E-01
   0.139134188348481E+02
   0.137589542947642E-01
   0.138056402281056E+02
   0.137230718075104E-01
   0.117822134699346E+02
   0.126765779927374E-01
   0.116650665136019E+02
   0.125936886465609E-01
   0.115469031397281E+02
   0.124973829055106E-01
   0.114361663153599E+02
   0.123975301196277E-01
   0.113273115586515E+02
   0.123078657201786E-01
   0.112166589018848E+02
   0.122360252003964E-01
   0.110987521471484E+02
   0.121703700803967E-01
   0.109702472957405E+02
   0.121132666169974E-01
   0.108289531442452E+02
   0.120781460611135E-01
   0.106742988327283E+02
   0.120247673152480E-01
   0.105161192946113E+02
   0.119648188306220E-01
   0.103674102722728E+02
   0.118808601547723E-01
   0.102541368070921E+02
   0.117282238241120E-01
   0.102297073934043E+02
   0.116277963642259E-01
   0.103473630001089E+02
   0.117748440923275E-01
   0.105745201112992E+02
   0.122508387867041E-01
   0.107468310700726E+02
   0.127144043338208E-01
   0.106323900172031E+02
   0.124469542901785E-01
   0.100193750002654E+02
   0.865802500056318E-02
   0.992283504440297E+01
   0.776609540363213E-02
   0.104801607671182E+02
   0.864208313891486E-02
   0.117606253279500E+02
   0.136206803767492E-01
   0.127250523529962E+02
   0.158650737743850E-01
   0.131595248575508E+02
   0.162497703877771E-01
   0.132664779674191E+02
   0.158307593046858E-01
   0.132417762493808E+02
   0.154204660810235E-01
   0.131562782046773E+02
   0.149941082413275E-01
   0.130285643593938E+02
   0.145406890866995E-01
   0.128756802055631E+02
   0.141113872352663E-01
   0.127193949302935E+02
   0.137650421053418E-01
   0.125624976140022E+02
   0.134714023288636E-01
   0.124092661482630E+02
   0.132407209442189E-01
   0.122596303150568E+02
   0.130289542462357E-01
   0.121241100680501E+02
   0.128738796717527E-01
   0.120032758621668E+02
   0.127764487814000E-01
   0.118928524399170E+02
   0.127255148979948E-01
   0.962049488512940E+01
   0.116965190503030E-01
   0.950042576174108E+01
   0.115828584230119E-01
   0.938127939575542E+01
   0.114660207275887E-01
   0.927648813056908E+01
   0.113983342130842E-01
   0.916968386873139E+01
   0.113154268706850E-01
   0.906164448703796E+01
   0.112425767697660E-01
   0.895142080592868E+01
   0.111839520192122E-01
   0.883695592565016E+01
   0.111383213870538E-01
   0.871516362503439E+01
   0.111030971683360E-01
   0.858451917228082E+01
   0.110657677271932E-01
   0.845281844533288E+01
   0.110271975517835E-01
   0.833067870652029E+01
   0.109707676365344E-01
   0.823969857448618E+01
   0.108799978898300E-01
   0.822276613860678E+01
   0.108249985574576E-01
   0.833019679494923E+01
   0.109244452320339E-01
   0.855832153854259E+01
   0.113372716607622E-01
   0.875943437353698E+01
   0.119643506154777E-01
   0.870751346049188E+01
   0.122331887745319E-01
   0.804039242989936E+01
   0.840442667614376E-02
   0.787866488678129E+01
   0.758337179061571E-02
   0.831227870135427E+01
   0.815906567124917E-02
   0.942001553903063E+01
   0.115587173126238E-01
   0.102784769617996E+02
   0.132151481004667E-01
   0.107478856087702E+02
   0.139652341942695E-01
   0.109432649883924E+02
   0.140762404007309E-01
   0.109991375604376E+02
   0.140981401189434E-01
   0.109773352266575E+02
   0.140084190640466E-01
   0.108976574580686E+02
   0.137621378879956E-01
   0.107747097309128E+02
   0.134547543496670E-01
   0.106278109552820E+02
   0.131210704029394E-01
   0.104667571078317E+02
   0.127902248693239E-01
   0.103015602798878E+02
   0.125081419465094E-01
   0.101398169743502E+02
   0.122584600003567E-01
   0.999126249961993E+01
   0.120562141375117E-01
   0.985682085440807E+01
   0.119008640013476E-01
   0.973657487790044E+01
   0.117912986098021E-01
   0.719200014242677E+01
   0.106992342118272E-01
   0.707297719730281E+01
   0.105810421798965E-01
   0.695601672545587E+01
   0.104657102917763E-01
   0.684566693767625E+01
   0.103589301846971E-01
   0.673641200833108E+01
   0.102511192334392E-01
   0.663044209661437E+01
   0.101715667702228E-01
   0.652877376259041E+01
   0.101198563092068E-01
   0.643004361772273E+01
   0.100967069663810E-01
   0.633023671056942E+01
   0.100798193345561E-01
   0.622653928370797E+01
   0.100666976159663E-01
   0.612854824141767E+01
   0.100605854659127E-01
   0.604330563396553E+01
   0.100482987727684E-01
   0.598710402556630E+01
   0.100270123905214E-01
   0.598794554711182E+01
   0.100236093062143E-01
   0.608003657054422E+01
   0.100991106909695E-01
   0.627502565751018E+01
   0.103760733122472E-01
   0.647608702184859E+01
   0.109105411254095E-01
   0.651862940406457E+01
   0.116207340264824E-01
   0.607081840416024E+01
   0.958603373660684E-02
   0.587734353316865E+01
   0.905162573063248E-02
   0.607823758407586E+01
   0.870283975825383E-02
   0.672031172152624E+01
   0.946559659900929E-02
   0.732226410314866E+01
   0.100192858947786E-01
   0.775412905999000E+01
   0.106300451472102E-01
   0.801519724157427E+01
   0.110669323876046E-01
   0.815932828562475E+01
   0.114174647152878E-01
   0.823885409398031E+01
   0.117404579881357E-01
   0.825390920246789E+01
   0.119153968854972E-01
   0.820636231146169E+01
   0.119292688386083E-01
   0.811577028646442E+01
   0.118381362058607E-01
   0.799076903993817E+01
   0.116516575378067E-01
   0.784635133359397E+01
   0.114434027747928E-01
   0.769760858309346E+01
   0.112345520424132E-01
   0.755772863325188E+01
   0.110616073753142E-01
   0.742459212329307E+01
   0.109053258990549E-01
   0.730602799855402E+01
   0.107955746517544E-01
   0.433310502007950E+01
   0.930119438288677E-02
   0.422653974714610E+01
   0.921724490662042E-02
   0.412576394040241E+01
   0.914637283777319E-02
   0.402785618510067E+01
   0.907552269190090E-02
   0.393036397831817E+01
   0.899815392103798E-02
   0.383695311943109E+01
   0.893507036941505E-02
   0.375095388042867E+01
   0.889712999279986E-02
   0.367124774950188E+01
   0.888396533855379E-02
   0.359427775081022E+01
   0.887863120206559E-02
   0.351455864252906E+01
   0.885138163813221E-02
   0.345330620431318E+01
   0.885886449987794E-02
   0.341045818376252E+01
   0.887423880805313E-02
   0.339381573293302E+01
   0.889528378225312E-02
   0.341774864159766E+01
   0.893030450353403E-02
   0.349567629991859E+01
   0.899168039702117E-02
   0.363082852648069E+01
   0.915151432281724E-02
   0.377737808051865E+01
   0.946518803760742E-02
   0.381227039819599E+01
   0.984147883771181E-02
   0.357196222600641E+01
   0.911339925630818E-02
   0.339068305042513E+01
   0.853057512785460E-02
   0.341634660179126E+01
   0.801545703044647E-02
   0.369060904295730E+01
   0.791144162165583E-02
   0.403190822231615E+01
   0.796742873088713E-02
   0.434258761671766E+01
   0.821846433177930E-02
   0.457647622526011E+01
   0.847966422975657E-02
   0.474874127911826E+01
   0.875020561906005E-02
   0.488529347155055E+01
   0.908401275423034E-02
   0.497673253614867E+01
   0.938684377892320E-02
   0.501348565274554E+01
   0.959641839814812E-02
   0.499610388429110E+01
   0.968490004374034E-02
   0.493230192059045E+01
   0.966544270722540E-02
   0.483656430324307E+01
   0.958295358310712E-02
   0.472816823807979E+01
   0.948603732476480E-02
   0.462682307195439E+01
   0.943180972874486E-02
   0.452738489302302E+01
   0.938794317850352E-02
   0.442995281299256E+01
   0.934396015282286E-02
   0.784228831723287E+00
   0.728308502635176E-02
   0.717743749250582E+00
   0.727922892116638E-02
   0.648175349964212E+00
   0.726059859052029E-02
   0.575872801318952E+00
   0.723067873976620E-02
   0.501538612099805E+00
   0.718598446137405E-02
   0.431023664640565E+00
   0.713943492909566E-02
   0.368793040809865E+00
   0.710497350224515E-02
   0.313054740620992E+00
   0.708111987072343E-02
   0.262048955292540E+00
   0.705992959202942E-02
   0.222326554005745E+00
   0.704739619499830E-02
   0.203607429132373E+00
   0.706090992735678E-02
   0.202370287535476E+00
   0.708033142065743E-02
   0.219961219382190E+00
   0.710475967461694E-02
   0.260158597539106E+00
   0.713553720887353E-02
   0.323798190608042E+00
   0.717987422002131E-02
   0.403831943766305E+00
   0.726812857089541E-02
   0.484761948436996E+00
   0.747015901961612E-02
   0.502039130915157E+00
   0.768295432666297E-02
   0.377103155184292E+00
   0.741645584340665E-02
   0.230607636443272E+00
   0.703941963382339E-02
   0.159043941761882E+00
   0.667353458313779E-02
   0.221003341539564E+00
   0.646638326240493E-02
   0.353909013626754E+00
   0.635861911909351E-02
   0.510284870635487E+00
   0.634366283508167E-02
   0.657456991436211E+00
   0.637454295331926E-02
   0.791028033588551E+00
   0.644780700557865E-02
   0.915721624011257E+00
   0.659710290929002E-02
   0.102409271859678E+01
   0.680430840648942E-02
   0.110142256056859E+01
   0.701285580785501E-02
   0.113689459379943E+01
   0.716027644170469E-02
   0.113179705568829E+01
   0.723756763093785E-02
   0.109522722922170E+01
   0.726493297566329E-02
   0.103929443101899E+01
   0.726086590092762E-02
   0.979895431694741E+00
   0.726789502421315E-02
   0.918316472939052E+00
   0.727950335196780E-02
   0.849809685071746E+00
   0.727679859838989E-02
  -0.376682827208880E+01
   0.489520098008050E-02
  -0.379497338006097E+01
   0.490934036444140E-02
  -0.382812593190708E+01
   0.490277540609313E-02
  -0.386511228497255E+01
   0.487779031815742E-02
  -0.390357187203628E+01
   0.483821779300698E-02
  -0.393457668375562E+01
   0.479648179087091E-02
  -0.395448969214201E+01
   0.476284155219938E-02
  -0.396190705754805E+01
   0.474440579338391E-02
  -0.395780630413745E+01
   0.473811504639473E-02
  -0.394196742558848E+01
   0.474177476833704E-02
  -0.391522388534479E+01
   0.474743209807230E-02
  -0.388133703411265E+01
   0.475435680269140E-02
  -0.384179249923614E+01
   0.476879466420699E-02
  -0.379679255842469E+01
   0.479825334841993E-02
  -0.375170830081422E+01
   0.484470722740086E-02
  -0.371473196644122E+01
   0.491982484131873E-02
  -0.369882969782864E+01
   0.503081779391052E-02
  -0.372575386733088E+01
   0.513739459292552E-02
  -0.380623252835510E+01
   0.514185376365215E-02
  -0.391224791754733E+01
   0.504040489581987E-02
  -0.400548045477364E+01
   0.487427842791055E-02
  -0.405985401821740E+01
   0.469417291987488E-02
  -0.407335673252412E+01
   0.453529453265449E-02
  -0.405028887557271E+01
   0.442360659062498E-02
  -0.399962120498825E+01
   0.437223952463624E-02
  -0.392856803411667E+01
   0.438781329111348E-02
  -0.384541268650506E+01
   0.446140614922150E-02
  -0.376457394277208E+01
   0.456822048725057E-02
  -0.369934132557769E+01
   0.468108751899145E-02
  -0.365883089919953E+01
   0.477047616940510E-02
  -0.364522147748196E+01
   0.481895803016436E-02
  -0.365325868160748E+01
   0.483380329712115E-02
  -0.367364961345291E+01
   0.483396480506879E-02
  -0.369742786029086E+01
   0.483901327665947E-02
  -0.372041414312752E+01
   0.485194171703578E-02
  -0.374269569125341E+01
   0.487125429891037E-02
  -0.100011516986877E+02
   0.273956708761007E-02
  -0.994199566215055E+01
   0.276570549608514E-02
  -0.989063999637305E+01
   0.277801683635390E-02
  -0.984203569036359E+01
   0.278100980193459E-02
  -0.978001513487767E+01
   0.279383450411568E-02
  -0.969824485795846E+01
   0.282259084418241E-02
  -0.959110184180088E+01
   0.287289337451545E-02
  -0.945378565052333E+01
   0.294997439897667E-02
  -0.930883772888243E+01
   0.303294581713947E-02
  -0.916149984090811E+01
   0.311871105946944E-02
  -0.902098673708786E+01
   0.320120051997245E-02
  -0.889871476554159E+01
   0.327594582501616E-02
  -0.878502427685227E+01
   0.336112443107181E-02
  -0.872422261922886E+01
   0.340461350727549E-02
  -0.871631578956482E+01
   0.341219070464234E-02
  -0.876556873885986E+01
   0.338324939652440E-02
  -0.888055432588893E+01
   0.331011935704706E-02
  -0.907372161104841E+01
   0.317680390408104E-02
  -0.928421641786588E+01
   0.305231789703204E-02
  -0.950639555713389E+01
   0.293173275081268E-02
  -0.972820478978648E+01
   0.281551624837839E-02
  -0.994561791981096E+01
   0.269544730842813E-02
  -0.101486813701051E+02
   0.257618897721617E-02
  -0.102874738090898E+02
   0.249963871044711E-02
  -0.103693569487614E+02
   0.245914174095859E-02
  -0.104051648676878E+02
   0.244690416240255E-02
  -0.104085244268992E+02
   0.245374207129144E-02
  -0.103942153965697E+02
   0.246978431015132E-02
  -0.103741797414980E+02
   0.248700371132634E-02
  -0.103541491941084E+02
   0.250167565058267E-02
  -0.103353528949111E+02
   0.251341009742645E-02
  -0.103137327924005E+02
   0.252607250529021E-02
  -0.102845647080274E+02
   0.254408245364979E-02
  -0.102404360600969E+02
   0.257388572769775E-02
  -0.101735103287489E+02
   0.262167808136598E-02
  -0.100756690843270E+02
   0.269357309335264E-02
