   0.198208310153804E+01
   0.416402722205447E-02
   0.882865962803860E+00
   0.397634545309924E-02
   0.165245574651568E+00
   0.383381165339993E-02
  -0.247294299344716E+00
   0.373051821919405E-02
  -0.334000406954949E+00
   0.366647447999804E-02
   0.359094514320891E-01
   0.364634364145493E-02
  -0.450756641640243E+00
   0.368972724977484E-02
  -0.418094696663259E+00
   0.378361534939504E-02
   0.109469885905338E+00
   0.392899184246996E-02
   0.113231411101698E+01
   0.412733479213542E-02
   0.265880848494123E+01
   0.437879121779200E-02
   0.491573943660843E+01
   0.467566997973016E-02
   0.816313941705857E+01
   0.500666083404543E-02
   0.110140716783221E+02
   0.535310570933192E-02
   0.135834635852286E+02
   0.569602880812895E-02
   0.158956851415647E+02
   0.602008453479581E-02
   0.178588268682279E+02
   0.631441328756195E-02
   0.194511203567320E+02
   0.657210607216036E-02
   0.206891308600013E+02
   0.678926923102075E-02
   0.216078948126961E+02
   0.696601560156093E-02
   0.222476170547730E+02
   0.710623740210289E-02
   0.226432518049499E+02
   0.721248145669330E-02
   0.228158302832080E+02
   0.728439082649869E-02
   0.227663527307918E+02
   0.731850662390877E-02
   0.224759387330022E+02
   0.730849096682969E-02
   0.219112052944674E+02
   0.724832646328144E-02
   0.210273624906505E+02
   0.713512513069045E-02
   0.197675580333255E+02
   0.696702181580140E-02
   0.180600722892905E+02
   0.674281674760792E-02
   0.158158769962993E+02
   0.646405647566737E-02
   0.129292822932107E+02
   0.613747379847623E-02
   0.928146413864483E+01
   0.577613632540087E-02
   0.645162344813310E+01
   0.539951140420293E-02
   0.437763418262121E+01
   0.503139545181299E-02
   0.297372567199247E+01
   0.469433159759287E-02
   0.218254490187530E+01
   0.440350968452348E-02
   0.494810678807851E+01
   0.523755241707009E-02
   0.553341775642484E+01
   0.504562424152440E-02
   0.532145738210117E+01
   0.487430742828003E-02
   0.450173298448401E+01
   0.469831874390630E-02
   0.292269888058698E+01
   0.456419271749176E-02
   0.219654022088548E+01
   0.450104859824516E-02
   0.196036555499272E+01
   0.450368074652638E-02
   0.218542906410453E+01
   0.457846222803553E-02
   0.292390921081881E+01
   0.471358670559152E-02
   0.435260638042919E+01
   0.489215480800958E-02
   0.461163180587041E+01
   0.514256773368095E-02
   0.548388376767307E+01
   0.544080192000647E-02
   0.705158279812385E+01
   0.589076275435812E-02
   0.922060496200763E+01
   0.641092026182726E-02
   0.121168146564399E+02
   0.691380255087407E-02
   0.160696481092980E+02
   0.737843653009225E-02
   0.187757666435909E+02
   0.779576427153280E-02
   0.205755951113182E+02
   0.815022652518941E-02
   0.217184795761593E+02
   0.840356546493895E-02
   0.224004381857566E+02
   0.854862219767751E-02
   0.227904427544446E+02
   0.867276285530896E-02
   0.230319234490894E+02
   0.880471498987105E-02
   0.232223380117694E+02
   0.894775971984580E-02
   0.233619578590816E+02
   0.909428753590535E-02
   0.233660461836801E+02
   0.918169151577468E-02
   0.231589526873273E+02
   0.915681711541210E-02
   0.226947262421985E+02
   0.905918044913999E-02
   0.219383711568778E+02
   0.890207587182002E-02
   0.208330867097690E+02
   0.866565323519180E-02
   0.192649093193348E+02
   0.832669224363313E-02
   0.170667054780415E+02
   0.787962555851770E-02
   0.140671915730562E+02
   0.735096494799900E-02
   0.101298372019404E+02
   0.676415861061360E-02
   0.758162164821578E+01
   0.621009368483207E-02
   0.600967399138611E+01
   0.577203684173363E-02
   0.515772258848933E+01
   0.546742323872648E-02
   0.743565063861781E+01
   0.690518253227833E-02
   0.706301012508301E+01
   0.671588274689335E-02
   0.657683758698810E+01
   0.651276328614793E-02
   0.591719128374674E+01
   0.615963763947747E-02
   0.519600222536651E+01
   0.582785778592616E-02
   0.477177340857913E+01
   0.575164146063213E-02
   0.464355176329643E+01
   0.581204838394901E-02
   0.482478388419512E+01
   0.597346580832403E-02
   0.531872113798974E+01
   0.618609109842338E-02
   0.618978763369119E+01
   0.644435682041092E-02
   0.757365900896165E+01
   0.665374567418466E-02
   0.793290833721369E+01
   0.646140753463751E-02
   0.950385268791071E+01
   0.701971263563250E-02
   0.116471906242280E+02
   0.767706177599789E-02
   0.143705299385574E+02
   0.814702066350568E-02
   0.180822638189780E+02
   0.861712457981064E-02
   0.203984384267593E+02
   0.912223515760223E-02
   0.217788160538705E+02
   0.965124269251278E-02
   0.224808431281671E+02
   0.995574127177390E-02
   0.227066505432350E+02
   0.982594334132193E-02
   0.226732920961894E+02
   0.986289547689264E-02
   0.226253257013082E+02
   0.100067879304874E-01
   0.228276091830561E+02
   0.102173978481649E-01
   0.232494987623547E+02
   0.106168083679074E-01
   0.235385876314784E+02
   0.109125556077295E-01
   0.235489009227571E+02
   0.107740185242659E-01
   0.232745736542153E+02
   0.106286076777885E-01
   0.227686843877308E+02
   0.105174079197813E-01
   0.220683931781101E+02
   0.103202028360401E-01
   0.210343466610040E+02
   0.994673190245591E-02
   0.193398467384450E+02
   0.937358497822902E-02
   0.166813316892557E+02
   0.879842242020728E-02
   0.127604624410407E+02
   0.807125922047498E-02
   0.103134198405732E+02
   0.748851441536218E-02
   0.887264449498066E+01
   0.720345033397730E-02
   0.799838723188870E+01
   0.710091982534075E-02
   0.102234323982931E+02
   0.900980662708850E-02
   0.966779035137206E+01
   0.868327420178493E-02
   0.910011295229285E+01
   0.834409951573970E-02
   0.850803973195127E+01
   0.800454924618887E-02
   0.793552747079962E+01
   0.762272945948765E-02
   0.755832514157430E+01
   0.744689801477515E-02
   0.741025821298725E+01
   0.748431961297230E-02
   0.747337605825490E+01
   0.760187113174905E-02
   0.773498603257858E+01
   0.771003587095601E-02
   0.821403834939425E+01
   0.770746334416624E-02
   0.896502324043151E+01
   0.775273695322946E-02
   0.100849637535686E+02
   0.751391063813427E-02
   0.128831187649909E+02
   0.831315118373757E-02
   0.153287015083755E+02
   0.868919945881962E-02
   0.177266899185459E+02
   0.894761999462524E-02
   0.200898389235725E+02
   0.932567288646645E-02
   0.217594889811556E+02
   0.979701591693451E-02
   0.226608822032305E+02
   0.102545258732312E-01
   0.229153719189591E+02
   0.105141536683034E-01
   0.226658975556208E+02
   0.105659054513669E-01
   0.221173867971693E+02
   0.106879359688304E-01
   0.215950569714248E+02
   0.107661744330533E-01
   0.218423798961348E+02
   0.109526257788000E-01
   0.228316958358816E+02
   0.117783086386771E-01
   0.234447488634621E+02
   0.120352336196876E-01
   0.235854987997101E+02
   0.117736725235324E-01
   0.233394798249673E+02
   0.118960612930125E-01
   0.228987109743036E+02
   0.116185775031042E-01
   0.225476138612480E+02
   0.113790205436999E-01
   0.221404029801805E+02
   0.111082923507194E-01
   0.210081920084153E+02
   0.106776757447353E-01
   0.187671578475538E+02
   0.101659172871080E-01
   0.151231587276938E+02
   0.963689977655045E-02
   0.129343152822486E+02
   0.932099359267531E-02
   0.116668492286815E+02
   0.924238929534830E-02
   0.108470364476051E+02
   0.916188288093231E-02
   0.127423603517648E+02
   0.111804534724067E-01
   0.121447263660021E+02
   0.106857186198788E-01
   0.115630119452204E+02
   0.101627342895808E-01
   0.110190494657620E+02
   0.974996214690368E-02
   0.105305317109216E+02
   0.938441265112732E-02
   0.101704561133511E+02
   0.914487175173225E-02
   0.996748440925341E+01
   0.905744199158936E-02
   0.991471071870512E+01
   0.904391716190714E-02
   0.100050969303144E+02
   0.901324422222937E-02
   0.102668328766729E+02
   0.892198244766575E-02
   0.107747250322514E+02
   0.868946091981814E-02
   0.118297695229338E+02
   0.853233137483888E-02
   0.145183787606032E+02
   0.924646237861102E-02
   0.170938213498709E+02
   0.941397749987498E-02
   0.193438331248744E+02
   0.955142398066049E-02
   0.213363686819344E+02
   0.992512395362194E-02
   0.226765471992766E+02
   0.104766451500345E-01
   0.232004046326416E+02
   0.109850844042803E-01
   0.230685376275522E+02
   0.111680027822168E-01
   0.223581697073696E+02
   0.111165045710001E-01
   0.212281896810550E+02
   0.113660747627800E-01
   0.198708930167278E+02
   0.112130670190279E-01
   0.201744093391701E+02
   0.116374745268766E-01
   0.223018825823239E+02
   0.127341646481319E-01
   0.232060535536545E+02
   0.124925065931498E-01
   0.233850434996430E+02
   0.126168815913706E-01
   0.230120428056443E+02
   0.127969040143712E-01
   0.224133792875695E+02
   0.124575821390298E-01
   0.223814327159668E+02
   0.120242964958909E-01
   0.228306782433200E+02
   0.118877893110185E-01
   0.222992282338260E+02
   0.115233518231083E-01
   0.204679226131537E+02
   0.111984608067472E-01
   0.171036242326514E+02
   0.110685304067331E-01
   0.151807394304491E+02
   0.109881336717430E-01
   0.140935862905176E+02
   0.112985184362131E-01
   0.133629068553451E+02
   0.114366448468316E-01
   0.148830575929918E+02
   0.129892268481159E-01
   0.142853167963830E+02
   0.122908553413915E-01
   0.137276402929714E+02
   0.116511913399796E-01
   0.132369425512445E+02
   0.112061893819247E-01
   0.128140701261202E+02
   0.108835421877456E-01
   0.124792630840211E+02
   0.106337975027272E-01
   0.122455049204710E+02
   0.104512293674265E-01
   0.121141952428800E+02
   0.103153838399099E-01
   0.120911080694909E+02
   0.101808264871629E-01
   0.122137852921018E+02
   0.100800473615611E-01
   0.125495342791707E+02
   0.994816048692707E-02
   0.133092538477143E+02
   0.965176307535934E-02
   0.150730447053847E+02
   0.976820585947744E-02
   0.179576550979626E+02
   0.101229581842389E-01
   0.201223702296529E+02
   0.101809432504503E-01
   0.220684536080617E+02
   0.106367361563547E-01
   0.232670839303313E+02
   0.113202600940114E-01
   0.234462348845406E+02
   0.118666555669450E-01
   0.229915313421941E+02
   0.117889082535378E-01
   0.218568250132762E+02
   0.119062437531006E-01
   0.201811921500602E+02
   0.120382715535102E-01
   0.193426287556253E+02
   0.120388760880981E-01
   0.197336328856847E+02
   0.123071997146193E-01
   0.219709148716143E+02
   0.131135945784866E-01
   0.228883748541051E+02
   0.130397983216731E-01
   0.230186138634529E+02
   0.133857475613335E-01
   0.223893534190803E+02
   0.133905445106260E-01
   0.213036203599253E+02
   0.129368061696041E-01
   0.215491690465761E+02
   0.123817169621186E-01
   0.233028615664024E+02
   0.123329834176032E-01
   0.233474022684453E+02
   0.121565536301231E-01
   0.218804559463648E+02
   0.120492481864868E-01
   0.187660398632340E+02
   0.124807312064856E-01
   0.170927434888350E+02
   0.128003053385784E-01
   0.161641682551971E+02
   0.134335797237802E-01
   0.154951213614292E+02
   0.134571779711144E-01
   0.166516803292367E+02
   0.142386809435512E-01
   0.160822843230504E+02
   0.134343126093075E-01
   0.155749344294535E+02
   0.128066427889684E-01
   0.151454492662037E+02
   0.124143312192797E-01
   0.147809255673362E+02
   0.121512208737146E-01
   0.144774792394324E+02
   0.119230888696625E-01
   0.142359761119279E+02
   0.116967614856614E-01
   0.140608222160928E+02
   0.114857891214716E-01
   0.139673801198145E+02
   0.113186937897717E-01
   0.139956991745137E+02
   0.112681220825750E-01
   0.141946893249768E+02
   0.112397946881320E-01
   0.146943981295586E+02
   0.108957988193239E-01
   0.158754720046972E+02
   0.104004781229979E-01
   0.183355165931523E+02
   0.104946705981486E-01
   0.203086840600806E+02
   0.108094499005104E-01
   0.224272856639931E+02
   0.112115875109721E-01
   0.236220600013155E+02
   0.123303668019696E-01
   0.233983480034950E+02
   0.129698506928939E-01
   0.227011428066161E+02
   0.127259102612625E-01
   0.211654264058654E+02
   0.128209437789726E-01
   0.200716502033812E+02
   0.131508034169188E-01
   0.195597038944735E+02
   0.133078559263826E-01
   0.198705020338315E+02
   0.130875863370309E-01
   0.216572686018158E+02
   0.134506373308067E-01
   0.224271802472598E+02
   0.136244130136311E-01
   0.225077974001151E+02
   0.137520681052392E-01
   0.215628799491545E+02
   0.138061075995731E-01
   0.210382565004364E+02
   0.134187824602250E-01
   0.215460492753599E+02
   0.128982165619621E-01
   0.237781856080372E+02
   0.123712571443136E-01
   0.242083645874646E+02
   0.125136790249270E-01
   0.230447237740621E+02
   0.127824300214214E-01
   0.201632264711685E+02
   0.138641295174409E-01
   0.187138147568748E+02
   0.147905190257626E-01
   0.178837257650911E+02
   0.152904685493152E-01
   0.172487599762209E+02
   0.149512664299100E-01
   0.181007907974314E+02
   0.151365646553704E-01
   0.175855730792492E+02
   0.144757936437742E-01
   0.171417728390192E+02
   0.140255271668612E-01
   0.167721987778378E+02
   0.137694532669490E-01
   0.164569376027418E+02
   0.135422593562806E-01
   0.161852982219966E+02
   0.133093597702149E-01
   0.159505187967093E+02
   0.130400002433034E-01
   0.157556032488114E+02
   0.127681339535245E-01
   0.156178608716210E+02
   0.125519068277831E-01
   0.155740758181554E+02
   0.124993727985198E-01
   0.156602463813439E+02
   0.125071711295027E-01
   0.159512869163666E+02
   0.120867904224769E-01
   0.166937285104702E+02
   0.113581260563773E-01
   0.182571777249924E+02
   0.109403755572972E-01
   0.199363800019983E+02
   0.115867489730523E-01
   0.225078247255216E+02
   0.118977016253662E-01
   0.238353488844186E+02
   0.133932277494139E-01
   0.230241493515076E+02
   0.144176280288340E-01
   0.222170204177986E+02
   0.140244600694658E-01
   0.212231334403348E+02
   0.138799112941421E-01
   0.204735679270869E+02
   0.147341713748456E-01
   0.201100251606247E+02
   0.147725688504178E-01
   0.202723157102005E+02
   0.141294782339328E-01
   0.211771136699329E+02
   0.137622277524198E-01
   0.217506006101675E+02
   0.139011287925262E-01
   0.218784757852890E+02
   0.142828674222020E-01
   0.214861096340264E+02
   0.144850646856291E-01
   0.212977881190520E+02
   0.144646075623902E-01
   0.218838721866854E+02
   0.136766795107014E-01
   0.241899381572972E+02
   0.123015141761487E-01
   0.248858428144030E+02
   0.128499238268773E-01
   0.239811937937725E+02
   0.135147382953379E-01
   0.213457668425289E+02
   0.154698400790562E-01
   0.200497058377702E+02
   0.164300166571585E-01
   0.192597710093122E+02
   0.162604673907639E-01
   0.186589861724111E+02
   0.158197624324617E-01
   0.192891899919169E+02
   0.162670426208967E-01
   0.188387331180936E+02
   0.158924062040705E-01
   0.184531059759816E+02
   0.156003348504403E-01
   0.181330473671955E+02
   0.154249596538468E-01
   0.178611034680368E+02
   0.152534802866041E-01
   0.176231721229142E+02
   0.150790805289741E-01
   0.174063289355698E+02
   0.148714808482971E-01
   0.172075979003556E+02
   0.146508257844221E-01
   0.170395622847354E+02
   0.144432910469806E-01
   0.169286151722681E+02
   0.142299063519337E-01
   0.169106337759111E+02
   0.139421586416261E-01
   0.170502831175654E+02
   0.132783207785798E-01
   0.175194234772292E+02
   0.125207195021842E-01
   0.186361816104436E+02
   0.119475326240388E-01
   0.199619492548069E+02
   0.119408440656635E-01
   0.223931903024357E+02
   0.119959502973889E-01
   0.240305576489153E+02
   0.140317600330280E-01
   0.232148858946400E+02
   0.158667440404586E-01
   0.223815883005455E+02
   0.153295003717236E-01
   0.217159349076836E+02
   0.148579934147060E-01
   0.210572887077450E+02
   0.158842055555809E-01
   0.207457162627895E+02
   0.157944999284338E-01
   0.208182534451694E+02
   0.151439193381366E-01
   0.213205621338755E+02
   0.148868067650705E-01
   0.217994414601993E+02
   0.148282727931773E-01
   0.219683332102322E+02
   0.152856810144269E-01
   0.218283551728384E+02
   0.155033040983183E-01
   0.217818284737479E+02
   0.154916491043000E-01
   0.223069918385558E+02
   0.144035244745072E-01
   0.244551087260961E+02
   0.125055875611143E-01
   0.253769795087308E+02
   0.133926445820596E-01
   0.247008854276622E+02
   0.143502965640297E-01
   0.223016385090987E+02
   0.169993130188639E-01
   0.210986632346025E+02
   0.173481346389151E-01
   0.203402541525361E+02
   0.168346823369270E-01
   0.197883706053333E+02
   0.166430398685579E-01
   0.202613436422178E+02
   0.174913639189976E-01
   0.198693151120648E+02
   0.172498308443444E-01
   0.195319887994406E+02
   0.170330197359454E-01
   0.192525394456150E+02
   0.168903519290589E-01
   0.190184144350443E+02
   0.167866954742442E-01
   0.188122474702910E+02
   0.166942456128955E-01
   0.186149511269561E+02
   0.165698348310281E-01
   0.184144345456016E+02
   0.163889689575805E-01
   0.182184661917697E+02
   0.161790140745146E-01
   0.180496318259253E+02
   0.158784223434245E-01
   0.179472791727761E+02
   0.154559892298139E-01
   0.179773677767248E+02
   0.147636533898208E-01
   0.182837506429245E+02
   0.136243934785801E-01
   0.192273240748844E+02
   0.130683808581063E-01
   0.201752413691102E+02
   0.129602407611296E-01
   0.220043678915960E+02
   0.124359510983911E-01
   0.242169051163035E+02
   0.144598649986440E-01
   0.236923869883095E+02
   0.168338656270569E-01
   0.228102783019019E+02
   0.170475582939832E-01
   0.224522580435918E+02
   0.156520982654286E-01
   0.216443189945495E+02
   0.169970529493500E-01
   0.213503445337067E+02
   0.167891467785263E-01
   0.213624346625262E+02
   0.164149703558765E-01
   0.216825079026294E+02
   0.160871017296015E-01
   0.221661091354937E+02
   0.160596567889232E-01
   0.223605836533789E+02
   0.165849352508700E-01
   0.223419512552737E+02
   0.166858613490150E-01
   0.223218570761198E+02
   0.164891981748809E-01
   0.226973873444203E+02
   0.152850687353205E-01
   0.244975774540099E+02
   0.133736366220773E-01
   0.256860417964480E+02
   0.142363092261252E-01
   0.252160555344022E+02
   0.153202809313813E-01
   0.230544398085792E+02
   0.184076470371614E-01
   0.219278232728059E+02
   0.184770504673872E-01
   0.212049947206072E+02
   0.177934781577017E-01
   0.206996672256226E+02
   0.176980725919819E-01
   0.210564625814060E+02
   0.186981489287112E-01
   0.207082987613665E+02
   0.184872490026868E-01
   0.204081766429854E+02
   0.183078398611101E-01
   0.201609197107132E+02
   0.181971710640416E-01
   0.199582478797495E+02
   0.181794608836496E-01
   0.197791506496014E+02
   0.181751417635400E-01
   0.195991249097503E+02
   0.181349109962164E-01
   0.193964964208442E+02
   0.179780304270861E-01
   0.191742153076844E+02
   0.177153681903518E-01
   0.189559931733707E+02
   0.172884128981207E-01
   0.187876096656960E+02
   0.167123012395859E-01
   0.187397938917163E+02
   0.159235400309235E-01
   0.189587406703904E+02
   0.148343436414604E-01
   0.199489365147752E+02
   0.141756501569828E-01
   0.205060460927333E+02
   0.148152737667659E-01
   0.219688560229048E+02
   0.134098819137811E-01
   0.244196854487967E+02
   0.146877870387352E-01
   0.244404085662837E+02
   0.169560794050554E-01
   0.232830441224885E+02
   0.185539868683050E-01
   0.226950533536114E+02
   0.173517763291843E-01
   0.221459558048580E+02
   0.181587224655890E-01
   0.219107799946079E+02
   0.180062351658011E-01
   0.218970794497759E+02
   0.175863045746090E-01
   0.221410349120129E+02
   0.170209325624596E-01
   0.227355097372580E+02
   0.166938753563917E-01
   0.229165982617206E+02
   0.178083800089150E-01
   0.229563997337120E+02
   0.177459215880879E-01
   0.229070014269274E+02
   0.175657988862267E-01
   0.230938991188778E+02
   0.164961447231083E-01
   0.242471739895091E+02
   0.153648973335611E-01
   0.258439077591132E+02
   0.154273269240956E-01
   0.255511112576924E+02
   0.165134463406761E-01
   0.236278420443546E+02
   0.198123485454045E-01
   0.225833045240794E+02
   0.196269666325811E-01
   0.219079360582521E+02
   0.189215742093000E-01
   0.214465278762133E+02
   0.188592518325977E-01
   0.216852515812586E+02
   0.197537126701413E-01
   0.213682601640913E+02
   0.195397745416618E-01
   0.210956027834052E+02
   0.193860825457562E-01
   0.208722315326735E+02
   0.193242585952549E-01
   0.206917383277662E+02
   0.193819311845855E-01
   0.205314248999921E+02
   0.194551032436769E-01
   0.203626978665113E+02
   0.194833180780769E-01
   0.201557666060873E+02
   0.193312561654023E-01
   0.199102285450279E+02
   0.189805883412635E-01
   0.196559303727925E+02
   0.184154423093316E-01
   0.194458262024505E+02
   0.176880283554602E-01
   0.193558809723066E+02
   0.168816934492122E-01
   0.195121374409276E+02
   0.161976699878365E-01
   0.201773095749776E+02
   0.157913244142281E-01
   0.208274975249862E+02
   0.165298417897867E-01
   0.221122318138768E+02
   0.150021281835668E-01
   0.245826059651129E+02
   0.153837435933485E-01
   0.248735967677973E+02
   0.169312785443933E-01
   0.237159820876397E+02
   0.191461791095038E-01
   0.230244185184362E+02
   0.186966993903582E-01
   0.225844517344742E+02
   0.188680178510995E-01
   0.224130696107533E+02
   0.191037852100137E-01
   0.224026229247907E+02
   0.186947147464054E-01
   0.226230282363737E+02
   0.179612270124729E-01
   0.234907310581642E+02
   0.166722408285609E-01
   0.235545817393348E+02
   0.181010194656390E-01
   0.236504818381221E+02
   0.182412371786155E-01
   0.235332771593338E+02
   0.187408085123723E-01
   0.235303385261527E+02
   0.179815959303390E-01
   0.242722482961825E+02
   0.169678391780572E-01
   0.258972635364102E+02
   0.164151718689923E-01
   0.257200985432491E+02
   0.177371746809329E-01
   0.240303803844350E+02
   0.210799226866090E-01
   0.230818022155547E+02
   0.206524097986225E-01
   0.224625721091627E+02
   0.199813447446504E-01
   0.220394837229956E+02
   0.199104594123010E-01
   0.221559899800319E+02
   0.206994249601082E-01
   0.218606732229232E+02
   0.204824289268133E-01
   0.216063572976791E+02
   0.203387422555436E-01
   0.213967152244548E+02
   0.202952256368749E-01
   0.212261191953541E+02
   0.203489674839267E-01
   0.210735506192127E+02
   0.204346861014645E-01
   0.209087364351279E+02
   0.204781938579175E-01
   0.206963843406165E+02
   0.203013996244213E-01
   0.204345537063791E+02
   0.198713909633553E-01
   0.201620803206750E+02
   0.192392303210723E-01
   0.199382131277662E+02
   0.185111242835658E-01
   0.198385196807696E+02
   0.179271411138499E-01
   0.199566382527168E+02
   0.175814364086257E-01
   0.204366020233109E+02
   0.168636706858495E-01
   0.211043755526339E+02
   0.173953817314687E-01
   0.223174422814947E+02
   0.169441370076794E-01
   0.246853093465500E+02
   0.168725042071609E-01
   0.251120872306548E+02
   0.172766465482518E-01
   0.241249745926201E+02
   0.188817977295550E-01
   0.233514573042636E+02
   0.199493166970022E-01
   0.229671609126578E+02
   0.198816978031228E-01
   0.228453637264559E+02
   0.201664132072769E-01
   0.228519539956074E+02
   0.198234062219306E-01
   0.230554782635391E+02
   0.191270004277841E-01
   0.238888389870980E+02
   0.173903792935347E-01
   0.242557672239537E+02
   0.182885141343241E-01
   0.244513785897921E+02
   0.180954912423549E-01
   0.241867115834944E+02
   0.194819614599597E-01
   0.239767730558390E+02
   0.195859871339166E-01
   0.244209569569346E+02
   0.184534619080653E-01
   0.258549327240635E+02
   0.171202946742773E-01
   0.257274997592812E+02
   0.187208538110495E-01
   0.242668923056133E+02
   0.216442545710989E-01
   0.234338233995491E+02
   0.213921342949035E-01
   0.228771327328653E+02
   0.209683900317340E-01
   0.224848589786463E+02
   0.208662829608211E-01
   0.224744644627412E+02
   0.215232268163301E-01
   0.221933213160931E+02
   0.213141660907266E-01
   0.219490577167989E+02
   0.211656359755082E-01
   0.217432333311568E+02
   0.210681124532563E-01
   0.215716143882069E+02
   0.210187925807532E-01
   0.214171192619600E+02
   0.210382187688156E-01
   0.212506463906977E+02
   0.210717407303906E-01
   0.210338581896606E+02
   0.209038108648543E-01
   0.207650450211052E+02
   0.204660121706052E-01
   0.204925023626167E+02
   0.199148013857995E-01
   0.202779477138172E+02
   0.193823669573245E-01
   0.201880102187691E+02
   0.190194675129579E-01
   0.202825513991958E+02
   0.186179932290874E-01
   0.206620915978279E+02
   0.179027092670694E-01
   0.213260494968347E+02
   0.183204956224653E-01
   0.224995485669761E+02
   0.188758669709603E-01
   0.247061338126739E+02
   0.178895814377221E-01
   0.251987798904561E+02
   0.173674234222937E-01
   0.245924233575294E+02
   0.180688614495963E-01
   0.236136695466793E+02
   0.205158564584530E-01
   0.232767251833242E+02
   0.209555767389631E-01
   0.231935722319796E+02
   0.211066862496389E-01
   0.232233712192686E+02
   0.208397793596686E-01
   0.234099752875917E+02
   0.205656212155442E-01
   0.239495101523540E+02
   0.188557464890794E-01
   0.245406218489876E+02
   0.188771798223190E-01
   0.248816560536420E+02
   0.185269503868933E-01
   0.248780057471399E+02
   0.193999087056584E-01
   0.243941847359188E+02
   0.211967254289929E-01
   0.245952566281717E+02
   0.200943581557237E-01
   0.257194545596766E+02
   0.180352175626381E-01
   0.255514069954202E+02
   0.198414796552615E-01
   0.243652341929813E+02
   0.221662098101500E-01
   0.236557899574540E+02
   0.221334003283263E-01
   0.231569935633396E+02
   0.218839164070428E-01
   0.227868579390611E+02
   0.217133827754938E-01
   0.226454428379164E+02
   0.221032648965335E-01
   0.223726989347311E+02
   0.219230915871012E-01
   0.221326960255429E+02
   0.217735621712543E-01
   0.219257002048222E+02
   0.216033975557787E-01
   0.217479981400143E+02
   0.214441851893951E-01
   0.215872030913958E+02
   0.214272333784913E-01
   0.214145985395682E+02
   0.214740528585475E-01
   0.211921875159952E+02
   0.213085681436624E-01
   0.209231446654687E+02
   0.208808465162991E-01
   0.206613399978179E+02
   0.204283399307409E-01
   0.204672468061611E+02
   0.200831223575021E-01
   0.203961512053556E+02
   0.198055577848328E-01
   0.204833212480042E+02
   0.192224913562993E-01
   0.208140094021532E+02
   0.185606500473619E-01
   0.214736706311641E+02
   0.191479089663518E-01
   0.226003007563287E+02
   0.200893697072208E-01
   0.246184472381111E+02
   0.179804001360406E-01
   0.251489452937903E+02
   0.173311900347511E-01
   0.247647497938090E+02
   0.177049497507822E-01
   0.237744543394800E+02
   0.207232032980014E-01
   0.234929395235182E+02
   0.216510286206763E-01
   0.234475083501010E+02
   0.218407605299273E-01
   0.235058419962180E+02
   0.216714504955677E-01
   0.236708116762061E+02
   0.215329581979951E-01
   0.240298647790424E+02
   0.197667624169472E-01
   0.244879025747888E+02
   0.196049461424188E-01
   0.250083844245416E+02
   0.191501856588545E-01
   0.252298445836882E+02
   0.195303989572528E-01
   0.247350579518846E+02
   0.224133465996463E-01
   0.247346799514467E+02
   0.218273346490139E-01
   0.254768144814817E+02
   0.193408502648586E-01
   0.251517844901590E+02
   0.214505775427838E-01
   0.243510556411711E+02
   0.226813074957049E-01
   0.237560814566591E+02
   0.227537675338031E-01
   0.233023957623431E+02
   0.225362278009214E-01
   0.229480925510549E+02
   0.223024674416554E-01
   0.226796514851212E+02
   0.220387216825257E-01
   0.224107132048806E+02
   0.218626635270537E-01
   0.221710048206218E+02
   0.216961753078547E-01
   0.219609663155063E+02
   0.215111513587866E-01
   0.217759826073956E+02
   0.213617169771151E-01
   0.216039802872888E+02
   0.213273498675787E-01
   0.214191750305183E+02
   0.213241453510319E-01
   0.211901833300073E+02
   0.211352065317730E-01
   0.209261742302371E+02
   0.207633679565195E-01
   0.206804534619671E+02
   0.204050677910941E-01
   0.205085448908924E+02
   0.201365848337715E-01
   0.204613504190490E+02
   0.199060425619168E-01
   0.205625735048335E+02
   0.193486758501546E-01
   0.208731000185598E+02
   0.187110501127791E-01
   0.215284840748317E+02
   0.195121678415188E-01
   0.225876806322854E+02
   0.203591423937718E-01
   0.244285672945051E+02
   0.176013303962115E-01
   0.249840010513172E+02
   0.172118252067091E-01
   0.247479647228423E+02
   0.175582280616668E-01
   0.238311200705239E+02
   0.207187640764180E-01
   0.236104562612511E+02
   0.221104122052733E-01
   0.236049921619696E+02
   0.225401831147565E-01
   0.236913021268121E+02
   0.223335365745125E-01
   0.238366059222152E+02
   0.220140045110745E-01
   0.240911724446052E+02
   0.206333145265919E-01
   0.244495862988129E+02
   0.202405996890217E-01
   0.248652971101099E+02
   0.203030370917735E-01
   0.253422797041013E+02
   0.199452875876348E-01
   0.249933133438687E+02
   0.226285906524025E-01
   0.247902038341656E+02
   0.229098713407450E-01
   0.250754085594478E+02
   0.209931647864368E-01
   0.248372124633804E+02
   0.222674198426212E-01
   0.242492220696658E+02
   0.228396792681975E-01
   0.237402676203077E+02
   0.228732056884304E-01
   0.233197807795757E+02
   0.225250457953164E-01
   0.229770804199135E+02
   0.222391849172337E-01
   0.226059415861482E+02
   0.210126046865145E-01
   0.223360503890601E+02
   0.207397386678238E-01
   0.220898237704250E+02
   0.204595891750905E-01
   0.218689247833879E+02
   0.201968213555631E-01
   0.216710148436015E+02
   0.200335426637957E-01
   0.214850019904893E+02
   0.199986757651614E-01
   0.212884596449476E+02
   0.200136589677230E-01
   0.210570935794469E+02
   0.199081573564231E-01
   0.208045062351107E+02
   0.197181833876291E-01
   0.205807618085338E+02
   0.195800613437356E-01
   0.204337109606207E+02
   0.194769349362438E-01
   0.204087982241377E+02
   0.193792252292892E-01
   0.205332469911995E+02
   0.191089641153882E-01
   0.208347465212605E+02
   0.184959234601105E-01
   0.214853750603357E+02
   0.195796360221796E-01
   0.224548216351757E+02
   0.201038763789485E-01
   0.241459525598152E+02
   0.173862942409490E-01
   0.247138735899991E+02
   0.172011727138006E-01
   0.245861683910578E+02
   0.174283483552676E-01
   0.237894176642705E+02
   0.212479626978859E-01
   0.236157223439563E+02
   0.223903737363482E-01
   0.236432535094774E+02
   0.228795733372196E-01
   0.237695779452598E+02
   0.228181194903993E-01
   0.239039011991160E+02
   0.223116016163298E-01
   0.241031232140550E+02
   0.213616079275687E-01
   0.244043631362755E+02
   0.213595580790439E-01
   0.247378210744769E+02
   0.213155751386868E-01
   0.252506794167948E+02
   0.206221133457910E-01
   0.252122506170000E+02
   0.216430563683367E-01
   0.247401547216892E+02
   0.230021742456459E-01
   0.247656391511123E+02
   0.217176898232034E-01
   0.245397526397840E+02
   0.222730703147973E-01
   0.240695082827190E+02
   0.223560910304528E-01
   0.236237948134548E+02
   0.221201359381930E-01
   0.232337026230677E+02
   0.216566958517139E-01
   0.229009654285790E+02
   0.212957725038013E-01
   0.224493290711657E+02
   0.196434022234119E-01
   0.221764662089024E+02
   0.193134692973695E-01
   0.219244778873755E+02
   0.190081955283390E-01
   0.216958629924630E+02
   0.187680967867093E-01
   0.214873748716843E+02
   0.186113494310696E-01
   0.212873677718362E+02
   0.185212669961526E-01
   0.210777953090879E+02
   0.184580190529904E-01
   0.208441024296405E+02
   0.183551437540871E-01
   0.206045999686096E+02
   0.182838045000641E-01
   0.204015917043962E+02
   0.182945510046523E-01
   0.202755964314463E+02
   0.183686725752147E-01
   0.202688884290448E+02
   0.185313446930690E-01
   0.204104780503977E+02
   0.186744913350366E-01
   0.207045760980949E+02
   0.182157164458706E-01
   0.213423688923674E+02
   0.196691494515328E-01
   0.222064903466450E+02
   0.197516020426389E-01
   0.237568529061447E+02
   0.173747569573244E-01
   0.243246231323941E+02
   0.173078394467581E-01
   0.242863414791368E+02
   0.173419283201161E-01
   0.236269115941678E+02
   0.214669172607931E-01
   0.234887998165625E+02
   0.220885341889321E-01
   0.235391955220502E+02
   0.223808200092778E-01
   0.237249298470254E+02
   0.227169749948146E-01
   0.238632038006856E+02
   0.224354440871034E-01
   0.240357851659174E+02
   0.218364951252959E-01
   0.242984298422571E+02
   0.221374559743632E-01
   0.245654677220960E+02
   0.221020468319394E-01
   0.249095581446192E+02
   0.218806034142590E-01
   0.251221117019295E+02
   0.212755582063131E-01
   0.245723700832454E+02
   0.225523969159249E-01
   0.244640193996555E+02
   0.218708777754231E-01
   0.242273071761379E+02
   0.217907817304030E-01
   0.238234054845739E+02
   0.213218069028625E-01
   0.234293361369418E+02
   0.208975130228271E-01
   0.230671245892376E+02
   0.204001622546071E-01
   0.227436174059059E+02
   0.199944160163074E-01
   0.222560128122643E+02
   0.188962147375812E-01
   0.219830751611381E+02
   0.185466663032443E-01
   0.217288301258157E+02
   0.182371672801483E-01
   0.214957484169808E+02
   0.180123221533348E-01
   0.212789932344919E+02
   0.178521316295741E-01
   0.210662786525061E+02
   0.177317491530783E-01
   0.208432948150086E+02
   0.176208366931393E-01
   0.206032648259934E+02
   0.174842858591752E-01
   0.203674335397973E+02
   0.173913971218483E-01
   0.201727282284863E+02
   0.173859085293835E-01
   0.200547265452342E+02
   0.174941545882797E-01
   0.200534324075237E+02
   0.177832900619895E-01
   0.202028299746505E+02
   0.183062238251696E-01
   0.205096820360437E+02
   0.187355857290841E-01
   0.210916360672734E+02
   0.198355672805712E-01
   0.218438948068937E+02
   0.191078566117554E-01
   0.232429202821159E+02
   0.173619205495794E-01
   0.237983718296408E+02
   0.173935392502847E-01
   0.238479457535635E+02
   0.174950122943505E-01
   0.233400529968955E+02
   0.219100228218746E-01
   0.232326265125566E+02
   0.218493911601900E-01
   0.232971260513029E+02
   0.214148714997720E-01
   0.235617940370205E+02
   0.221267197852945E-01
   0.237087467616399E+02
   0.224463644002742E-01
   0.238685764719620E+02
   0.219943292326511E-01
   0.241018955710065E+02
   0.225170529310917E-01
   0.243198330651248E+02
   0.228211236735416E-01
   0.245609610136291E+02
   0.231497967727483E-01
   0.247856841907216E+02
   0.214742041234045E-01
   0.242897979060693E+02
   0.222546649967191E-01
   0.241335967513865E+02
   0.218361394536423E-01
   0.238901248915478E+02
   0.212823759211322E-01
   0.235360215846437E+02
   0.205862837804124E-01
   0.231906338320063E+02
   0.201409258734079E-01
   0.228582737635022E+02
   0.196811951826486E-01
   0.225468750624990E+02
   0.192688936710448E-01
   0.220527536171768E+02
   0.193809493645915E-01
   0.217862417942101E+02
   0.189705795663058E-01
   0.215356852108253E+02
   0.186098954276831E-01
   0.213019791787283E+02
   0.183294337461214E-01
   0.210799577588443E+02
   0.181235396196304E-01
   0.208572011151155E+02
   0.179701871164340E-01
   0.206222638295834E+02
   0.178544381337357E-01
   0.203734371935752E+02
   0.177375879480671E-01
   0.201328871667044E+02
   0.176696087922203E-01
   0.199340234820703E+02
   0.176896980601183E-01
   0.198080992739843E+02
   0.178098114431082E-01
   0.197921829610962E+02
   0.180971704884000E-01
   0.199239151938763E+02
   0.186774185751422E-01
   0.202162154828698E+02
   0.194189134375095E-01
   0.207304424998699E+02
   0.201592164013602E-01
   0.213786674765068E+02
   0.187905828161005E-01
   0.225892832097649E+02
   0.173018038765268E-01
   0.231190858888332E+02
   0.172679041344029E-01
   0.232608497814035E+02
   0.180364873880015E-01
   0.229061517946937E+02
   0.221284866454649E-01
   0.228453711721507E+02
   0.217451313582722E-01
   0.229421861144531E+02
   0.208883926840243E-01
   0.232972655936635E+02
   0.210838746478816E-01
   0.234514301725332E+02
   0.228059527460705E-01
   0.236161710050812E+02
   0.227534638889275E-01
   0.238148905369927E+02
   0.231796712566917E-01
   0.239788568790331E+02
   0.233855518023967E-01
   0.241224585491414E+02
   0.234975867138597E-01
   0.241986972328609E+02
   0.226584290304414E-01
   0.239146308387323E+02
   0.229633187077413E-01
   0.237589028666821E+02
   0.226224925048919E-01
   0.235280365567179E+02
   0.219250589537440E-01
   0.232253262228834E+02
   0.212334056372380E-01
   0.229294321769299E+02
   0.207876986492630E-01
   0.226293640899821E+02
   0.203072373617919E-01
   0.223345786083475E+02
   0.198237197197582E-01
   0.218366360712473E+02
   0.211201939059129E-01
   0.215862587152486E+02
   0.206595400681998E-01
   0.213476265304060E+02
   0.202104698144380E-01
   0.211199826947207E+02
   0.198130384244573E-01
   0.208984060717793E+02
   0.195042053990662E-01
   0.206701277359978E+02
   0.192726386582998E-01
   0.204251582710712E+02
   0.191111597657002E-01
   0.201651004710143E+02
   0.189580716390106E-01
   0.199121542878633E+02
   0.188293274955807E-01
   0.196970764497952E+02
   0.187587810387904E-01
   0.195469702032629E+02
   0.187124165120346E-01
   0.194943377166824E+02
   0.187206405141397E-01
   0.195750396757276E+02
   0.188990231946569E-01
   0.198026318870158E+02
   0.192614524338086E-01
   0.202550489601813E+02
   0.203784804697423E-01
   0.208315359098136E+02
   0.197409049278294E-01
   0.217810287491106E+02
   0.170690772523679E-01
   0.222775237429804E+02
   0.175601134179577E-01
   0.224988931016600E+02
   0.190550060468110E-01
   0.223158551446626E+02
   0.221245739726574E-01
   0.223195743577991E+02
   0.213777787147027E-01
   0.224678482308837E+02
   0.202556307591577E-01
   0.229723065248893E+02
   0.197322544792898E-01
   0.230625024783946E+02
   0.227560103854476E-01
   0.232376152250916E+02
   0.232960337020402E-01
   0.234011032873160E+02
   0.234787063030330E-01
   0.235149411993451E+02
   0.234933306010687E-01
   0.235782147352434E+02
   0.232360862742648E-01
   0.235872798639165E+02
   0.230425481483077E-01
   0.234237964478396E+02
   0.235825629801240E-01
   0.232999759420187E+02
   0.236735203031273E-01
   0.231067885501492E+02
   0.232639086688626E-01
   0.228663286642322E+02
   0.228568902142914E-01
   0.226249248967344E+02
   0.225155783321570E-01
   0.223650338053279E+02
   0.220809031107300E-01
   0.220986579116531E+02
   0.216012815186088E-01
   0.215150490482486E+02
   0.229397167558982E-01
   0.212925928352283E+02
   0.226334642142116E-01
   0.210778390983574E+02
   0.222292208084947E-01
   0.208675267636011E+02
   0.217506976193801E-01
   0.206558653640297E+02
   0.212969993344519E-01
   0.204287636722950E+02
   0.208752560758904E-01
   0.201762963345150E+02
   0.204865957998580E-01
   0.199039822176522E+02
   0.201146362395510E-01
   0.196351300413052E+02
   0.197799547529185E-01
   0.193992758517094E+02
   0.195159923087245E-01
   0.192213875432085E+02
   0.192736935605316E-01
   0.191282403349328E+02
   0.190367126957064E-01
   0.191441116269046E+02
   0.187989039017040E-01
   0.192813887389902E+02
   0.185689072514478E-01
   0.196424974018293E+02
   0.192218100733730E-01
   0.201766216126584E+02
   0.204540502752248E-01
   0.208055282437460E+02
   0.177411291417422E-01
   0.212476089416493E+02
   0.182310615332657E-01
   0.215118586931656E+02
   0.197083374150547E-01
   0.215668267124248E+02
   0.216320468134858E-01
   0.216588326097422E+02
   0.208493078236745E-01
   0.218847927100246E+02
   0.190176363842719E-01
   0.224226082733289E+02
   0.197659512016690E-01
   0.225346654900644E+02
   0.224567238983658E-01
   0.227153570692598E+02
   0.234050126096105E-01
   0.228472809937753E+02
   0.232425818420931E-01
   0.229240387200456E+02
   0.231594706529711E-01
   0.229296403527285E+02
   0.228128327095081E-01
   0.228942362992834E+02
   0.227090630950375E-01
   0.227899546846089E+02
   0.232748987988653E-01
   0.226996198927682E+02
   0.237002526721445E-01
   0.225538368242356E+02
   0.237247377041924E-01
   0.223744250090574E+02
   0.237400134411409E-01
   0.221889696534587E+02
   0.237325525391040E-01
   0.219747231747562E+02
   0.235137593116185E-01
   0.217462248608259E+02
   0.232418990245525E-01
   0.209880469947533E+02
   0.229652537273014E-01
   0.207976726014088E+02
   0.229102733849916E-01
   0.206163382693753E+02
   0.227883006486411E-01
   0.204377434388860E+02
   0.225074731269447E-01
   0.202519935664172E+02
   0.221258649856674E-01
   0.200411494639620E+02
   0.216310182878520E-01
   0.197924354357492E+02
   0.210187557846586E-01
   0.195146698675574E+02
   0.204120781446316E-01
   0.192332231295097E+02
   0.199001613960306E-01
   0.189777507081778E+02
   0.195068452981122E-01
   0.187738264784158E+02
   0.191916847657209E-01
   0.186452163147168E+02
   0.189319687872387E-01
   0.186094749853247E+02
   0.186426462175699E-01
   0.186810135682262E+02
   0.182110196129433E-01
   0.189358045798503E+02
   0.178542362369136E-01
   0.193856959680412E+02
   0.186168459274855E-01
   0.198976214325883E+02
   0.185434327059258E-01
   0.202650096513814E+02
   0.186898480131259E-01
   0.204943235961494E+02
   0.188628378550123E-01
   0.206616101969076E+02
   0.203512160001982E-01
   0.208578897276288E+02
   0.203555429253295E-01
   0.212218548451048E+02
   0.172564328608153E-01
   0.216366203902705E+02
   0.204838720882201E-01
   0.218649431975612E+02
   0.223033145348723E-01
   0.220435482955063E+02
   0.227065775369563E-01
   0.221552747994312E+02
   0.225717244345078E-01
   0.222029172578769E+02
   0.224528994294654E-01
   0.221718833816175E+02
   0.220697770200089E-01
   0.220996090993733E+02
   0.217975802323643E-01
   0.220087642418098E+02
   0.220612343275571E-01
   0.219356110284422E+02
   0.224943178351789E-01
   0.218268971901704E+02
   0.227232858464820E-01
   0.216958779591993E+02
   0.229786669942660E-01
   0.215540498727200E+02
   0.232068850473829E-01
   0.213792103958438E+02
   0.231668055523262E-01
   0.211869552333959E+02
   0.230725418738202E-01
   0.202402969224908E+02
   0.215656722898909E-01
   0.200732151081100E+02
   0.215749269267781E-01
   0.199190675114834E+02
   0.216484538003699E-01
   0.197733790618916E+02
   0.217018447195299E-01
   0.196219452354282E+02
   0.216389212636503E-01
   0.194422623636126E+02
   0.213776285705263E-01
   0.192166064148069E+02
   0.208557991584878E-01
   0.189503698858421E+02
   0.202086635287307E-01
   0.186679694460255E+02
   0.195936549388173E-01
   0.183998851640654E+02
   0.190883181351577E-01
   0.181750153002730E+02
   0.187060180267773E-01
   0.180172207667209E+02
   0.184252861886851E-01
   0.179445720906060E+02
   0.181814207722443E-01
   0.179773594639461E+02
   0.179135876303694E-01
   0.181756183050873E+02
   0.177745868325796E-01
   0.185565024632453E+02
   0.183558615342391E-01
   0.189598313223352E+02
   0.183477259499688E-01
   0.192354530104095E+02
   0.182325422400271E-01
   0.194091147823056E+02
   0.182232966979304E-01
   0.196130218314271E+02
   0.189893412412886E-01
   0.198961855736490E+02
   0.194132475856423E-01
   0.203402714914118E+02
   0.166252828620704E-01
   0.207648184333371E+02
   0.199599250982044E-01
   0.210494350539908E+02
   0.210888605301439E-01
   0.212238721322351E+02
   0.213984227079886E-01
   0.213232072661050E+02
   0.215272573059326E-01
   0.213501408042777E+02
   0.214729626764410E-01
   0.212970249101352E+02
   0.211210257891159E-01
   0.212023608551872E+02
   0.207672201412538E-01
   0.211107783213225E+02
   0.208175024554206E-01
   0.210388016983374E+02
   0.210828720506969E-01
   0.209462529206954E+02
   0.212565929746068E-01
   0.208421735119628E+02
   0.214803605644748E-01
   0.207270057237250E+02
   0.216921275958055E-01
   0.205797807203265E+02
   0.217017659620316E-01
   0.204147284521301E+02
   0.216440245078037E-01
   0.192987521609964E+02
   0.199354482777683E-01
   0.191463082844152E+02
   0.198836368271114E-01
   0.190076729533169E+02
   0.199384261951695E-01
   0.188830702103828E+02
   0.201023083028000E-01
   0.187583384146677E+02
   0.202616064884928E-01
   0.186100237679255E+02
   0.203041298671538E-01
   0.184176721378960E+02
   0.201085699994734E-01
   0.181794630612040E+02
   0.196709113983282E-01
   0.179126158441443E+02
   0.190990692713419E-01
   0.176443042190915E+02
   0.185046322036213E-01
   0.174070771819276E+02
   0.180160093954124E-01
   0.172273684038182E+02
   0.176490570784317E-01
   0.171275199074999E+02
   0.173505848867400E-01
   0.171347427972608E+02
   0.170792736347779E-01
   0.172968887845685E+02
   0.170140361574424E-01
   0.176129325302724E+02
   0.174656857726038E-01
   0.179235380682196E+02
   0.175144439442082E-01
   0.181125533192411E+02
   0.172780430283899E-01
   0.182168580187223E+02
   0.170083731265914E-01
   0.184233326812092E+02
   0.174814158308335E-01
   0.187766741079942E+02
   0.180281470115242E-01
   0.192490873616658E+02
   0.172707085414638E-01
   0.197929427735134E+02
   0.190330744961498E-01
   0.201011369211916E+02
   0.196626254316007E-01
   0.202656280451687E+02
   0.199436524832694E-01
   0.203481058547807E+02
   0.201759197847895E-01
   0.203590556751466E+02
   0.202213561029630E-01
   0.202952610177748E+02
   0.199974460500849E-01
   0.201910784619240E+02
   0.196867344891038E-01
   0.200932587779751E+02
   0.196195949096748E-01
   0.200140393131504E+02
   0.197464088995808E-01
   0.199248934571257E+02
   0.198399246017930E-01
   0.198310551410616E+02
   0.199744117252458E-01
   0.197271807837297E+02
   0.200726924395745E-01
   0.195991124501821E+02
   0.200762983880774E-01
   0.194546570027095E+02
   0.200276300056091E-01
   0.181739111688817E+02
   0.183219079838497E-01
   0.180314280072676E+02
   0.182200902450160E-01
   0.179005950318006E+02
   0.181921989209942E-01
   0.177859882899024E+02
   0.182864851226056E-01
   0.176757405553283E+02
   0.184343630180498E-01
   0.175486472121595E+02
   0.185604910813660E-01
   0.173860964355487E+02
   0.186025661691689E-01
   0.171814920021244E+02
   0.184662548320216E-01
   0.169428580474786E+02
   0.181291672071528E-01
   0.166899644389914E+02
   0.176365652989173E-01
   0.164536191166441E+02
   0.171239958415237E-01
   0.162620597687943E+02
   0.166806670103657E-01
   0.161441922694687E+02
   0.163311042732346E-01
   0.161349647747338E+02
   0.160921862010314E-01
   0.162708526687366E+02
   0.160437453483890E-01
   0.165307574192139E+02
   0.162637526931551E-01
   0.167675349702725E+02
   0.162721963984583E-01
   0.168785129797374E+02
   0.160742306646076E-01
   0.168950777572401E+02
   0.155208937776153E-01
   0.170780822237069E+02
   0.157793146935282E-01
   0.175009466114823E+02
   0.162980555014695E-01
   0.181055830190196E+02
   0.169808994085292E-01
   0.187125017972868E+02
   0.179945593386609E-01
   0.190286379947459E+02
   0.182060778297757E-01
   0.191731865842669E+02
   0.184111091266722E-01
   0.192315342344686E+02
   0.186032047508995E-01
   0.192260231836177E+02
   0.187068170495332E-01
   0.191558520534210E+02
   0.186298857439291E-01
   0.190473290631915E+02
   0.184265514353576E-01
   0.189412799070475E+02
   0.183200292029717E-01
   0.188492805510876E+02
   0.183352880347248E-01
   0.187540148695761E+02
   0.183463351680045E-01
   0.186593624830285E+02
   0.184040811592907E-01
   0.185587800701818E+02
   0.184361066881998E-01
   0.184435244323202E+02
   0.184386278524002E-01
   0.183150041463870E+02
   0.184065960325414E-01
   0.168684532085522E+02
   0.167192313338046E-01
   0.167340880635833E+02
   0.166134289783566E-01
   0.166069855824589E+02
   0.165312517165738E-01
   0.164944270342024E+02
   0.165251607753594E-01
   0.163884529990232E+02
   0.165775728171524E-01
   0.162718491760013E+02
   0.166433639512334E-01
   0.161294398121417E+02
   0.167041085067211E-01
   0.159537851089530E+02
   0.166976087284751E-01
   0.157460479918591E+02
   0.165586922270901E-01
   0.155187432851022E+02
   0.162666467061210E-01
   0.152969188099876E+02
   0.158845833497043E-01
   0.151055414797859E+02
   0.154456483438617E-01
   0.149787621971112E+02
   0.150577086449282E-01
   0.149611517083205E+02
   0.148470465237586E-01
   0.150830447525481E+02
   0.148626799758456E-01
   0.153044597589448E+02
   0.149997867857956E-01
   0.154865667844459E+02
   0.149936088430659E-01
   0.155205078193744E+02
   0.147657057753104E-01
   0.154251882411374E+02
   0.139245962571006E-01
   0.155621151705113E+02
   0.139128962517346E-01
   0.160560953664966E+02
   0.146179865383966E-01
   0.168270284614803E+02
   0.158140601830300E-01
   0.175196443790923E+02
   0.170726369037027E-01
   0.178409372538968E+02
   0.170350251701158E-01
   0.179548104357615E+02
   0.170194799911625E-01
   0.179804032768245E+02
   0.170567312673255E-01
   0.179525251923491E+02
   0.171124162380167E-01
   0.178727040631694E+02
   0.170909923882345E-01
   0.177594663216793E+02
   0.169934527844231E-01
   0.176443495949925E+02
   0.169184319662549E-01
   0.175367222268522E+02
   0.168637832218297E-01
   0.174290242890653E+02
   0.168066110853137E-01
   0.173258347911837E+02
   0.167944680927607E-01
   0.172226854880133E+02
   0.167828289696954E-01
   0.171142070734092E+02
   0.167853393841988E-01
   0.169974353494064E+02
   0.167819351002318E-01
   0.153781272296679E+02
   0.150425092515873E-01
   0.152509481645167E+02
   0.149516792050277E-01
   0.151265368017794E+02
   0.148508706389842E-01
   0.150131745025133E+02
   0.147841984171606E-01
   0.149062865833933E+02
   0.147692572366431E-01
   0.147931978637501E+02
   0.147729452382938E-01
   0.146618336040937E+02
   0.147688435144717E-01
   0.145067917298761E+02
   0.147708028818612E-01
   0.143256298171635E+02
   0.147036732247493E-01
   0.141256961754836E+02
   0.145425481952213E-01
   0.139256268100037E+02
   0.143019271431670E-01
   0.137444632257743E+02
   0.139419982264885E-01
   0.136165514412654E+02
   0.135494601502448E-01
   0.135968655940225E+02
   0.133938770659189E-01
   0.137171928640525E+02
   0.135636569674804E-01
   0.139233629808887E+02
   0.138256867503550E-01
   0.140735832587760E+02
   0.139175436403855E-01
   0.140313229374411E+02
   0.136049106150852E-01
   0.137856815144564E+02
   0.122104169370812E-01
   0.138539465066441E+02
   0.117150181399811E-01
   0.144148606323497E+02
   0.127985244107255E-01
   0.154138876112024E+02
   0.154403380909824E-01
   0.162087398017749E+02
   0.169950408351484E-01
   0.165320377209408E+02
   0.165781609262847E-01
   0.166060005280520E+02
   0.160873640862431E-01
   0.165934192541017E+02
   0.158204121602898E-01
   0.165372566047813E+02
   0.156967455391541E-01
   0.164410850416497E+02
   0.155887208188147E-01
   0.163176109094517E+02
   0.154718797802374E-01
   0.161905852675592E+02
   0.154062307722657E-01
   0.160660333564259E+02
   0.153162758151387E-01
   0.159424353117084E+02
   0.152107824662083E-01
   0.158256995139592E+02
   0.151421597284580E-01
   0.157152913725842E+02
   0.151010507707210E-01
   0.156077372804963E+02
   0.150885998304912E-01
   0.154978046986489E+02
   0.150871009097879E-01
   0.136921710090984E+02
   0.136586638513804E-01
   0.135709134024107E+02
   0.135559766587315E-01
   0.134496463977815E+02
   0.134375713139371E-01
   0.133369386329184E+02
   0.133462329359075E-01
   0.132282427930591E+02
   0.132822912300394E-01
   0.131157734427820E+02
   0.132357401422275E-01
   0.129907442894608E+02
   0.131761123788941E-01
   0.128493455364474E+02
   0.131288130092472E-01
   0.126889099030368E+02
   0.130660405869115E-01
   0.125134204939847E+02
   0.129798477826808E-01
   0.123369760209192E+02
   0.129177263432936E-01
   0.121733141763854E+02
   0.128124936780677E-01
   0.120515501820723E+02
   0.126213546041429E-01
   0.120287547538768E+02
   0.125338390196209E-01
   0.121491961525665E+02
   0.127378646712771E-01
   0.123613805097551E+02
   0.131351831523085E-01
   0.125073252842323E+02
   0.133420843005362E-01
   0.124040450953447E+02
   0.129636068746717E-01
   0.119521023689973E+02
   0.960073737688520E-02
   0.119411554279176E+02
   0.898364130385703E-02
   0.125371378210047E+02
   0.103033935225056E-01
   0.137387130566846E+02
   0.146726682604561E-01
   0.146638219433434E+02
   0.169727482041086E-01
   0.150307938152669E+02
   0.168452171547639E-01
   0.150884673546183E+02
   0.161237225896164E-01
   0.150442546729868E+02
   0.156050326999387E-01
   0.149596019851108E+02
   0.152509387135381E-01
   0.148412050625519E+02
   0.149538098617901E-01
   0.147013957167820E+02
   0.146736571586092E-01
   0.145589126018313E+02
   0.144508174084768E-01
   0.144175395619798E+02
   0.142452961674601E-01
   0.142781010384246E+02
   0.140539022767011E-01
   0.141458563683689E+02
   0.139072350319754E-01
   0.140249346814154E+02
   0.138113764076785E-01
   0.139135760951339E+02
   0.137589393193968E-01
   0.138057800804947E+02
   0.137230548694457E-01
   0.117823862979222E+02
   0.126765029648329E-01
   0.116652084289455E+02
   0.125936233919225E-01
   0.115470137046823E+02
   0.124973293334208E-01
   0.114362479448221E+02
   0.123974921789106E-01
   0.113273670805620E+02
   0.123078434006965E-01
   0.112166920700766E+02
   0.122360191179643E-01
   0.110987669054889E+02
   0.121703805329488E-01
   0.109702467564924E+02
   0.121132920534513E-01
   0.108289389782360E+02
   0.120781827761998E-01
   0.106742714943513E+02
   0.120248102324124E-01
   0.105160789346338E+02
   0.119648630579888E-01
   0.103673575996323E+02
   0.118809009146596E-01
   0.102540744066184E+02
   0.117282556562575E-01
   0.102296392111387E+02
   0.116278169775583E-01
   0.103472930215449E+02
   0.117748520100723E-01
   0.105744524794925E+02
   0.122508325987301E-01
   0.107467716409325E+02
   0.127143866471305E-01
   0.106323463503777E+02
   0.124469321695637E-01
   0.100193563649081E+02
   0.865801563453770E-02
   0.992283829567928E+01
   0.776609280199194E-02
   0.104801821818307E+02
   0.864208162960984E-02
   0.117606601092937E+02
   0.136206621418349E-01
   0.127251064690209E+02
   0.158650502354780E-01
   0.131596040322314E+02
   0.162497472138989E-01
   0.132665856124863E+02
   0.158307394672887E-01
   0.132419108673965E+02
   0.154204292814754E-01
   0.131564401751383E+02
   0.149940585157244E-01
   0.130287530445554E+02
   0.145406288499765E-01
   0.128758940958962E+02
   0.141113195738062E-01
   0.127196335451172E+02
   0.137649793428970E-01
   0.125627616453341E+02
   0.134713939455169E-01
   0.124095316207154E+02
   0.132406617717184E-01
   0.122598907012461E+02
   0.130288794304461E-01
   0.121243567697584E+02
   0.128737986441355E-01
   0.120035020190696E+02
   0.127763654297292E-01
   0.118930535676427E+02
   0.127254335938831E-01
   0.962076144384602E+01
   0.116963321996204E-01
   0.950064682963415E+01
   0.115826949556063E-01
   0.938145540359197E+01
   0.114658852799328E-01
   0.927662407134102E+01
   0.113982366238583E-01
   0.916978396915656E+01
   0.113153625747567E-01
   0.906171421420698E+01
   0.112425432223835E-01
   0.895146566252960E+01
   0.111839479953045E-01
   0.883698001092178E+01
   0.111383436764541E-01
   0.871516907102415E+01
   0.111031404028126E-01
   0.858450641249852E+01
   0.110658241121233E-01
   0.845278733521845E+01
   0.110272589990992E-01
   0.833062940007022E+01
   0.109708255062742E-01
   0.823963423247124E+01
   0.108800426931214E-01
   0.822269239626726E+01
   0.108250289796135E-01
   0.833011890293226E+01
   0.109244587075974E-01
   0.855824490793604E+01
   0.113372673338558E-01
   0.875936629185461E+01
   0.119643289251947E-01
   0.870746360148664E+01
   0.122331577019459E-01
   0.804037247826487E+01
   0.840440689070372E-02
   0.787867371545595E+01
   0.758335814238217E-02
   0.831231446032595E+01
   0.815905354130625E-02
   0.942007488984767E+01
   0.115586884607088E-01
   0.102785669333957E+02
   0.132151106596665E-01
   0.107480124919417E+02
   0.139651904296761E-01
   0.109434325722700E+02
   0.140761892054674E-01
   0.109993454471945E+02
   0.140980676055577E-01
   0.109775826672726E+02
   0.140083186547537E-01
   0.108979441842549E+02
   0.137620116448140E-01
   0.107750337636090E+02
   0.134546055450949E-01
   0.106281706659545E+02
   0.131209081532254E-01
   0.104671479912733E+02
   0.127900690106770E-01
   0.103019636650052E+02
   0.125079606612590E-01
   0.101402153166993E+02
   0.122582592553500E-01
   0.999164067296261E+01
   0.120560049654323E-01
   0.985716762212015E+01
   0.119006538747847E-01
   0.973688365740775E+01
   0.117910962751463E-01
   0.719245970666231E+01
   0.106988954031063E-01
   0.707336349291835E+01
   0.105807455117522E-01
   0.695633149051045E+01
   0.104654630962186E-01
   0.684591690964017E+01
   0.103587351546051E-01
   0.673660566253761E+01
   0.102509733817007E-01
   0.663058916453622E+01
   0.101714698108491E-01
   0.652888245367870E+01
   0.101198050696523E-01
   0.643011983028291E+01
   0.100966958419915E-01
   0.633028344634750E+01
   0.100798388722057E-01
   0.622655793996308E+01
   0.100667375635385E-01
   0.612853968014664E+01
   0.100606366494899E-01
   0.604327034496776E+01
   0.100483510702374E-01
   0.598704543095793E+01
   0.100270459325988E-01
   0.598787305200862E+01
   0.100236324945784E-01
   0.607995707486065E+01
   0.100991186095097E-01
   0.627494508609539E+01
   0.103760601610041E-01
   0.647601528450464E+01
   0.109105086528227E-01
   0.651857723853052E+01
   0.116206854124223E-01
   0.607079719270907E+01
   0.958597844290687E-02
   0.587735943907844E+01
   0.905157137587035E-02
   0.607829454538439E+01
   0.870278896717292E-02
   0.672041403821584E+01
   0.946554719811611E-02
   0.732241893474630E+01
   0.100192348378228E-01
   0.775434315375305E+01
   0.106299865530558E-01
   0.801547509335292E+01
   0.110668588531057E-01
   0.815967100537486E+01
   0.114173640159661E-01
   0.823926088708009E+01
   0.117403156124060E-01
   0.825438032219622E+01
   0.119152068869086E-01
   0.820689517914424E+01
   0.119290317885581E-01
   0.811636305826256E+01
   0.118378626794517E-01
   0.799141350347855E+01
   0.116513602724123E-01
   0.784702773295009E+01
   0.114430857930782E-01
   0.769828151370297E+01
   0.112342010877355E-01
   0.755836999835333E+01
   0.110612363521696E-01
   0.742518184931949E+01
   0.109049482615527E-01
   0.730655585275425E+01
   0.107952113030026E-01
   0.433400025462464E+01
   0.930071679266658E-02
   0.422730051942601E+01
   0.921681785429133E-02
   0.412639604993736E+01
   0.914601271156978E-02
   0.402837182831754E+01
   0.907522933974092E-02
   0.393077902250020E+01
   0.899792420114509E-02
   0.383728381003693E+01
   0.893490205393902E-02
   0.375121375854924E+01
   0.889701844898309E-02
   0.367144687301800E+01
   0.888390282465096E-02
   0.359442229241061E+01
   0.887860428944044E-02
   0.351465326899659E+01
   0.885137541904183E-02
   0.345335611422751E+01
   0.885887044087893E-02
   0.341046754889752E+01
   0.887424800029978E-02
   0.339379031897769E+01
   0.889528343863536E-02
   0.341769897117206E+01
   0.893029387420132E-02
   0.349561693215347E+01
   0.899167257124906E-02
   0.363076082437351E+01
   0.915147232532819E-02
   0.377731926714875E+01
   0.946512912515618E-02
   0.381223403725839E+01
   0.984140648524466E-02
   0.357196253842019E+01
   0.911331857255063E-02
   0.339073296905065E+01
   0.853049309740358E-02
   0.341645901536712E+01
   0.801537795325435E-02
   0.369079817819622E+01
   0.791136992696676E-02
   0.403218755358914E+01
   0.796736228312938E-02
   0.434296904376505E+01
   0.821839877453650E-02
   0.457696888956460E+01
   0.847959328095645E-02
   0.474934960872579E+01
   0.875011378250076E-02
   0.488601622010303E+01
   0.908386444043841E-02
   0.497757706078187E+01
   0.938664159159762E-02
   0.501444982994578E+01
   0.959615351570110E-02
   0.499718682749431E+01
   0.968458190835846E-02
   0.493348984345360E+01
   0.966508028422989E-02
   0.483783268461537E+01
   0.958258857252270E-02
   0.472943718252766E+01
   0.948558577074150E-02
   0.462804221413119E+01
   0.943131701959680E-02
   0.452851428911534E+01
   0.938743283854971E-02
   0.443096923652534E+01
   0.934345306062271E-02
   0.786172226715166E+00
   0.728263922629219E-02
   0.719411954568940E+00
   0.727882792968221E-02
   0.649580436455131E+00
   0.726025158112966E-02
   0.577039187436944E+00
   0.723038078650741E-02
   0.502497815492332E+00
   0.718573719919090E-02
   0.431805959049152E+00
   0.713924038177407E-02
   0.369423216700233E+00
   0.710482706772043E-02
   0.313553744159225E+00
   0.708101448758154E-02
   0.262433208704087E+00
   0.705984994996609E-02
   0.222614776297852E+00
   0.704733592499505E-02
   0.203816155677908E+00
   0.706086057380348E-02
   0.202511143532620E+00
   0.708028676017282E-02
   0.220043324920925E+00
   0.710471135222751E-02
   0.260195634186118E+00
   0.713548215501789E-02
   0.323808592428769E+00
   0.717981556896892E-02
   0.403831277363017E+00
   0.726805897584271E-02
   0.484768373533355E+00
   0.747007842199474E-02
   0.502071213447286E+00
   0.768286199781178E-02
   0.377182354109396E+00
   0.741635636403667E-02
   0.230757558650111E+00
   0.703931726704647E-02
   0.159293827737418E+00
   0.667343856040837E-02
   0.221384016079505E+00
   0.646629868379579E-02
   0.354450537644710E+00
   0.635855094656362E-02
   0.511012373756962E+00
   0.634361061814674E-02
   0.658391647215522E+00
   0.637450437895528E-02
   0.792187055282739E+00
   0.644777541384375E-02
   0.917118197763771E+00
   0.659706109228523E-02
   0.102574127775750E+01
   0.680423773036559E-02
   0.110333860630540E+01
   0.701273941424812E-02
   0.113907618338731E+01
   0.716010094068563E-02
   0.113422385986315E+01
   0.723735839916820E-02
   0.109790771460256E+01
   0.726495460552564E-02
   0.104198080232606E+01
   0.726064065756244E-02
   0.982496770183809E+00
   0.726757196260917E-02
   0.920745584523919E+00
   0.727912883836892E-02
   0.852003426314716E+00
   0.727636772205352E-02
  -0.376210913864992E+01
   0.489559624495844E-02
  -0.379089869067260E+01
   0.490962367613126E-02
  -0.382466142247060E+01
   0.490297516991374E-02
  -0.386220034945783E+01
   0.487792939875285E-02
  -0.390114690835529E+01
   0.483831770456966E-02
  -0.393257901951785E+01
   0.479655404951562E-02
  -0.395286312967585E+01
   0.476289722575625E-02
  -0.396059564302310E+01
   0.474446041577865E-02
  -0.395675746519849E+01
   0.473816878034016E-02
  -0.394112362114951E+01
   0.474183693735578E-02
  -0.391452602641625E+01
   0.474751267432514E-02
  -0.388076556116539E+01
   0.475443791056404E-02
  -0.384134963709735E+01
   0.476884096786800E-02
  -0.379645989666935E+01
   0.479825664020134E-02
  -0.375144582375740E+01
   0.484468995053205E-02
  -0.371450310479830E+01
   0.491979813942311E-02
  -0.369860224805172E+01
   0.503078233714151E-02
  -0.372549452382504E+01
   0.513734968748798E-02
  -0.380590637064026E+01
   0.514179668884811E-02
  -0.391181085418871E+01
   0.504033726248035E-02
  -0.400487053327099E+01
   0.487421518090993E-02
  -0.405899269052389E+01
   0.469414233038136E-02
  -0.407217452088645E+01
   0.453531215313993E-02
  -0.404873038823904E+01
   0.442367293094257E-02
  -0.399763976889356E+01
   0.437235071746732E-02
  -0.392612309186372E+01
   0.438796261514301E-02
  -0.384246748080896E+01
   0.446158172879891E-02
  -0.376107159894809E+01
   0.456842873631968E-02
  -0.369514977019933E+01
   0.468140998857472E-02
  -0.365390542714397E+01
   0.477095778080170E-02
  -0.363959507252319E+01
   0.481963819988834E-02
  -0.364708131555719E+01
   0.483468416267392E-02
  -0.366722954873694E+01
   0.483489702810821E-02
  -0.369111646781513E+01
   0.483987210045508E-02
  -0.371450097852334E+01
   0.485264563647637E-02
  -0.373734329612543E+01
   0.487179497654273E-02
  -0.998703813347107E+01
   0.274371657531548E-02
  -0.993000010802807E+01
   0.276894300332870E-02
  -0.988055948699329E+01
   0.278050158791581E-02
  -0.983364270705869E+01
   0.278288772765136E-02
  -0.977309765306151E+01
   0.279522516697494E-02
  -0.969263618710302E+01
   0.282355919468956E-02
  -0.958667442547660E+01
   0.287346278640233E-02
  -0.945051560853606E+01
   0.295007655571964E-02
  -0.930627928300632E+01
   0.303296659694189E-02
  -0.915936503289061E+01
   0.311887385309229E-02
  -0.901880737924616E+01
   0.320181739069427E-02
  -0.889662718171462E+01
   0.327676413187745E-02
  -0.878336708989015E+01
   0.336169610837217E-02
  -0.872291545226214E+01
   0.340497210108702E-02
  -0.871524636205509E+01
   0.341240556395970E-02
  -0.876462791504602E+01
   0.338338492359520E-02
  -0.887964526799063E+01
   0.331021789866779E-02
  -0.907274463100945E+01
   0.317689945983245E-02
  -0.928313384998398E+01
   0.305236710088637E-02
  -0.950514020296364E+01
   0.293171213160965E-02
  -0.972660188108576E+01
   0.281549361439201E-02
  -0.994333392062353E+01
   0.269561208069245E-02
  -0.101455126411806E+02
   0.257660551802707E-02
  -0.102832592628857E+02
   0.250033897120181E-02
  -0.103639687548649E+02
   0.246013631418051E-02
  -0.103985104198304E+02
   0.244818574091765E-02
  -0.104006254302232E+02
   0.245523050725014E-02
  -0.103852547382606E+02
   0.247129397521264E-02
  -0.103625854488750E+02
   0.248973414675568E-02
  -0.103398478439711E+02
   0.250570554613493E-02
  -0.103182605672420E+02
   0.251890402420355E-02
  -0.102942817698847E+02
   0.253287900224459E-02
  -0.102639772333788E+02
   0.255151086991024E-02
  -0.102203308476699E+02
   0.258099267659830E-02
  -0.101551189670277E+02
   0.262782203150217E-02
  -0.100593288774395E+02
   0.269875735099351E-02
