   0.886432002852699E+00
   0.385851287947823E-02
  -0.230896272790704E+00
   0.369196844465052E-02
  -0.976892706407211E+00
   0.356311750154868E-02
  -0.141836680568717E+01
   0.346667688365038E-02
  -0.152806223789748E+01
   0.340315762373507E-02
  -0.117262272420337E+01
   0.337779606319064E-02
  -0.164950775866678E+01
   0.342318362746447E-02
  -0.159036211994311E+01
   0.351278420441400E-02
  -0.101951594352854E+01
   0.364700227933507E-02
   0.559074859897357E-01
   0.382668870938193E-02
   0.163595693438714E+01
   0.405229125896225E-02
   0.389996568327791E+01
   0.432196616305833E-02
   0.710179157916969E+01
   0.462614549915562E-02
   0.992273707407974E+01
   0.494618402279344E-02
   0.124717721525177E+02
   0.526379069141744E-02
   0.147696956398270E+02
   0.556426677468307E-02
   0.167230524288899E+02
   0.583731899338917E-02
   0.183087889073554E+02
   0.607643493487181E-02
   0.195425073523252E+02
   0.627791802159148E-02
   0.204585719916692E+02
   0.644183293270549E-02
   0.210967627594920E+02
   0.657179074713618E-02
   0.214918221426304E+02
   0.667018841720578E-02
   0.216647400247636E+02
   0.673675787375515E-02
   0.216165998565259E+02
   0.676836136247417E-02
   0.213286877351163E+02
   0.675918705657350E-02
   0.207678370473073E+02
   0.670371916485446E-02
   0.198895110020273E+02
   0.659933208008837E-02
   0.186371599702379E+02
   0.644431965728466E-02
   0.169394433304240E+02
   0.623754537015274E-02
   0.147078441646205E+02
   0.598032268191635E-02
   0.118374445455629E+02
   0.567872539997204E-02
   0.821072771159603E+01
   0.534475254041893E-02
   0.538990994022329E+01
   0.499637959667666E-02
   0.332122964913577E+01
   0.465598893705941E-02
   0.192543292264373E+01
   0.434499723253230E-02
   0.112299165666269E+01
   0.407782105530733E-02
   0.364219325738782E+01
   0.479462060950082E-02
   0.421636007635193E+01
   0.461423489716098E-02
   0.398147787273202E+01
   0.444763320198697E-02
   0.312693729954123E+01
   0.427071866533232E-02
   0.150175637835694E+01
   0.412624284208232E-02
   0.748018485102103E+00
   0.405487886635865E-02
   0.509782417790894E+00
   0.405559503300499E-02
   0.755874407108929E+00
   0.413093331421208E-02
   0.153816242351173E+01
   0.427062042531997E-02
   0.302969515922938E+01
   0.445587234846430E-02
   0.335435677619910E+01
   0.470428278420114E-02
   0.427224603617368E+01
   0.499469583666173E-02
   0.587102433852037E+01
   0.542299607534164E-02
   0.805909068544288E+01
   0.591431586784996E-02
   0.109604436952246E+02
   0.638776794412731E-02
   0.149047270548357E+02
   0.682402808282504E-02
   0.176069709901152E+02
   0.721498329300099E-02
   0.194047993378472E+02
   0.754639891038783E-02
   0.205464262829050E+02
   0.778286649720455E-02
   0.212273599035943E+02
   0.791783498010292E-02
   0.216162733994030E+02
   0.803260930309252E-02
   0.218565227001650E+02
   0.815419674752541E-02
   0.220456098248537E+02
   0.828601910173088E-02
   0.221839019386385E+02
   0.842117321197307E-02
   0.221867705431915E+02
   0.850146011670707E-02
   0.219785340114284E+02
   0.847741721780366E-02
   0.215129808389582E+02
   0.838560012459485E-02
   0.207547168648696E+02
   0.823827402268189E-02
   0.196463545739405E+02
   0.801686960069403E-02
   0.180730515187985E+02
   0.769951162520919E-02
   0.158663188769856E+02
   0.728063864957989E-02
   0.128528283620358E+02
   0.678460207297874E-02
   0.889344903996646E+01
   0.623367947311364E-02
   0.631752424650672E+01
   0.571325575406950E-02
   0.473057458327286E+01
   0.530081745720939E-02
   0.386527765063333E+01
   0.501193964449486E-02
   0.608557926771722E+01
   0.634084345910618E-02
   0.570025977426866E+01
   0.616366832744621E-02
   0.519190959383479E+01
   0.596084213874921E-02
   0.450030914188921E+01
   0.560628138892493E-02
   0.375182339342772E+01
   0.528356393267701E-02
   0.330556325120170E+01
   0.519778705644062E-02
   0.316454668721794E+01
   0.523734762626423E-02
   0.334891727655267E+01
   0.537466250386337E-02
   0.387528186633595E+01
   0.558895339410007E-02
   0.479303448584109E+01
   0.585148869520124E-02
   0.623200166631705E+01
   0.607343271171237E-02
   0.663793539062713E+01
   0.592209500229264E-02
   0.825518926971053E+01
   0.645726550814520E-02
   0.104338483863672E+02
   0.708260722439177E-02
   0.131711674338355E+02
   0.753207676088492E-02
   0.168908660581324E+02
   0.797800102073893E-02
   0.192107306033437E+02
   0.845331060009775E-02
   0.205926884276108E+02
   0.894841691591033E-02
   0.212953576462235E+02
   0.923318077486799E-02
   0.215212694608787E+02
   0.911293463239494E-02
   0.214872780944645E+02
   0.914595539517545E-02
   0.214380838374121E+02
   0.927753267343822E-02
   0.216386315411957E+02
   0.947156803654400E-02
   0.220583736056857E+02
   0.984164895187507E-02
   0.223451981152405E+02
   0.101154710485452E-01
   0.223530834160153E+02
   0.998575005998758E-02
   0.220755795920861E+02
   0.984883727898315E-02
   0.215652391475112E+02
   0.974303401914063E-02
   0.208584571076696E+02
   0.955675491048567E-02
   0.198149115844375E+02
   0.920546965692614E-02
   0.181063835390874E+02
   0.866684500685169E-02
   0.154259287669277E+02
   0.812326698992534E-02
   0.114681530606767E+02
   0.743745525813194E-02
   0.901001833058817E+01
   0.688849748118031E-02
   0.754980804408329E+01
   0.661845524511560E-02
   0.666051917405610E+01
   0.652244583529923E-02
   0.886604636714313E+01
   0.832504240970625E-02
   0.830000272741924E+01
   0.801815948073844E-02
   0.771836339443052E+01
   0.769479105225395E-02
   0.710545075330916E+01
   0.735936740650042E-02
   0.651017972418936E+01
   0.697993000148841E-02
   0.611561656610808E+01
   0.680057346993508E-02
   0.595727792037063E+01
   0.682164079955105E-02
   0.602294538748662E+01
   0.692382725500882E-02
   0.630399948704637E+01
   0.702630378034964E-02
   0.682690625206982E+01
   0.706904727904290E-02
   0.760968487996657E+01
   0.710043950196429E-02
   0.877113822797556E+01
   0.689693119517526E-02
   0.116158735425525E+02
   0.765469330501090E-02
   0.140960599130809E+02
   0.802570023850956E-02
   0.165135373673232E+02
   0.828353026247261E-02
   0.188871891805672E+02
   0.864613439887410E-02
   0.205620062908475E+02
   0.909098314636633E-02
   0.214659495933907E+02
   0.952036658246634E-02
   0.217217981343485E+02
   0.976356249019012E-02
   0.214728553292515E+02
   0.981072557426823E-02
   0.209239850365546E+02
   0.992135268791645E-02
   0.204008151469210E+02
   0.999034116422986E-02
   0.206463361437950E+02
   0.101613795887233E-01
   0.216331117090030E+02
   0.109284001948227E-01
   0.222437427926969E+02
   0.111674525586371E-01
   0.223816905372575E+02
   0.109234362760416E-01
   0.221319030155011E+02
   0.110341597567243E-01
   0.216860002265928E+02
   0.107738525152912E-01
   0.213271518777572E+02
   0.105485895581181E-01
   0.209090017523993E+02
   0.102920508484417E-01
   0.197623920997941E+02
   0.988428368860206E-02
   0.175021541595918E+02
   0.939826485730772E-02
   0.138312951638505E+02
   0.889396913156960E-02
   0.116201081928492E+02
   0.859790188830123E-02
   0.103358427626681E+02
   0.853785778308335E-02
   0.950137710417752E+01
   0.846737792286269E-02
   0.113882721816946E+02
   0.103841504164395E-01
   0.107831052327611E+02
   0.991702009496599E-02
   0.101926109410575E+02
   0.942185873022371E-02
   0.963582636599558E+01
   0.902492735901387E-02
   0.913211933463911E+01
   0.866730215310085E-02
   0.875904552293612E+01
   0.842943475927349E-02
   0.854795810447729E+01
   0.833430364710516E-02
   0.849709798257111E+01
   0.831468881280794E-02
   0.860238193126228E+01
   0.828685214540468E-02
   0.889337064275086E+01
   0.821854382996266E-02
   0.943186781231665E+01
   0.800484331947127E-02
   0.105215306808823E+02
   0.785621500483075E-02
   0.132507236461009E+02
   0.853184493959498E-02
   0.158574436811660E+02
   0.871006030676856E-02
   0.181260943654788E+02
   0.885701854810242E-02
   0.201281552523754E+02
   0.921542403507171E-02
   0.214726749724687E+02
   0.973408704199036E-02
   0.219989673296114E+02
   0.102110531583927E-01
   0.218688156246806E+02
   0.103829253054772E-01
   0.211595475830536E+02
   0.103333256169221E-01
   0.200295043539180E+02
   0.105620321481183E-01
   0.186722165921146E+02
   0.104145943705790E-01
   0.189737064282169E+02
   0.108047116579423E-01
   0.210985885613542E+02
   0.118252439863268E-01
   0.220006536199045E+02
   0.116028317938927E-01
   0.221766940954232E+02
   0.117170444225110E-01
   0.217999745187543E+02
   0.118803754057759E-01
   0.211961452679998E+02
   0.115624918753118E-01
   0.211556519542788E+02
   0.111585302365901E-01
   0.215927021368129E+02
   0.110263806771581E-01
   0.210469468414364E+02
   0.106798766923131E-01
   0.191996996686187E+02
   0.103717077248293E-01
   0.158186689318166E+02
   0.102654668704251E-01
   0.138733732379812E+02
   0.102014546454748E-01
   0.127650000008818E+02
   0.104952400858334E-01
   0.120187421242132E+02
   0.106248874886036E-01
   0.135351387128683E+02
   0.121037872476438E-01
   0.129323945808229E+02
   0.114431140720773E-01
   0.123695272172075E+02
   0.108389955741748E-01
   0.118711297280933E+02
   0.104170162502784E-01
   0.114384681640763E+02
   0.101064927679600E-01
   0.110945551484416E+02
   0.986249792397206E-02
   0.108553346354348E+02
   0.968111997790634E-02
   0.107260927373157E+02
   0.954750231514868E-02
   0.107151998761854E+02
   0.942180272526494E-02
   0.108604550972824E+02
   0.933704462458155E-02
   0.112230371098180E+02
   0.921804800435783E-02
   0.120130650477435E+02
   0.893416366444611E-02
   0.138115665465477E+02
   0.904414140202930E-02
   0.167231746699422E+02
   0.938551710933607E-02
   0.189040219726035E+02
   0.945749717336368E-02
   0.208570081817035E+02
   0.989010391078063E-02
   0.220580046578845E+02
   0.105294627596744E-01
   0.222392076429041E+02
   0.110425139418693E-01
   0.217865966319215E+02
   0.109722345775797E-01
   0.206537929768171E+02
   0.110805777336367E-01
   0.189782002934091E+02
   0.112040995137338E-01
   0.181400840263748E+02
   0.111989424539191E-01
   0.185293216467940E+02
   0.114386991064342E-01
   0.207645932812926E+02
   0.121903160505621E-01
   0.216803548477070E+02
   0.121244289070938E-01
   0.218074578807336E+02
   0.124447305552385E-01
   0.211749842449692E+02
   0.124446234050833E-01
   0.200847005557707E+02
   0.120203100296845E-01
   0.203207938161692E+02
   0.115032145411184E-01
   0.220603464337306E+02
   0.114507808791061E-01
   0.220900394289946E+02
   0.112775208436717E-01
   0.206088952427386E+02
   0.111747289570732E-01
   0.174829614517071E+02
   0.116119103889540E-01
   0.157874587850435E+02
   0.119275026611587E-01
   0.148373363128342E+02
   0.125214572964022E-01
   0.141547765822552E+02
   0.125448813155350E-01
   0.153114171262970E+02
   0.132993672923618E-01
   0.147384804180424E+02
   0.125362730869332E-01
   0.142276934977900E+02
   0.119428355073333E-01
   0.137932301512403E+02
   0.115728483262557E-01
   0.134221297549135E+02
   0.113222069388847E-01
   0.131124492804045E+02
   0.111019327542496E-01
   0.128677943648996E+02
   0.108831478614966E-01
   0.126953391402080E+02
   0.106809503240798E-01
   0.126124927822443E+02
   0.105248062314587E-01
   0.126595848007443E+02
   0.104851212687072E-01
   0.128824949047507E+02
   0.104650946522153E-01
   0.134101026664034E+02
   0.101373859457082E-01
   0.146224435530498E+02
   0.966868365774324E-02
   0.171053707618079E+02
   0.975338859934574E-02
   0.190917759034155E+02
   0.100604581317346E-01
   0.212136870201217E+02
   0.104385083119422E-01
   0.224079974266237E+02
   0.114788467489706E-01
   0.221861585327921E+02
   0.120820445838443E-01
   0.214914184657230E+02
   0.118589687197637E-01
   0.199590308626071E+02
   0.119517909613370E-01
   0.188642050295359E+02
   0.122736118578398E-01
   0.183501923514969E+02
   0.124161806540309E-01
   0.186613770985039E+02
   0.121884837657952E-01
   0.204489008236635E+02
   0.125262059386832E-01
   0.212176815064672E+02
   0.126893924279693E-01
   0.212946357478985E+02
   0.128072620493710E-01
   0.203474253994577E+02
   0.128541452635383E-01
   0.198181554830732E+02
   0.124910320408435E-01
   0.203162664291144E+02
   0.120009113221228E-01
   0.225318560706574E+02
   0.114970171257022E-01
   0.229460075112105E+02
   0.116169899981646E-01
   0.217686117336689E+02
   0.118654049105287E-01
   0.188779456191840E+02
   0.129254880565896E-01
   0.174072700900923E+02
   0.138144513158503E-01
   0.165591329029107E+02
   0.142877082853686E-01
   0.159141368873247E+02
   0.139735294727737E-01
   0.167671216080080E+02
   0.141617880727587E-01
   0.162491659169071E+02
   0.135346348604366E-01
   0.158027965055284E+02
   0.131099841038948E-01
   0.154297437366265E+02
   0.128706606364012E-01
   0.151097256004175E+02
   0.126552521082050E-01
   0.148336249143568E+02
   0.124316947450318E-01
   0.145970700169263E+02
   0.121735014618745E-01
   0.144050412811137E+02
   0.119134091670429E-01
   0.142765133456047E+02
   0.117086654267407E-01
   0.142490384570123E+02
   0.116653662460325E-01
   0.143572507767170E+02
   0.116816921746381E-01
   0.146748553372722E+02
   0.112850919748218E-01
   0.154466645000590E+02
   0.105963554345711E-01
   0.170323838527152E+02
   0.101978527554934E-01
   0.187223578973651E+02
   0.108081410544289E-01
   0.212924629961534E+02
   0.110916895993987E-01
   0.226159665098503E+02
   0.124756047818953E-01
   0.218070939926048E+02
   0.134488124677734E-01
   0.210026358520463E+02
   0.130924541114464E-01
   0.200125363275654E+02
   0.129707427615475E-01
   0.192587076073991E+02
   0.137874283565405E-01
   0.188928304777919E+02
   0.138197093011098E-01
   0.190582149051013E+02
   0.132037407422903E-01
   0.199676415458934E+02
   0.128588752561729E-01
   0.205405658792987E+02
   0.129853828121450E-01
   0.206633259654849E+02
   0.133417588252823E-01
   0.202659371502999E+02
   0.135300350107630E-01
   0.200732728773675E+02
   0.135076965601619E-01
   0.206526207437645E+02
   0.127543391891490E-01
   0.229397091175851E+02
   0.114429853349748E-01
   0.236180018295242E+02
   0.119348354805471E-01
   0.226992770557308E+02
   0.125521733192340E-01
   0.200552136319089E+02
   0.144464056913786E-01
   0.187405728412423E+02
   0.153698202150630E-01
   0.179377200248394E+02
   0.152178416492244E-01
   0.173298741006716E+02
   0.148106614588402E-01
   0.179600236749270E+02
   0.152480115040648E-01
   0.175074841177015E+02
   0.148958247744972E-01
   0.171194547323477E+02
   0.146199701373534E-01
   0.167968510002760E+02
   0.144589841632018E-01
   0.165213460866630E+02
   0.142980379521117E-01
   0.162801870176026E+02
   0.141318595193468E-01
   0.160625362918788E+02
   0.139341686207480E-01
   0.158668778078249E+02
   0.137231813498272E-01
   0.157071888548924E+02
   0.135256319681600E-01
   0.156107911081521E+02
   0.133261455324997E-01
   0.156130055852560E+02
   0.130578342034825E-01
   0.157778019174621E+02
   0.124298492476449E-01
   0.162748749384342E+02
   0.117156521223389E-01
   0.174142498489847E+02
   0.111760397582079E-01
   0.187495275890508E+02
   0.111663037619315E-01
   0.211762517146594E+02
   0.111998042667670E-01
   0.228049951341529E+02
   0.130733859639221E-01
   0.219904015334075E+02
   0.148101444643379E-01
   0.211595992789059E+02
   0.143379499054352E-01
   0.204968651197698E+02
   0.139004416234834E-01
   0.198337980822028E+02
   0.148891495009215E-01
   0.195208753319391E+02
   0.148061121352949E-01
   0.195970991764510E+02
   0.141829718046695E-01
   0.201044547805606E+02
   0.139417311404572E-01
   0.205819615428909E+02
   0.138748009250258E-01
   0.207445533273226E+02
   0.143045899187528E-01
   0.205992655200345E+02
   0.145091833315385E-01
   0.205500546089142E+02
   0.144972449308063E-01
   0.210738698486988E+02
   0.134657268309574E-01
   0.232004281259654E+02
   0.116445460350574E-01
   0.241029542695874E+02
   0.124420976438333E-01
   0.234121492533293E+02
   0.133308855703971E-01
   0.210034590345699E+02
   0.158900240320474E-01
   0.197853948766205E+02
   0.162358140214690E-01
   0.190192787748762E+02
   0.157690961016640E-01
   0.184625537882365E+02
   0.156011716595255E-01
   0.189335883120984E+02
   0.164226769042320E-01
   0.185397775868089E+02
   0.161978612817348E-01
   0.182004545558030E+02
   0.159950061969147E-01
   0.179187371180149E+02
   0.158640345399571E-01
   0.176816321676717E+02
   0.157679115896416E-01
   0.174729296920641E+02
   0.156806655128924E-01
   0.172753452100849E+02
   0.155627144489216E-01
   0.170781612197549E+02
   0.153902536784700E-01
   0.168902222290462E+02
   0.151899557564562E-01
   0.167351979400778E+02
   0.149070388244799E-01
   0.166521947876564E+02
   0.145118989022326E-01
   0.167064136927829E+02
   0.138614235599777E-01
   0.170387089738197E+02
   0.127828926679470E-01
   0.180023425635822E+02
   0.122450814422365E-01
   0.189624153802875E+02
   0.121587782717719E-01
   0.207860846740994E+02
   0.116353063577259E-01
   0.229840078434665E+02
   0.134703184821874E-01
   0.224574263299452E+02
   0.157067881054396E-01
   0.215761477504511E+02
   0.159579659551889E-01
   0.212217184648864E+02
   0.146434664808009E-01
   0.204109415939921E+02
   0.159508906786813E-01
   0.201170847835230E+02
   0.157674510598443E-01
   0.201334695841590E+02
   0.154164047268993E-01
   0.204573975980887E+02
   0.150996413704006E-01
   0.209379647637837E+02
   0.150487528900579E-01
   0.211245253374120E+02
   0.155402155281530E-01
   0.211007469339482E+02
   0.156334734215735E-01
   0.210798625177276E+02
   0.154556751963596E-01
   0.214578201740800E+02
   0.143252141388922E-01
   0.232377032427694E+02
   0.124695880598012E-01
   0.244051084287010E+02
   0.132268632179098E-01
   0.239198356070889E+02
   0.142309670614255E-01
   0.217474901935784E+02
   0.172199258907831E-01
   0.206099760625979E+02
   0.173129550867662E-01
   0.198833463401545E+02
   0.166911073802900E-01
   0.193745636030986E+02
   0.166134262890955E-01
   0.197268253929315E+02
   0.175739134448238E-01
   0.193771971503402E+02
   0.173788171777029E-01
   0.190753811061564E+02
   0.172122053191701E-01
   0.188260088638289E+02
   0.171108720126640E-01
   0.186205917354241E+02
   0.170958410193316E-01
   0.184393023851647E+02
   0.170922655541669E-01
   0.182593237000771E+02
   0.170543150466486E-01
   0.180604249928173E+02
   0.169055455013054E-01
   0.178464564179356E+02
   0.166570316586119E-01
   0.176419997365042E+02
   0.162565246105519E-01
   0.174923526152432E+02
   0.157175388549609E-01
   0.174671354315915E+02
   0.149771968590126E-01
   0.177093361120106E+02
   0.139424506695654E-01
   0.187158045083080E+02
   0.132808994181503E-01
   0.192859932935949E+02
   0.139244649446617E-01
   0.207462222151860E+02
   0.125642881971826E-01
   0.231781594606553E+02
   0.136744171086451E-01
   0.231937067997246E+02
   0.157860954642584E-01
   0.220360441672469E+02
   0.173744510616324E-01
   0.214536883020996E+02
   0.162776876371238E-01
   0.209025024921048E+02
   0.170663433945982E-01
   0.206674972369526E+02
   0.169346271041180E-01
   0.206576238939870E+02
   0.165409429490364E-01
   0.209042731359428E+02
   0.159918665594155E-01
   0.214938851284124E+02
   0.156334200324988E-01
   0.216656748200151E+02
   0.166851940408596E-01
   0.217005644521018E+02
   0.166266017524029E-01
   0.216512062764636E+02
   0.164763386735102E-01
   0.218424979119571E+02
   0.154793466344516E-01
   0.229819711282471E+02
   0.143582276761379E-01
   0.245554065960805E+02
   0.143331715650551E-01
   0.242470704131977E+02
   0.153358395876335E-01
   0.223114331828683E+02
   0.185451475580295E-01
   0.212597745049456E+02
   0.184104506178235E-01
   0.205828967096649E+02
   0.177681958485945E-01
   0.201189870887804E+02
   0.177206227873053E-01
   0.203513207950773E+02
   0.185754542226282E-01
   0.200331545435187E+02
   0.183772415037673E-01
   0.197590009767784E+02
   0.182345168684933E-01
   0.195335662125377E+02
   0.181777201769454E-01
   0.193504239422436E+02
   0.182322585172162E-01
   0.191881619289391E+02
   0.183011567461574E-01
   0.190198842031137E+02
   0.183284636166554E-01
   0.188173252779020E+02
   0.181866622455884E-01
   0.185807622098999E+02
   0.178588746934409E-01
   0.183404438668378E+02
   0.173321480972884E-01
   0.181484016713830E+02
   0.166532272715641E-01
   0.180789880907598E+02
   0.158965231276233E-01
   0.182554162857290E+02
   0.152434375969359E-01
   0.189363927967448E+02
   0.148380855512129E-01
   0.195970259754160E+02
   0.155537217166655E-01
   0.208824849201992E+02
   0.140874070385009E-01
   0.233311576210350E+02
   0.143116303462476E-01
   0.236158511319979E+02
   0.157391964121381E-01
   0.224572520472561E+02
   0.179239803178170E-01
   0.217710010887868E+02
   0.175634788782205E-01
   0.213303619402494E+02
   0.177512376114001E-01
   0.211583462070834E+02
   0.179832230239843E-01
   0.211506625130912E+02
   0.175975510817534E-01
   0.213725567458754E+02
   0.168814569088116E-01
   0.222333577755324E+02
   0.155700749361851E-01
   0.222873697496283E+02
   0.169259801498751E-01
   0.223780969351331E+02
   0.170608833234125E-01
   0.222603602717103E+02
   0.175686503494049E-01
   0.222628088310814E+02
   0.168818606359272E-01
   0.229991154090171E+02
   0.158930387223264E-01
   0.246004957314069E+02
   0.152502001632072E-01
   0.244082714976048E+02
   0.164710100926054E-01
   0.227046248335998E+02
   0.197392685507664E-01
   0.217516949782242E+02
   0.193864027143002E-01
   0.211321277788124E+02
   0.187757759521731E-01
   0.207072013776878E+02
   0.187184382826678E-01
   0.208161500525908E+02
   0.194637666838112E-01
   0.205199022724583E+02
   0.192615350163532E-01
   0.202642514306381E+02
   0.191264383093761E-01
   0.200526419379946E+02
   0.190837070188271E-01
   0.198796152127353E+02
   0.191313480819693E-01
   0.197255100937794E+02
   0.192110191566371E-01
   0.195618199670440E+02
   0.192552657928357E-01
   0.193547521352612E+02
   0.190958948096077E-01
   0.191026228620004E+02
   0.186995698460142E-01
   0.188440279521711E+02
   0.181145705197946E-01
   0.186369534910824E+02
   0.174375561700718E-01
   0.185551653136791E+02
   0.168901129849351E-01
   0.186905779039059E+02
   0.165570118252847E-01
   0.191857746708886E+02
   0.158685501100303E-01
   0.198622237502058E+02
   0.163765552291290E-01
   0.210751992956453E+02
   0.159237154250995E-01
   0.234226289530023E+02
   0.156839815787981E-01
   0.238430273039419E+02
   0.160393338716478E-01
   0.228552628718152E+02
   0.176473674213483E-01
   0.220854289363456E+02
   0.187457183588433E-01
   0.217011771908066E+02
   0.187136428315767E-01
   0.215779288909080E+02
   0.189906605443808E-01
   0.215859191193266E+02
   0.186655041402960E-01
   0.217899656495327E+02
   0.179835469915806E-01
   0.226164707499187E+02
   0.162355945600781E-01
   0.229712869113880E+02
   0.170446466093150E-01
   0.231608585586387E+02
   0.168556891632116E-01
   0.228944557237106E+02
   0.182202020249096E-01
   0.226900856363042E+02
   0.183846089231968E-01
   0.231340542786601E+02
   0.172992014321007E-01
   0.245492117793837E+02
   0.159071598425232E-01
   0.244061507497753E+02
   0.173942728343012E-01
   0.229328796513859E+02
   0.202739423501646E-01
   0.220968079827938E+02
   0.200880987911380E-01
   0.215399070324733E+02
   0.197066585359333E-01
   0.211462707088684E+02
   0.196173762896687E-01
   0.211282772940876E+02
   0.202269689245226E-01
   0.208464524487169E+02
   0.200305565997190E-01
   0.206011196385653E+02
   0.198883237916589E-01
   0.203937147910886E+02
   0.197911802586106E-01
   0.202202685955460E+02
   0.197390248741678E-01
   0.200650228981210E+02
   0.197571907671222E-01
   0.199006239031178E+02
   0.197978793835764E-01
   0.196899577976311E+02
   0.196543226834757E-01
   0.194310661170075E+02
   0.192556507335075E-01
   0.191714822419905E+02
   0.187491681330404E-01
   0.189716439202195E+02
   0.182570127702775E-01
   0.188968824747228E+02
   0.179182175087394E-01
   0.190064094215134E+02
   0.175334768637475E-01
   0.193999783833705E+02
   0.168518482926257E-01
   0.200714292990484E+02
   0.172481995399830E-01
   0.212430355211913E+02
   0.177423179816599E-01
   0.234309262593731E+02
   0.166179640497210E-01
   0.239188674647656E+02
   0.161044699374257E-01
   0.233113336278926E+02
   0.168245851538633E-01
   0.223354099739813E+02
   0.192634207260908E-01
   0.219982883270261E+02
   0.197236310525868E-01
   0.219128308017266E+02
   0.198748269183792E-01
   0.219425095476539E+02
   0.196207110917582E-01
   0.221288428465280E+02
   0.193435424526825E-01
   0.226636289314094E+02
   0.176462359452306E-01
   0.232416969677204E+02
   0.175865957421266E-01
   0.235751269859272E+02
   0.172252582339106E-01
   0.235658829827987E+02
   0.180667541601319E-01
   0.230869217719992E+02
   0.198767943859392E-01
   0.232916970621440E+02
   0.188406590728022E-01
   0.244047650193621E+02
   0.167707649100008E-01
   0.242210275710285E+02
   0.184692364932555E-01
   0.230239775473825E+02
   0.207695938921514E-01
   0.223117712346670E+02
   0.207830258389437E-01
   0.218125398881064E+02
   0.205602176515399E-01
   0.214415065396956E+02
   0.204037607855547E-01
   0.212941806027818E+02
   0.207560720001959E-01
   0.210211375825695E+02
   0.205858131248992E-01
   0.207806496671894E+02
   0.204418552653896E-01
   0.205730070106418E+02
   0.202770447205549E-01
   0.203946248859063E+02
   0.201239591773768E-01
   0.202342159191780E+02
   0.201133277144240E-01
   0.200645050814226E+02
   0.201718312607088E-01
   0.198483825681460E+02
   0.200320379670386E-01
   0.195886047354330E+02
   0.196416725863093E-01
   0.193380013781646E+02
   0.192250821059112E-01
   0.191560199176056E+02
   0.189062623200879E-01
   0.190974482109190E+02
   0.186473555101928E-01
   0.191975741088254E+02
   0.180923661599046E-01
   0.195405952284258E+02
   0.174629754787183E-01
   0.202070532402148E+02
   0.180237368357422E-01
   0.213308666174531E+02
   0.188827494895070E-01
   0.233324740905982E+02
   0.166933508385220E-01
   0.238591581296082E+02
   0.160557876732497E-01
   0.234740096042189E+02
   0.164483233947555E-01
   0.224858858224293E+02
   0.194492340231766E-01
   0.222028921651130E+02
   0.203731214906362E-01
   0.221538033522012E+02
   0.205592646337998E-01
   0.222103080354657E+02
   0.203966081756823E-01
   0.223742534128452E+02
   0.202502999651639E-01
   0.227303106001770E+02
   0.185219762729152E-01
   0.231776569716637E+02
   0.183069803777776E-01
   0.236886517732697E+02
   0.178154200265457E-01
   0.239010481111433E+02
   0.181464952290578E-01
   0.234084770105041E+02
   0.209895919579825E-01
   0.234140568746614E+02
   0.204636555633811E-01
   0.241519367301877E+02
   0.180219403530799E-01
   0.238146118663780E+02
   0.200402438816949E-01
   0.230040798378516E+02
   0.212641959835548E-01
   0.224058948927553E+02
   0.213573113165426E-01
   0.219517535887121E+02
   0.211588897884569E-01
   0.215971601892896E+02
   0.209418403916232E-01
   0.213266796199969E+02
   0.206940052848302E-01
   0.210581495247928E+02
   0.205294562543654E-01
   0.208190641054958E+02
   0.203740718179565E-01
   0.206099042618227E+02
   0.202037201644253E-01
   0.204256923425752E+02
   0.200673784657124E-01
   0.202549220875977E+02
   0.200414173813639E-01
   0.200731174780235E+02
   0.200479775808484E-01
   0.198498104650643E+02
   0.198789395198246E-01
   0.195936786883340E+02
   0.195339247923693E-01
   0.193569079922149E+02
   0.191983184160468E-01
   0.191943501691199E+02
   0.189448225201909E-01
   0.191569802426544E+02
   0.187265127113796E-01
   0.192689513469158E+02
   0.181968829784977E-01
   0.195895143671501E+02
   0.175871861904672E-01
   0.202515468238154E+02
   0.183626483862264E-01
   0.213081204314791E+02
   0.191346521902371E-01
   0.231339453889677E+02
   0.163340600498573E-01
   0.236854592095862E+02
   0.159340481338595E-01
   0.234488397227054E+02
   0.162914546722507E-01
   0.225339061509097E+02
   0.194413818655961E-01
   0.223103939635004E+02
   0.208005710090225E-01
   0.222995287986272E+02
   0.212098469238117E-01
   0.223818906688093E+02
   0.210068030723062E-01
   0.225256892843420E+02
   0.206923255487388E-01
   0.227780402269785E+02
   0.193413061281989E-01
   0.231281264748023E+02
   0.189260424114620E-01
   0.235354532397145E+02
   0.189459322238781E-01
   0.239999128941948E+02
   0.185225099729288E-01
   0.236501244570202E+02
   0.211470468386077E-01
   0.234545525598673E+02
   0.214720881852286E-01
   0.237420000349357E+02
   0.196330082013077E-01
   0.234942111955083E+02
   0.208515738195205E-01
   0.228981107494116E+02
   0.214203489048383E-01
   0.223862076157949E+02
   0.214640368304133E-01
   0.219658925453576E+02
   0.211424701231662E-01
   0.216237568258201E+02
   0.208792664757099E-01
   0.212543598053766E+02
   0.197487741991972E-01
   0.209856249975050E+02
   0.194936260029853E-01
   0.207410636295333E+02
   0.192323630321253E-01
   0.205221708616044E+02
   0.189897972919891E-01
   0.203260455701597E+02
   0.188409196902581E-01
   0.201419289772950E+02
   0.188130706123786E-01
   0.199484385458233E+02
   0.188323773616416E-01
   0.197221132237537E+02
   0.187363829876823E-01
   0.194760672716216E+02
   0.185578564020851E-01
   0.192592946311976E+02
   0.184247813740834E-01
   0.191192407385135E+02
   0.183220257654009E-01
   0.191016161628429E+02
   0.182239501710404E-01
   0.192341373515832E+02
   0.179620904263497E-01
   0.195426666972633E+02
   0.173641255793694E-01
   0.202000720177584E+02
   0.184249741774830E-01
   0.211679596889882E+02
   0.188955814338237E-01
   0.228441153512518E+02
   0.161295611997821E-01
   0.234076607379240E+02
   0.159171959107728E-01
   0.232799637538689E+02
   0.161613422287888E-01
   0.224846772375876E+02
   0.199389085598413E-01
   0.223075617702474E+02
   0.210594836028874E-01
   0.223278843158079E+02
   0.215157578639006E-01
   0.224477505485251E+02
   0.214431149223631E-01
   0.225800063558260E+02
   0.209559556091181E-01
   0.227774823939078E+02
   0.200263605172040E-01
   0.230725022660315E+02
   0.200001073409243E-01
   0.233989721207626E+02
   0.199360611870795E-01
   0.238981889308312E+02
   0.191753624885332E-01
   0.238550466418789E+02
   0.201504413404841E-01
   0.233926779601718E+02
   0.215449059935346E-01
   0.234243085524442E+02
   0.203512648291556E-01
   0.231920124096841E+02
   0.208836631816229E-01
   0.227161864771963E+02
   0.209782384544068E-01
   0.222687909150420E+02
   0.207675244238218E-01
   0.218798409016254E+02
   0.203425591834301E-01
   0.215483950546214E+02
   0.200110466003051E-01
   0.210979042801220E+02
   0.184674948009500E-01
   0.208268502667706E+02
   0.181581750593266E-01
   0.205774887193637E+02
   0.178744661972518E-01
   0.203517572595473E+02
   0.176533320581992E-01
   0.201458751428999E+02
   0.175105607074368E-01
   0.199484400160500E+02
   0.174300383565231E-01
   0.197422212120813E+02
   0.173739401584672E-01
   0.195133864806297E+02
   0.172793195846938E-01
   0.192797061731019E+02
   0.172124551062799E-01
   0.190825702897408E+02
   0.172202135002454E-01
   0.189621548592035E+02
   0.172846068023394E-01
   0.189609332837683E+02
   0.174309922456070E-01
   0.191081159005062E+02
   0.175558036423195E-01
   0.194059815393553E+02
   0.170879697732265E-01
   0.200500704699325E+02
   0.185083763451795E-01
   0.209147309267537E+02
   0.185746189574266E-01
   0.224491698498112E+02
   0.161187976268952E-01
   0.230122244977033E+02
   0.160153242104924E-01
   0.229744773819035E+02
   0.160812487222963E-01
   0.223163484613228E+02
   0.201488606201401E-01
   0.221748901212793E+02
   0.207734621681454E-01
   0.222164885447068E+02
   0.210272828066517E-01
   0.223929935985692E+02
   0.213224290267933E-01
   0.225280773501481E+02
   0.210510502489769E-01
   0.226991092953004E+02
   0.204660233296050E-01
   0.229572187417709E+02
   0.207413439027922E-01
   0.232184270854349E+02
   0.206940442694507E-01
   0.235511987703104E+02
   0.204181401586600E-01
   0.237563822935340E+02
   0.197873098447092E-01
   0.232166450841608E+02
   0.211178531606583E-01
   0.231154788565849E+02
   0.205141245626555E-01
   0.228752537059698E+02
   0.204457761406357E-01
   0.224683148907080E+02
   0.200177819803544E-01
   0.220738046988704E+02
   0.196316899104999E-01
   0.217130782965106E+02
   0.191741278330074E-01
   0.213909667579409E+02
   0.187969957828267E-01
   0.209003994421643E+02
   0.177513374469986E-01
   0.206298500519214E+02
   0.174244921771470E-01
   0.203791090810874E+02
   0.171396656778676E-01
   0.201497132324689E+02
   0.169346093544603E-01
   0.199363051432449E+02
   0.167893870103883E-01
   0.197268291550035E+02
   0.166804767637218E-01
   0.195076817613001E+02
   0.165794278421072E-01
   0.192727217267938E+02
   0.164535772124739E-01
   0.190426234925761E+02
   0.163672471332555E-01
   0.188535255088633E+02
   0.163610892949829E-01
   0.187407136130850E+02
   0.164598934042996E-01
   0.187442778708282E+02
   0.167286727124733E-01
   0.188981459459715E+02
   0.172170315659886E-01
   0.192074219895138E+02
   0.175996105579384E-01
   0.197932137435044E+02
   0.186586156661480E-01
   0.205478837922400E+02
   0.179684274173303E-01
   0.219313163334124E+02
   0.161132124002842E-01
   0.224821648291374E+02
   0.161059004322902E-01
   0.225320876153136E+02
   0.162374491331011E-01
   0.220259819093898E+02
   0.205877510408577E-01
   0.219150121168460E+02
   0.205550685304386E-01
   0.219699965683384E+02
   0.201088003361323E-01
   0.222229962878581E+02
   0.207532677310617E-01
   0.223651377637204E+02
   0.210490952749028E-01
   0.225230665617410E+02
   0.206055200187323E-01
   0.227534433736624E+02
   0.211039574529598E-01
   0.229669777929795E+02
   0.213915319108870E-01
   0.231994363410867E+02
   0.216743336346063E-01
   0.234161514207752E+02
   0.200055813882811E-01
   0.229286452663426E+02
   0.208474140929524E-01
   0.227781161395665E+02
   0.204873993955624E-01
   0.225327681949665E+02
   0.199703692848856E-01
   0.221769527665512E+02
   0.193251524486150E-01
   0.218315414390654E+02
   0.189183461474896E-01
   0.215002964676532E+02
   0.184921341706194E-01
   0.211899810437503E+02
   0.181042532356871E-01
   0.206890500850244E+02
   0.181958842035369E-01
   0.204253660814582E+02
   0.178140521098949E-01
   0.201787307284251E+02
   0.174810047677238E-01
   0.199491826711978E+02
   0.172231176451900E-01
   0.197310466079051E+02
   0.170345689290664E-01
   0.195121137207371E+02
   0.168944877053765E-01
   0.192815663089785E+02
   0.167890365740685E-01
   0.190382854983269E+02
   0.166825542764639E-01
   0.188038879318888E+02
   0.166209334877431E-01
   0.186110673318663E+02
   0.166406142150324E-01
   0.184908376426804E+02
   0.167532521704291E-01
   0.184802509081182E+02
   0.170242431302078E-01
   0.186168052648552E+02
   0.175745954241105E-01
   0.189119305286407E+02
   0.182698896054502E-01
   0.194278339905767E+02
   0.189645773364697E-01
   0.200783511447290E+02
   0.176603075202298E-01
   0.212764510946074E+02
   0.160785021467700E-01
   0.218023860938313E+02
   0.160223847213777E-01
   0.219433296105367E+02
   0.167770581581168E-01
   0.215907195634188E+02
   0.208186219956148E-01
   0.215253084402171E+02
   0.204635450758117E-01
   0.216128820392361E+02
   0.196223543927097E-01
   0.219534805426194E+02
   0.197529413398073E-01
   0.221033759449486E+02
   0.214111714844623E-01
   0.222660756956616E+02
   0.213532773711993E-01
   0.224631477253060E+02
   0.217647799666784E-01
   0.226239031968241E+02
   0.219640088829392E-01
   0.227605626541036E+02
   0.220523866091993E-01
   0.228300572910671E+02
   0.212014752457370E-01
   0.225504212409886E+02
   0.215451429807572E-01
   0.223969676127388E+02
   0.212342866357826E-01
   0.221640163986267E+02
   0.205733684959182E-01
   0.218593756102169E+02
   0.199257434696347E-01
   0.215629951443421E+02
   0.195156499368301E-01
   0.212632405253819E+02
   0.190658001934916E-01
   0.209692724471758E+02
   0.186110776611781E-01
   0.204627274175656E+02
   0.198323765357756E-01
   0.202150390689666E+02
   0.194029862978499E-01
   0.199803371433955E+02
   0.189860489252394E-01
   0.197570596750963E+02
   0.186173438631729E-01
   0.195397276720749E+02
   0.183313101936555E-01
   0.193158190608787E+02
   0.181176748149468E-01
   0.190759600713574E+02
   0.179702158785726E-01
   0.188222936096605E+02
   0.178317638663680E-01
   0.185765119992796E+02
   0.177158966975602E-01
   0.183686610536981E+02
   0.176535649540830E-01
   0.182256003457207E+02
   0.176129317086953E-01
   0.181796608761490E+02
   0.176239832484378E-01
   0.182664710917308E+02
   0.177989392679993E-01
   0.184980192807850E+02
   0.181426308617297E-01
   0.189520235688504E+02
   0.191971972122382E-01
   0.195280318346966E+02
   0.185602165091876E-01
   0.204704028420236E+02
   0.159135051939352E-01
   0.209637904751192E+02
   0.163608864169037E-01
   0.211833483546604E+02
   0.177968086878912E-01
   0.210013659143193E+02
   0.208412001574937E-01
   0.209981780085896E+02
   0.201190939799428E-01
   0.211367035208412E+02
   0.190217706093162E-01
   0.216232889546422E+02
   0.184314899497962E-01
   0.217124768183199E+02
   0.213846553708958E-01
   0.218859535470574E+02
   0.219008259066210E-01
   0.220489712615272E+02
   0.220827958930520E-01
   0.221603723930804E+02
   0.220979655674294E-01
   0.222181276785647E+02
   0.218402070485941E-01
   0.222213513444820E+02
   0.216247936963223E-01
   0.220589400322606E+02
   0.221630034876243E-01
   0.219340289954020E+02
   0.222461204324149E-01
   0.217373630232862E+02
   0.218492558108789E-01
   0.214935721968368E+02
   0.214620036199658E-01
   0.212504818342001E+02
   0.211461235551380E-01
   0.209898137138179E+02
   0.207367213327468E-01
   0.207234647983301E+02
   0.202837806856884E-01
   0.201322447786511E+02
   0.215579618548205E-01
   0.199116705699664E+02
   0.212716947766127E-01
   0.197002607596964E+02
   0.208950575166066E-01
   0.194940504078097E+02
   0.204485226288609E-01
   0.192866268888928E+02
   0.200244629646824E-01
   0.190642236252473E+02
   0.196307540833722E-01
   0.188175914257092E+02
   0.192697602253308E-01
   0.185526750476239E+02
   0.189270699789137E-01
   0.182923191493282E+02
   0.186206705093982E-01
   0.180653335171204E+02
   0.183806281525753E-01
   0.178963292584997E+02
   0.181602939873370E-01
   0.178116614273607E+02
   0.179436335278532E-01
   0.178350471759646E+02
   0.177238945983912E-01
   0.179773691885849E+02
   0.175027791068144E-01
   0.183411794352946E+02
   0.181233665890972E-01
   0.188731995439930E+02
   0.192605566093977E-01
   0.195002821525137E+02
   0.166368921903614E-01
   0.199408642688071E+02
   0.170964646988893E-01
   0.202039352416131E+02
   0.185211012989371E-01
   0.202558268877331E+02
   0.204050127210802E-01
   0.203376433611898E+02
   0.196268547042425E-01
   0.205516381206347E+02
   0.178309440167482E-01
   0.210717877923933E+02
   0.184656411744219E-01
   0.211851943346611E+02
   0.211248580471737E-01
   0.213646558018323E+02
   0.220297525888374E-01
   0.214970958006778E+02
   0.218854539393791E-01
   0.215719670446593E+02
   0.218064670408278E-01
   0.215730077050956E+02
   0.214643465851819E-01
   0.215326390006272E+02
   0.213499405127913E-01
   0.214271279146845E+02
   0.218999594759289E-01
   0.213332584347381E+02
   0.222967399619148E-01
   0.211825924409868E+02
   0.223109589917602E-01
   0.209981086043444E+02
   0.223174561147910E-01
   0.208092289363530E+02
   0.223114902426723E-01
   0.205927796776858E+02
   0.221029778964751E-01
   0.203630868233727E+02
   0.218432558742500E-01
   0.196007973129169E+02
   0.216028991838072E-01
   0.194113438396457E+02
   0.215529758515630E-01
   0.192324110805492E+02
   0.214419410385835E-01
   0.190571315822942E+02
   0.211811743653353E-01
   0.188750758555210E+02
   0.208238076077795E-01
   0.186687163461502E+02
   0.203592456607665E-01
   0.184260537783271E+02
   0.197854542530343E-01
   0.181562243160335E+02
   0.192199801574269E-01
   0.178842421976170E+02
   0.187467144976908E-01
   0.176390364908701E+02
   0.183864220775611E-01
   0.174455868182255E+02
   0.180995960771229E-01
   0.173269654399050E+02
   0.178628927171844E-01
   0.172999792759334E+02
   0.175934335409381E-01
   0.173778897509615E+02
   0.171815966992158E-01
   0.176364090613754E+02
   0.168424402147228E-01
   0.180841617996142E+02
   0.175433335732999E-01
   0.185967944771528E+02
   0.174574273961368E-01
   0.189647859234647E+02
   0.176024315446689E-01
   0.191943099730968E+02
   0.177904084252810E-01
   0.193556104979700E+02
   0.192173459800001E-01
   0.195383250190585E+02
   0.191732824965979E-01
   0.198859319159158E+02
   0.161263736305944E-01
   0.202886340710544E+02
   0.192061698631148E-01
   0.205183278344366E+02
   0.210059962767973E-01
   0.206967340913037E+02
   0.213944455961082E-01
   0.208092628641369E+02
   0.212735433189217E-01
   0.208550844391414E+02
   0.211576193505948E-01
   0.208202396699778E+02
   0.207838954360487E-01
   0.207435926177670E+02
   0.205153149820152E-01
   0.206500073921080E+02
   0.207701856444441E-01
   0.205719117200008E+02
   0.211760525485977E-01
   0.204574290892027E+02
   0.213889880657536E-01
   0.203202341866539E+02
   0.216251006961626E-01
   0.201733878095654E+02
   0.218383168172628E-01
   0.199949595515400E+02
   0.217970605003023E-01
   0.198003764685140E+02
   0.217049451886801E-01
   0.188526568095558E+02
   0.203043764897124E-01
   0.186857245742126E+02
   0.203149724758769E-01
   0.185330628600932E+02
   0.203879894527827E-01
   0.183896691668248E+02
   0.204423896620529E-01
   0.182410527636318E+02
   0.203862838711658E-01
   0.180651330200361E+02
   0.201418936424891E-01
   0.178450061004132E+02
   0.196514784494206E-01
   0.175864227428914E+02
   0.190441378353677E-01
   0.173137081960314E+02
   0.184703745947344E-01
   0.170567056571074E+02
   0.180025933516857E-01
   0.168434491208820E+02
   0.176517598534844E-01
   0.166968528156803E+02
   0.173953041960505E-01
   0.166340823608677E+02
   0.171696987905764E-01
   0.166744259516235E+02
   0.169161485241786E-01
   0.168772813658119E+02
   0.167842324991632E-01
   0.172574158649191E+02
   0.173250921295285E-01
   0.176628891091635E+02
   0.173184528444275E-01
   0.179404251067009E+02
   0.172149592028476E-01
   0.181147134931911E+02
   0.172181853204667E-01
   0.183116800489508E+02
   0.179445664725903E-01
   0.185791906656634E+02
   0.182986816610445E-01
   0.190040986049825E+02
   0.155381691388319E-01
   0.194202494428946E+02
   0.187545456622947E-01
   0.197074342530624E+02
   0.198802361406573E-01
   0.198829518105848E+02
   0.201802698744936E-01
   0.199828675267384E+02
   0.203056220933353E-01
   0.200077583285696E+02
   0.202488831606253E-01
   0.199511379346828E+02
   0.199065545058804E-01
   0.198525603513733E+02
   0.195643601656939E-01
   0.197574702530778E+02
   0.196141325757611E-01
   0.196798721848160E+02
   0.198632401563817E-01
   0.195809425878642E+02
   0.200260663725800E-01
   0.194700899665939E+02
   0.202350653771202E-01
   0.193489347145832E+02
   0.204325237685204E-01
   0.191969507144771E+02
   0.204367669164552E-01
   0.190285894316480E+02
   0.203790808608973E-01
   0.179120144571078E+02
   0.187829129790552E-01
   0.177591984362356E+02
   0.187358679285929E-01
   0.176214742034465E+02
   0.187909952078086E-01
   0.174983887414542E+02
   0.189492560377533E-01
   0.173755891564487E+02
   0.191027922158461E-01
   0.172300619740176E+02
   0.191451103977935E-01
   0.170421856561794E+02
   0.189616759018778E-01
   0.168107145070188E+02
   0.185496343779841E-01
   0.165530899401013E+02
   0.180130365092370E-01
   0.162960524015402E+02
   0.174575529296613E-01
   0.160710952189443E+02
   0.170035861716552E-01
   0.159034976636850E+02
   0.166644305064390E-01
   0.158145177441133E+02
   0.163880126484240E-01
   0.158303418109271E+02
   0.161347955917784E-01
   0.159978958674643E+02
   0.160758163000549E-01
   0.163147053183744E+02
   0.165007584362188E-01
   0.166281391636471E+02
   0.165515598625188E-01
   0.168197557649085E+02
   0.163314393668644E-01
   0.169250331287722E+02
   0.160817234135483E-01
   0.171248086421124E+02
   0.165274450562638E-01
   0.174621912755129E+02
   0.170088924423424E-01
   0.179148288206270E+02
   0.162020355166918E-01
   0.184523279563504E+02
   0.179177280008576E-01
   0.187637489996312E+02
   0.185462892958357E-01
   0.189306158542637E+02
   0.188200962724602E-01
   0.190135251571931E+02
   0.190409290070731E-01
   0.190221562383632E+02
   0.190783538782340E-01
   0.189548130083418E+02
   0.188590531032789E-01
   0.188468564534823E+02
   0.185605017878459E-01
   0.187449950946542E+02
   0.184980378070205E-01
   0.186597917407752E+02
   0.186177821036751E-01
   0.185638369866295E+02
   0.187061949183645E-01
   0.184628420321039E+02
   0.188318699972472E-01
   0.183523798653848E+02
   0.189216732313855E-01
   0.182187351575906E+02
   0.189200855525097E-01
   0.180701262954740E+02
   0.188707627803350E-01
   0.167859918653828E+02
   0.172645520504181E-01
   0.166426858967733E+02
   0.171700596921890E-01
   0.165124890445493E+02
   0.171473725525919E-01
   0.163991400074078E+02
   0.172405777324303E-01
   0.162903831355234E+02
   0.173837177343301E-01
   0.161653525767813E+02
   0.175049990518410E-01
   0.160062110624463E+02
   0.175453916750272E-01
   0.158071865794784E+02
   0.174166715007959E-01
   0.155769126241856E+02
   0.170995362349106E-01
   0.153350211612006E+02
   0.166373369474451E-01
   0.151111944564639E+02
   0.161576977605977E-01
   0.149323425534019E+02
   0.157441473790046E-01
   0.148260427899745E+02
   0.154188009009906E-01
   0.148260088089369E+02
   0.151970119203615E-01
   0.149677950952367E+02
   0.151547928882763E-01
   0.152298747412103E+02
   0.153648423766576E-01
   0.154698351840504E+02
   0.153786783711313E-01
   0.155835100303756E+02
   0.151943507797692E-01
   0.156011205477745E+02
   0.146713463121553E-01
   0.157783567456641E+02
   0.149149209165491E-01
   0.161862987702607E+02
   0.153834385282911E-01
   0.167706334399309E+02
   0.159606726366077E-01
   0.173728759860425E+02
   0.169491681853353E-01
   0.176937051740906E+02
   0.171725571292378E-01
   0.178420175310258E+02
   0.173750421389716E-01
   0.179010930765807E+02
   0.175573892577804E-01
   0.178931263655279E+02
   0.176505667581817E-01
   0.178191419237613E+02
   0.175716576110076E-01
   0.177065457259212E+02
   0.173756629304405E-01
   0.175957999016561E+02
   0.172749993959541E-01
   0.174973161221533E+02
   0.172897896956049E-01
   0.173946382945674E+02
   0.173007106851945E-01
   0.172924340820020E+02
   0.173543397189335E-01
   0.171848470474819E+02
   0.173816477639193E-01
   0.170634388758160E+02
   0.173795345728971E-01
   0.169299942899420E+02
   0.173457168555555E-01
   0.154745640278380E+02
   0.157434764579591E-01
   0.153388381670399E+02
   0.156446826961910E-01
   0.152121252958851E+02
   0.155706901300751E-01
   0.151008184701934E+02
   0.155698432482825E-01
   0.149962453115470E+02
   0.156234254148423E-01
   0.148813738362658E+02
   0.156881334997317E-01
   0.147417482647066E+02
   0.157464565791183E-01
   0.145708140193676E+02
   0.157400996121844E-01
   0.143706704163895E+02
   0.156092266241808E-01
   0.141540597655087E+02
   0.153353063464874E-01
   0.139448894337145E+02
   0.149773835291693E-01
   0.137666534397040E+02
   0.145662411029675E-01
   0.136519068458128E+02
   0.142032681646992E-01
   0.136437678124313E+02
   0.140076615484267E-01
   0.137717629040562E+02
   0.140261323749651E-01
   0.139961533677101E+02
   0.141596776397408E-01
   0.141812856365249E+02
   0.141602066519910E-01
   0.142174206189922E+02
   0.139469051746933E-01
   0.141224757001371E+02
   0.131437927265789E-01
   0.142549723545589E+02
   0.131333363273802E-01
   0.147355517591737E+02
   0.137868578511707E-01
   0.154875436662100E+02
   0.148663913157986E-01
   0.161773829871225E+02
   0.160799689213543E-01
   0.165050167749340E+02
   0.160645316516327E-01
   0.166240710991157E+02
   0.160576692540076E-01
   0.166510130311586E+02
   0.160926754235115E-01
   0.166206827367556E+02
   0.161402164335686E-01
   0.165367536910732E+02
   0.161142149513575E-01
   0.164188689381224E+02
   0.160178578132480E-01
   0.162981116894441E+02
   0.159454452114251E-01
   0.161830113493256E+02
   0.158932823990984E-01
   0.160667250596356E+02
   0.158388722937943E-01
   0.159553196197417E+02
   0.158265113696647E-01
   0.158447422953359E+02
   0.158129216868755E-01
   0.157296711410056E+02
   0.158114502457435E-01
   0.156072124574865E+02
   0.158043952522660E-01
   0.139712478253336E+02
   0.141427988610043E-01
   0.138420432995335E+02
   0.140575983197970E-01
   0.137176258698765E+02
   0.139657110253047E-01
   0.136054517749982E+02
   0.139082018986536E-01
   0.134999146145071E+02
   0.138986077320458E-01
   0.133883717372917E+02
   0.139049148653603E-01
   0.132595140480336E+02
   0.139024722423193E-01
   0.131088015391218E+02
   0.139043604838088E-01
   0.129349584957027E+02
   0.138414457790827E-01
   0.127459385335789E+02
   0.136922612467620E-01
   0.125591052531399E+02
   0.134692504338095E-01
   0.123916729967787E+02
   0.131327489778779E-01
   0.122761514257637E+02
   0.127638751811294E-01
   0.122661153242960E+02
   0.126196374754192E-01
   0.123927277525592E+02
   0.127850822027532E-01
   0.126021190855211E+02
   0.130387654558432E-01
   0.127544691863821E+02
   0.131317592239543E-01
   0.127127973055726E+02
   0.128335342606369E-01
   0.124652787524764E+02
   0.114882325104547E-01
   0.125304278023639E+02
   0.110198863963967E-01
   0.130802335562298E+02
   0.120374225182558E-01
   0.140680309746622E+02
   0.145453558218480E-01
   0.148623210505167E+02
   0.160376517857317E-01
   0.151922946167604E+02
   0.156504336888742E-01
   0.152720070766804E+02
   0.151843693558306E-01
   0.152612404636057E+02
   0.149264777800900E-01
   0.152024757304671E+02
   0.148001982709651E-01
   0.151018461696121E+02
   0.146902679359679E-01
   0.149730271927797E+02
   0.145730236416886E-01
   0.148391200978951E+02
   0.145065057312640E-01
   0.147053543588629E+02
   0.144182482646463E-01
   0.145709476284984E+02
   0.143149229278796E-01
   0.144447899946363E+02
   0.142485912378413E-01
   0.143263561650407E+02
   0.142075161388142E-01
   0.142118591749274E+02
   0.141927802811763E-01
   0.140954330342044E+02
   0.141871287762181E-01
   0.122638719065275E+02
   0.128206629803500E-01
   0.121397594463764E+02
   0.127238057975091E-01
   0.120177655931724E+02
   0.126144899963974E-01
   0.119058626465507E+02
   0.125340016785860E-01
   0.117982226675553E+02
   0.124783386023580E-01
   0.116869594503993E+02
   0.124370127161025E-01
   0.115642102758327E+02
   0.123823386874656E-01
   0.114271650311034E+02
   0.123386241377984E-01
   0.112744255265757E+02
   0.122813717562393E-01
   0.111111194289465E+02
   0.122080209727304E-01
   0.109498161238292E+02
   0.121622169336369E-01
   0.108016537235094E+02
   0.120745625795401E-01
   0.106933588906663E+02
   0.119001422370190E-01
   0.106804168723405E+02
   0.118182739320239E-01
   0.108068714548292E+02
   0.120115996124026E-01
   0.110216147707546E+02
   0.123901370749727E-01
   0.111674634977664E+02
   0.125849551994927E-01
   0.110613308654783E+02
   0.122101084136327E-01
   0.106006285988400E+02
   0.895485546017302E-02
   0.105866109330853E+02
   0.835923619179834E-02
   0.111751942327985E+02
   0.960369564786250E-02
   0.123774285865071E+02
   0.138133652054901E-01
   0.133079318801063E+02
   0.160404931645521E-01
   0.136824799419620E+02
   0.159279223799293E-01
   0.137462683340716E+02
   0.152376843046156E-01
   0.137048548261607E+02
   0.147416763079647E-01
   0.136175782321540E+02
   0.143935867275261E-01
   0.134946226631475E+02
   0.141037440261887E-01
   0.133490429309352E+02
   0.138292106880200E-01
   0.131982094112069E+02
   0.136087386711111E-01
   0.130447880242803E+02
   0.134040168226178E-01
   0.128903597083373E+02
   0.132084036992255E-01
   0.127465641397016E+02
   0.130653622503625E-01
   0.126166691205543E+02
   0.129724447049016E-01
   0.124981308905159E+02
   0.129217173935968E-01
   0.123829132787035E+02
   0.128835486111901E-01
   0.103213194871589E+02
   0.118791392529976E-01
   0.102007519238775E+02
   0.118052633303269E-01
   0.100810902640271E+02
   0.117195548926993E-01
   0.997034938386701E+01
   0.116323700766886E-01
   0.986179358037315E+01
   0.115530247539539E-01
   0.975164043078619E+01
   0.114879349447594E-01
   0.963553195925250E+01
   0.114275906171398E-01
   0.951147196268471E+01
   0.113756521384113E-01
   0.937867033573300E+01
   0.113469442350950E-01
   0.923768412456254E+01
   0.113074526742070E-01
   0.909603512741468E+01
   0.112650182312009E-01
   0.896388740859770E+01
   0.111979562421792E-01
   0.886482179285667E+01
   0.110599966825893E-01
   0.885097525464113E+01
   0.109652488284868E-01
   0.897538726120808E+01
   0.111032313378020E-01
   0.920442382291892E+01
   0.115493278259031E-01
   0.937486239588894E+01
   0.119815985517841E-01
   0.925459225378961E+01
   0.117032237152671E-01
   0.862987515176887E+01
   0.803534989078866E-02
   0.853118014490869E+01
   0.717254435542682E-02
   0.908650319617787E+01
   0.800634360679730E-02
   0.103759430503532E+02
   0.128023412182544E-01
   0.113516276532361E+02
   0.149922310625916E-01
   0.117946838997202E+02
   0.153686995641140E-01
   0.119075889365357E+02
   0.149626427518184E-01
   0.118872808599843E+02
   0.145805179454032E-01
   0.117992032987037E+02
   0.141636556604100E-01
   0.116664014719811E+02
   0.137229196918164E-01
   0.115081723668180E+02
   0.133088361578632E-01
   0.113429062281435E+02
   0.129723713084064E-01
   0.111712819280392E+02
   0.126828924588758E-01
   0.109960922353313E+02
   0.124258097266362E-01
   0.108313364318412E+02
   0.122129647160054E-01
   0.106854882909583E+02
   0.120647151172621E-01
   0.105574706489311E+02
   0.119759652606330E-01
   0.104382112899935E+02
   0.119232826655279E-01
   0.810776465916844E+01
   0.109204682872515E-01
   0.798291109048153E+01
   0.108204067993270E-01
   0.786038549250036E+01
   0.107168704522493E-01
   0.775391255316514E+01
   0.106618906773774E-01
   0.764573766214854E+01
   0.105888044000555E-01
   0.753654088402312E+01
   0.105210525430156E-01
   0.742666963946720E+01
   0.104641754068855E-01
   0.731585408767475E+01
   0.104194261313398E-01
   0.720254359580379E+01
   0.103870039002178E-01
   0.708686665441925E+01
   0.103615883715051E-01
   0.697317151663409E+01
   0.103399984277320E-01
   0.686916978914236E+01
   0.103021109151700E-01
   0.679392379774156E+01
   0.102264214392073E-01
   0.678950420990819E+01
   0.101780723892565E-01
   0.690655812304647E+01
   0.102765740300374E-01
   0.713855133004966E+01
   0.106652980664670E-01
   0.733867022605219E+01
   0.112539662687817E-01
   0.728161414814305E+01
   0.114880099308334E-01
   0.660426843092272E+01
   0.779932408501214E-02
   0.644188002760057E+01
   0.700112372915775E-02
   0.687862894846443E+01
   0.754925828626865E-02
   0.800389480861803E+01
   0.108503612782300E-01
   0.887754810341739E+01
   0.124756691017824E-01
   0.935598165478526E+01
   0.131979139496599E-01
   0.955760523479616E+01
   0.133027916869315E-01
   0.961745539553296E+01
   0.133297203459830E-01
   0.959327397781626E+01
   0.132369865493037E-01
   0.950679608426362E+01
   0.129864936833847E-01
   0.937993156842912E+01
   0.126959639274523E-01
   0.922370447686648E+01
   0.123744235183816E-01
   0.904394812382092E+01
   0.120387366505392E-01
   0.884852141473481E+01
   0.117040021474432E-01
   0.866714129747449E+01
   0.114481615024349E-01
   0.850623746498574E+01
   0.112588707143802E-01
   0.836509820614748E+01
   0.111264615240096E-01
   0.823238262756650E+01
   0.110078815614861E-01
   0.560404780782265E+01
   0.995236005751843E-02
   0.547690573768000E+01
   0.984466503098220E-02
   0.535189564891944E+01
   0.973874660757029E-02
   0.523512157628894E+01
   0.964052977559032E-02
   0.512094922338731E+01
   0.953971208129287E-02
   0.501053145019947E+01
   0.945996002514930E-02
   0.490645322673249E+01
   0.940217358167801E-02
   0.480983174604389E+01
   0.937137424973509E-02
   0.471815952942665E+01
   0.935024143884930E-02
   0.463208377800841E+01
   0.935139546546416E-02
   0.455364408222910E+01
   0.936235997700063E-02
   0.448673033289673E+01
   0.936252313389522E-02
   0.444779579124619E+01
   0.935524489072403E-02
   0.446353217486288E+01
   0.935799962465488E-02
   0.457072426073632E+01
   0.944730069352229E-02
   0.477568114125845E+01
   0.972419171236149E-02
   0.498046446275142E+01
   0.102355268023466E-01
   0.502423576644691E+01
   0.109043046638846E-01
   0.457748396664223E+01
   0.895780828875724E-02
   0.438575558372854E+01
   0.843304181586369E-02
   0.459369075015285E+01
   0.810430717982086E-02
   0.525365466245413E+01
   0.887371582865989E-02
   0.587139621716072E+01
   0.942986200050118E-02
   0.631348744448931E+01
   0.100205269905967E-01
   0.658092694375941E+01
   0.104390275358627E-01
   0.672861151430641E+01
   0.107776369995436E-01
   0.680650242394262E+01
   0.110832734590105E-01
   0.681122044796225E+01
   0.112170367247966E-01
   0.676327790338078E+01
   0.112510023404296E-01
   0.666348916350767E+01
   0.111640323790507E-01
   0.651865835708996E+01
   0.109675309715446E-01
   0.634583435699880E+01
   0.107318758648886E-01
   0.616718142983329E+01
   0.104821147620438E-01
   0.600742753558557E+01
   0.103008337310440E-01
   0.586672935110423E+01
   0.101757178771111E-01
   0.573429909464202E+01
   0.100634987623038E-01
   0.262240109465407E+01
   0.857068916506560E-02
   0.250709873398950E+01
   0.851274622297371E-02
   0.238986824306374E+01
   0.844309578638176E-02
   0.227903871867589E+01
   0.837430265018667E-02
   0.217224897318823E+01
   0.829974367829559E-02
   0.206948920663880E+01
   0.822583452570157E-02
   0.197810794255550E+01
   0.817309421395652E-02
   0.190052474748368E+01
   0.814984564549486E-02
   0.183326050441211E+01
   0.814312744940305E-02
   0.177862462629064E+01
   0.815766985461032E-02
   0.173769582421979E+01
   0.818583265859627E-02
   0.171417697224963E+01
   0.821759053411015E-02
   0.171633199943921E+01
   0.825413945042121E-02
   0.175841937866474E+01
   0.830222136393261E-02
   0.185588131292787E+01
   0.838644542473217E-02
   0.200515238159730E+01
   0.855589751488591E-02
   0.215931923192223E+01
   0.885567136054238E-02
   0.220272286791031E+01
   0.921692071458734E-02
   0.197194290580785E+01
   0.852838272663759E-02
   0.179507632630244E+01
   0.795514107877243E-02
   0.183469319553718E+01
   0.747352441643319E-02
   0.212616423147430E+01
   0.739107197156907E-02
   0.248273594604525E+01
   0.745517393531359E-02
   0.280370467255907E+01
   0.769600610094728E-02
   0.304373889878482E+01
   0.794401228843718E-02
   0.322019425094391E+01
   0.820665520780215E-02
   0.335920536198990E+01
   0.853681597650949E-02
   0.344520163311906E+01
   0.881664970283768E-02
   0.347868281244303E+01
   0.902071778924556E-02
   0.345238870051110E+01
   0.910462838932222E-02
   0.336835172625657E+01
   0.906672136625757E-02
   0.324284323459983E+01
   0.895194430972389E-02
   0.310729645771754E+01
   0.883946525894857E-02
   0.297552942831731E+01
   0.875160537657794E-02
   0.285833227540259E+01
   0.870341057364028E-02
   0.274493745808245E+01
   0.865463596311781E-02
  -0.109791545529152E+01
   0.672511042136965E-02
  -0.118989002414226E+01
   0.671350236565278E-02
  -0.129797437269049E+01
   0.665491755664788E-02
  -0.139021562090487E+01
   0.662574793017394E-02
  -0.147609875273744E+01
   0.659026644072161E-02
  -0.155355807425001E+01
   0.655028253901486E-02
  -0.161748231713081E+01
   0.651893840033823E-02
  -0.166693349311654E+01
   0.650154085560583E-02
  -0.171008457424853E+01
   0.648315397724273E-02
  -0.173317398875807E+01
   0.649255822358705E-02
  -0.173977240619390E+01
   0.651155642013764E-02
  -0.172836667838412E+01
   0.653531319258776E-02
  -0.169601772505294E+01
   0.656708597393612E-02
  -0.164014188813907E+01
   0.660531623735118E-02
  -0.156085721196880E+01
   0.665615329980150E-02
  -0.146637097557829E+01
   0.674584251125027E-02
  -0.137059811541342E+01
   0.694192310328279E-02
  -0.133503004667737E+01
   0.715257025088200E-02
  -0.144060682915788E+01
   0.690826368691994E-02
  -0.156863077092648E+01
   0.655084290827949E-02
  -0.161311730406244E+01
   0.622418237797747E-02
  -0.153523105361181E+01
   0.601720244845456E-02
  -0.138630210070098E+01
   0.591005921279186E-02
  -0.121752786464098E+01
   0.589185910044096E-02
  -0.106258372409238E+01
   0.591731279042376E-02
  -0.924981308706763E+00
   0.598530309427259E-02
  -0.799380928162987E+00
   0.612769806800661E-02
  -0.692579919529372E+00
   0.632520865862353E-02
  -0.616933959017989E+00
   0.653002245921128E-02
  -0.586009676657341E+00
   0.667999672023103E-02
  -0.602823456047581E+00
   0.675876875499130E-02
  -0.666982680921408E+00
   0.675876796977673E-02
  -0.753812729329727E+00
   0.673229486457961E-02
  -0.855705353550124E+00
   0.668604310942693E-02
  -0.938432886546207E+00
   0.669331658265356E-02
  -0.101600841671245E+01
   0.671315224335930E-02
  -0.609774995623186E+01
   0.438483309306983E-02
  -0.616044799314733E+01
   0.439069834953718E-02
  -0.622775811458536E+01
   0.437647838019872E-02
  -0.629189856985089E+01
   0.435357101306455E-02
  -0.634914458896343E+01
   0.432425482892112E-02
  -0.639638837978680E+01
   0.428918079994630E-02
  -0.643070232126991E+01
   0.425667005800240E-02
  -0.645088376496566E+01
   0.423370541927474E-02
  -0.645632525194202E+01
   0.422154955888928E-02
  -0.644606471960277E+01
   0.422099738262642E-02
  -0.642176950646215E+01
   0.422288404824898E-02
  -0.638509628133050E+01
   0.422993307477595E-02
  -0.633665413850972E+01
   0.424931367671915E-02
  -0.627910469999830E+01
   0.428304713472533E-02
  -0.621832766832972E+01
   0.433190392489609E-02
  -0.616156233608691E+01
   0.440772356278861E-02
  -0.611963980720481E+01
   0.451992467325643E-02
  -0.611320969567827E+01
   0.463185954743490E-02
  -0.615603283479871E+01
   0.464751853875812E-02
  -0.622134891351608E+01
   0.456302614569584E-02
  -0.627218593133245E+01
   0.441853638020918E-02
  -0.628666989296227E+01
   0.425685700292563E-02
  -0.626271513353351E+01
   0.411645206031324E-02
  -0.620894764313146E+01
   0.401922635272253E-02
  -0.613651761473265E+01
   0.397522562836371E-02
  -0.605301577578846E+01
   0.398970970840545E-02
  -0.596556180457854E+01
   0.405484713378029E-02
  -0.588531436478837E+01
   0.415102295030819E-02
  -0.582439707054976E+01
   0.425397290907399E-02
  -0.579260922000260E+01
   0.433509687093407E-02
  -0.579360470132789E+01
   0.437588211065561E-02
  -0.582348985958524E+01
   0.438005058866002E-02
  -0.587160288433861E+01
   0.436808777398770E-02
  -0.592865743880902E+01
   0.435668719219040E-02
  -0.598495458613634E+01
   0.435774632684711E-02
  -0.604024465881883E+01
   0.436889168617538E-02
  -0.138327809234535E+02
   0.187550935153156E-02
  -0.138485050118057E+02
   0.187649193802042E-02
  -0.138617804671576E+02
   0.187614159187396E-02
  -0.138679777815087E+02
   0.187610660917694E-02
  -0.138615508597379E+02
   0.187868792114209E-02
  -0.138403743051817E+02
   0.188496164730308E-02
  -0.138004931510763E+02
   0.189732857463069E-02
  -0.137396781485681E+02
   0.191770874942947E-02
  -0.136600889133476E+02
   0.194594799109332E-02
  -0.135682734903119E+02
   0.197937368356391E-02
  -0.134728460248610E+02
   0.201470951369676E-02
  -0.133848134666800E+02
   0.204721547054961E-02
  -0.133144126484520E+02
   0.207263234797982E-02
  -0.132669487575366E+02
   0.208966008941555E-02
  -0.132483012508532E+02
   0.209645692461734E-02
  -0.132609127308463E+02
   0.209314193533189E-02
  -0.133068400564387E+02
   0.207876519567851E-02
  -0.133839242471192E+02
   0.205226733130716E-02
  -0.134834679454600E+02
   0.201389352372488E-02
  -0.135914664113612E+02
   0.196804831872519E-02
  -0.136961060614284E+02
   0.191933464746020E-02
  -0.137856123225270E+02
   0.187367802278177E-02
  -0.138511773604653E+02
   0.183688752101489E-02
  -0.138897150590672E+02
   0.181183854320873E-02
  -0.139003590240191E+02
   0.180045985905021E-02
  -0.138889441312550E+02
   0.180122535289946E-02
  -0.138621590605005E+02
   0.181171645343649E-02
  -0.138277317989650E+02
   0.182821272969285E-02
  -0.137979475294914E+02
   0.184416511516180E-02
  -0.137772368340730E+02
   0.185666675678552E-02
  -0.137671323979551E+02
   0.186447293925243E-02
  -0.137662726476616E+02
   0.186841524419282E-02
  -0.137712432680038E+02
   0.187077307306308E-02
  -0.137843205597406E+02
   0.187097857426024E-02
  -0.138008905679691E+02
   0.187134235988302E-02
  -0.138179806316090E+02
   0.187273191184563E-02
