   0.198209080278076E+01
   0.416402927351934E-02
   0.882873417567355E+00
   0.397634732025596E-02
   0.165252972036851E+00
   0.383381338972829E-02
  -0.247286875958598E+00
   0.373051987513215E-02
  -0.333992916599400E+00
   0.366647610717777E-02
   0.359170693885399E-01
   0.364634529745145E-02
  -0.450748985158433E+00
   0.368972891402712E-02
  -0.418086959806053E+00
   0.378361709081037E-02
   0.109477755809499E+00
   0.392899372938400E-02
   0.113232224525657E+01
   0.412733688727503E-02
   0.265881708118909E+01
   0.437879353878183E-02
   0.491574858559204E+01
   0.467567249534535E-02
   0.816314928565729E+01
   0.500666351106214E-02
   0.110140821783762E+02
   0.535310850962018E-02
   0.135834746380380E+02
   0.569603169662954E-02
   0.158956966633090E+02
   0.602008748257464E-02
   0.178588387674052E+02
   0.631441627451385E-02
   0.194511325444379E+02
   0.657210908628531E-02
   0.206891432555331E+02
   0.678927226540514E-02
   0.216079073460945E+02
   0.696601865270937E-02
   0.222476296668989E+02
   0.710624046881321E-02
   0.226432644454059E+02
   0.721248453806742E-02
   0.228158429065831E+02
   0.728439392050474E-02
   0.227663652920774E+02
   0.731850972679719E-02
   0.224759511834347E+02
   0.730849407300550E-02
   0.219112175785105E+02
   0.724832956581234E-02
   0.210273745438926E+02
   0.713512822192251E-02
   0.197675697809307E+02
   0.696702488684144E-02
   0.180600836449458E+02
   0.674281978737479E-02
   0.158158878619221E+02
   0.646405946929083E-02
   0.129292925597872E+02
   0.613747672659933E-02
   0.928147368801921E+01
   0.577613916431232E-02
   0.645163237718266E+01
   0.539951412502913E-02
   0.437764264885686E+01
   0.503139802800839E-02
   0.297373378819170E+01
   0.469433400683357E-02
   0.218255276634710E+01
   0.440351191575368E-02
   0.494811231179964E+01
   0.523755399031542E-02
   0.553342329581500E+01
   0.504562581961562E-02
   0.532146290459566E+01
   0.487430897104104E-02
   0.450173845526511E+01
   0.469832020503692E-02
   0.292270421750059E+01
   0.456419401913612E-02
   0.219654552894256E+01
   0.450104982307976E-02
   0.196037091469825E+01
   0.450368196202790E-02
   0.218543457020079E+01
   0.457846350807009E-02
   0.292391500284304E+01
   0.471358816445729E-02
   0.435261266505063E+01
   0.489215663786188E-02
   0.461163851742048E+01
   0.514256995073460E-02
   0.548389100121144E+01
   0.544080447902119E-02
   0.705159062345968E+01
   0.589076561100209E-02
   0.922061342914874E+01
   0.641092332358937E-02
   0.121168238414437E+02
   0.691380570641385E-02
   0.160696579513220E+02
   0.737843970988265E-02
   0.187757769219675E+02
   0.779576745298841E-02
   0.205756056604060E+02
   0.815022970871177E-02
   0.217184902719448E+02
   0.840356864856129E-02
   0.224004489420752E+02
   0.854862537927164E-02
   0.227904535207049E+02
   0.867276605559600E-02
   0.230319342035575E+02
   0.880471822752108E-02
   0.232223487482825E+02
   0.894776299932502E-02
   0.233619685678132E+02
   0.909429085181965E-02
   0.233660568386925E+02
   0.918169484820551E-02
   0.231589632465857E+02
   0.915682043544058E-02
   0.226947366503218E+02
   0.905918374353033E-02
   0.219383813444158E+02
   0.890207913141301E-02
   0.208330965876354E+02
   0.866565644643887E-02
   0.192649187705081E+02
   0.832669539004532E-02
   0.170667143551284E+02
   0.787962861878712E-02
   0.140671997082934E+02
   0.735096788653326E-02
   0.101298444281057E+02
   0.676416135239524E-02
   0.758162819373319E+01
   0.621009614471633E-02
   0.600968002864545E+01
   0.577203894339396E-02
   0.515772828174433E+01
   0.546742497686721E-02
   0.743565481308288E+01
   0.690518346453981E-02
   0.706301422825790E+01
   0.671588363165029E-02
   0.657684168215489E+01
   0.651276418460073E-02
   0.591719539651287E+01
   0.615963856151503E-02
   0.519600632286066E+01
   0.582785865249943E-02
   0.477177750403606E+01
   0.575164228413116E-02
   0.464355589654161E+01
   0.581204919124797E-02
   0.482478811450623E+01
   0.597346661738372E-02
   0.531872558395118E+01
   0.618609199411381E-02
   0.618979247622189E+01
   0.644435800690593E-02
   0.757366447926291E+01
   0.665374760041865E-02
   0.793291433164268E+01
   0.646140990214217E-02
   0.950385939144323E+01
   0.701971547390527E-02
   0.116471981014724E+02
   0.767706490588584E-02
   0.143705382018136E+02
   0.814702385032685E-02
   0.180822726207005E+02
   0.861712776243082E-02
   0.203984475846063E+02
   0.912223835357975E-02
   0.217788253991129E+02
   0.965124593714463E-02
   0.224808525233596E+02
   0.995574452813803E-02
   0.227066598956164E+02
   0.982594652483896E-02
   0.226733013685840E+02
   0.986289868984877E-02
   0.226253349106151E+02
   0.100067912352880E-01
   0.228276183829923E+02
   0.102174012407049E-01
   0.232495079852871E+02
   0.106168118583710E-01
   0.235385968574515E+02
   0.109125591507801E-01
   0.235489101052884E+02
   0.107740220016726E-01
   0.232745827397573E+02
   0.106286111042911E-01
   0.227686933198481E+02
   0.105174113044692E-01
   0.220684018862607E+02
   0.103202061457639E-01
   0.210343550275976E+02
   0.994673509599538E-02
   0.193398545770963E+02
   0.937358801022502E-02
   0.166813387592022E+02
   0.879842527023529E-02
   0.127604684655912E+02
   0.807126170905237E-02
   0.103134251121769E+02
   0.748851647644252E-02
   0.887264921352061E+01
   0.720345172418623E-02
   0.799839159498383E+01
   0.710092090080506E-02
   0.102234358600002E+02
   0.900980740846157E-02
   0.966779373944344E+01
   0.868327493144106E-02
   0.910011633608943E+01
   0.834410027493018E-02
   0.850804313972299E+01
   0.800455006340287E-02
   0.793553089120259E+01
   0.762273028231244E-02
   0.755832857014081E+01
   0.744689881970549E-02
   0.741026166908244E+01
   0.748432041018220E-02
   0.747337958392383E+01
   0.760187192480376E-02
   0.773498970847078E+01
   0.771003668174631E-02
   0.821404231094529E+01
   0.770746427206853E-02
   0.896502765553001E+01
   0.775273823546611E-02
   0.100849687639863E+02
   0.751391261265159E-02
   0.128831246196381E+02
   0.831315385296053E-02
   0.153287081804852E+02
   0.868920235958247E-02
   0.177266972850570E+02
   0.894762289260416E-02
   0.200898468002270E+02
   0.932567578444636E-02
   0.217594971706826E+02
   0.979701885378816E-02
   0.226608905105271E+02
   0.102545288518324E-01
   0.229153801837870E+02
   0.105141566490843E-01
   0.226659056690486E+02
   0.105659084388863E-01
   0.221173947224063E+02
   0.106879390574361E-01
   0.215950647605013E+02
   0.107661776718788E-01
   0.218423877042869E+02
   0.109526291432674E-01
   0.228317037547751E+02
   0.117783121920696E-01
   0.234447568452725E+02
   0.120352371675967E-01
   0.235855067753515E+02
   0.117736759673114E-01
   0.233394877330791E+02
   0.118960647825110E-01
   0.228987187760197E+02
   0.116185808893032E-01
   0.225476215351713E+02
   0.113790237935253E-01
   0.221404104350804E+02
   0.111082954666058E-01
   0.210081990233155E+02
   0.106776786908119E-01
   0.187671641183826E+02
   0.101659199467569E-01
   0.151231638897610E+02
   0.963690163264664E-02
   0.129343197139666E+02
   0.932099501837391E-02
   0.116668531509835E+02
   0.924239032651248E-02
   0.108470400873479E+02
   0.916188379658391E-02
   0.127423634011367E+02
   0.111804543479767E-01
   0.121447293546428E+02
   0.106857194764084E-01
   0.115630149189385E+02
   0.101627351545438E-01
   0.110190524484931E+02
   0.974996305957264E-02
   0.105305346839619E+02
   0.938441352350750E-02
   0.101704590902208E+02
   0.914487262532221E-02
   0.996748740531885E+01
   0.905744287336657E-02
   0.991471376387092E+01
   0.904391804408166E-02
   0.100051000810260E+02
   0.901324509457957E-02
   0.102668362336982E+02
   0.892198335741696E-02
   0.107747287263046E+02
   0.868946193341620E-02
   0.118297737305364E+02
   0.853233272386033E-02
   0.145183837597240E+02
   0.924646459425281E-02
   0.170938271919189E+02
   0.941398001679267E-02
   0.193438396456341E+02
   0.955142651352363E-02
   0.213363757088364E+02
   0.992512655105801E-02
   0.226765545164464E+02
   0.104766478616871E-01
   0.232004120070298E+02
   0.109850871817952E-01
   0.230685448739760E+02
   0.111680055293042E-01
   0.223581766881591E+02
   0.111165072781370E-01
   0.212281963420129E+02
   0.113660776008469E-01
   0.198708994192759E+02
   0.112130700158356E-01
   0.201744158231835E+02
   0.116374778121844E-01
   0.223018893290751E+02
   0.127341681573284E-01
   0.232060604193550E+02
   0.124925099157739E-01
   0.233850503801516E+02
   0.126168849270954E-01
   0.230120496182182E+02
   0.127969074559069E-01
   0.224133860109134E+02
   0.124575854631430E-01
   0.223814394203530E+02
   0.120242995863123E-01
   0.228306848972273E+02
   0.118877922763170E-01
   0.222992345635282E+02
   0.115233546175175E-01
   0.204679282600298E+02
   0.111984633117643E-01
   0.171036287711799E+02
   0.110685319570859E-01
   0.151807432737447E+02
   0.109881347863029E-01
   0.140935897107055E+02
   0.112985193868372E-01
   0.133629100441392E+02
   0.114366457870025E-01
   0.148830603711008E+02
   0.129892279519018E-01
   0.142853195110768E+02
   0.122908564057376E-01
   0.137276429706219E+02
   0.116511923566629E-01
   0.132369452112234E+02
   0.112061904003201E-01
   0.128140727630630E+02
   0.108835431817502E-01
   0.124792657095056E+02
   0.106337984969569E-01
   0.122455075492266E+02
   0.104512303627565E-01
   0.121141979007878E+02
   0.103153848278900E-01
   0.120911108021361E+02
   0.101808274565495E-01
   0.122137881756959E+02
   0.100800483305613E-01
   0.125495374204922E+02
   0.994816149045126E-02
   0.133092574007391E+02
   0.965176422198991E-02
   0.150730488825307E+02
   0.976820739080698E-02
   0.179576601373836E+02
   0.101229603154163E-01
   0.201223759381844E+02
   0.101809454432664E-01
   0.220684598395011E+02
   0.106367385181069E-01
   0.232670904456277E+02
   0.113202626666901E-01
   0.234462413968071E+02
   0.118666582029642E-01
   0.229915376510657E+02
   0.117889107637265E-01
   0.218568309412227E+02
   0.119062461428253E-01
   0.201811976074005E+02
   0.120382738956683E-01
   0.193426339501985E+02
   0.120388786506556E-01
   0.197336381998453E+02
   0.123072027373510E-01
   0.219709205732676E+02
   0.131135977504101E-01
   0.228883807044325E+02
   0.130398013431389E-01
   0.230186197340563E+02
   0.133857506621208E-01
   0.223893591878682E+02
   0.133905477279236E-01
   0.213036260067736E+02
   0.129368092480134E-01
   0.215491748015716E+02
   0.123817197838098E-01
   0.233028675067127E+02
   0.123329861722860E-01
   0.233474080100714E+02
   0.121565562754349E-01
   0.218804610844378E+02
   0.120492505874356E-01
   0.187660439480608E+02
   0.124807326922970E-01
   0.170927469407633E+02
   0.128003064845920E-01
   0.161641713521535E+02
   0.134335808620925E-01
   0.154951242543051E+02
   0.134571790940652E-01
   0.166516828563372E+02
   0.142386820950292E-01
   0.160822867843112E+02
   0.134343137539284E-01
   0.155749368415236E+02
   0.128066439156643E-01
   0.151454516394399E+02
   0.124143323457465E-01
   0.147809279013725E+02
   0.121512219882230E-01
   0.144774815449911E+02
   0.119230899788936E-01
   0.142359784042681E+02
   0.116967625806066E-01
   0.140608245203337E+02
   0.114857901921788E-01
   0.139673824766452E+02
   0.113186948321159E-01
   0.139957016462499E+02
   0.112681231101717E-01
   0.141946919995585E+02
   0.112397957247108E-01
   0.146944011338571E+02
   0.108957999164591E-01
   0.158754755096676E+02
   0.104004793569657E-01
   0.183355208683039E+02
   0.104946723388126E-01
   0.203086889758562E+02
   0.108094517604115E-01
   0.224272911420246E+02
   0.112115896383444E-01
   0.236220657724734E+02
   0.123303693140794E-01
   0.233983536982673E+02
   0.129698532088867E-01
   0.227011482398923E+02
   0.127259125530102E-01
   0.211654313447156E+02
   0.128209456458354E-01
   0.200716546788622E+02
   0.131508048755061E-01
   0.195597081986709E+02
   0.133078575934798E-01
   0.198705064584304E+02
   0.130875888118875E-01
   0.216572733724379E+02
   0.134506399033513E-01
   0.224271851582837E+02
   0.136244155113127E-01
   0.225078023322843E+02
   0.137520706340539E-01
   0.215628847126118E+02
   0.138061102829024E-01
   0.210382612362165E+02
   0.134187850228337E-01
   0.215460542504659E+02
   0.128982190213281E-01
   0.237781909245073E+02
   0.123712596042818E-01
   0.242083698121733E+02
   0.125136814993115E-01
   0.230447284754297E+02
   0.127824323426506E-01
   0.201632301884402E+02
   0.138641309866930E-01
   0.187138179095683E+02
   0.147905203099684E-01
   0.178837285985811E+02
   0.152904698241582E-01
   0.172487626144818E+02
   0.149512676155011E-01
   0.181007930902231E+02
   0.151365658702804E-01
   0.175855752917256E+02
   0.144757948649360E-01
   0.171417749838691E+02
   0.140255283919262E-01
   0.167722008634678E+02
   0.137694545080155E-01
   0.164569396320850E+02
   0.135422605937216E-01
   0.161853002089460E+02
   0.133093610023326E-01
   0.159505207585315E+02
   0.130400014456764E-01
   0.157556052111779E+02
   0.127681351076639E-01
   0.156178628728408E+02
   0.125519079325037E-01
   0.155740779122016E+02
   0.124993738711235E-01
   0.156602486416480E+02
   0.125071721952660E-01
   0.159512894457670E+02
   0.120867915132159E-01
   0.166937314413773E+02
   0.113581271823021E-01
   0.182571812566187E+02
   0.109403769072958E-01
   0.199363841277687E+02
   0.115867504775129E-01
   0.225078294876823E+02
   0.118977035573009E-01
   0.238353539663265E+02
   0.133932302448498E-01
   0.230241542482485E+02
   0.144176303437240E-01
   0.222170250254951E+02
   0.140244620536116E-01
   0.212231375781740E+02
   0.138799126623248E-01
   0.204735717090803E+02
   0.147341726095853E-01
   0.201100288042883E+02
   0.147725701764243E-01
   0.202723194322624E+02
   0.141294798867310E-01
   0.211771175787003E+02
   0.137622293473179E-01
   0.217506046327881E+02
   0.139011303326563E-01
   0.218784798475870E+02
   0.142828690016886E-01
   0.214861136679406E+02
   0.144850664667683E-01
   0.212977921720226E+02
   0.144646092596485E-01
   0.218838765213251E+02
   0.136766814183906E-01
   0.241899429207165E+02
   0.123015163265288E-01
   0.248858475735907E+02
   0.128499261583010E-01
   0.239811981044918E+02
   0.135147405696054E-01
   0.213457702465683E+02
   0.154698415854051E-01
   0.200497087265693E+02
   0.164300180074843E-01
   0.192597735998197E+02
   0.162604686673538E-01
   0.186589885787547E+02
   0.158197636519311E-01
   0.192891920435272E+02
   0.162670439046432E-01
   0.188387350687390E+02
   0.158924075151286E-01
   0.184531078382751E+02
   0.156003361996660E-01
   0.181330491515716E+02
   0.154249610548473E-01
   0.178611051807641E+02
   0.152534816978449E-01
   0.176231737852295E+02
   0.150790819534439E-01
   0.174063305687743E+02
   0.148714822390815E-01
   0.172075995321379E+02
   0.146508271065023E-01
   0.170395639515882E+02
   0.144432922893921E-01
   0.169286169211418E+02
   0.142299075273804E-01
   0.169106356663501E+02
   0.139421597735902E-01
   0.170502852311733E+02
   0.132783219030359E-01
   0.175194259156251E+02
   0.125207206178250E-01
   0.186361845078045E+02
   0.119475337138149E-01
   0.199619527022091E+02
   0.119408453183147E-01
   0.223931943879999E+02
   0.119959519506613E-01
   0.240305621051108E+02
   0.140317624800859E-01
   0.232148901241587E+02
   0.158667462947027E-01
   0.223815922318114E+02
   0.153295020423963E-01
   0.217159384891658E+02
   0.148579948158514E-01
   0.210572919699026E+02
   0.158842067135250E-01
   0.207457193970623E+02
   0.157945010577837E-01
   0.208182566303839E+02
   0.151439206823710E-01
   0.213205654438629E+02
   0.148868080410406E-01
   0.217994448886978E+02
   0.148282741082523E-01
   0.219683366950386E+02
   0.152856823359036E-01
   0.218283586751447E+02
   0.155033055100154E-01
   0.217818320145012E+02
   0.154916504802097E-01
   0.223069956009764E+02
   0.144035259514796E-01
   0.244551129848822E+02
   0.125055894708833E-01
   0.253769838384869E+02
   0.133926468346260E-01
   0.247008893756062E+02
   0.143502988358070E-01
   0.223016416285565E+02
   0.169993145617281E-01
   0.210986658786070E+02
   0.173481360073971E-01
   0.203402565110279E+02
   0.168346836003799E-01
   0.197883727818094E+02
   0.166430411210267E-01
   0.202613454344783E+02
   0.174913652561328E-01
   0.198693167782031E+02
   0.172498322203679E-01
   0.195319903529480E+02
   0.170330211671255E-01
   0.192525409005876E+02
   0.168903534213358E-01
   0.190184158081764E+02
   0.167866970054041E-01
   0.188122487911384E+02
   0.166942471720063E-01
   0.186149524269194E+02
   0.165698363768598E-01
   0.184144358568238E+02
   0.163889704430086E-01
   0.182184675484212E+02
   0.161790154770045E-01
   0.180496332666753E+02
   0.158784236783994E-01
   0.179472807415150E+02
   0.154559905169124E-01
   0.179773695341633E+02
   0.147636546541996E-01
   0.182837526644366E+02
   0.136243946724513E-01
   0.192273264659916E+02
   0.130683819615297E-01
   0.201752442101534E+02
   0.129602418235594E-01
   0.220043713282278E+02
   0.124359524627396E-01
   0.242169090097414E+02
   0.144598673940319E-01
   0.236923907308039E+02
   0.168338679711472E-01
   0.228102817440397E+02
   0.170475599968763E-01
   0.224522612156058E+02
   0.156520999103569E-01
   0.216443218478191E+02
   0.169970540677956E-01
   0.213503472639139E+02
   0.167891477489089E-01
   0.213624374235112E+02
   0.164149713874703E-01
   0.216825107746724E+02
   0.160871027822618E-01
   0.221661121520922E+02
   0.160596579838049E-01
   0.223605867429205E+02
   0.165849364861993E-01
   0.223419543825579E+02
   0.166858626271289E-01
   0.223218602325616E+02
   0.164891993445611E-01
   0.226973906649012E+02
   0.152850698849763E-01
   0.244975812401929E+02
   0.133736383500791E-01
   0.256860457216214E+02
   0.142363114628858E-01
   0.252160591338489E+02
   0.153202832350376E-01
   0.230544426578320E+02
   0.184076486012129E-01
   0.219278256779126E+02
   0.184770518276951E-01
   0.212049968467021E+02
   0.177934794270371E-01
   0.206996691626936E+02
   0.176980738863266E-01
   0.210564640879183E+02
   0.186981502498015E-01
   0.207083001138920E+02
   0.184872503647275E-01
   0.204081778575066E+02
   0.183078412814545E-01
   0.201609208085293E+02
   0.181971725473121E-01
   0.199582488904097E+02
   0.181794624184004E-01
   0.197791516152266E+02
   0.181751433332678E-01
   0.195991258747000E+02
   0.181349125709414E-01
   0.193964974250132E+02
   0.179780319756525E-01
   0.191742163841056E+02
   0.177153697053448E-01
   0.189559943483425E+02
   0.172884143888085E-01
   0.187876109624906E+02
   0.167123027039318E-01
   0.187397953490685E+02
   0.159235414817108E-01
   0.189587423411059E+02
   0.148343450019850E-01
   0.199489384912803E+02
   0.141756514087340E-01
   0.205060484511172E+02
   0.148152749915394E-01
   0.219688589147646E+02
   0.134098833289792E-01
   0.244196888327827E+02
   0.146877893729568E-01
   0.244404119352444E+02
   0.169560820838311E-01
   0.232830471746875E+02
   0.185539886533629E-01
   0.226950561296174E+02
   0.173517777679430E-01
   0.221459583146653E+02
   0.181587235098972E-01
   0.219107823935377E+02
   0.180062360544200E-01
   0.218970818744831E+02
   0.175863054855290E-01
   0.221410374506892E+02
   0.170209335412761E-01
   0.227355124634772E+02
   0.166938766456830E-01
   0.229166010708911E+02
   0.178083812980456E-01
   0.229564025978581E+02
   0.177459229164739E-01
   0.229070043035585E+02
   0.175658000611874E-01
   0.230939020929982E+02
   0.164961458072938E-01
   0.242471773091570E+02
   0.153648988532273E-01
   0.258439112965295E+02
   0.154273291919429E-01
   0.255511145117552E+02
   0.165134487017451E-01
   0.236278446269729E+02
   0.198123501163529E-01
   0.225833066872748E+02
   0.196269679837042E-01
   0.219079379399370E+02
   0.189215754647441E-01
   0.214465295529139E+02
   0.188592531145132E-01
   0.216852527766900E+02
   0.197537139155685E-01
   0.213682611764802E+02
   0.195397758184215E-01
   0.210956036340137E+02
   0.193860838692576E-01
   0.208722322533257E+02
   0.193242599647686E-01
   0.206917389636287E+02
   0.193819325877124E-01
   0.205314255101260E+02
   0.194551046721995E-01
   0.203626985110763E+02
   0.194833195311671E-01
   0.201557673338560E+02
   0.193312576543700E-01
   0.199102293863410E+02
   0.189805898925347E-01
   0.196559313380135E+02
   0.184154439325719E-01
   0.194458272886901E+02
   0.176880300040273E-01
   0.193558821898961E+02
   0.168816950869743E-01
   0.195121388207162E+02
   0.161976715304438E-01
   0.201773111927447E+02
   0.157913257797887E-01
   0.208274994857002E+02
   0.165298432680274E-01
   0.221122342284351E+02
   0.150021296793131E-01
   0.245826088769772E+02
   0.153837458590550E-01
   0.248735997662001E+02
   0.169312812116311E-01
   0.237159848023760E+02
   0.191461809135934E-01
   0.230244209560827E+02
   0.186967007350644E-01
   0.225844539429599E+02
   0.188680188217223E-01
   0.224130717251252E+02
   0.191037860367726E-01
   0.224026250664051E+02
   0.186947155599948E-01
   0.226230305007659E+02
   0.179612279282852E-01
   0.234907335657633E+02
   0.166722423642391E-01
   0.235545843388023E+02
   0.181010208794038E-01
   0.236504845098219E+02
   0.182412386502875E-01
   0.235332798243485E+02
   0.187408097902544E-01
   0.235303412184578E+02
   0.179815970351912E-01
   0.242722512038088E+02
   0.169678404845029E-01
   0.258972666999242E+02
   0.164151741178854E-01
   0.257201014445080E+02
   0.177371770490186E-01
   0.240303826959994E+02
   0.210799242272932E-01
   0.230818041270177E+02
   0.206524111123522E-01
   0.224625737315413E+02
   0.199813459606498E-01
   0.220394851179964E+02
   0.199104606359172E-01
   0.221559908384808E+02
   0.206994260573639E-01
   0.218606738704298E+02
   0.204824300329901E-01
   0.216063577642042E+02
   0.203387433762015E-01
   0.213967155561824E+02
   0.202952267572147E-01
   0.212261194566899E+02
   0.203489685854371E-01
   0.210735508904230E+02
   0.204346872059494E-01
   0.209087367945754E+02
   0.204781950243813E-01
   0.206963848452941E+02
   0.203014009340506E-01
   0.204345543793150E+02
   0.198713924766429E-01
   0.201620811497427E+02
   0.192392320283025E-01
   0.199382140790306E+02
   0.185111260891071E-01
   0.198385207295806E+02
   0.179271429071484E-01
   0.199566394067559E+02
   0.175814380806702E-01
   0.204366033514188E+02
   0.168636721278874E-01
   0.211043771812935E+02
   0.173953833321865E-01
   0.223174443011224E+02
   0.169441386939076E-01
   0.246853118195718E+02
   0.168725063856985E-01
   0.251120898557747E+02
   0.172766490633363E-01
   0.241249769969771E+02
   0.188817995152410E-01
   0.233514594340950E+02
   0.199493179934401E-01
   0.229671628463291E+02
   0.198816987377696E-01
   0.228453655868558E+02
   0.201664139848943E-01
   0.228519558905554E+02
   0.198234069522058E-01
   0.230554802871127E+02
   0.191270012558035E-01
   0.238888412664249E+02
   0.173903807653054E-01
   0.242557696553026E+02
   0.182885158684674E-01
   0.244513811176148E+02
   0.180954930892723E-01
   0.241867140845053E+02
   0.194819629429671E-01
   0.239767755124382E+02
   0.195859882905999E-01
   0.244209595282942E+02
   0.184534631344229E-01
   0.258549355227862E+02
   0.171202968123131E-01
   0.257275023187641E+02
   0.187208560376526E-01
   0.242668943364525E+02
   0.216442559877463E-01
   0.234338250441780E+02
   0.213921355142588E-01
   0.228771340761645E+02
   0.209683911580515E-01
   0.224848600678062E+02
   0.208662840631190E-01
   0.224744649593665E+02
   0.215232276894315E-01
   0.221933215781185E+02
   0.213141669397615E-01
   0.219490577873182E+02
   0.211656367922456E-01
   0.217432332757106E+02
   0.210681132093446E-01
   0.215716142951751E+02
   0.210187932645316E-01
   0.214171192366831E+02
   0.210382194591129E-01
   0.212506465303991E+02
   0.210717415688122E-01
   0.210338585549502E+02
   0.209038119870808E-01
   0.207650456191364E+02
   0.204660136265105E-01
   0.204925031510160E+02
   0.199148031234025E-01
   0.202779486223520E+02
   0.193823688365538E-01
   0.201880111852675E+02
   0.190194693550778E-01
   0.202825524047400E+02
   0.186179948581179E-01
   0.206620927084579E+02
   0.179027106519075E-01
   0.213260508593195E+02
   0.183204972219584E-01
   0.224995502530510E+02
   0.188758687557453E-01
   0.247061358757867E+02
   0.178895832971281E-01
   0.251987821343412E+02
   0.173674255962713E-01
   0.245924254663515E+02
   0.180688632640742E-01
   0.236136713793253E+02
   0.205158576507762E-01
   0.232767268552428E+02
   0.209555776381697E-01
   0.231935738560878E+02
   0.211066869738189E-01
   0.232233728905862E+02
   0.208397800022973E-01
   0.234099770903262E+02
   0.205656219344406E-01
   0.239495121790661E+02
   0.188557475633321E-01
   0.245406240731086E+02
   0.188771814617176E-01
   0.248816584070100E+02
   0.185269523170901E-01
   0.248780081126642E+02
   0.193999105569034E-01
   0.243941869864267E+02
   0.211967266680530E-01
   0.245952589052686E+02
   0.200943593370855E-01
   0.257194569907511E+02
   0.180352195039701E-01
   0.255514092030344E+02
   0.198414815793933E-01
   0.243652359296300E+02
   0.221662110606470E-01
   0.236557913161044E+02
   0.221334014011058E-01
   0.231569946041146E+02
   0.218839173776588E-01
   0.227868586967182E+02
   0.217133836850846E-01
   0.226454429523155E+02
   0.221032655170902E-01
   0.223726987993088E+02
   0.219230921585203E-01
   0.221326957024606E+02
   0.217735626830729E-01
   0.219256997855498E+02
   0.216033979930607E-01
   0.217479977425555E+02
   0.214441855809055E-01
   0.215872028482869E+02
   0.214272338699590E-01
   0.214145985626710E+02
   0.214740536229528E-01
   0.211921878598951E+02
   0.213085692776862E-01
   0.209231453122145E+02
   0.208808480118382E-01
   0.206613408685585E+02
   0.204283416940810E-01
   0.204672477903418E+02
   0.200831242235162E-01
   0.203961522013985E+02
   0.198055595268766E-01
   0.204833222074715E+02
   0.192224927412334E-01
   0.208140103863243E+02
   0.185606511496276E-01
   0.214736718086319E+02
   0.191479104266003E-01
   0.226003021683919E+02
   0.200893713574628E-01
   0.246184489137648E+02
   0.179804014333488E-01
   0.251489471489574E+02
   0.173311917151218E-01
   0.247647515785466E+02
   0.177049513481127E-01
   0.237744558736499E+02
   0.207232043305906E-01
   0.234929409361537E+02
   0.216510294502505E-01
   0.234475097451659E+02
   0.218407611862053E-01
   0.235058434576461E+02
   0.216714510495343E-01
   0.236708132724656E+02
   0.215329587893825E-01
   0.240298665724656E+02
   0.197667632001124E-01
   0.244879045497472E+02
   0.196049473117040E-01
   0.250083865591009E+02
   0.191501873473454E-01
   0.252298467785032E+02
   0.195304008829922E-01
   0.247350600072125E+02
   0.224133478926141E-01
   0.247346819548978E+02
   0.218273357653571E-01
   0.254768165522929E+02
   0.193408518816079E-01
   0.251517863268812E+02
   0.214505789824226E-01
   0.243510570675894E+02
   0.226813085434814E-01
   0.237560825077825E+02
   0.227537684109365E-01
   0.233023964757389E+02
   0.225362285599945E-01
   0.229480929528308E+02
   0.223024681191725E-01
   0.226796512055251E+02
   0.220387221501189E-01
   0.224107126746305E+02
   0.218626639788374E-01
   0.221710041285155E+02
   0.216961757642873E-01
   0.219609655866189E+02
   0.215111518679967E-01
   0.217759819931578E+02
   0.213617176153382E-01
   0.216039799426834E+02
   0.213273507438947E-01
   0.214191750733615E+02
   0.213241465532907E-01
   0.211901838012233E+02
   0.211352080658536E-01
   0.209261750801786E+02
   0.207633697438650E-01
   0.206804545709718E+02
   0.204050697106233E-01
   0.205085461046953E+02
   0.201365867092308E-01
   0.204613515947144E+02
   0.199060441513925E-01
   0.205625745618352E+02
   0.193486769051519E-01
   0.208731010022225E+02
   0.187110507446258E-01
   0.215284851762845E+02
   0.195121690457475E-01
   0.225876818476868E+02
   0.203591437227317E-01
   0.244285686188322E+02
   0.176013310102903E-01
   0.249840025204214E+02
   0.172118262755918E-01
   0.247479661610209E+02
   0.175582292760322E-01
   0.238311212989518E+02
   0.207187649037366E-01
   0.236104574091735E+02
   0.221104129310517E-01
   0.236049933267941E+02
   0.225401836960739E-01
   0.236913033842857E+02
   0.223335370440680E-01
   0.238366073224590E+02
   0.220140049934943E-01
   0.240911740198166E+02
   0.206333151225487E-01
   0.244495880324889E+02
   0.202406005335401E-01
   0.248652989818007E+02
   0.203030382529515E-01
   0.253422816873150E+02
   0.199452893676773E-01
   0.249933152036962E+02
   0.226285919801755E-01
   0.247902055689015E+02
   0.229098723219020E-01
   0.250754102625326E+02
   0.209931659046908E-01
   0.248372139375602E+02
   0.222674208918405E-01
   0.242492231690360E+02
   0.228396800880105E-01
   0.237402683421349E+02
   0.228732063590210E-01
   0.233197811426086E+02
   0.225250463563130E-01
   0.229770804459619E+02
   0.222391854172833E-01
   0.226059409076817E+02
   0.210126051937174E-01
   0.223360494782160E+02
   0.207397392632243E-01
   0.220898227486147E+02
   0.204595899010451E-01
   0.218689238112876E+02
   0.201968222742931E-01
   0.216710141049485E+02
   0.200335438487825E-01
   0.214850016611544E+02
   0.199986772872621E-01
   0.212884598459931E+02
   0.200136608466713E-01
   0.210570943344170E+02
   0.199081595149519E-01
   0.208045074585658E+02
   0.197181856688020E-01
   0.205807633366403E+02
   0.195800635930638E-01
   0.204337125927315E+02
   0.194769369698294E-01
   0.204087997733622E+02
   0.193792268022868E-01
   0.205332483394915E+02
   0.191089649613007E-01
   0.208347476786659E+02
   0.184959235843862E-01
   0.214853762351351E+02
   0.195796369727100E-01
   0.224548227666237E+02
   0.201038774125828E-01
   0.241459535955462E+02
   0.173862941513041E-01
   0.247138746946102E+02
   0.172011731027165E-01
   0.245861694724943E+02
   0.174283490785225E-01
   0.237894185794992E+02
   0.212479633166820E-01
   0.236157232162161E+02
   0.223903743315897E-01
   0.236432544347130E+02
   0.228795738242331E-01
   0.237695789977910E+02
   0.228181198984024E-01
   0.239039024085212E+02
   0.223116020401982E-01
   0.241031245802482E+02
   0.213616083958370E-01
   0.244043646339545E+02
   0.213595586686251E-01
   0.247378226853180E+02
   0.213155759160249E-01
   0.252506811467816E+02
   0.206221147968553E-01
   0.252122522709853E+02
   0.216430577578958E-01
   0.247401561826992E+02
   0.230021750450050E-01
   0.247656405029674E+02
   0.217176905772407E-01
   0.245397537532180E+02
   0.222730710368206E-01
   0.240695090370458E+02
   0.223560916200074E-01
   0.236237951828712E+02
   0.221201364279083E-01
   0.232337026134397E+02
   0.216566962935098E-01
   0.229009650621516E+02
   0.212957729581475E-01
   0.224493279813609E+02
   0.196434027753753E-01
   0.221764649230941E+02
   0.193134700112670E-01
   0.219244765652161E+02
   0.190081964525645E-01
   0.216958618324236E+02
   0.187680979808406E-01
   0.214873740886424E+02
   0.186113509618219E-01
   0.212873675592811E+02
   0.185212689091099E-01
   0.210777957879285E+02
   0.184580213252340E-01
   0.208441036056276E+02
   0.183551462694602E-01
   0.206046017240208E+02
   0.182838070821699E-01
   0.204015938330813E+02
   0.182945534860194E-01
   0.202755986865219E+02
   0.183686747843486E-01
   0.202688905785531E+02
   0.185313464165534E-01
   0.204104799331987E+02
   0.186744922884085E-01
   0.207045776648069E+02
   0.182157163272390E-01
   0.213423703363900E+02
   0.196691502704101E-01
   0.222064915512106E+02
   0.197516030136793E-01
   0.237568537526167E+02
   0.173747562167847E-01
   0.243246239217879E+02
   0.173078391526314E-01
   0.242863422124930E+02
   0.173419285255857E-01
   0.236269121939436E+02
   0.214669176990340E-01
   0.234888003995958E+02
   0.220885346525890E-01
   0.235391961911289E+02
   0.223808203895238E-01
   0.237249306856839E+02
   0.227169753661610E-01
   0.238632048167748E+02
   0.224354445176112E-01
   0.240357863248502E+02
   0.218364955283540E-01
   0.242984311069202E+02
   0.221374563989042E-01
   0.245654690715846E+02
   0.221020473493712E-01
   0.249095595783425E+02
   0.218806043407929E-01
   0.251221131019415E+02
   0.212755594192016E-01
   0.245723712539159E+02
   0.225523974854311E-01
   0.244640204035202E+02
   0.218708782461022E-01
   0.242273079230249E+02
   0.217907821778204E-01
   0.238234058720973E+02
   0.213218072799939E-01
   0.234293361262115E+02
   0.208975133619980E-01
   0.230671241789785E+02
   0.204001626136258E-01
   0.227436166235378E+02
   0.199944164496715E-01
   0.222560112964713E+02
   0.188962152329404E-01
   0.219830735079544E+02
   0.185466669840763E-01
   0.217288285389941E+02
   0.182371681884168E-01
   0.214957471340397E+02
   0.180123233381334E-01
   0.212789924975427E+02
   0.178521331512780E-01
   0.210662786658612E+02
   0.177317510473705E-01
   0.208432956937462E+02
   0.176208389214258E-01
   0.206032665574887E+02
   0.174842882962030E-01
   0.203674359789989E+02
   0.173913995998189E-01
   0.201727311350198E+02
   0.173859109175587E-01
   0.200547296322884E+02
   0.174941567858706E-01
   0.200534353993168E+02
   0.177832919418917E-01
   0.202028326662145E+02
   0.183062251834776E-01
   0.205096843231501E+02
   0.187355862741869E-01
   0.210916380213369E+02
   0.198355681622553E-01
   0.218438962715281E+02
   0.191078575572288E-01
   0.232429210850618E+02
   0.173619193456984E-01
   0.237983723897466E+02
   0.173935384246894E-01
   0.238479461715344E+02
   0.174950120899646E-01
   0.233400532892030E+02
   0.219100232493767E-01
   0.232326267920180E+02
   0.218493915640582E-01
   0.232971264401232E+02
   0.214148717864254E-01
   0.235617946423457E+02
   0.221267201091789E-01
   0.237087475710850E+02
   0.224463648816865E-01
   0.238685774170586E+02
   0.219943296433883E-01
   0.241018965991101E+02
   0.225170532659915E-01
   0.243198341490235E+02
   0.228211240031493E-01
   0.245609621416062E+02
   0.231497972830085E-01
   0.247856852886861E+02
   0.214742049952100E-01
   0.242897987641715E+02
   0.222546653504280E-01
   0.241335973988328E+02
   0.218361397040869E-01
   0.238901252569375E+02
   0.212823761523464E-01
   0.235360215777429E+02
   0.205862839804493E-01
   0.231906334072938E+02
   0.201409260745212E-01
   0.228582729181718E+02
   0.196811954369563E-01
   0.225468738355843E+02
   0.192688940231634E-01
   0.220527516658520E+02
   0.193809496894207E-01
   0.217862397933377E+02
   0.189705800353395E-01
   0.215356834146555E+02
   0.186098960587996E-01
   0.213019778636079E+02
   0.183294345641900E-01
   0.210799571865588E+02
   0.181235406790061E-01
   0.208572014895162E+02
   0.179701884668352E-01
   0.206222652507094E+02
   0.178544397621649E-01
   0.203734396288057E+02
   0.177375897651407E-01
   0.201328904498739E+02
   0.176696106736347E-01
   0.199340273491095E+02
   0.176896999511896E-01
   0.198081034065572E+02
   0.178098133587472E-01
   0.197921870411857E+02
   0.180971724235461E-01
   0.199239189710075E+02
   0.186774204547693E-01
   0.202162187983759E+02
   0.194189151261724E-01
   0.207304452590556E+02
   0.201592179374021E-01
   0.213786694369010E+02
   0.187905839583592E-01
   0.225892841727872E+02
   0.173018026980256E-01
   0.231190863519545E+02
   0.172679032332824E-01
   0.232608499456645E+02
   0.180364871173205E-01
   0.229061517949388E+02
   0.221284873333683E-01
   0.228453711312604E+02
   0.217451318214140E-01
   0.229421861911551E+02
   0.208883929134207E-01
   0.232972659376092E+02
   0.210838749478216E-01
   0.234514307477715E+02
   0.228059532635190E-01
   0.236161717145384E+02
   0.227534642552306E-01
   0.238148913130522E+02
   0.231796714781289E-01
   0.239788576859215E+02
   0.233855519699659E-01
   0.241224593631061E+02
   0.234975869644965E-01
   0.241986979829675E+02
   0.226584294519688E-01
   0.239146313546290E+02
   0.229633188621901E-01
   0.237589031381248E+02
   0.226224926169510E-01
   0.235280365152895E+02
   0.219250590552252E-01
   0.232253257865154E+02
   0.212334057242730E-01
   0.229294312983751E+02
   0.207876987412453E-01
   0.226293627712865E+02
   0.203072374977966E-01
   0.223345769080917E+02
   0.198237199303273E-01
   0.218366336960618E+02
   0.211201942106169E-01
   0.215862564194074E+02
   0.206595404222066E-01
   0.213476246251786E+02
   0.202104701573854E-01
   0.211199814924994E+02
   0.198130387043978E-01
   0.208984058398694E+02
   0.195042056216663E-01
   0.206701286574598E+02
   0.192726388866143E-01
   0.204251604133008E+02
   0.191111600582911E-01
   0.201651037754090E+02
   0.189580720153593E-01
   0.199121585752171E+02
   0.188293279565389E-01
   0.196970814473575E+02
   0.187587816833593E-01
   0.195469755733047E+02
   0.187124175401129E-01
   0.194943431039361E+02
   0.187206420848591E-01
   0.195750447816082E+02
   0.188990253574452E-01
   0.198026364964329E+02
   0.192614552030391E-01
   0.202550528513916E+02
   0.203784836228628E-01
   0.208315386634882E+02
   0.197409071435963E-01
   0.217810301445413E+02
   0.170690770862102E-01
   0.222775242987161E+02
   0.175601132895609E-01
   0.224988931101171E+02
   0.190550064398313E-01
   0.223158548721224E+02
   0.221245752908544E-01
   0.223195739740837E+02
   0.213777793906508E-01
   0.224678479547171E+02
   0.202556309596130E-01
   0.229723065673356E+02
   0.197322547778707E-01
   0.230625027852075E+02
   0.227560109820382E-01
   0.232376156746082E+02
   0.232960341195545E-01
   0.234011037934761E+02
   0.234787065174465E-01
   0.235149417139648E+02
   0.234933307178329E-01
   0.235782152203308E+02
   0.232360863932417E-01
   0.235872802471736E+02
   0.230425483281760E-01
   0.234237965899745E+02
   0.235825630406390E-01
   0.232999758051225E+02
   0.236735203746688E-01
   0.231067880645764E+02
   0.232639087683522E-01
   0.228663277552876E+02
   0.228568903418079E-01
   0.226249235208973E+02
   0.225155784785899E-01
   0.223650319773857E+02
   0.220809032940947E-01
   0.220986557200281E+02
   0.216012817535681E-01
   0.215150462815566E+02
   0.229397176259611E-01
   0.212925903329663E+02
   0.226334650669363E-01
   0.210778372365325E+02
   0.222292214035723E-01
   0.208675258853766E+02
   0.217506976990715E-01
   0.206558657208375E+02
   0.212969987357203E-01
   0.204287653940225E+02
   0.208752548216876E-01
   0.201762994242593E+02
   0.204865940623042E-01
   0.199039865741246E+02
   0.201146342416205E-01
   0.196351354776712E+02
   0.197799527345210E-01
   0.193992821046592E+02
   0.195159906146958E-01
   0.192213942740569E+02
   0.192736926394662E-01
   0.191282471652695E+02
   0.190367129347574E-01
   0.191441182177521E+02
   0.187989055233238E-01
   0.192813948198622E+02
   0.185689103638103E-01
   0.196425026465472E+02
   0.192218144451301E-01
   0.201766254598433E+02
   0.204540545123733E-01
   0.208055304122771E+02
   0.177411315035358E-01
   0.212476098406121E+02
   0.182310634962727E-01
   0.215118586840373E+02
   0.197083396186189E-01
   0.215668261821655E+02
   0.216320491830640E-01
   0.216588318552707E+02
   0.208493090123623E-01
   0.218847920228550E+02
   0.190176365053637E-01
   0.224226079584855E+02
   0.197659515621899E-01
   0.225346654868857E+02
   0.224567246536336E-01
   0.227153572235236E+02
   0.234050131462297E-01
   0.228472811998033E+02
   0.232425821193014E-01
   0.229240389135963E+02
   0.231594707815999E-01
   0.229296404810379E+02
   0.228128327856298E-01
   0.228942362854536E+02
   0.227090631848907E-01
   0.227899544099942E+02
   0.232748988754901E-01
   0.226996193001879E+02
   0.237002528367731E-01
   0.225538358419476E+02
   0.237247379895299E-01
   0.223744235716330E+02
   0.237400138696311E-01
   0.221889677290873E+02
   0.237325530853044E-01
   0.219747208010150E+02
   0.235137599716662E-01
   0.217462221684158E+02
   0.232418997962630E-01
   0.209880438623155E+02
   0.229652559351317E-01
   0.207976699844323E+02
   0.229102756642286E-01
   0.206163366196562E+02
   0.227883025005114E-01
   0.204377431254312E+02
   0.225074738972223E-01
   0.202519948004103E+02
   0.221258641312916E-01
   0.200411522801164E+02
   0.216310156369490E-01
   0.197924397266013E+02
   0.210187516191394E-01
   0.195146754605827E+02
   0.204120730233795E-01
   0.192332298313210E+02
   0.199001559728822E-01
   0.189777582857517E+02
   0.195068402842744E-01
   0.187738346167516E+02
   0.191916809000508E-01
   0.186452246323558E+02
   0.189319666978209E-01
   0.186094831222120E+02
   0.186426463078249E-01
   0.186810212073644E+02
   0.182110220495892E-01
   0.189358112883781E+02
   0.178542406819609E-01
   0.193857010510842E+02
   0.186168508273964E-01
   0.198976245426766E+02
   0.185434368974174E-01
   0.202650110366440E+02
   0.186898518616076E-01
   0.204943236166904E+02
   0.188628416774675E-01
   0.206616093918415E+02
   0.203512195797009E-01
   0.208578885593498E+02
   0.203555450467382E-01
   0.212218536685187E+02
   0.172564328488712E-01
   0.216366196628142E+02
   0.204838727479803E-01
   0.218649428335839E+02
   0.223033155660498E-01
   0.220435481044599E+02
   0.227065781996597E-01
   0.221552746574458E+02
   0.225717247836296E-01
   0.222029170826821E+02
   0.224528995828689E-01
   0.221718831047258E+02
   0.220697770869247E-01
   0.220996086368288E+02
   0.217975803052445E-01
   0.220087634853610E+02
   0.220612344690839E-01
   0.219356099075110E+02
   0.224943181630713E-01
   0.218268956318525E+02
   0.227232864370566E-01
   0.216958759106813E+02
   0.229786679170049E-01
   0.215540473240184E+02
   0.232068863071404E-01
   0.213792074196605E+02
   0.231668071455511E-01
   0.211869520167882E+02
   0.230725437932754E-01
   0.202402933790677E+02
   0.215656759455436E-01
   0.200732123805200E+02
   0.215749307533684E-01
   0.199190661402355E+02
   0.216484570950231E-01
   0.197733794465794E+02
   0.217018464222236E-01
   0.196219475339477E+02
   0.216389203180725E-01
   0.194422664800681E+02
   0.213776243932028E-01
   0.192166120832880E+02
   0.208557920092222E-01
   0.189503768229106E+02
   0.202086543799550E-01
   0.186679774402512E+02
   0.195936450525643E-01
   0.183998940296302E+02
   0.190883087416390E-01
   0.181750247729631E+02
   0.187060102055763E-01
   0.180172304903938E+02
   0.184252807994588E-01
   0.179445817151108E+02
   0.181814183424664E-01
   0.179773686549005E+02
   0.179135883469522E-01
   0.181756265322074E+02
   0.177745903555690E-01
   0.185565089184899E+02
   0.183558663978294E-01
   0.189598355191998E+02
   0.183477309483493E-01
   0.192354549917625E+02
   0.182325472701597E-01
   0.194091148306771E+02
   0.182233017684784E-01
   0.196130206806267E+02
   0.189893459444359E-01
   0.198961839044561E+02
   0.194132508034127E-01
   0.203402697630887E+02
   0.166252831556596E-01
   0.207648172211964E+02
   0.199599261127562E-01
   0.210494342555622E+02
   0.210888617414360E-01
   0.212238715281678E+02
   0.213984234760060E-01
   0.213232067070297E+02
   0.215272577026995E-01
   0.213501401877898E+02
   0.214729628241286E-01
   0.212970241516137E+02
   0.211210258265884E-01
   0.212023598608655E+02
   0.207672201919525E-01
   0.211107769858226E+02
   0.208175026461268E-01
   0.210387999409365E+02
   0.210828725320840E-01
   0.209462506685862E+02
   0.212565938780478E-01
   0.208421707283284E+02
   0.214803620072248E-01
   0.207270024291717E+02
   0.216921296225834E-01
   0.205797770341444E+02
   0.217017685800283E-01
   0.204147246292600E+02
   0.216440276873219E-01
   0.192987480746290E+02
   0.199354529986519E-01
   0.191463053353480E+02
   0.198836416258547E-01
   0.190076717690989E+02
   0.199384301809924E-01
   0.188830712188109E+02
   0.201023100833023E-01
   0.187583417154747E+02
   0.202616045419610E-01
   0.186100291265967E+02
   0.203041231841114E-01
   0.184176791121568E+02
   0.201085587094144E-01
   0.181794712298898E+02
   0.196708968608711E-01
   0.179126249597203E+02
   0.190990534810856E-01
   0.176443141518275E+02
   0.185046171229936E-01
   0.174070877397333E+02
   0.180159965090419E-01
   0.172273792821875E+02
   0.176490474058304E-01
   0.171275308029840E+02
   0.173505789382416E-01
   0.171347534158927E+02
   0.170792715216515E-01
   0.172968985192548E+02
   0.170140374854636E-01
   0.176129404548800E+02
   0.174656893027134E-01
   0.179235434959810E+02
   0.175144485995201E-01
   0.181125560016329E+02
   0.172780483850482E-01
   0.182168580441016E+02
   0.170083787230523E-01
   0.184233310412799E+02
   0.174814212312211E-01
   0.187766717827308E+02
   0.180281510925492E-01
   0.192490850256636E+02
   0.172707099160864E-01
   0.197929409962010E+02
   0.190330760021550E-01
   0.201011355976345E+02
   0.196626267746647E-01
   0.202656269376460E+02
   0.199436533305021E-01
   0.203481047832538E+02
   0.201759201974061E-01
   0.203590545149830E+02
   0.202213562126953E-01
   0.202952596665672E+02
   0.199974460208568E-01
   0.201910768139807E+02
   0.196867344832357E-01
   0.200932567249561E+02
   0.196195951014243E-01
   0.200140367661827E+02
   0.197464094800129E-01
   0.199248903438043E+02
   0.198399257501645E-01
   0.198310514453160E+02
   0.199744136048036E-01
   0.197271765652721E+02
   0.200726951222755E-01
   0.195991078846713E+02
   0.200763018741594E-01
   0.194546524209586E+02
   0.200276342060209E-01
   0.181739063225583E+02
   0.183219132276785E-01
   0.180314246189939E+02
   0.182200952497162E-01
   0.179005937939752E+02
   0.181922025872213E-01
   0.177859896328369E+02
   0.182864857677679E-01
   0.176757445042040E+02
   0.184343587690372E-01
   0.175486533936630E+02
   0.185604806399494E-01
   0.173861042471960E+02
   0.186025495579357E-01
   0.171815009028607E+02
   0.184662337010630E-01
   0.169428677669619E+02
   0.181291442347870E-01
   0.166899749214478E+02
   0.176365432516310E-01
   0.164536302614375E+02
   0.171239767690451E-01
   0.162620713307555E+02
   0.166806520648900E-01
   0.161442040501763E+02
   0.163310937672727E-01
   0.161349766077084E+02
   0.160921800840136E-01
   0.162708638963736E+02
   0.160437432378336E-01
   0.165307669643810E+02
   0.162637537108939E-01
   0.167675418529376E+02
   0.162721996637355E-01
   0.168785165197659E+02
   0.160742355168519E-01
   0.168950776667285E+02
   0.155208990170548E-01
   0.170780798646624E+02
   0.157793200126165E-01
   0.175009433799726E+02
   0.162980597344630E-01
   0.181055798882287E+02
   0.169809012993543E-01
   0.187124993255755E+02
   0.179945611012282E-01
   0.190286360286923E+02
   0.182060792422037E-01
   0.191731848511408E+02
   0.184111100035463E-01
   0.192315325189156E+02
   0.186032051382687E-01
   0.192260213363139E+02
   0.187068170879339E-01
   0.191558499531510E+02
   0.186298856246076E-01
   0.190473265895660E+02
   0.184265513525857E-01
   0.189412769444024E+02
   0.183200293660109E-01
   0.188492770039550E+02
   0.183352886724728E-01
   0.187540106648342E+02
   0.183463364842750E-01
   0.186593576319212E+02
   0.184040833574500E-01
   0.185587746817322E+02
   0.184361098598450E-01
   0.184435187480550E+02
   0.184386319618831E-01
   0.183149985782204E+02
   0.184066008856991E-01
   0.168684473111795E+02
   0.167192367010601E-01
   0.167340839389306E+02
   0.166134336203928E-01
   0.166069839471705E+02
   0.165312543414130E-01
   0.164944282702426E+02
   0.165251595048773E-01
   0.163884570226732E+02
   0.165775655603507E-01
   0.162718554625968E+02
   0.166433492296025E-01
   0.161294476139975E+02
   0.167040862636826E-01
   0.159537938103947E+02
   0.166975807791449E-01
   0.157460573675839E+02
   0.165586617573310E-01
   0.155187534218712E+02
   0.162666170960055E-01
   0.152969297342870E+02
   0.158845572050181E-01
   0.151055530065498E+02
   0.154456270997585E-01
   0.149787743224460E+02
   0.150576923666143E-01
   0.149611645318936E+02
   0.148470351001200E-01
   0.150830575764880E+02
   0.148626731711883E-01
   0.153044712676574E+02
   0.149997842407618E-01
   0.154865755505262E+02
   0.149936099526896E-01
   0.155205125288601E+02
   0.147657095809691E-01
   0.154251879396883E+02
   0.139246002087378E-01
   0.155621117949500E+02
   0.139129005307301E-01
   0.160560908977112E+02
   0.146179900783728E-01
   0.168270243152550E+02
   0.158140620167925E-01
   0.175196410680286E+02
   0.170726389295096E-01
   0.178409345027428E+02
   0.170350267479504E-01
   0.179548079178594E+02
   0.170194809435000E-01
   0.179804007378659E+02
   0.170567316430781E-01
   0.179525224560548E+02
   0.171124161933205E-01
   0.178727009905996E+02
   0.170909921704751E-01
   0.177594627762976E+02
   0.169934526294722E-01
   0.176443454521993E+02
   0.169184321201838E-01
   0.175367173872781E+02
   0.168637839519597E-01
   0.174290186759034E+02
   0.168066125711106E-01
   0.173258284533513E+02
   0.167944705753299E-01
   0.172226785975997E+02
   0.167828325562110E-01
   0.171141999496352E+02
   0.167853439783110E-01
   0.169974284907002E+02
   0.167819403583188E-01
   0.153781199424551E+02
   0.150425150637712E-01
   0.152509429798299E+02
   0.149516837029601E-01
   0.151265343993126E+02
   0.148508723195546E-01
   0.150131751292274E+02
   0.147841952644955E-01
   0.149062899894238E+02
   0.147692470857434E-01
   0.147932033461417E+02
   0.147729265306638E-01
   0.146618402811099E+02
   0.147688161616313E-01
   0.145067989675994E+02
   0.147707686719889E-01
   0.143256375357770E+02
   0.147036355736781E-01
   0.141257047208246E+02
   0.145425107695461E-01
   0.139256363992476E+02
   0.143018928951115E-01
   0.137444737449098E+02
   0.139419689085644E-01
   0.136165632016615E+02
   0.135494356393218E-01
   0.135968792276043E+02
   0.133938579140923E-01
   0.137172075966968E+02
   0.135636434867904E-01
   0.139233771202720E+02
   0.138256794517408E-01
   0.140735946891852E+02
   0.139175421931442E-01
   0.140313294133123E+02
   0.136049133319152E-01
   0.137856809433843E+02
   0.122104184473572E-01
   0.138539417581280E+02
   0.117150199332131E-01
   0.144148545373045E+02
   0.127985262296557E-01
   0.154138823647335E+02
   0.154403413305640E-01
   0.162087355643537E+02
   0.169950444179441E-01
   0.165320340402934E+02
   0.165781634543930E-01
   0.166059970312296E+02
   0.160873655722862E-01
   0.165934156535126E+02
   0.158204127912026E-01
   0.165372526985123E+02
   0.156967455542797E-01
   0.164410806793756E+02
   0.155887206252657E-01
   0.163176059396880E+02
   0.154718797054677E-01
   0.161905795595558E+02
   0.154062311351649E-01
   0.160660268152646E+02
   0.153162769636002E-01
   0.159424278511180E+02
   0.152107844575863E-01
   0.158256912392631E+02
   0.151421628627459E-01
   0.157152825397756E+02
   0.151010551830536E-01
   0.156077283042580E+02
   0.150886053417544E-01
   0.154977961742292E+02
   0.150871069753607E-01
   0.136921620624184E+02
   0.136586736592089E-01
   0.135709069585032E+02
   0.135559845176932E-01
   0.134496430066672E+02
   0.134375751685964E-01
   0.133369382448241E+02
   0.133462302036902E-01
   0.132282448847355E+02
   0.132822795738938E-01
   0.131157770691063E+02
   0.132357178809096E-01
   0.129907484328494E+02
   0.131760793331082E-01
   0.128493496140901E+02
   0.131287708812741E-01
   0.126889141235322E+02
   0.130659928151655E-01
   0.125134256246334E+02
   0.129797981134905E-01
   0.123369825516722E+02
   0.129176776948133E-01
   0.121733220503861E+02
   0.128124482003983E-01
   0.120515602962952E+02
   0.126213125298039E-01
   0.120287688345662E+02
   0.125338047439336E-01
   0.121492131934891E+02
   0.127378397944717E-01
   0.123613982227670E+02
   0.131351689675538E-01
   0.125073405349048E+02
   0.133420801226791E-01
   0.124040543176521E+02
   0.129636090886774E-01
   0.119521014201585E+02
   0.960073353004690E-02
   0.119411487778252E+02
   0.898363664261045E-02
   0.125371294703736E+02
   0.103033899427187E-01
   0.137387064148574E+02
   0.146726719016917E-01
   0.146638165804624E+02
   0.169727540323372E-01
   0.150307890071934E+02
   0.168452219295315E-01
   0.150884626309963E+02
   0.161237257755066E-01
   0.150442496974727E+02
   0.156050344658360E-01
   0.149595965293650E+02
   0.152509394640326E-01
   0.148411989724360E+02
   0.149538103491880E-01
   0.147013888293750E+02
   0.146736579297904E-01
   0.145589047883640E+02
   0.144508189604139E-01
   0.144175307589462E+02
   0.142452991363297E-01
   0.142780911404088E+02
   0.140539064394052E-01
   0.141458455772790E+02
   0.139072408813366E-01
   0.140249233690563E+02
   0.138113841436150E-01
   0.139135648020630E+02
   0.137589486845904E-01
   0.138057695217376E+02
   0.137230650727731E-01
   0.117823750690958E+02
   0.126765245536807E-01
   0.116652002318811E+02
   0.125936430277380E-01
   0.115470088213299E+02
   0.124973434395828E-01
   0.114362457000161E+02
   0.123974958065184E-01
   0.113273664908912E+02
   0.123078332448723E-01
   0.112166918212315E+02
   0.122359928350928E-01
   0.110987658205976E+02
   0.121703374589220E-01
   0.109702444117125E+02
   0.121132337744271E-01
   0.108289361067653E+02
   0.120781130219367E-01
   0.106742696378804E+02
   0.120247346195653E-01
   0.105160791135002E+02
   0.119647874042158E-01
   0.103673596923952E+02
   0.118808290084796E-01
   0.102540801647877E+02
   0.117281854351865E-01
   0.102296525444884E+02
   0.116277604847461E-01
   0.103473121777697E+02
   0.117748112429822E-01
   0.105744742490808E+02
   0.122508089995814E-01
   0.107467915928035E+02
   0.127143782908395E-01
   0.106323594262081E+02
   0.124469339073840E-01
   0.100193565491369E+02
   0.865801048507776E-02
   0.992283093849380E+01
   0.776608605481029E-02
   0.104801722038726E+02
   0.864207641792466E-02
   0.117606519081520E+02
   0.136206663259906E-01
   0.127250995839501E+02
   0.158650583610948E-01
   0.131595976439458E+02
   0.162497548642639E-01
   0.132665791945032E+02
   0.158307454823127E-01
   0.132419040073167E+02
   0.154204334301122E-01
   0.131564325804572E+02
   0.149940611708392E-01
   0.130287445134639E+02
   0.145406308979046E-01
   0.128758844430565E+02
   0.141113218925148E-01
   0.127196226696281E+02
   0.137649829853630E-01
   0.125627495843657E+02
   0.134714005089241E-01
   0.124095182233792E+02
   0.132406704106707E-01
   0.122598763458156E+02
   0.130288912750673E-01
   0.121243419828071E+02
   0.128738140484278E-01
   0.120034875068009E+02
   0.127763841303520E-01
   0.118930401983748E+02
   0.127254546043246E-01
   0.962074441533885E+01
   0.116963712166441E-01
   0.950063313640724E+01
   0.115827330879991E-01
   0.938144508459142E+01
   0.114659178137348E-01
   0.927661550082664E+01
   0.113982541187116E-01
   0.916977560444183E+01
   0.113153602728036E-01
   0.906170434884658E+01
   0.112425179773795E-01
   0.895145309669395E+01
   0.111838986174002E-01
   0.883696479803822E+01
   0.111382718991441E-01
   0.871515285348600E+01
   0.111030506245560E-01
   0.858449188473850E+01
   0.110657242143478E-01
   0.845277609618961E+01
   0.110271580793980E-01
   0.833062060564139E+01
   0.109707275612975E-01
   0.823963034158977E+01
   0.108799360818329E-01
   0.822270246757379E+01
   0.108249479782709E-01
   0.833013886396591E+01
   0.109244014773207E-01
   0.855826991844980E+01
   0.113372329659057E-01
   0.875939082299271E+01
   0.119643154600172E-01
   0.870748132577344E+01
   0.122331592337525E-01
   0.804037602858227E+01
   0.840440548498222E-02
   0.787866783370495E+01
   0.758335546136538E-02
   0.831230414234118E+01
   0.815905152400144E-02
   0.942006508280238E+01
   0.115586946034678E-01
   0.102785577677140E+02
   0.132151205044260E-01
   0.107480035233183E+02
   0.139652003138300E-01
   0.109434233806031E+02
   0.140761977258583E-01
   0.109993355951343E+02
   0.140980743719668E-01
   0.109775717648718E+02
   0.140083239008614E-01
   0.108979319287657E+02
   0.137620162764953E-01
   0.107750198766903E+02
   0.134546106215537E-01
   0.106281549812854E+02
   0.131209149749612E-01
   0.104671304944387E+02
   0.127900791721456E-01
   0.103019444146831E+02
   0.125079749459893E-01
   0.101401948208267E+02
   0.122582790798365E-01
   0.999161962616628E+01
   0.120560309645651E-01
   0.985714689943787E+01
   0.119006858892092E-01
   0.973686423000601E+01
   0.117911329115594E-01
   0.719242643602595E+01
   0.106989543094658E-01
   0.707333244833977E+01
   0.105808045477595E-01
   0.695630247480649E+01
   0.104655162042639E-01
   0.684588845790550E+01
   0.103587745345207E-01
   0.673657580851673E+01
   0.102509927147303E-01
   0.663055566916782E+01
   0.101714623258879E-01
   0.652884450106804E+01
   0.101197680322835E-01
   0.643007852900664E+01
   0.100966303841593E-01
   0.633024224337781E+01
   0.100797511344961E-01
   0.622652104093419E+01
   0.100666367456864E-01
   0.612850893204858E+01
   0.100605326954747E-01
   0.604324425578953E+01
   0.100482519599376E-01
   0.598702157823669E+01
   0.100268915472453E-01
   0.598787498792344E+01
   0.100235352441933E-01
   0.607997420373467E+01
   0.100990540942796E-01
   0.627497053803896E+01
   0.103760234456221E-01
   0.647604255569185E+01
   0.109104975896414E-01
   0.651859916151532E+01
   0.116206927091147E-01
   0.607080714277320E+01
   0.958599266337474E-02
   0.587735846992836E+01
   0.905158584492283E-02
   0.607828615716586E+01
   0.870280089809690E-02
   0.672040239835910E+01
   0.946555865850204E-02
   0.732240605802612E+01
   0.100192462694120E-01
   0.775432966756584E+01
   0.106299973533981E-01
   0.801546097104249E+01
   0.110668684781356E-01
   0.815965586449374E+01
   0.114173722406472E-01
   0.823924423107707E+01
   0.117403227628739E-01
   0.825436166603053E+01
   0.119152139137394E-01
   0.820687403862782E+01
   0.119290399027605E-01
   0.811633907881917E+01
   0.118378734323449E-01
   0.799138649315891E+01
   0.116513753622299E-01
   0.784699771304149E+01
   0.114431066482443E-01
   0.769824904515650E+01
   0.112342296277257E-01
   0.755833584436418E+01
   0.110612736151569E-01
   0.742514698495248E+01
   0.109049946426713E-01
   0.730652123876402E+01
   0.107952653023231E-01
   0.433392417751437E+01
   0.930079171970236E-02
   0.422722211017240E+01
   0.921689532572346E-02
   0.412631501909674E+01
   0.914608562963300E-02
   0.402828719529705E+01
   0.907529014399153E-02
   0.393068918468606E+01
   0.899796471907031E-02
   0.383718783953730E+01
   0.893491497942866E-02
   0.375111288649956E+01
   0.889700010794811E-02
   0.367134455578244E+01
   0.888385307762393E-02
   0.359432502777773E+01
   0.887853094803404E-02
   0.351456869226890E+01
   0.885129438279479E-02
   0.345328588726676E+01
   0.885878652542278E-02
   0.341041212892959E+01
   0.887416642141146E-02
   0.339375203898331E+01
   0.889519276448629E-02
   0.341768527132602E+01
   0.893022744675931E-02
   0.349562238449278E+01
   0.899163158095523E-02
   0.363077836801905E+01
   0.915145603885980E-02
   0.377734155894888E+01
   0.946513523547500E-02
   0.381225365001783E+01
   0.984142878519795E-02
   0.357197296570017E+01
   0.911334804189408E-02
   0.339073209665259E+01
   0.853052018957849E-02
   0.341644872985545E+01
   0.801539975073721E-02
   0.369078180724156E+01
   0.791138686732263E-02
   0.403216783170122E+01
   0.796737605307416E-02
   0.434294739590162E+01
   0.821841023526901E-02
   0.457694573432105E+01
   0.847960286177558E-02
   0.474932467519712E+01
   0.875012192832455E-02
   0.488598882786072E+01
   0.908387182648742E-02
   0.497754642251421E+01
   0.938664958072585E-02
   0.501441501857998E+01
   0.959616348898136E-02
   0.499714700328114E+01
   0.968459555299667E-02
   0.493344428932885E+01
   0.966509930833238E-02
   0.483778088963775E+01
   0.958261433110123E-02
   0.472937953028505E+01
   0.948562124037516E-02
   0.462797905826798E+01
   0.943136328205990E-02
   0.452844618177022E+01
   0.938749041839336E-02
   0.443089673620593E+01
   0.934352071501639E-02
   0.785988804998560E+00
   0.728271281282495E-02
   0.719212292024072E+00
   0.727890396126081E-02
   0.649365136800858E+00
   0.726032505132154E-02
   0.576810427428538E+00
   0.723044911469271E-02
   0.502257301376468E+00
   0.718579245269438E-02
   0.431557352363320E+00
   0.713927360309193E-02
   0.369174210786417E+00
   0.710483505618108E-02
   0.313312758003077E+00
   0.708099400745352E-02
   0.262211289941784E+00
   0.705980971620954E-02
   0.222422971839429E+00
   0.704729572376133E-02
   0.203654780725818E+00
   0.706082241537024E-02
   0.202380646662277E+00
   0.708025131607977E-02
   0.219944537360687E+00
   0.710467766884440E-02
   0.260128477966356E+00
   0.713545884509321E-02
   0.323767971169701E+00
   0.717980665855521E-02
   0.403809836035201E+00
   0.726806591698534E-02
   0.484758228674155E+00
   0.747009999703222E-02
   0.502064937046851E+00
   0.768289483575152E-02
   0.377173262219761E+00
   0.741639352518360E-02
   0.230741894760837E+00
   0.703935187608577E-02
   0.159269915763583E+00
   0.667346466645438E-02
   0.221353919246674E+00
   0.646631819253101E-02
   0.354416017057349E+00
   0.635856520770531E-02
   0.510974631730477E+00
   0.634362102353396E-02
   0.658351058701589E+00
   0.637451219470770E-02
   0.792143064472613E+00
   0.644778154951570E-02
   0.917069553380652E+00
   0.659706644400651E-02
   0.102568637298179E+01
   0.680424365777045E-02
   0.110327558580512E+01
   0.701274750027158E-02
   0.113900304486420E+01
   0.716011275528172E-02
   0.113413850484107E+01
   0.723737515594153E-02
   0.109780762829232E+01
   0.726497540537953E-02
   0.104186605100308E+01
   0.726067228136736E-02
   0.982365785292210E+00
   0.726761363148699E-02
   0.920597320266684E+00
   0.727918087699977E-02
   0.851837540293110E+00
   0.727643128011489E-02
  -0.376256755292693E+01
   0.489559270251995E-02
  -0.379141285593194E+01
   0.490961338343565E-02
  -0.382522807801170E+01
   0.490295465128699E-02
  -0.386281194315234E+01
   0.487789514913678E-02
  -0.390179053140155E+01
   0.483826541258791E-02
  -0.393323255727909E+01
   0.479648527650046E-02
  -0.395349958130602E+01
   0.476281534973967E-02
  -0.396119097674565E+01
   0.474436418706744E-02
  -0.395729401525414E+01
   0.473806885730838E-02
  -0.394159777278315E+01
   0.474173691121603E-02
  -0.391494911143607E+01
   0.474741268948477E-02
  -0.388113003720817E+01
   0.475435088989897E-02
  -0.384164971033559E+01
   0.476877307118819E-02
  -0.379669894855408E+01
   0.479820920991848E-02
  -0.375163322360763E+01
   0.484466010207164E-02
  -0.371465047659563E+01
   0.491978195401797E-02
  -0.369872102850093E+01
   0.503077603202445E-02
  -0.372559429819758E+01
   0.513734996149078E-02
  -0.380599224120331E+01
   0.514180317477119E-02
  -0.391188694707632E+01
   0.504034819658473E-02
  -0.400494113154701E+01
   0.487422721550727E-02
  -0.405906161497012E+01
   0.469415266635648E-02
  -0.407224456425256E+01
   0.453531941397004E-02
  -0.404880343013605E+01
   0.442367738974240E-02
  -0.399771751034352E+01
   0.437235335414026E-02
  -0.392620786829469E+01
   0.438796409209503E-02
  -0.384256249203523E+01
   0.446158226729203E-02
  -0.376118072946682E+01
   0.456842852119614E-02
  -0.369527743285858E+01
   0.468140935594764E-02
  -0.365405651477743E+01
   0.477095711374794E-02
  -0.363977488476086E+01
   0.481963776399704E-02
  -0.364729538797029E+01
   0.483468405483919E-02
  -0.366748321654431E+01
   0.483489787345315E-02
  -0.369141506056927E+01
   0.483987355782772E-02
  -0.371484943505612E+01
   0.485264692670222E-02
  -0.373774564821834E+01
   0.487179480891332E-02
  -0.998826177904018E+01
   0.274347232324185E-02
  -0.993137733699631E+01
   0.276865468004282E-02
  -0.988207570482506E+01
   0.278017312654749E-02
  -0.983526978014061E+01
   0.278252877874139E-02
  -0.977478058824073E+01
   0.279486081048685E-02
  -0.969428486615062E+01
   0.282324293660167E-02
  -0.958815369259917E+01
   0.287328797993593E-02
  -0.945157165881912E+01
   0.295024393226199E-02
  -0.930714268942647E+01
   0.303317220163281E-02
  -0.916013149534605E+01
   0.311897427604784E-02
  -0.901979821554351E+01
   0.320155673562020E-02
  -0.889762420379731E+01
   0.327640099191379E-02
  -0.878416578229924E+01
   0.336146353314608E-02
  -0.872355993450577E+01
   0.340482279140006E-02
  -0.871577459045797E+01
   0.341230432787987E-02
  -0.876506995767991E+01
   0.338330617457891E-02
  -0.888002896418701E+01
   0.331014045787627E-02
  -0.907309838869257E+01
   0.317680360821153E-02
  -0.928342983552046E+01
   0.305229226611073E-02
  -0.950537155177383E+01
   0.293167335796295E-02
  -0.972678297995727E+01
   0.281548342080865E-02
  -0.994348896530504E+01
   0.269561418291372E-02
  -0.101456594534960E+02
   0.257660977651006E-02
  -0.102834123592130E+02
   0.250033899244300E-02
  -0.103641385856728E+02
   0.246012915568585E-02
  -0.103987053279188E+02
   0.244817036296369E-02
  -0.104008531984802E+02
   0.245520667546931E-02
  -0.103855237357835E+02
   0.247126152206729E-02
  -0.103629051516290E+02
   0.248969266724015E-02
  -0.103402294554359E+02
   0.250565394410871E-02
  -0.103187171774170E+02
   0.251884024940536E-02
  -0.102948281128149E+02
   0.253279994099539E-02
  -0.102646292936716E+02
   0.255141219403562E-02
  -0.102211050592648E+02
   0.258086865290620E-02
  -0.101560315113958E+02
   0.262766509025616E-02
  -0.100603946458856E+02
   0.269855772019549E-02
