   0.197494621612288E+01
   0.416174870644984E-02
   0.876818870865689E+00
   0.397451780271959E-02
   0.160174170574461E+00
   0.383236281638493E-02
  -0.251532418723363E+00
   0.372936744538321E-02
  -0.337540066776924E+00
   0.366554650867955E-02
   0.329364506157279E-01
   0.364557528388705E-02
  -0.453223571498064E+00
   0.368909604595850E-02
  -0.420152644688677E+00
   0.378307343817231E-02
   0.107732441414142E+00
   0.392849641447842E-02
   0.113080146095115E+01
   0.412684744672216E-02
   0.265742159457293E+01
   0.437828265379589E-02
   0.491442367685068E+01
   0.467511877697154E-02
   0.816184189146116E+01
   0.500604579399545E-02
   0.110127500073021E+02
   0.535240595946448E-02
   0.135820762364915E+02
   0.569522510765592E-02
   0.158941908765341E+02
   0.601915905001083E-02
   0.178571849448486E+02
   0.631334942702354E-02
   0.194492892252063E+02
   0.657088793236743E-02
   0.206870670119823E+02
   0.678788098756548E-02
   0.216055518157235E+02
   0.696444123533312E-02
   0.222449448091942E+02
   0.710446071018897E-02
   0.226401960539426E+02
   0.721048680166938E-02
   0.228123324169253E+02
   0.728216433580196E-02
   0.227623499830610E+02
   0.731603763173010E-02
   0.224713649993305E+02
   0.730577372219982E-02
   0.219059930576355E+02
   0.724536168883931E-02
   0.210214467048416E+02
   0.713192128310827E-02
   0.197608833453529E+02
   0.696359719316850E-02
   0.180526056955275E+02
   0.673920234477295E-02
   0.158076289327761E+02
   0.646029887145756E-02
   0.129203396158026E+02
   0.613363849485864E-02
   0.927203621809884E+01
   0.577231094565675E-02
   0.644195950992935E+01
   0.539580379551249E-02
   0.436817834582718E+01
   0.502792202564188E-02
   0.296482342264871E+01
   0.469119196157467E-02
   0.217445647483974E+01
   0.440077971605358E-02
   0.493884121034027E+01
   0.523382803693522E-02
   0.552643653982939E+01
   0.504305874621450E-02
   0.531621439515909E+01
   0.487251531734153E-02
   0.449774821645695E+01
   0.469702039013871E-02
   0.291960663617115E+01
   0.456320348228657E-02
   0.219412119030553E+01
   0.450028911468479E-02
   0.195846856938017E+01
   0.450310448419987E-02
   0.218392532488551E+01
   0.457801717272699E-02
   0.292268611249178E+01
   0.471321980768399E-02
   0.435156344752494E+01
   0.489181508230858E-02
   0.461070547096359E+01
   0.514222491409598E-02
   0.548301486355338E+01
   0.544043761468946E-02
   0.705072932772827E+01
   0.589035225217693E-02
   0.921973053952517E+01
   0.641043714834564E-02
   0.121158883688844E+02
   0.691322301622037E-02
   0.160686256644227E+02
   0.737774063848648E-02
   0.187746189705115E+02
   0.779493510047812E-02
   0.205742892255578E+02
   0.814924781646197E-02
   0.217169778540368E+02
   0.840242149371723E-02
   0.223986969858214E+02
   0.854729485069488E-02
   0.227884107987339E+02
   0.867122282586095E-02
   0.230295401930085E+02
   0.880292675456600E-02
   0.232195317049806E+02
   0.894568463032279E-02
   0.233586425873769E+02
   0.909188441163969E-02
   0.233621166342805E+02
   0.917892507056552E-02
   0.231542759736921E+02
   0.915365911157908E-02
   0.226891301466302E+02
   0.905558910393131E-02
   0.219316285717426E+02
   0.889799900359565E-02
   0.208248970510061E+02
   0.866103625399649E-02
   0.192548853866255E+02
   0.832148271502339E-02
   0.170543997039137E+02
   0.787379167797001E-02
   0.140522730982484E+02
   0.734455283079159E-02
   0.101127896846059E+02
   0.675742780839821E-02
   0.756581474021502E+01
   0.620356301163264E-02
   0.599554627439067E+01
   0.576602321632283E-02
   0.514593001442822E+01
   0.546237168167738E-02
   0.742681428251789E+01
   0.690041981761745E-02
   0.705690317374486E+01
   0.671336691017827E-02
   0.657256312341997E+01
   0.651133031811833E-02
   0.591408764278819E+01
   0.615869732561547E-02
   0.519360488506557E+01
   0.582704182286939E-02
   0.476992239049809E+01
   0.575099313887564E-02
   0.464213455012654E+01
   0.581158980353291E-02
   0.482369287965441E+01
   0.597315862350170E-02
   0.531784882778156E+01
   0.618585937347589E-02
   0.618904922565453E+01
   0.644414387585700E-02
   0.757297920195623E+01
   0.665348151719081E-02
   0.793226065273606E+01
   0.646112971152393E-02
   0.950320793657338E+01
   0.701939407902521E-02
   0.116465248828219E+02
   0.767668059121197E-02
   0.143698143225786E+02
   0.814656112818912E-02
   0.180814716732147E+02
   0.861656573976723E-02
   0.203975419564782E+02
   0.912155565466848E-02
   0.217777862690963E+02
   0.965041818437289E-02
   0.224796471356986E+02
   0.995476274731793E-02
   0.227052489206748E+02
   0.982481916214191E-02
   0.226716362014574E+02
   0.986157563737344E-02
   0.226233559180016E+02
   0.100052184834719E-01
   0.228252537419936E+02
   0.102155264751535E-01
   0.232466726667472E+02
   0.106145531951548E-01
   0.235351866804982E+02
   0.109098629442900E-01
   0.235447911438778E+02
   0.107709065809590E-01
   0.232695742412963E+02
   0.106249955122222E-01
   0.227625409043017E+02
   0.105131776022973E-01
   0.220607248466888E+02
   0.103152420473098E-01
   0.210245329935419E+02
   0.994090915875900E-02
   0.193267654602977E+02
   0.936670482319569E-02
   0.166626408613985E+02
   0.879005083896091E-02
   0.127304634156684E+02
   0.806119627248731E-02
   0.102959240574598E+02
   0.747837195384312E-02
   0.885712633952188E+01
   0.719277953674842E-02
   0.798609258579311E+01
   0.709279378835765E-02
   0.102159640343418E+02
   0.900539159150381E-02
   0.966277221296365E+01
   0.868126541742221E-02
   0.909672241354352E+01
   0.834320128084429E-02
   0.850562690085385E+01
   0.800399136893945E-02
   0.793367398961655E+01
   0.762215155718184E-02
   0.755687300495825E+01
   0.744635421093957E-02
   0.740913887243319E+01
   0.748392438672198E-02
   0.747248593822280E+01
   0.760153544890264E-02
   0.773427319686858E+01
   0.770977689557723E-02
   0.821345198200557E+01
   0.770727546047754E-02
   0.896449673157738E+01
   0.775253488010401E-02
   0.100844618809868E+02
   0.751368786054158E-02
   0.128826162283041E+02
   0.831288360713340E-02
   0.153281747193788E+02
   0.868888709704676E-02
   0.177261161302016E+02
   0.894724824902244E-02
   0.200891967213460E+02
   0.932522208384126E-02
   0.217587564002889E+02
   0.979646815791489E-02
   0.226600354907685E+02
   0.102538656808991E-01
   0.229143831686409E+02
   0.105133722395422E-01
   0.226647318105392E+02
   0.105649818665427E-01
   0.221159990329222E+02
   0.106868307010826E-01
   0.215933891845532E+02
   0.107648481520278E-01
   0.218403599049977E+02
   0.109510232470871E-01
   0.228292442483044E+02
   0.117762774013404E-01
   0.234417718973960E+02
   0.120327749261142E-01
   0.235818763666717E+02
   0.117707995089070E-01
   0.233350528313588E+02
   0.118925974871382E-01
   0.228932636937555E+02
   0.116145393386155E-01
   0.225408392256090E+02
   0.113742579753638E-01
   0.221318332767617E+02
   0.111025844013568E-01
   0.209971204049866E+02
   0.106706742872695E-01
   0.187525234061636E+02
   0.101565959382177E-01
   0.151037186637668E+02
   0.962159319764531E-02
   0.129178690852634E+02
   0.930664444608104E-02
   0.116532576595351E+02
   0.923106535219399E-02
   0.108365180288275E+02
   0.915404953646453E-02
   0.127362037684289E+02
   0.111766636609943E-01
   0.121404982800980E+02
   0.106837677862790E-01
   0.115601471290493E+02
   0.101618066517132E-01
   0.110170308346280E+02
   0.974940386143807E-02
   0.105290259831310E+02
   0.938396669017066E-02
   0.101692740858539E+02
   0.914442023761711E-02
   0.996654755871183E+01
   0.905703973241084E-02
   0.991395114341296E+01
   0.904354522296382E-02
   0.100044808902014E+02
   0.901293434245069E-02
   0.102663316773914E+02
   0.892175619020860E-02
   0.107742985078300E+02
   0.868929436103280E-02
   0.118293731101929E+02
   0.853216316044665E-02
   0.145179797830291E+02
   0.924625006037677E-02
   0.170933944719073E+02
   0.941372315143010E-02
   0.193433606581263E+02
   0.955111842775791E-02
   0.213358339127846E+02
   0.992475155202550E-02
   0.226759326779888E+02
   0.104761910063711E-01
   0.231996914502190E+02
   0.109845392247625E-01
   0.230677027529280E+02
   0.111673648796753E-01
   0.223571832384858E+02
   0.111157556644536E-01
   0.212270108185198E+02
   0.113651643780491E-01
   0.198694651155579E+02
   0.112119840627364E-01
   0.201726539615377E+02
   0.116361015515340E-01
   0.222997294865601E+02
   0.127323472260230E-01
   0.232034216851879E+02
   0.124903504962617E-01
   0.233818279964763E+02
   0.126142455482834E-01
   0.230081094090009E+02
   0.127936950306014E-01
   0.224085549061690E+02
   0.124538485560790E-01
   0.223755003573160E+02
   0.120199576800175E-01
   0.228233140483640E+02
   0.118825467597812E-01
   0.222900636535302E+02
   0.115170468196423E-01
   0.204566183733051E+02
   0.111906730992354E-01
   0.170903729482255E+02
   0.110587259316346E-01
   0.151683144672555E+02
   0.109784231286935E-01
   0.140829167768185E+02
   0.112901652988815E-01
   0.133544579028908E+02
   0.114304588315298E-01
   0.148779236297694E+02
   0.129858380715630E-01
   0.142816766477210E+02
   0.122887986863383E-01
   0.137251235818517E+02
   0.116500302524250E-01
   0.132351684378885E+02
   0.112054672934975E-01
   0.128127670465265E+02
   0.108830305968159E-01
   0.124782560730344E+02
   0.106333558741962E-01
   0.122447025507405E+02
   0.104508293552924E-01
   0.121135394072222E+02
   0.103150088785171E-01
   0.120905706875095E+02
   0.101804980847746E-01
   0.122133488528048E+02
   0.100797946461502E-01
   0.125491750449841E+02
   0.994799186230004E-02
   0.133089355080849E+02
   0.965164119085838E-02
   0.150727263480635E+02
   0.976806131226189E-02
   0.179573044081168E+02
   0.101227511804943E-01
   0.201219746498151E+02
   0.101806850861491E-01
   0.220680005504873E+02
   0.106364171716818E-01
   0.232665594391725E+02
   0.113198695383344E-01
   0.234456246291674E+02
   0.118661925574115E-01
   0.229908168689557E+02
   0.117883842425396E-01
   0.218559819227765E+02
   0.119056289940541E-01
   0.201801850422764E+02
   0.120375385237343E-01
   0.193413988840766E+02
   0.120379764494339E-01
   0.197320915287701E+02
   0.123060134827062E-01
   0.219690068907073E+02
   0.131120178101839E-01
   0.228860297884055E+02
   0.130378771679306E-01
   0.230157401413729E+02
   0.133833468122067E-01
   0.223858378976541E+02
   0.133876486003997E-01
   0.212993198346103E+02
   0.129334625574673E-01
   0.215439579090016E+02
   0.123778690166877E-01
   0.232964888683381E+02
   0.123282880231222E-01
   0.233397072133541E+02
   0.121509432057060E-01
   0.218713961467502E+02
   0.120426867670826E-01
   0.187560291332884E+02
   0.124733986574835E-01
   0.170830806566800E+02
   0.127929774608224E-01
   0.161556928453529E+02
   0.134270621399416E-01
   0.154882754167070E+02
   0.134521723663470E-01
   0.166473714479477E+02
   0.142358046629763E-01
   0.160791474555463E+02
   0.134323932334789E-01
   0.155727128273313E+02
   0.128054072047039E-01
   0.151438692808484E+02
   0.124135121184781E-01
   0.147797718518172E+02
   0.121506484345299E-01
   0.144766004809694E+02
   0.119226408266163E-01
   0.142352809420669E+02
   0.116963766865755E-01
   0.140602552472709E+02
   0.114854369694740E-01
   0.139669144262175E+02
   0.113183808114560E-01
   0.139953213471022E+02
   0.112678733161332E-01
   0.141943830760137E+02
   0.112396264941761E-01
   0.146941343822999E+02
   0.108956903382249E-01
   0.158752127013284E+02
   0.104003726931047E-01
   0.183352260838728E+02
   0.104945077545984E-01
   0.203083492122945E+02
   0.108092264805668E-01
   0.224268974949588E+02
   0.112113126976534E-01
   0.236216067733501E+02
   0.123300192863310E-01
   0.233978200799460E+02
   0.129694459252919E-01
   0.227005256590232E+02
   0.127254677639387E-01
   0.211647016932969E+02
   0.128204514410338E-01
   0.200707774902339E+02
   0.131502239898060E-01
   0.195586235874024E+02
   0.133071147588938E-01
   0.198691363150635E+02
   0.130865524168803E-01
   0.216555668610725E+02
   0.134492776266573E-01
   0.224250786202469E+02
   0.136227085507777E-01
   0.225052147493992E+02
   0.137499642528917E-01
   0.215597213850020E+02
   0.138035445634952E-01
   0.210344030792832E+02
   0.134157948342349E-01
   0.215413994362419E+02
   0.128947337442793E-01
   0.237726024134036E+02
   0.123671127647054E-01
   0.242017813179862E+02
   0.125086971729805E-01
   0.230372146498944E+02
   0.127767264815026E-01
   0.201551945950896E+02
   0.138579886482649E-01
   0.187060172516536E+02
   0.147843273441692E-01
   0.178768273681328E+02
   0.152850574445282E-01
   0.172431259209538E+02
   0.149471720219846E-01
   0.180971253992480E+02
   0.151340943043951E-01
   0.175828548255214E+02
   0.144740562215442E-01
   0.171398139499294E+02
   0.140243370585979E-01
   0.167707937424266E+02
   0.137686357247334E-01
   0.164559133389717E+02
   0.135416852067703E-01
   0.161845257605664E+02
   0.133089253993380E-01
   0.159499141756240E+02
   0.130396433563199E-01
   0.157551145689914E+02
   0.127678202518497E-01
   0.156174615989790E+02
   0.125516336922627E-01
   0.155737527202501E+02
   0.124991530526898E-01
   0.156599860052690E+02
   0.125070173626893E-01
   0.159510654240831E+02
   0.120866902415944E-01
   0.166935135169797E+02
   0.113580392317509E-01
   0.182569372275700E+02
   0.109402543644309E-01
   0.199360945759027E+02
   0.115865486683972E-01
   0.225074899115614E+02
   0.118974611161809E-01
   0.238349534742940E+02
   0.133929116476818E-01
   0.230236891506937E+02
   0.144172640913656E-01
   0.222164836346092E+02
   0.140240802405950E-01
   0.212225008612744E+02
   0.138795004533161E-01
   0.204727962721407E+02
   0.147336522072683E-01
   0.201090613464452E+02
   0.147718939350815E-01
   0.202710947830999E+02
   0.141285695906794E-01
   0.211755894146140E+02
   0.137610873590628E-01
   0.217487096830731E+02
   0.138996800888306E-01
   0.218761442159834E+02
   0.142810398757671E-01
   0.214832492274705E+02
   0.144827843023563E-01
   0.212943095043183E+02
   0.144618344062917E-01
   0.218797021496595E+02
   0.136734370483088E-01
   0.241849900354275E+02
   0.122978373644448E-01
   0.248801150744075E+02
   0.128454441216372E-01
   0.239748052012741E+02
   0.135096398811499E-01
   0.213390662599194E+02
   0.154642977965788E-01
   0.200432307011595E+02
   0.164246362226882E-01
   0.192540311691195E+02
   0.162559692272628E-01
   0.186542574585457E+02
   0.158163207477518E-01
   0.192860298303776E+02
   0.162648464928928E-01
   0.188363612365752E+02
   0.158908251497106E-01
   0.184513783740110E+02
   0.155992380964970E-01
   0.181318001627413E+02
   0.154241952250338E-01
   0.178601948675676E+02
   0.152529422233630E-01
   0.176224923678088E+02
   0.150786802448751E-01
   0.174058035585571E+02
   0.148711648577048E-01
   0.172071789670232E+02
   0.146505585911789E-01
   0.170392236501753E+02
   0.144430644822412E-01
   0.169283425496172E+02
   0.142297257572742E-01
   0.169104139005683E+02
   0.139420280881210E-01
   0.170500959143528E+02
   0.132782283194895E-01
   0.175192427221570E+02
   0.125206404223348E-01
   0.186359805306851E+02
   0.119474342011805E-01
   0.199617048640171E+02
   0.119406631743851E-01
   0.223929009100510E+02
   0.119957536456975E-01
   0.240302097485751E+02
   0.140314765453963E-01
   0.232144795207656E+02
   0.158664033909298E-01
   0.223811132483840E+02
   0.153291538563469E-01
   0.217153697400677E+02
   0.148576071476828E-01
   0.210565939242281E+02
   0.158837099848816E-01
   0.207448443587398E+02
   0.157938611872521E-01
   0.208171462764712E+02
   0.151430614316897E-01
   0.213191739087243E+02
   0.148857111528243E-01
   0.217977131347148E+02
   0.148268881855718E-01
   0.219661987692934E+02
   0.152839458164623E-01
   0.218257386421402E+02
   0.155011548848982E-01
   0.217786490802422E+02
   0.154889615924660E-01
   0.223032123009593E+02
   0.144004292185781E-01
   0.244506768551423E+02
   0.125022306190990E-01
   0.253719257370223E+02
   0.133885170576338E-01
   0.246953411725662E+02
   0.143456212676604E-01
   0.222958937775046E+02
   0.169941403669595E-01
   0.210931432195261E+02
   0.173433016502660E-01
   0.203353707684899E+02
   0.168307701087834E-01
   0.197843301135211E+02
   0.166400263490843E-01
   0.202585860649384E+02
   0.174893736251393E-01
   0.198672290865884E+02
   0.172483966294548E-01
   0.195304577378112E+02
   0.170320221568273E-01
   0.192514294506163E+02
   0.168896592272327E-01
   0.190176063007321E+02
   0.167862084550395E-01
   0.188116473236894E+02
   0.166938896843362E-01
   0.186144930070927E+02
   0.165695625536743E-01
   0.184140748727648E+02
   0.163887489996543E-01
   0.182181793338422E+02
   0.161788330320136E-01
   0.180494025013238E+02
   0.158782784351382E-01
   0.179470939506577E+02
   0.154558806785114E-01
   0.179772093005971E+02
   0.147635703383623E-01
   0.182835974507355E+02
   0.136243203520974E-01
   0.192271538320980E+02
   0.130682919149093E-01
   0.201750371618926E+02
   0.129601170542335E-01
   0.220041186735103E+02
   0.124358007807063E-01
   0.242165966476833E+02
   0.144596110388817E-01
   0.236920226137737E+02
   0.168335429067422E-01
   0.228098496241613E+02
   0.170472122980023E-01
   0.224517441298753E+02
   0.156517134092850E-01
   0.216436845093510E+02
   0.169965597238765E-01
   0.213495476727748E+02
   0.167885335910676E-01
   0.213614232203412E+02
   0.164141592851378E-01
   0.216812351243819E+02
   0.160860538170090E-01
   0.221645167691441E+02
   0.160583008185010E-01
   0.223586109145473E+02
   0.165832213091765E-01
   0.223395347831889E+02
   0.166837537370475E-01
   0.223189244197320E+02
   0.164865478507996E-01
   0.226939235244720E+02
   0.152820318323286E-01
   0.244935719663106E+02
   0.133704217348882E-01
   0.256815317017365E+02
   0.142324051038072E-01
   0.252111713543412E+02
   0.153159112833528E-01
   0.230494261825771E+02
   0.184028273188636E-01
   0.219230450553736E+02
   0.184727035572798E-01
   0.212007830096038E+02
   0.177900548416603E-01
   0.206961677179046E+02
   0.176953900201677E-01
   0.210540294192155E+02
   0.186963074205909E-01
   0.207064471134234E+02
   0.184859222948364E-01
   0.204068093824626E+02
   0.183069127719100E-01
   0.201599251493100E+02
   0.181965281190366E-01
   0.199575243407822E+02
   0.181790095375323E-01
   0.197786168511425E+02
   0.181748159904212E-01
   0.195987222406673E+02
   0.181346677688085E-01
   0.193961853132603E+02
   0.179778422856668E-01
   0.191739711490709E+02
   0.177152203086981E-01
   0.189558000479064E+02
   0.172882978582077E-01
   0.187874538494619E+02
   0.167122117498812E-01
   0.187396599879629E+02
   0.159234679762640E-01
   0.189586106397258E+02
   0.148342768073231E-01
   0.199487908327994E+02
   0.141755618934064E-01
   0.205058727415081E+02
   0.148151733720767E-01
   0.219686395335605E+02
   0.134097530748690E-01
   0.244194099587298E+02
   0.146875578451745E-01
   0.244400776154788E+02
   0.169557690960580E-01
   0.232826531236285E+02
   0.185536426748457E-01
   0.226945846625527E+02
   0.173514130883623E-01
   0.221453725347769E+02
   0.181582427375567E-01
   0.219100461560178E+02
   0.180056373578788E-01
   0.218961482594380E+02
   0.175855253535561E-01
   0.221398612917821E+02
   0.170199398821837E-01
   0.227340335772063E+02
   0.166925608709096E-01
   0.229147622081136E+02
   0.178066501360057E-01
   0.229541512375495E+02
   0.177438095096457E-01
   0.229042852168896E+02
   0.175632168607625E-01
   0.230907063484873E+02
   0.164931501407815E-01
   0.242435280982961E+02
   0.153616315987860E-01
   0.258398460729799E+02
   0.154235435424298E-01
   0.255467587341396E+02
   0.165092787414574E-01
   0.236234099023102E+02
   0.198078477038141E-01
   0.225791164435055E+02
   0.196230403613176E-01
   0.219042520286225E+02
   0.189184730379178E-01
   0.214434578915605E+02
   0.188567979297630E-01
   0.216830860981359E+02
   0.197520163674588E-01
   0.213666040350474E+02
   0.195385490740694E-01
   0.210943737978561E+02
   0.193852209538217E-01
   0.208713349463183E+02
   0.193236585923273E-01
   0.206910865162877E+02
   0.193815092349642E-01
   0.205309468916424E+02
   0.194548008918254E-01
   0.203623413524484E+02
   0.194830963347422E-01
   0.201554955416325E+02
   0.193310904195390E-01
   0.199100195802661E+02
   0.189804641228159E-01
   0.196557674718391E+02
   0.184153496005379E-01
   0.194456955344749E+02
   0.176879562794557E-01
   0.193557683989971E+02
   0.168816333655625E-01
   0.195120273324042E+02
   0.161976099297341E-01
   0.201771858933848E+02
   0.157912487858702E-01
   0.208273489180440E+02
   0.165297548696220E-01
   0.221120429901147E+02
   0.150020158073153E-01
   0.245823585360528E+02
   0.153835285370000E-01
   0.248732947337465E+02
   0.169309880136244E-01
   0.237156231093477E+02
   0.191458505951203E-01
   0.230239867915397E+02
   0.186963453003634E-01
   0.225839124362495E+02
   0.188675580144133E-01
   0.224123893031949E+02
   0.191031946204000E-01
   0.224017607194981E+02
   0.186939611904994E-01
   0.226219408790310E+02
   0.179602830637541E-01
   0.234893561333684E+02
   0.166709752548531E-01
   0.235528673376461E+02
   0.180993295495844E-01
   0.236483806485024E+02
   0.182391324890533E-01
   0.235307481169980E+02
   0.187382309365046E-01
   0.235273821734950E+02
   0.179786340701649E-01
   0.242689082773309E+02
   0.169646379433447E-01
   0.258935790334150E+02
   0.164115564933523E-01
   0.257161848486241E+02
   0.177331832173629E-01
   0.240264239285097E+02
   0.210757157267655E-01
   0.230780933162506E+02
   0.206488488078043E-01
   0.224593148712809E+02
   0.199785198529284E-01
   0.220367637505628E+02
   0.199082148824307E-01
   0.221540472246943E+02
   0.206978518660578E-01
   0.218591809636373E+02
   0.204812844588148E-01
   0.216052451243446E+02
   0.203379303480879E-01
   0.213959017268838E+02
   0.202946556448442E-01
   0.212255281969384E+02
   0.203485653226242E-01
   0.210731196906548E+02
   0.204343995602041E-01
   0.209084186203256E+02
   0.204779872627738E-01
   0.206961466582466E+02
   0.203012504280077E-01
   0.204343741291058E+02
   0.198712853531704E-01
   0.201619429331254E+02
   0.192391561389057E-01
   0.199381042014158E+02
   0.185110686808629E-01
   0.198384258238494E+02
   0.179270928667054E-01
   0.199565456588690E+02
   0.175813848076168E-01
   0.204364972452935E+02
   0.168636086710408E-01
   0.211042473747601E+02
   0.173953060090639E-01
   0.223172758581461E+02
   0.169440302261976E-01
   0.246850861333753E+02
   0.168722915495402E-01
   0.251118104249099E+02
   0.172763703275321E-01
   0.241246431214993E+02
   0.188814889418746E-01
   0.233510573580302E+02
   0.199489669218210E-01
   0.229666604262675E+02
   0.198812517879773E-01
   0.228447313323893E+02
   0.201658380666829E-01
   0.228511529359859E+02
   0.198226785966500E-01
   0.230544671191471E+02
   0.191260905190735E-01
   0.238875593760380E+02
   0.173891761716971E-01
   0.242541665069329E+02
   0.182868809052327E-01
   0.244494154265922E+02
   0.180934695854038E-01
   0.241843527239357E+02
   0.194794325694517E-01
   0.239740281304124E+02
   0.195830806369519E-01
   0.244178780724641E+02
   0.184503387883230E-01
   0.258515710581674E+02
   0.171169102378473E-01
   0.257239526637356E+02
   0.187170974415017E-01
   0.242633357588389E+02
   0.216404247687651E-01
   0.234305114900438E+02
   0.213889187581270E-01
   0.228742263075145E+02
   0.209657955440295E-01
   0.224824277263953E+02
   0.208642143929730E-01
   0.224727085197177E+02
   0.215217439576064E-01
   0.221919673413138E+02
   0.213130758620190E-01
   0.219480447724562E+02
   0.211648533356475E-01
   0.217424906874954E+02
   0.210675573230634E-01
   0.215710752925423E+02
   0.210183989992261E-01
   0.214167284844078E+02
   0.210379404371518E-01
   0.212503615103317E+02
   0.210715441714135E-01
   0.210336488354782E+02
   0.209036742972356E-01
   0.207648903836666E+02
   0.204659216056479E-01
   0.204923867703908E+02
   0.199147424253745E-01
   0.202778576287744E+02
   0.193823251024781E-01
   0.201879328858557E+02
   0.190194306090370E-01
   0.202824744111163E+02
   0.186179522350379E-01
   0.206620032553894E+02
   0.179026591396525E-01
   0.213259387586808E+02
   0.183204287277748E-01
   0.224994010551538E+02
   0.188757635351047E-01
   0.247059315964700E+02
   0.178893778702840E-01
   0.251985255731217E+02
   0.173671650297208E-01
   0.245921154537594E+02
   0.180685640754198E-01
   0.236132979529434E+02
   0.205155179804021E-01
   0.232762597981987E+02
   0.209551450093556E-01
   0.231929836869374E+02
   0.211061360626493E-01
   0.232226255585448E+02
   0.208390839196883E-01
   0.234090327753360E+02
   0.205647307189674E-01
   0.239483218532250E+02
   0.188546262631520E-01
   0.245391319071361E+02
   0.188756514074411E-01
   0.248798255210272E+02
   0.185250232394949E-01
   0.248758033933031E+02
   0.193974812951191E-01
   0.243916304080709E+02
   0.211938628696279E-01
   0.245924089368967E+02
   0.200913064978177E-01
   0.257163743422284E+02
   0.180320407928913E-01
   0.255481760294551E+02
   0.198379650856695E-01
   0.243620196499418E+02
   0.221627100025617E-01
   0.236528111846526E+02
   0.221304578586595E-01
   0.231543795931356E+02
   0.218815030324490E-01
   0.227846674883864E+02
   0.217114481796568E-01
   0.226438461540050E+02
   0.221018502294181E-01
   0.223714637102715E+02
   0.219220390689958E-01
   0.221317690124778E+02
   0.217727972973324E-01
   0.219250193586012E+02
   0.216028499300176E-01
   0.217475046458851E+02
   0.214437973081563E-01
   0.215868477665068E+02
   0.214269634783887E-01
   0.214143427131485E+02
   0.214738671253631E-01
   0.211920029421186E+02
   0.213084436240813E-01
   0.209230116444493E+02
   0.208807688406042E-01
   0.206612432804687E+02
   0.204282937222352E-01
   0.204671732151774E+02
   0.200830927258870E-01
   0.203960885676578E+02
   0.198055321720289E-01
   0.204832582338908E+02
   0.192224616848231E-01
   0.208139355299667E+02
   0.185606112234567E-01
   0.214735752629244E+02
   0.191478520159333E-01
   0.226001699614448E+02
   0.200892744752001E-01
   0.246182639744178E+02
   0.179802156608859E-01
   0.251487114970108E+02
   0.173309510003306E-01
   0.247644640048838E+02
   0.177046679563815E-01
   0.237741089932467E+02
   0.207228848231252E-01
   0.234925067138282E+02
   0.216506215159321E-01
   0.234469604693635E+02
   0.218402446166085E-01
   0.235051472674894E+02
   0.216707954523026E-01
   0.236699328821410E+02
   0.215321121291335E-01
   0.240287596112152E+02
   0.197657265202875E-01
   0.244865209611989E+02
   0.196035818681590E-01
   0.250066827265501E+02
   0.191484076507678E-01
   0.252277926959189E+02
   0.195281135308568E-01
   0.247326792721837E+02
   0.224105479108968E-01
   0.247320426035375E+02
   0.218243554508550E-01
   0.254739831528707E+02
   0.193378544088016E-01
   0.251488344392399E+02
   0.214472856291790E-01
   0.243481404184854E+02
   0.226781174336653E-01
   0.237533863850797E+02
   0.227510422173050E-01
   0.233000296044046E+02
   0.225339653609453E-01
   0.229461061452142E+02
   0.223006377487609E-01
   0.226781948912517E+02
   0.220374062635726E-01
   0.224095837589644E+02
   0.218616819834245E-01
   0.221701556057744E+02
   0.216954624589158E-01
   0.219603424400896E+02
   0.215106440432479E-01
   0.217755317486242E+02
   0.213613624651029E-01
   0.216036581295998E+02
   0.213271081866082E-01
   0.214189461287189E+02
   0.213239833310834E-01
   0.211900212805524E+02
   0.211351005677271E-01
   0.209260604702990E+02
   0.207633050433354E-01
   0.206803734061564E+02
   0.204050343125096E-01
   0.205084859206169E+02
   0.201365673264334E-01
   0.204613009492884E+02
   0.199060283791954E-01
   0.205625230080736E+02
   0.193486565957174E-01
   0.208730389945278E+02
   0.187110214780405E-01
   0.215284025095810E+02
   0.195121227577691E-01
   0.225875650850196E+02
   0.203590609889817E-01
   0.244284014645154E+02
   0.176011677205466E-01
   0.249837863151717E+02
   0.172116061136998E-01
   0.247476998562713E+02
   0.175579642186803E-01
   0.238307993332856E+02
   0.207184700891380E-01
   0.236100538672964E+02
   0.221100335127375E-01
   0.236044817786508E+02
   0.225396983725102E-01
   0.236906543778324E+02
   0.223329258052299E-01
   0.238357864689255E+02
   0.220132208985623E-01
   0.240901433110023E+02
   0.206323448633938E-01
   0.244483028355391E+02
   0.202393549311757E-01
   0.248637207965454E+02
   0.203014367246812E-01
   0.253403728899638E+02
   0.199431642357015E-01
   0.249911014148188E+02
   0.226259419219135E-01
   0.247877633895300E+02
   0.229070504203250E-01
   0.250728046658586E+02
   0.209903555904262E-01
   0.248345145336952E+02
   0.222643992101892E-01
   0.242465726994230E+02
   0.228368060767022E-01
   0.237378190291445E+02
   0.228706967322753E-01
   0.233176288195198E+02
   0.225229485275955E-01
   0.229752717068110E+02
   0.222374877143784E-01
   0.226046119806685E+02
   0.210114526553860E-01
   0.223350181769405E+02
   0.207388886638037E-01
   0.220890472574452E+02
   0.204589817125237E-01
   0.218683549812903E+02
   0.201963973494048E-01
   0.216706047907375E+02
   0.200332531022339E-01
   0.214847114414079E+02
   0.199984830289151E-01
   0.212882560854150E+02
   0.200135330630008E-01
   0.210569523544438E+02
   0.199080761734018E-01
   0.208044099800534E+02
   0.197181379089142E-01
   0.205806966658998E+02
   0.195800405085084E-01
   0.204336649800295E+02
   0.194769277162582E-01
   0.204087605575182E+02
   0.193792210544033E-01
   0.205332077959875E+02
   0.191089543683802E-01
   0.208346970214308E+02
   0.184959035237938E-01
   0.214853060090334E+02
   0.195796030497058E-01
   0.224547201244999E+02
   0.201038101948386E-01
   0.241458029288137E+02
   0.173861499895461E-01
   0.247136768214588E+02
   0.172009719821304E-01
   0.245859235253054E+02
   0.174281051062286E-01
   0.237891200873346E+02
   0.212476865604843E-01
   0.236153484877419E+02
   0.223900244997171E-01
   0.236427779395704E+02
   0.228791215150009E-01
   0.237689729789710E+02
   0.228175446468847E-01
   0.239031362904649E+02
   0.223108752755929E-01
   0.241021636273124E+02
   0.213606974886632E-01
   0.244031690613311E+02
   0.213583893675670E-01
   0.247363589078291E+02
   0.213141098023338E-01
   0.252489131057050E+02
   0.206201776776049E-01
   0.252101986256309E+02
   0.216406474319300E-01
   0.247379014773749E+02
   0.229996129310958E-01
   0.247632429565278E+02
   0.217151087201840E-01
   0.245372856518349E+02
   0.222703802346325E-01
   0.240670979652208E+02
   0.223535715367376E-01
   0.236215660255286E+02
   0.221179139159233E-01
   0.232317416141829E+02
   0.216548332557707E-01
   0.228993161943171E+02
   0.212942748913415E-01
   0.224481152042465E+02
   0.196424220435496E-01
   0.221755228634039E+02
   0.193127493625983E-01
   0.219237680466960E+02
   0.190076847156222E-01
   0.216953429586075E+02
   0.187677442768977E-01
   0.214870023989544E+02
   0.186111132075028E-01
   0.212871062920921E+02
   0.185211143591488E-01
   0.210776150419545E+02
   0.184579241248245E-01
   0.208439805266975E+02
   0.183550877583649E-01
   0.206045198289761E+02
   0.182837769303649E-01
   0.204015401419985E+02
   0.182945424526817E-01
   0.202755622168124E+02
   0.183686747015183E-01
   0.202688614805529E+02
   0.185313495130973E-01
   0.204104492003364E+02
   0.186744910657767E-01
   0.207045370686019E+02
   0.182157042357257E-01
   0.213423111721131E+02
   0.196691260420560E-01
   0.222064017447178E+02
   0.197515487395753E-01
   0.237567185564147E+02
   0.173746286985776E-01
   0.243244436031591E+02
   0.173076563367063E-01
   0.242861159300453E+02
   0.173417071654400E-01
   0.236266361002486E+02
   0.214666633903479E-01
   0.234884528699214E+02
   0.220882201524330E-01
   0.235387522930065E+02
   0.223804069378279E-01
   0.237243637465486E+02
   0.227164320372515E-01
   0.238624885229674E+02
   0.224347610725880E-01
   0.240348892587939E+02
   0.218356371259403E-01
   0.242973175520484E+02
   0.221363556957672E-01
   0.245641099747895E+02
   0.221006844358861E-01
   0.249079289152583E+02
   0.218788759156263E-01
   0.251202158711971E+02
   0.212733936256241E-01
   0.245702935190690E+02
   0.225501233818855E-01
   0.244618156441501E+02
   0.218685429638904E-01
   0.242250515535189E+02
   0.217884268931144E-01
   0.238212105245182E+02
   0.213196500276274E-01
   0.234273055137470E+02
   0.208956022989873E-01
   0.230653362870442E+02
   0.203985574622924E-01
   0.227421129246981E+02
   0.199931341189179E-01
   0.222549022644106E+02
   0.188953378883647E-01
   0.219822114621475E+02
   0.185460216958804E-01
   0.217281803244972E+02
   0.182367113264459E-01
   0.214952734040000E+02
   0.180120104919810E-01
   0.212786548470184E+02
   0.178519266965315E-01
   0.210660435776904E+02
   0.177316212108536E-01
   0.208431357374853E+02
   0.176207624759139E-01
   0.206031605119014E+02
   0.174842480755319E-01
   0.203673681131299E+02
   0.173913840772102E-01
   0.201726891140970E+02
   0.173859112824427E-01
   0.200547031516515E+02
   0.174941660133620E-01
   0.200534153172740E+02
   0.177833035552883E-01
   0.202028106456016E+02
   0.183062326739030E-01
   0.205096527743769E+02
   0.187355840863731E-01
   0.210915888441220E+02
   0.198355528625855E-01
   0.218438183467919E+02
   0.191078152196357E-01
   0.232428006509934E+02
   0.173618082279144E-01
   0.237982091863794E+02
   0.173933759307745E-01
   0.238477390621734E+02
   0.174948134272758E-01
   0.233397989117569E+02
   0.219097939731664E-01
   0.232323050307267E+02
   0.218491102911256E-01
   0.232967132086772E+02
   0.214145022668439E-01
   0.235612641449485E+02
   0.221262166591461E-01
   0.237080772558171E+02
   0.224457187137288E-01
   0.238677394174117E+02
   0.219935209685200E-01
   0.241008590057090E+02
   0.225160223408589E-01
   0.243185718228030E+02
   0.228198473908993E-01
   0.245594567043868E+02
   0.231482144642644E-01
   0.247839395800977E+02
   0.214722850567925E-01
   0.242878871098143E+02
   0.222526415984959E-01
   0.241315712598943E+02
   0.218340325162254E-01
   0.238880613768026E+02
   0.212803034598155E-01
   0.235340181178094E+02
   0.205843889453787E-01
   0.231887790069924E+02
   0.201392256496967E-01
   0.228566389946974E+02
   0.196797574121590E-01
   0.225454994574945E+02
   0.192677468764200E-01
   0.220517367082504E+02
   0.193801079926106E-01
   0.217854509100618E+02
   0.189699654059755E-01
   0.215350906878600E+02
   0.186094649159529E-01
   0.213015457741641E+02
   0.183291435752467E-01
   0.210796508724416E+02
   0.181233528571968E-01
   0.208569903562650E+02
   0.179700745919211E-01
   0.206221241265684E+02
   0.178543773896606E-01
   0.203733488281098E+02
   0.177375624034621E-01
   0.201328350666000E+02
   0.176696065626602E-01
   0.199339956809394E+02
   0.176897104369414E-01
   0.198080857553599E+02
   0.178098316742882E-01
   0.197921748829014E+02
   0.180971922950846E-01
   0.199239045658316E+02
   0.186774354919678E-01
   0.202161951803596E+02
   0.194189206585019E-01
   0.207304050149980E+02
   0.201592098848047E-01
   0.213786025945882E+02
   0.187905522906350E-01
   0.225891780584224E+02
   0.173017098305370E-01
   0.231189400964276E+02
   0.172677667441589E-01
   0.232606617264243E+02
   0.180363118277534E-01
   0.229059183734430E+02
   0.221282841394489E-01
   0.228450738316672E+02
   0.217448790462388E-01
   0.229418020490385E+02
   0.208880616527624E-01
   0.232967696002159E+02
   0.210834109824280E-01
   0.234508042694860E+02
   0.228053475134814E-01
   0.236153899439890E+02
   0.227527087764287E-01
   0.238139255775334E+02
   0.231787121235531E-01
   0.239776862245791E+02
   0.233843657510841E-01
   0.241210700796454E+02
   0.234961464973711E-01
   0.241970994266345E+02
   0.226567354249225E-01
   0.239128757902233E+02
   0.229614592854315E-01
   0.237570430882442E+02
   0.226205217092990E-01
   0.235261476170092E+02
   0.219231274307638E-01
   0.232234932276702E+02
   0.212316042973650E-01
   0.229277343301113E+02
   0.207860611753105E-01
   0.226278670130584E+02
   0.203058435090922E-01
   0.223333189958266E+02
   0.198226120931471E-01
   0.218357078358912E+02
   0.211193618401752E-01
   0.215855364706298E+02
   0.206589296160099E-01
   0.213470838730997E+02
   0.202100408425291E-01
   0.211195880684481E+02
   0.198127493837685E-01
   0.208981282461313E+02
   0.195040196023921E-01
   0.206699391327536E+02
   0.192725273179358E-01
   0.204250359760241E+02
   0.191111008598910E-01
   0.201650262341785E+02
   0.189580488127592E-01
   0.199121138858737E+02
   0.188293285314126E-01
   0.196970585307112E+02
   0.187587969864313E-01
   0.195469653035340E+02
   0.187124405556464E-01
   0.194943375449833E+02
   0.187206664143271E-01
   0.195750367876783E+02
   0.188990446629473E-01
   0.198026197491427E+02
   0.192614660501141E-01
   0.202550205877331E+02
   0.203784822530947E-01
   0.208314820498032E+02
   0.197408839472523E-01
   0.217809380824262E+02
   0.170690077921596E-01
   0.222773949067198E+02
   0.175600055575781E-01
   0.224987237250356E+02
   0.190548574854660E-01
   0.223156417509659E+02
   0.221243983769212E-01
   0.223193000975180E+02
   0.213775546708148E-01
   0.224674914119634E+02
   0.202553303718989E-01
   0.229718425095389E+02
   0.197318203304027E-01
   0.230619185320329E+02
   0.227554475374907E-01
   0.232368870351434E+02
   0.232953191075946E-01
   0.234002057527697E+02
   0.234778052449520E-01
   0.235138558584365E+02
   0.234922222446680E-01
   0.235769354685033E+02
   0.232347823884117E-01
   0.235858171714885E+02
   0.230410366986171E-01
   0.234221889385775E+02
   0.235808520462287E-01
   0.232982738886942E+02
   0.236716725357011E-01
   0.231050627647572E+02
   0.232620670969109E-01
   0.228646539099720E+02
   0.228551230094205E-01
   0.226233750776690E+02
   0.225139703714507E-01
   0.223636682555630E+02
   0.220795384313514E-01
   0.220975087719276E+02
   0.216001920908765E-01
   0.215142084577888E+02
   0.229389338177150E-01
   0.212919383729019E+02
   0.226328818560540E-01
   0.210773475134470E+02
   0.222288069436908E-01
   0.208671701075090E+02
   0.217504166983852E-01
   0.206556157293164E+02
   0.212968176165987E-01
   0.204285962936651E+02
   0.208751471210965E-01
   0.201761904450804E+02
   0.204865389668811E-01
   0.199039210241878E+02
   0.201146152963057E-01
   0.196351002192335E+02
   0.197799570779224E-01
   0.193992666924733E+02
   0.195160086194854E-01
   0.192213901385704E+02
   0.192737170022626E-01
   0.191282469724085E+02
   0.190367377105968E-01
   0.191441155238184E+02
   0.187989260107206E-01
   0.192813839857829E+02
   0.185689247731031E-01
   0.196424774392457E+02
   0.192218181374672E-01
   0.201765782105184E+02
   0.204540402520530E-01
   0.208054521149368E+02
   0.177410890636509E-01
   0.212474972137161E+02
   0.182309896021648E-01
   0.215117082685097E+02
   0.197082281211696E-01
   0.215666327692618E+02
   0.216319003454410E-01
   0.216585806572945E+02
   0.208491124677147E-01
   0.218844620254680E+02
   0.190173649212627E-01
   0.224221774247788E+02
   0.197655462515620E-01
   0.225341230321155E+02
   0.224562066645834E-01
   0.227146806265509E+02
   0.234043388475171E-01
   0.228464492291306E+02
   0.232417433734251E-01
   0.229230364141245E+02
   0.231584474957350E-01
   0.229284659561403E+02
   0.228116538100457E-01
   0.228929015604323E+02
   0.227077276237295E-01
   0.227884901408869E+02
   0.232733849510137E-01
   0.226980719791215E+02
   0.236986083638518E-01
   0.225522698457231E+02
   0.237230723341252E-01
   0.223729054781579E+02
   0.237383843915531E-01
   0.221875662536641E+02
   0.237310735284452E-01
   0.219734877888477E+02
   0.235125028281559E-01
   0.217451849678284E+02
   0.232408862858346E-01
   0.209872947240291E+02
   0.229646081597508E-01
   0.207970868207904E+02
   0.229097899776247E-01
   0.206158985665961E+02
   0.227879527896030E-01
   0.204374252701227E+02
   0.225072336177580E-01
   0.202517723064567E+02
   0.221257077683257E-01
   0.200410031514984E+02
   0.216309231679637E-01
   0.197923454778596E+02
   0.210187066112675E-01
   0.195146210006936E+02
   0.204120609775905E-01
   0.192332030506254E+02
   0.199001649189092E-01
   0.189777494466489E+02
   0.195068609724335E-01
   0.187738357367116E+02
   0.191917063429419E-01
   0.186452289717559E+02
   0.189319916188971E-01
   0.186094848752019E+02
   0.186426670007033E-01
   0.186810152942880E+02
   0.182110369743763E-01
   0.189357922863632E+02
   0.178542479994315E-01
   0.193856621380057E+02
   0.186168444427736E-01
   0.198975578541188E+02
   0.185434046666728E-01
   0.202649129143966E+02
   0.186897936639389E-01
   0.204941902574193E+02
   0.188627566023088E-01
   0.206614348088604E+02
   0.203510983247580E-01
   0.208576594940496E+02
   0.203553751547034E-01
   0.212215494794762E+02
   0.172561869305128E-01
   0.216362247825653E+02
   0.204835125400283E-01
   0.218644424783453E+02
   0.223028350753942E-01
   0.220429242750552E+02
   0.227059620513158E-01
   0.221545091826042E+02
   0.225709585882677E-01
   0.222019978466111E+02
   0.224519740568531E-01
   0.221708113115542E+02
   0.220687243642183E-01
   0.220983974636895E+02
   0.217964209582456E-01
   0.220074394833921E+02
   0.220599569931296E-01
   0.219342150323912E+02
   0.224929484130361E-01
   0.218254875372761E+02
   0.227218992381454E-01
   0.216945145910215E+02
   0.229773202226246E-01
   0.215527936473905E+02
   0.232056716869337E-01
   0.213781055362326E+02
   0.231657763257429E-01
   0.211860249585065E+02
   0.230717093250455E-01
   0.202396309369449E+02
   0.215651832057199E-01
   0.200726968671825E+02
   0.215745646872463E-01
   0.199186792769173E+02
   0.216481949034878E-01
   0.197730993579152E+02
   0.217016662952824E-01
   0.196217524507211E+02
   0.216388036793705E-01
   0.194421370851970E+02
   0.213775570650808E-01
   0.192165320306920E+02
   0.208557618953614E-01
   0.189503327164224E+02
   0.202086512534633E-01
   0.186679583189890E+02
   0.195936592799118E-01
   0.183998909622162E+02
   0.190883323234318E-01
   0.181750304213379E+02
   0.187060369838609E-01
   0.180172387078950E+02
   0.184253061357183E-01
   0.179445872621892E+02
   0.181814389196813E-01
   0.179773669288273E+02
   0.179136024088221E-01
   0.181756127264167E+02
   0.177745965416578E-01
   0.185564769643799E+02
   0.183558589209088E-01
   0.189597788461985E+02
   0.183477029745200E-01
   0.192353697753950E+02
   0.182324996011763E-01
   0.194089969255707E+02
   0.182232326310839E-01
   0.196128639571182E+02
   0.189892476452105E-01
   0.198959765692158E+02
   0.194131088467619E-01
   0.203399930427034E+02
   0.166250707149388E-01
   0.207644578842451E+02
   0.199596135924000E-01
   0.210489771488795E+02
   0.210884334632149E-01
   0.212233023903726E+02
   0.213978783634234E-01
   0.213225098693337E+02
   0.215265758645962E-01
   0.213493057312697E+02
   0.214721436337772E-01
   0.212960544970120E+02
   0.211200984853208E-01
   0.212012687748980E+02
   0.207662158312307E-01
   0.211095886647168E+02
   0.208164237808661E-01
   0.210375527785521E+02
   0.210817460699796E-01
   0.209449965366152E+02
   0.212554771243131E-01
   0.208409628787427E+02
   0.214793019849538E-01
   0.207258928220828E+02
   0.216911873241852E-01
   0.205788028084815E+02
   0.217009750542432E-01
   0.204139049389759E+02
   0.216433881567615E-01
   0.192981672734001E+02
   0.199350728109453E-01
   0.191458536510015E+02
   0.198833634110813E-01
   0.190073334442147E+02
   0.199382353861515E-01
   0.188828271592033E+02
   0.201021798840785E-01
   0.187581728795163E+02
   0.202615233029090E-01
   0.186099185893294E+02
   0.203040795262067E-01
   0.184176124914264E+02
   0.201085433800482E-01
   0.181794366645579E+02
   0.196709022960347E-01
   0.179126126548084E+02
   0.190990723539674E-01
   0.176443160603243E+02
   0.185046430794139E-01
   0.174070972188001E+02
   0.180160243871373E-01
   0.172273907915554E+02
   0.176490732094066E-01
   0.171275396580967E+02
   0.173505997359682E-01
   0.171347554834362E+02
   0.170792856101050E-01
   0.172968895090989E+02
   0.170140437288388E-01
   0.176129150217951E+02
   0.174656829879041E-01
   0.179234961292174E+02
   0.175144267306802E-01
   0.181124827372443E+02
   0.172780114473838E-01
   0.182167544021799E+02
   0.170083241545360E-01
   0.184231912078104E+02
   0.174813424282860E-01
   0.187764856822144E+02
   0.180280362423688E-01
   0.192488377045618E+02
   0.172705389023574E-01
   0.197926176825821E+02
   0.190328075617655E-01
   0.201007240818833E+02
   0.196622567069729E-01
   0.202651156735283E+02
   0.199431851521368E-01
   0.203474804956306E+02
   0.201753375424521E-01
   0.203583082646049E+02
   0.202206562251256E-01
   0.202943939150200E+02
   0.199966498861008E-01
   0.201901046761612E+02
   0.196858723209306E-01
   0.200922006604238E+02
   0.196186829300931E-01
   0.200129318206531E+02
   0.197454756344335E-01
   0.199237835599896E+02
   0.198390178398110E-01
   0.198299895374106E+02
   0.199735691411034E-01
   0.197262031935130E+02
   0.200719547241782E-01
   0.195982539372729E+02
   0.200756825750911E-01
   0.194539338394305E+02
   0.200271372785933E-01
   0.181734020315733E+02
   0.183216099655419E-01
   0.180310327114184E+02
   0.182198752181895E-01
   0.179003008947525E+02
   0.181920513998862E-01
   0.177857792430476E+02
   0.182863877464952E-01
   0.176756001369720E+02
   0.184343006693750E-01
   0.175485603420823E+02
   0.185604527251497E-01
   0.173860499446749E+02
   0.186025441188399E-01
   0.171814748914995E+02
   0.184662445220693E-01
   0.169428613675328E+02
   0.181291655810742E-01
   0.166899809691417E+02
   0.176365700376928E-01
   0.164536428453945E+02
   0.171240047874998E-01
   0.162620855483061E+02
   0.166806779855294E-01
   0.161442158001377E+02
   0.163311152725289E-01
   0.161349822444208E+02
   0.160921957858724E-01
   0.162708595594807E+02
   0.160437517865503E-01
   0.165307480045355E+02
   0.162637520116008E-01
   0.167675034329328E+02
   0.162721860591913E-01
   0.168784545324968E+02
   0.160742098012893E-01
   0.168949873346802E+02
   0.155208583547207E-01
   0.170779561754277E+02
   0.157792604123929E-01
   0.175007780487350E+02
   0.162979712919465E-01
   0.181053601435384E+02
   0.169807530940103E-01
   0.187122132416504E+02
   0.179943341612221E-01
   0.190282738715890E+02
   0.182057795460096E-01
   0.191727363577021E+02
   0.184107341618067E-01
   0.192309862730037E+02
   0.186027396119221E-01
   0.192253684706345E+02
   0.187062535797441E-01
   0.191550921658201E+02
   0.186292364140231E-01
   0.190464753795899E+02
   0.184258408468734E-01
   0.189403524500056E+02
   0.183192785984956E-01
   0.188483106274053E+02
   0.183345246576037E-01
   0.187530458134874E+02
   0.183456024242597E-01
   0.186584347864326E+02
   0.184034076222657E-01
   0.185579300572762E+02
   0.184355198367223E-01
   0.184427778717830E+02
   0.184381381607890E-01
   0.183143748486402E+02
   0.184062042602449E-01
   0.168680158924610E+02
   0.167189919787544E-01
   0.167337489038720E+02
   0.166132557431526E-01
   0.166067341918347E+02
   0.165311330860255E-01
   0.164942497494711E+02
   0.165250826845575E-01
   0.163883356834649E+02
   0.165775221867521E-01
   0.162717786998698E+02
   0.166433307893043E-01
   0.161294045734861E+02
   0.167040860101296E-01
   0.159537753797015E+02
   0.166975934068758E-01
   0.157460559615097E+02
   0.165586827766524E-01
   0.155187627602803E+02
   0.162666425388504E-01
   0.152969446574473E+02
   0.158845837494948E-01
   0.151055692941102E+02
   0.154456521229916E-01
   0.149787885072857E+02
   0.150577143493059E-01
   0.149611735028813E+02
   0.148470532885731E-01
   0.150830578688248E+02
   0.148626859889650E-01
   0.153044587955658E+02
   0.149997893753019E-01
   0.154865458460275E+02
   0.149936058317523E-01
   0.155204613246764E+02
   0.147656957223182E-01
   0.154251099829256E+02
   0.139245718959859E-01
   0.155620033481570E+02
   0.139128579121279E-01
   0.160559458933838E+02
   0.146179259428981E-01
   0.168268327603190E+02
   0.158139449862245E-01
   0.175193952331785E+02
   0.170724659672795E-01
   0.178406263689485E+02
   0.170348106667401E-01
   0.179544277077898E+02
   0.170192111308372E-01
   0.179799387190514E+02
   0.170563975000767E-01
   0.179519691584430E+02
   0.171120041280895E-01
   0.178720567523018E+02
   0.170905066892978E-01
   0.177587365873333E+02
   0.169929085514233E-01
   0.176435540256792E+02
   0.169178462238723E-01
   0.175358877813191E+02
   0.168631772946697E-01
   0.174281924796827E+02
   0.168060337149001E-01
   0.173250400756982E+02
   0.167939390485171E-01
   0.172219575239651E+02
   0.167823666804042E-01
   0.171135671003897E+02
   0.167849513645338E-01
   0.169968951909437E+02
   0.167816224884236E-01
   0.153777601118372E+02
   0.150423263989372E-01
   0.152506638523238E+02
   0.149515452954465E-01
   0.151263270071183E+02
   0.148507777925875E-01
   0.150130277341127E+02
   0.147841360325156E-01
   0.149061909493492E+02
   0.147692149518877E-01
   0.147931421609212E+02
   0.147729146612373E-01
   0.146618077961936E+02
   0.147688189031309E-01
   0.145067874000350E+02
   0.147707814814156E-01
   0.143256403785296E+02
   0.147036548328960E-01
   0.141257165818249E+02
   0.145425333966413E-01
   0.139256528982019E+02
   0.143019164729556E-01
   0.137444914015038E+02
   0.139419918045998E-01
   0.136165792452856E+02
   0.135494573905661E-01
   0.135968911497130E+02
   0.133938788509317E-01
   0.137172123278032E+02
   0.135636618351184E-01
   0.139233710482095E+02
   0.138256931439602E-01
   0.140735734724578E+02
   0.139175488267417E-01
   0.140312885870351E+02
   0.136049123272755E-01
   0.137856142137694E+02
   0.122103994656818E-01
   0.138538472358757E+02
   0.117149896348886E-01
   0.144147290054385E+02
   0.127984820611724E-01
   0.154137205436920E+02
   0.154402616195922E-01
   0.162085338654032E+02
   0.169949421735265E-01
   0.165317847004156E+02
   0.165780483058449E-01
   0.166056900173343E+02
   0.160872139275355E-01
   0.165930437343885E+02
   0.158202250128292E-01
   0.165368052192936E+02
   0.156965014308163E-01
   0.164405561745294E+02
   0.155884174443021E-01
   0.163170100613719E+02
   0.154715212646722E-01
   0.161899243617007E+02
   0.154058226829397E-01
   0.160653336269346E+02
   0.153158218712280E-01
   0.159417396432655E+02
   0.152103580006210E-01
   0.158250358612416E+02
   0.151417718323614E-01
   0.157146830710547E+02
   0.151007091512942E-01
   0.156072015276487E+02
   0.150883103047631E-01
   0.154973516404062E+02
   0.150868651173953E-01
   0.136918752926168E+02
   0.136585494987156E-01
   0.135706851466101E+02
   0.135558927834438E-01
   0.134494791383257E+02
   0.134375127731983E-01
   0.133368226624762E+02
   0.133461915877559E-01
   0.132281684178778E+02
   0.132822601632362E-01
   0.131157314344510E+02
   0.132357133529730E-01
   0.129907262592317E+02
   0.131760856052956E-01
   0.128493445047730E+02
   0.131287843696594E-01
   0.126889206750738E+02
   0.130660106565179E-01
   0.125134393621068E+02
   0.129798180544706E-01
   0.123369999178354E+02
   0.129176984351020E-01
   0.121733403678813E+02
   0.128124695909940E-01
   0.120515775286473E+02
   0.126213354487809E-01
   0.120287830497788E+02
   0.125338300094013E-01
   0.121492218028182E+02
   0.127378653556970E-01
   0.123613981568707E+02
   0.131351935830773E-01
   0.125073273567135E+02
   0.133420994083239E-01
   0.124040233831297E+02
   0.129636226891574E-01
   0.119520443004547E+02
   0.960071955866552E-02
   0.119410659978333E+02
   0.898360857399201E-02
   0.125370207067258E+02
   0.103033486185051E-01
   0.137385734681190E+02
   0.146726236871685E-01
   0.146636603019185E+02
   0.169727358242427E-01
   0.150305984713445E+02
   0.168452030093377E-01
   0.150882299201969E+02
   0.161236931994651E-01
   0.150439703834558E+02
   0.156050003847975E-01
   0.149592582633619E+02
   0.152508708552743E-01
   0.148407984618170E+02
   0.149536986871276E-01
   0.147009277563749E+02
   0.146734944642866E-01
   0.145583893213712E+02
   0.144505941018360E-01
   0.144169733089306E+02
   0.142449731759315E-01
   0.142775426190291E+02
   0.140536326069731E-01
   0.141453248399580E+02
   0.139069965815306E-01
   0.140244469228345E+02
   0.138111661377574E-01
   0.139131454295271E+02
   0.137587598125744E-01
   0.138054151455678E+02
   0.137229079773587E-01
   0.117821642844758E+02
   0.126764830023354E-01
   0.116650387287045E+02
   0.125936145442629E-01
   0.115468911540185E+02
   0.124973271755397E-01
   0.114361638136440E+02
   0.123974877458467E-01
   0.113273137714785E+02
   0.123078333935853E-01
   0.112166623404014E+02
   0.122360005110484E-01
   0.110987541269121E+02
   0.121703509668163E-01
   0.109702456183581E+02
   0.121132510129607E-01
   0.108289460037868E+02
   0.120781321603100E-01
   0.106742847303139E+02
   0.120247543011282E-01
   0.105160966467796E+02
   0.119648069439115E-01
   0.103673776686570E+02
   0.118808487150617E-01
   0.102540971259148E+02
   0.117282066851237E-01
   0.102296671045850E+02
   0.116277845882395E-01
   0.103473227328268E+02
   0.117748390965663E-01
   0.105744784609687E+02
   0.122508411743539E-01
   0.107467848650595E+02
   0.127144080533839E-01
   0.106323369686619E+02
   0.124469598016536E-01
   0.100193087943546E+02
   0.865800379258815E-02
   0.992276015768799E+01
   0.776606401497723E-02
   0.104800805919883E+02
   0.864204564443473E-02
   0.117605457443602E+02
   0.136206463786995E-01
   0.127249807754625E+02
   0.158650796623020E-01
   0.131594566772083E+02
   0.162497865482842E-01
   0.132664086986164E+02
   0.158307642670085E-01
   0.132417049369267E+02
   0.154204890659609E-01
   0.131561929001274E+02
   0.149941146553511E-01
   0.130284598571076E+02
   0.145406717943243E-01
   0.128755540630628E+02
   0.141113404142664E-01
   0.127192453959215E+02
   0.137649413453017E-01
   0.125623202225187E+02
   0.134711388040233E-01
   0.124091101589370E+02
   0.132405566372757E-01
   0.122594916531295E+02
   0.130288101650920E-01
   0.121239903636138E+02
   0.128737430359620E-01
   0.120031777007219E+02
   0.127763204626347E-01
   0.118927785330985E+02
   0.127254008327642E-01
   0.962060660578109E+01
   0.116964044213123E-01
   0.950053109533515E+01
   0.115827708572699E-01
   0.938137407439849E+01
   0.114659569472767E-01
   0.927656780789696E+01
   0.113982844482148E-01
   0.916974703880151E+01
   0.113153866765465E-01
   0.906169117816931E+01
   0.112425436555904E-01
   0.895145172481644E+01
   0.111839242737723E-01
   0.883697194131168E+01
   0.111382973802698E-01
   0.871516555533828E+01
   0.111030751550732E-01
   0.858450762962856E+01
   0.110657472144742E-01
   0.845279286700789E+01
   0.110271791930341E-01
   0.833063698906330E+01
   0.109707472021260E-01
   0.823964535995004E+01
   0.108799561627441E-01
   0.822271499463841E+01
   0.108249691123436E-01
   0.833014821570739E+01
   0.109244265397193E-01
   0.855827469397076E+01
   0.113372646634859E-01
   0.875938707661497E+01
   0.119643493998939E-01
   0.870746418149456E+01
   0.122331910300255E-01
   0.804033689689623E+01
   0.840440902182922E-02
   0.787860914586934E+01
   0.758334603046159E-02
   0.831222919434179E+01
   0.815903608688245E-02
   0.941998132232749E+01
   0.115586955777869E-01
   0.102784666508627E+02
   0.132151508103465E-01
   0.107478992093898E+02
   0.139652435020578E-01
   0.109433016187167E+02
   0.140762451422835E-01
   0.109991959895083E+02
   0.140981473815409E-01
   0.109774073561875E+02
   0.140084107529091E-01
   0.108977382674122E+02
   0.137621075354165E-01
   0.107747953811864E+02
   0.134546994796927E-01
   0.106278983440635E+02
   0.131209796117134E-01
   0.104668444121763E+02
   0.127900624237033E-01
   0.103016667405036E+02
   0.125080002345193E-01
   0.101399345470009E+02
   0.122583213062113E-01
   0.999138322160578E+01
   0.120560744162549E-01
   0.985693907458117E+01
   0.119007208758388E-01
   0.973668981012817E+01
   0.117911632450674E-01
   0.719234875485265E+01
   0.106990274534974E-01
   0.707327854095752E+01
   0.105808754319684E-01
   0.695626886145728E+01
   0.104655834378412E-01
   0.684586972220887E+01
   0.103588339854072E-01
   0.673656828969947E+01
   0.102510455518221E-01
   0.663055637446303E+01
   0.101715091108062E-01
   0.652885120522206E+01
   0.101198099816858E-01
   0.643008936597841E+01
   0.100966682399081E-01
   0.633025559588249E+01
   0.100797853286303E-01
   0.622653528260602E+01
   0.100666668756805E-01
   0.612852268588867E+01
   0.100605583747903E-01
   0.604325658373616E+01
   0.100482735379843E-01
   0.598703210915146E+01
   0.100269131845818E-01
   0.598788220113744E+01
   0.100235541627700E-01
   0.607997810356490E+01
   0.100990746233180E-01
   0.627497057989352E+01
   0.103760495813819E-01
   0.647603604149022E+01
   0.109105287367909E-01
   0.651858241980483E+01
   0.116207268629420E-01
   0.607077506700907E+01
   0.958601627460209E-02
   0.587731120695691E+01
   0.905160176189774E-02
   0.607822622297742E+01
   0.870281138088213E-02
   0.672033379944560E+01
   0.946557073968686E-02
   0.732233116181696E+01
   0.100192667975029E-01
   0.775424733418885E+01
   0.106300266872647E-01
   0.801536947945181E+01
   0.110669054912234E-01
   0.815955478786443E+01
   0.114174253612056E-01
   0.823913042195067E+01
   0.117403922009293E-01
   0.825423208056399E+01
   0.119152972775195E-01
   0.820672711887018E+01
   0.119291318550935E-01
   0.811617347966222E+01
   0.118379603941651E-01
   0.799120637232462E+01
   0.116514387017040E-01
   0.784682141571360E+01
   0.114431794344220E-01
   0.769808579786429E+01
   0.112343108670494E-01
   0.755819046964076E+01
   0.110613573369097E-01
   0.742502256334693E+01
   0.109050769473580E-01
   0.730641917367780E+01
   0.107953406308148E-01
   0.433388364832877E+01
   0.930085703323973E-02
   0.422719646599742E+01
   0.921695939618773E-02
   0.412630139936868E+01
   0.914614644953964E-02
   0.402828175928706E+01
   0.907534619818830E-02
   0.393068883288882E+01
   0.899801613660636E-02
   0.383719028825428E+01
   0.893496185443188E-02
   0.375111676548938E+01
   0.889704277659910E-02
   0.367134924781629E+01
   0.888389214840512E-02
   0.359433022126810E+01
   0.887856697333440E-02
   0.351457364417014E+01
   0.885132648689561E-02
   0.345328974914514E+01
   0.885881386614756E-02
   0.341041408851548E+01
   0.887418880766361E-02
   0.339375148085029E+01
   0.889521207009170E-02
   0.341768119201750E+01
   0.893024400024814E-02
   0.349561390205235E+01
   0.899164602406117E-02
   0.363076577496767E+01
   0.915147468586561E-02
   0.377732256436720E+01
   0.946515694385212E-02
   0.381222613109547E+01
   0.984145351850843E-02
   0.357193454969751E+01
   0.911337111644955E-02
   0.339068254773864E+01
   0.853053969839119E-02
   0.341638998294470E+01
   0.801541600330832E-02
   0.369071585911827E+01
   0.791139999389636E-02
   0.403209699989585E+01
   0.796738843270481E-02
   0.434287241950931E+01
   0.821842344432748E-02
   0.457686673605814E+01
   0.847961857688839E-02
   0.474924232873585E+01
   0.875014612869135E-02
   0.488590351351917E+01
   0.908391340643070E-02
   0.497745438764296E+01
   0.938670003393829E-02
   0.501431672249843E+01
   0.959622517958338E-02
   0.499703975313321E+01
   0.968465404167110E-02
   0.493333217941684E+01
   0.966515392366974E-02
   0.483767190502479E+01
   0.958267101476766E-02
   0.472928177515595E+01
   0.948568830050219E-02
   0.462789454599250E+01
   0.943143307808447E-02
   0.452837630191934E+01
   0.938756063653174E-02
   0.443084176279982E+01
   0.934358893270474E-02
   0.785961182522321E+00
   0.728275348600964E-02
   0.719191829796334E+00
   0.727894272488852E-02
   0.649349658825485E+00
   0.726036204133023E-02
   0.576796844211879E+00
   0.723048446833611E-02
   0.502242600410368E+00
   0.718582561582929E-02
   0.431539549244772E+00
   0.713930389219038E-02
   0.369152832177497E+00
   0.710486220536772E-02
   0.313289042345211E+00
   0.708101917092069E-02
   0.262187212826759E+00
   0.705983444524069E-02
   0.222399223183114E+00
   0.704731852437593E-02
   0.203631360757446E+00
   0.706084200089356E-02
   0.202356852675702E+00
   0.708026718296245E-02
   0.219919257790561E+00
   0.710469073594048E-02
   0.260100036178423E+00
   0.713546974771191E-02
   0.323734435115860E+00
   0.717981561942380E-02
   0.403769435531138E+00
   0.726807371755673E-02
   0.484709088542301E+00
   0.747010675352355E-02
   0.502005920568602E+00
   0.768290118650074E-02
   0.377104343162551E+00
   0.741639946275162E-02
   0.230664727512004E+00
   0.703935808341344E-02
   0.159186664702300E+00
   0.667347003772545E-02
   0.221267845297454E+00
   0.646632357002128E-02
   0.354329665838569E+00
   0.635857085108209E-02
   0.510889215751071E+00
   0.634362653246835E-02
   0.658266972849872E+00
   0.637451734564997E-02
   0.792060685997581E+00
   0.644778800700848E-02
   0.916988961077007E+00
   0.659707690278736E-02
   0.102560668529291E+01
   0.680425795755648E-02
   0.110319687478072E+01
   0.701276687798659E-02
   0.113892510508080E+01
   0.716013561870540E-02
   0.113406244259325E+01
   0.723740006189013E-02
   0.109772982990421E+01
   0.726498110334887E-02
   0.104180054999474E+01
   0.726069835358966E-02
   0.982311343991933E+00
   0.726764664961727E-02
   0.920553086840616E+00
   0.727921658603393E-02
   0.851803334361587E+00
   0.727647139771419E-02
  -0.376260802935166E+01
   0.489560394564246E-02
  -0.379145479722478E+01
   0.490962458451009E-02
  -0.382527511642591E+01
   0.490296454923812E-02
  -0.386286859850088E+01
   0.487790173976795E-02
  -0.390186108857995E+01
   0.483826601759258E-02
  -0.393331934201110E+01
   0.479647775413461E-02
  -0.395360145556186E+01
   0.476279952103024E-02
  -0.396130260401484E+01
   0.474434325652236E-02
  -0.395740698504640E+01
   0.473804864628309E-02
  -0.394170491770994E+01
   0.474172165064257E-02
  -0.391504711520761E+01
   0.474740355274012E-02
  -0.388121976779736E+01
   0.475434642290018E-02
  -0.384173512936874E+01
   0.476877054049628E-02
  -0.379678557609675E+01
   0.479820565077557E-02
  -0.375172661197537E+01
   0.484465304637705E-02
  -0.371475578470904E+01
   0.491976887116868E-02
  -0.369884235169842E+01
   0.503075498740913E-02
  -0.372573372601790E+01
   0.513732025360990E-02
  -0.380614722110534E+01
   0.514176799104278E-02
  -0.391205224281582E+01
   0.504031172983220E-02
  -0.400510933030689E+01
   0.487419382345355E-02
  -0.405922484373354E+01
   0.469412624600936E-02
  -0.407239737921815E+01
   0.453530115017485E-02
  -0.404894360393860E+01
   0.442366549703462E-02
  -0.399784488276789E+01
   0.437234524356464E-02
  -0.392632301072898E+01
   0.438795823896568E-02
  -0.384266622945147E+01
   0.446157836446308E-02
  -0.376127422030986E+01
   0.456842649935968E-02
  -0.369536191950479E+01
   0.468140921174881E-02
  -0.365413328634207E+01
   0.477095837735682E-02
  -0.363984498655171E+01
   0.481963949688527E-02
  -0.364735965783739E+01
   0.483468462105512E-02
  -0.366754046444219E+01
   0.483490157904290E-02
  -0.369146561386206E+01
   0.483987992662984E-02
  -0.371489454229692E+01
   0.485265526122895E-02
  -0.373778708726669E+01
   0.487180507037722E-02
  -0.998836294036876E+01
   0.274346443009462E-02
  -0.993149694442090E+01
   0.276864202740178E-02
  -0.988222525017812E+01
   0.278014858418744E-02
  -0.983546525563177E+01
   0.278248013285964E-02
  -0.977503739473257E+01
   0.279477465303096E-02
  -0.969461347122706E+01
   0.282310757349088E-02
  -0.958855330602091E+01
   0.287309884260638E-02
  -0.945203047536571E+01
   0.295000412452525E-02
  -0.930761376514371E+01
   0.303292148432496E-02
  -0.916056660481365E+01
   0.311875637932722E-02
  -0.902017289477108E+01
   0.320139492878668E-02
  -0.889794070173096E+01
   0.327629263905434E-02
  -0.878444386456270E+01
   0.336138957641990E-02
  -0.872382913179500E+01
   0.340475561563560E-02
  -0.871605813790995E+01
   0.341222485921769E-02
  -0.876537884617339E+01
   0.338320910797356E-02
  -0.888037932347276E+01
   0.331001421146659E-02
  -0.907351509091628E+01
   0.317662632963147E-02
  -0.928389409663273E+01
   0.305208613534906E-02
  -0.950587066184193E+01
   0.293144987174756E-02
  -0.972729164127157E+01
   0.281526141843205E-02
  -0.994397016017013E+01
   0.269542071283291E-02
  -0.101460939438068E+02
   0.257645442479023E-02
  -0.102837940534547E+02
   0.250021802266331E-02
  -0.103644667221687E+02
   0.246003712813206E-02
  -0.103989829875452E+02
   0.244810151364534E-02
  -0.104010859013990E+02
   0.245515564917803E-02
  -0.103857182552384E+02
   0.247122361864651E-02
  -0.103630680809101E+02
   0.248966433017435E-02
  -0.103403671091134E+02
   0.250563240703676E-02
  -0.103188351935829E+02
   0.251882353405169E-02
  -0.102949314594965E+02
   0.253278673179014E-02
  -0.102647225563863E+02
   0.255140166451174E-02
  -0.102211927058304E+02
   0.258086013083001E-02
  -0.101561181983592E+02
   0.262765790589412E-02
  -0.100604854781437E+02
   0.269855101287200E-02
