   0.197820052506269E+01
   0.416277986837527E-02
   0.879644225500364E+00
   0.397536521457190E-02
   0.162590532405350E+00
   0.383304843662407E-02
  -0.249474395012286E+00
   0.372992299233277E-02
  -0.335789312830380E+00
   0.366600366203278E-02
   0.344309137565191E-01
   0.364596063943778E-02
  -0.451968427023065E+00
   0.368941628434422E-02
  -0.419097581324921E+00
   0.378334968244397E-02
   0.108625051749472E+00
   0.392874815952041E-02
   0.113157623629997E+01
   0.412709252921266E-02
   0.265812881011289E+01
   0.437853466499094E-02
   0.491508565671661E+01
   0.467538695339125E-02
   0.816248141270437E+01
   0.500633934202831E-02
   0.110133866343012E+02
   0.535273392356728E-02
   0.135827291999195E+02
   0.569559575367688E-02
   0.158948790919970E+02
   0.601957994171344E-02
   0.178579267420820E+02
   0.631382748117336E-02
   0.194501028053788E+02
   0.657142965637186E-02
   0.206879708797203E+02
   0.678849274953788E-02
   0.216065651561707E+02
   0.696512940474220E-02
   0.222460877887639E+02
   0.710523168486426E-02
   0.226414900369788E+02
   0.721134668738582E-02
   0.228138000940768E+02
   0.728311842733074E-02
   0.227640153815959E+02
   0.731708979553015E-02
   0.224732532840406E+02
   0.730692568167171E-02
   0.219081299427772E+02
   0.724661243256269E-02
   0.210238571973118E+02
   0.713326664731932E-02
   0.197635893704070E+02
   0.696502905136778E-02
   0.180556219295309E+02
   0.674070750008350E-02
   0.158109558939359E+02
   0.646185810163593E-02
   0.129239530224966E+02
   0.613522578463739E-02
   0.927587273156275E+01
   0.577389324092920E-02
   0.644593575922884E+01
   0.539734273277443E-02
   0.437213157355316E+01
   0.502937816075784E-02
   0.296865355021220E+01
   0.469253349576517E-02
   0.217805030285965E+01
   0.440197997468087E-02
   0.494360449656314E+01
   0.523590314348484E-02
   0.553016117088544E+01
   0.504451991908130E-02
   0.531910220759720E+01
   0.487354871255704E-02
   0.450001650927601E+01
   0.469779057810218E-02
   0.292143555721982E+01
   0.456382011828991E-02
   0.219559118061878E+01
   0.450077897487686E-02
   0.195964051573964E+01
   0.450348273438608E-02
   0.218486022875013E+01
   0.457830923260264E-02
   0.292344285686826E+01
   0.471345542676980E-02
   0.435219727013422E+01
   0.489202311145426E-02
   0.461125736395331E+01
   0.514242555472600E-02
   0.548351785933525E+01
   0.544064130243257E-02
   0.705120488424090E+01
   0.589057205277559E-02
   0.922019819859813E+01
   0.641068617893788E-02
   0.121163658274511E+02
   0.691351277137175E-02
   0.160691364680490E+02
   0.737808077384032E-02
   0.187751792179676E+02
   0.779533373719158E-02
   0.205749159044500E+02
   0.814971247434544E-02
   0.217176891440933E+02
   0.840295899739078E-02
   0.223995128198166E+02
   0.854791278059336E-02
   0.227893534594928E+02
   0.867193403130229E-02
   0.230306348410205E+02
   0.880374679990901E-02
   0.232208070697718E+02
   0.894663026173158E-02
   0.233601322108989E+02
   0.909297304544097E-02
   0.233638608945599E+02
   0.918017035220990E-02
   0.231563247976059E+02
   0.915507060375334E-02
   0.226915467675550E+02
   0.905718255458508E-02
   0.219344943165460E+02
   0.889979450010639E-02
   0.208283167394858E+02
   0.866305345357581E-02
   0.192589896187498E+02
   0.832373717496534E-02
   0.170593300715210E+02
   0.787628765814472E-02
   0.140581098591897E+02
   0.734726866409989E-02
   0.101192980558378E+02
   0.676027366888275E-02
   0.757187841434703E+01
   0.620634896022646E-02
   0.600156339695581E+01
   0.576869882408018E-02
   0.515152538400771E+01
   0.546492709772820E-02
   0.743171854146596E+01
   0.690358937723991E-02
   0.706051650797074E+01
   0.671520034518322E-02
   0.657517401291276E+01
   0.651237087287379E-02
   0.591605766616052E+01
   0.615942039092038E-02
   0.519516408130917E+01
   0.582765158244538E-02
   0.477115343075972E+01
   0.575148204842261E-02
   0.464309430202440E+01
   0.581194486884538E-02
   0.482443939774740E+01
   0.597340139028245E-02
   0.531844733027927E+01
   0.618604320613225E-02
   0.618955096765521E+01
   0.644430671249130E-02
   0.757342921145882E+01
   0.665366379871415E-02
   0.793267692735570E+01
   0.646130712132653E-02
   0.950360213167231E+01
   0.701958469717445E-02
   0.116469086883692E+02
   0.767689615387704E-02
   0.143702075858076E+02
   0.814680952500315E-02
   0.180818924736880E+02
   0.861685854064635E-02
   0.203980073532714E+02
   0.912190450336550E-02
   0.217783128645723E+02
   0.965083562021703E-02
   0.224802524058883E+02
   0.995525280499651E-02
   0.227059524237225E+02
   0.982537639215733E-02
   0.226724605788702E+02
   0.986222399145642E-02
   0.226243271457490E+02
   0.100059831504002E-01
   0.228264011919074E+02
   0.102164319649387E-01
   0.232480302748495E+02
   0.106156378952306E-01
   0.235367961041775E+02
   0.109111482196144E-01
   0.235467047733054E+02
   0.107723774363433E-01
   0.232718606148059E+02
   0.106266855912726E-01
   0.227652933775534E+02
   0.105151380084760E-01
   0.220640803098891E+02
   0.103175212301250E-01
   0.210287136110549E+02
   0.994356307651204E-02
   0.193321661767032E+02
   0.936982166368686E-02
   0.166700507852471E+02
   0.879385898552322E-02
   0.127416948480316E+02
   0.806590126475033E-02
   0.103004508298292E+02
   0.748309180483199E-02
   0.886316910913621E+01
   0.719755797103291E-02
   0.799206014190484E+01
   0.709724129406052E-02
   0.102204726028070E+02
   0.900883421732247E-02
   0.966597581450194E+01
   0.868303465685555E-02
   0.909893399021871E+01
   0.834398775639950E-02
   0.850723185651018E+01
   0.800444583695385E-02
   0.793493517005451E+01
   0.762259584931871E-02
   0.755788672861117E+01
   0.744677986125809E-02
   0.740993890967473E+01
   0.748424815351521E-02
   0.747313568057385E+01
   0.760181893429007E-02
   0.773480069927387E+01
   0.771000309241064E-02
   0.821388574761346E+01
   0.770744305213714E-02
   0.896487908126411E+01
   0.775270406992175E-02
   0.100848121132843E+02
   0.751385114078310E-02
   0.128829437849852E+02
   0.831306090689175E-02
   0.153284964150128E+02
   0.868907839609560E-02
   0.177264490082380E+02
   0.894746303240010E-02
   0.200895566023067E+02
   0.932547355129799E-02
   0.217591583811824E+02
   0.979676773421739E-02
   0.226604946405662E+02
   0.102542224304276E-01
   0.229149157027031E+02
   0.105137906845656E-01
   0.226653566372519E+02
   0.105654713274646E-01
   0.221167388312894E+02
   0.106874110149332E-01
   0.215942706157799E+02
   0.107655375382516E-01
   0.218414122246428E+02
   0.109518491663160E-01
   0.228304988426053E+02
   0.117773168968393E-01
   0.234432688777816E+02
   0.120340207207890E-01
   0.235836656650747E+02
   0.117722361315385E-01
   0.233371975713996E+02
   0.118943068069245E-01
   0.228958445150972E+02
   0.116165082874323E-01
   0.225439665082351E+02
   0.113765558396960E-01
   0.221356850459471E+02
   0.111053185903225E-01
   0.210019885147241E+02
   0.106740365446161E-01
   0.187588836077669E+02
   0.101612170900551E-01
   0.151123142677562E+02
   0.962990776154423E-02
   0.129250528910264E+02
   0.931464458527550E-02
   0.116598806667535E+02
   0.923779954232889E-02
   0.108422690641934E+02
   0.915924398203829E-02
   0.127400587385103E+02
   0.111795961386955E-01
   0.121432988995533E+02
   0.106854395974251E-01
   0.115620984554315E+02
   0.101626183041958E-01
   0.110184284042513E+02
   0.974985466415454E-02
   0.105300844836447E+02
   0.938429679709170E-02
   0.101701243530184E+02
   0.914475932212599E-02
   0.996723933379381E+01
   0.905735575767982E-02
   0.991452703308317E+01
   0.904385058397569E-02
   0.100049590136561E+02
   0.901320228097549E-02
   0.102667259252238E+02
   0.892196466766204E-02
   0.107746308323355E+02
   0.868945223380976E-02
   0.118296698861852E+02
   0.853231032970478E-02
   0.145182569228808E+02
   0.924640706324331E-02
   0.170936696216087E+02
   0.941389082961463E-02
   0.193436486852279E+02
   0.955130540642700E-02
   0.213361489040482E+02
   0.992497180161829E-02
   0.226762881318424E+02
   0.104764559079853E-01
   0.232001008334874E+02
   0.109848553407967E-01
   0.230681807119002E+02
   0.111677328318079E-01
   0.223577476454363E+02
   0.111161841200108E-01
   0.212276844317610E+02
   0.113656810797409E-01
   0.198702763790080E+02
   0.112125912165822E-01
   0.201736329751946E+02
   0.116368596414299E-01
   0.223009010889405E+02
   0.127333390274823E-01
   0.232048254606921E+02
   0.124915122198215E-01
   0.233835112931424E+02
   0.126156432480779E-01
   0.230101293512290E+02
   0.127953691941875E-01
   0.224109779440872E+02
   0.124557692472213E-01
   0.223783950774027E+02
   0.120221573521715E-01
   0.228268009411144E+02
   0.118851708944307E-01
   0.222943227618201E+02
   0.115201965120125E-01
   0.204618596959211E+02
   0.111946428053693E-01
   0.170966761872079E+02
   0.110641088826148E-01
   0.151744181875548E+02
   0.109840968764593E-01
   0.140885221402004E+02
   0.112951809857345E-01
   0.133593212726688E+02
   0.114346325065849E-01
   0.148812180839035E+02
   0.129883410300829E-01
   0.142841450803628E+02
   0.122904310239384E-01
   0.137268912460328E+02
   0.116509809799321E-01
   0.132364425960723E+02
   0.112060500304262E-01
   0.128137186373767E+02
   0.108834284899881E-01
   0.124790056753947E+02
   0.106336952798114E-01
   0.122453137222981E+02
   0.104511422725400E-01
   0.121140520667800E+02
   0.103153122451649E-01
   0.120910023613039E+02
   0.101807777878334E-01
   0.122137075735820E+02
   0.100800263469121E-01
   0.125494713112241E+02
   0.994815972543151E-02
   0.133091893881259E+02
   0.965176381188934E-02
   0.150729626730899E+02
   0.976818638955798E-02
   0.179575428214370E+02
   0.101228981959371E-01
   0.201222274717161E+02
   0.101808504615107E-01
   0.220682805767376E+02
   0.106366163348988E-01
   0.232668788550933E+02
   0.113201127135313E-01
   0.234459953345072E+02
   0.118664822121718E-01
   0.229912516408156E+02
   0.117887124048056E-01
   0.218564972492354E+02
   0.119060145365388E-01
   0.201808034425014E+02
   0.120379982692545E-01
   0.193421470116489E+02
   0.120385311674416E-01
   0.197330092216953E+02
   0.123067201298681E-01
   0.219701088720490E+02
   0.131129386144919E-01
   0.228873550533539E+02
   0.130389830737458E-01
   0.230173335238883E+02
   0.133847042574880E-01
   0.223877529973049E+02
   0.133892547684557E-01
   0.213016174709206E+02
   0.129352904127516E-01
   0.215466541116504E+02
   0.123799286966814E-01
   0.232996593087381E+02
   0.123307409907760E-01
   0.233434656167067E+02
   0.121538509597443E-01
   0.218758309302681E+02
   0.120461342180857E-01
   0.187610814549553E+02
   0.124774989348915E-01
   0.170881535767568E+02
   0.127973255443112E-01
   0.161603985439058E+02
   0.134310777295866E-01
   0.154923636041654E+02
   0.134555273804644E-01
   0.166502130114931E+02
   0.142379465123445E-01
   0.160813267171484E+02
   0.134339015047262E-01
   0.155743167076168E+02
   0.128064107558814E-01
   0.151450419078963E+02
   0.124141869305291E-01
   0.147806460630167E+02
   0.121511194433803E-01
   0.144772790424052E+02
   0.119230059901666E-01
   0.142358288035014E+02
   0.116966892924491E-01
   0.140607127892457E+02
   0.114857271904160E-01
   0.139673008432078E+02
   0.113186497826821E-01
   0.139956437489181E+02
   0.112681031797346E-01
   0.141946479578810E+02
   0.112397976768479E-01
   0.146943571723737E+02
   0.108958081323447E-01
   0.158754173156229E+02
   0.104004761503015E-01
   0.183354346256728E+02
   0.104946327945921E-01
   0.203085732367589E+02
   0.108093732788196E-01
   0.224271491430745E+02
   0.112114931240133E-01
   0.236218972172167E+02
   0.123302500570800E-01
   0.233981597319466E+02
   0.129697208347333E-01
   0.227009251019441E+02
   0.127257714280263E-01
   0.211651755806439E+02
   0.128207993913904E-01
   0.200713506059605E+02
   0.131506429925097E-01
   0.195593240329553E+02
   0.133076356782367E-01
   0.198699999138485E+02
   0.130872243666295E-01
   0.216566087912212E+02
   0.134501363176527E-01
   0.224263364994574E+02
   0.136237688074313E-01
   0.225067306165468E+02
   0.137512483555927E-01
   0.215615472858459E+02
   0.138050734033257E-01
   0.210365787817471E+02
   0.134175547539474E-01
   0.215439307446151E+02
   0.128967159222147E-01
   0.237755103495909E+02
   0.123693705473894E-01
   0.242051462183174E+02
   0.125113740793319E-01
   0.230410717659082E+02
   0.127798317320377E-01
   0.201594667951917E+02
   0.138615646676124E-01
   0.187103303232706E+02
   0.147881037861959E-01
   0.178808385885415E+02
   0.152885081157944E-01
   0.172466145131046E+02
   0.149499953887389E-01
   0.180996098235538E+02
   0.151359710717824E-01
   0.175847902649853E+02
   0.144754396341171E-01
   0.171412652392133E+02
   0.140253197841539E-01
   0.167718675940901E+02
   0.137693285893932E-01
   0.164567157806899E+02
   0.135421794780168E-01
   0.161851438734872E+02
   0.133093000274420E-01
   0.159504081416729E+02
   0.130399502898904E-01
   0.157555231663425E+02
   0.127680918877941E-01
   0.156178048817202E+02
   0.125518781576256E-01
   0.155740390152573E+02
   0.124993626696926E-01
   0.156602213153480E+02
   0.125071783555404E-01
   0.159512626346961E+02
   0.120868033038069E-01
   0.166936935108954E+02
   0.113581329155652E-01
   0.182571205737399E+02
   0.109403592825493E-01
   0.199362941679825E+02
   0.115866789519786E-01
   0.225077177922695E+02
   0.118976272180192E-01
   0.238352199602332E+02
   0.133931348253642E-01
   0.230240033790803E+02
   0.144175351271227E-01
   0.222168535415908E+02
   0.140243694403147E-01
   0.212229412929829E+02
   0.138798246280991E-01
   0.204733338597893E+02
   0.147340637797318E-01
   0.201097225513078E+02
   0.147724116479657E-01
   0.202719104214031E+02
   0.141292234873045E-01
   0.211765786759812E+02
   0.137618846515087E-01
   0.217499088306348E+02
   0.139006770350691E-01
   0.218775918710915E+02
   0.142822729153121E-01
   0.214849871683365E+02
   0.144842735993789E-01
   0.212963699492380E+02
   0.144636298726078E-01
   0.218820734054065E+02
   0.136754176465061E-01
   0.241876793891471E+02
   0.122999241476395E-01
   0.248831685989707E+02
   0.128479379196410E-01
   0.239782331214350E+02
   0.135125180404867E-01
   0.213427983042942E+02
   0.154676547656947E-01
   0.200469786503331E+02
   0.164280456136730E-01
   0.192575098983641E+02
   0.162589636742742E-01
   0.186572871115274E+02
   0.158187737285671E-01
   0.192882300185631E+02
   0.162665565194616E-01
   0.188380917126621E+02
   0.158921154769576E-01
   0.184526904321087E+02
   0.156001712667063E-01
   0.181327795604143E+02
   0.154248666292896E-01
   0.178609289311066E+02
   0.152534282567659E-01
   0.176230552923867E+02
   0.150790475044512E-01
   0.174062490667099E+02
   0.148714579275540E-01
   0.172075431922042E+02
   0.146508090983375E-01
   0.170395267058149E+02
   0.144432832325480E-01
   0.169285943081862E+02
   0.142299100129118E-01
   0.169106216341681E+02
   0.139421719756168E-01
   0.170502712726209E+02
   0.132783357861523E-01
   0.175194030975397E+02
   0.125207310302841E-01
   0.186361433926298E+02
   0.119475279404387E-01
   0.199618845020789E+02
   0.119407807902129E-01
   0.223931083442471E+02
   0.119958991933678E-01
   0.240304559575851E+02
   0.140316879741286E-01
   0.232147725545107E+02
   0.158666743456244E-01
   0.223814600725290E+02
   0.153294405306015E-01
   0.217157847558337E+02
   0.148579283070891E-01
   0.210571032935989E+02
   0.158841230894596E-01
   0.207454725390176E+02
   0.157943774529375E-01
   0.208179223918025E+02
   0.151437162826700E-01
   0.213201199069236E+02
   0.148865252227313E-01
   0.217988621412289E+02
   0.148278941320572E-01
   0.219675860685509E+02
   0.152851838462310E-01
   0.218273987693684E+02
   0.155026470047734E-01
   0.217806100655333E+02
   0.154907763828021E-01
   0.223054527442705E+02
   0.144024087963940E-01
   0.244531849391179E+02
   0.125042117248450E-01
   0.253747284312223E+02
   0.133908948480406E-01
   0.246984378602886E+02
   0.143483532435538E-01
   0.222992279110488E+02
   0.169973871312377E-01
   0.210964694401044E+02
   0.173464702026577E-01
   0.203384420843497E+02
   0.168334685497551E-01
   0.197870025967118E+02
   0.166422414128445E-01
   0.202605560918194E+02
   0.174909618018285E-01
   0.198687871076501E+02
   0.172495943064406E-01
   0.195316479270197E+02
   0.170328924859877E-01
   0.192523232006596E+02
   0.168902869886898E-01
   0.190182777935590E+02
   0.167866657500207E-01
   0.188121604791529E+02
   0.166942335751202E-01
   0.186148957018452E+02
   0.165698323953446E-01
   0.184144001599654E+02
   0.163889722879004E-01
   0.182184470788595E+02
   0.161790232447804E-01
   0.180496238241895E+02
   0.158784375646728E-01
   0.179472773631698E+02
   0.154560087100902E-01
   0.179773657300316E+02
   0.147636724975088E-01
   0.182837415650763E+02
   0.136244088421960E-01
   0.192273006908790E+02
   0.130683842866702E-01
   0.201751991545954E+02
   0.129602234197064E-01
   0.220043079249523E+02
   0.124359278488122E-01
   0.242168253858945E+02
   0.144598099639053E-01
   0.236922976409932E+02
   0.168338103422130E-01
   0.228101782906584E+02
   0.170475131661237E-01
   0.224521388492578E+02
   0.156520396683476E-01
   0.216441707040212E+02
   0.169969849219490E-01
   0.213501468085330E+02
   0.167890503348211E-01
   0.213621625964283E+02
   0.164148134551857E-01
   0.216821384444079E+02
   0.160868702954071E-01
   0.221656166733985E+02
   0.160593270904360E-01
   0.223599414780450E+02
   0.165844910145535E-01
   0.223411234907687E+02
   0.166852713002376E-01
   0.223207964331304E+02
   0.164883843858343E-01
   0.226960549959208E+02
   0.152840535413514E-01
   0.244959285768047E+02
   0.133723992172507E-01
   0.256841280836204E+02
   0.142347292898628E-01
   0.252140033384813E+02
   0.153185476887211E-01
   0.230524460013764E+02
   0.184059512540405E-01
   0.219260285995545E+02
   0.184756461438993E-01
   0.212035211782838E+02
   0.177924940483330E-01
   0.206985515738147E+02
   0.176974181416125E-01
   0.210558107668511E+02
   0.186978059416323E-01
   0.207078615939002E+02
   0.184870512972895E-01
   0.204078960269954E+02
   0.183077372218714E-01
   0.201607449195098E+02
   0.181971242060589E-01
   0.199581414429045E+02
   0.181794455857976E-01
   0.197790872113873E+02
   0.181751433756285E-01
   0.195990886911604E+02
   0.181349220956082E-01
   0.193964779774613E+02
   0.179780470848624E-01
   0.191742091571371E+02
   0.177153888530740E-01
   0.189559954209707E+02
   0.172884364238219E-01
   0.187876162200284E+02
   0.167123259288945E-01
   0.187397998027654E+02
   0.159235631300428E-01
   0.189587406358171E+02
   0.148343626807075E-01
   0.199489245834678E+02
   0.141756571082952E-01
   0.205060201180087E+02
   0.148152767517904E-01
   0.219688134570735E+02
   0.134098735138252E-01
   0.244196234734033E+02
   0.146877445937409E-01
   0.244403368450830E+02
   0.169560268227297E-01
   0.232829655952678E+02
   0.185539523252876E-01
   0.226949604011325E+02
   0.173517404553327E-01
   0.221458372653336E+02
   0.181586715083372E-01
   0.219106189282608E+02
   0.180061587760896E-01
   0.218968540327844E+02
   0.175861766729911E-01
   0.221407232105067E+02
   0.170207366562043E-01
   0.227350851410156E+02
   0.166935730932864E-01
   0.229160384554143E+02
   0.178079589963701E-01
   0.229556734451933E+02
   0.177453627586525E-01
   0.229060722485189E+02
   0.175650523931344E-01
   0.230927378432220E+02
   0.164952024714437E-01
   0.242457567846103E+02
   0.153637412834844E-01
   0.258422690829504E+02
   0.154258671242103E-01
   0.255493734009770E+02
   0.165118678699518E-01
   0.236261717259727E+02
   0.198108518103054E-01
   0.225818178249992E+02
   0.196257786732600E-01
   0.219067216622630E+02
   0.189207480986101E-01
   0.214456075387266E+02
   0.188586975962948E-01
   0.216847090412823E+02
   0.197534245344445E-01
   0.213678969636569E+02
   0.195396119532175E-01
   0.210953715633918E+02
   0.193860017351261E-01
   0.208720906255855E+02
   0.193242267076193E-01
   0.206916563992047E+02
   0.193819275459709E-01
   0.205313803977770E+02
   0.194551156015673E-01
   0.203626769805399E+02
   0.194833395863537E-01
   0.201557608111070E+02
   0.193312825865790E-01
   0.199102326768956E+02
   0.189806170845804E-01
   0.196559408480222E+02
   0.184154717391576E-01
   0.194458396015811E+02
   0.176880570648286E-01
   0.193558934672013E+02
   0.168817201647189E-01
   0.195121448758191E+02
   0.161976932870378E-01
   0.201773076199946E+02
   0.157913414823881E-01
   0.208274838684859E+02
   0.165298555005298E-01
   0.221122035157020E+02
   0.150021324382379E-01
   0.245825586196430E+02
   0.153837100868683E-01
   0.248735396315412E+02
   0.169312327298180E-01
   0.237159202895465E+02
   0.191461534034997E-01
   0.230243460043523E+02
   0.186966776668814E-01
   0.225843572181664E+02
   0.188679815227615E-01
   0.224129380451533E+02
   0.191037229048515E-01
   0.224024352638588E+02
   0.186946079722685E-01
   0.226227635294333E+02
   0.179610571976181E-01
   0.234903604905534E+02
   0.166719445336851E-01
   0.235540886793109E+02
   0.181006163520303E-01
   0.236498378522385E+02
   0.182406934644198E-01
   0.235324561913109E+02
   0.187400971070235E-01
   0.235293207611011E+02
   0.179807142318408E-01
   0.242710235527750E+02
   0.169667868940923E-01
   0.258958531165858E+02
   0.164138430216054E-01
   0.257186175253871E+02
   0.177357333157805E-01
   0.240289683303457E+02
   0.210786017937471E-01
   0.230805587467926E+02
   0.206514035891579E-01
   0.224615616046456E+02
   0.199806494046761E-01
   0.220387184168206E+02
   0.199099931177893E-01
   0.221555361505172E+02
   0.206991830721994E-01
   0.218603705640593E+02
   0.204822949637641E-01
   0.216061667267108E+02
   0.203386788542155E-01
   0.213966021644118E+02
   0.202952053074229E-01
   0.212260573094800E+02
   0.203489729414004E-01
   0.210735214943756E+02
   0.204347069548602E-01
   0.209087279136253E+02
   0.204782235062541E-01
   0.206963886918108E+02
   0.203014333788126E-01
   0.204345661154968E+02
   0.198714256357630E-01
   0.201620975322104E+02
   0.192392642511066E-01
   0.199382322656855E+02
   0.185111564757126E-01
   0.198385377370236E+02
   0.179271713561966E-01
   0.199566519536276E+02
   0.175814641198434E-01
   0.204366080017988E+02
   0.168636938321606E-01
   0.211043715821803E+02
   0.173954019495919E-01
   0.223174251910827E+02
   0.169441489464739E-01
   0.246852742637439E+02
   0.168724770583280E-01
   0.251120423145053E+02
   0.172766073879965E-01
   0.241249258999586E+02
   0.188817761856218E-01
   0.233514010866603E+02
   0.199493038646233E-01
   0.229670860997791E+02
   0.198816729978467E-01
   0.228452565883822E+02
   0.201663640375978E-01
   0.228517976693052E+02
   0.198233176214017E-01
   0.230552530782985E+02
   0.191268533925900E-01
   0.238885172470175E+02
   0.173901113015252E-01
   0.242553304962768E+02
   0.182881145036351E-01
   0.244508038737261E+02
   0.180949533331599E-01
   0.241859820036427E+02
   0.194812791113728E-01
   0.239758777191791E+02
   0.195851682956796E-01
   0.244198915638981E+02
   0.184525012915666E-01
   0.258537147940033E+02
   0.171191150219097E-01
   0.257262297672351E+02
   0.187195698359355E-01
   0.242656913829294E+02
   0.216431234356229E-01
   0.234327757951106E+02
   0.213912895067517E-01
   0.228762852826752E+02
   0.209678015126058E-01
   0.224842182615007E+02
   0.208658895391048E-01
   0.224740831426943E+02
   0.215230203538453E-01
   0.221930684898886E+02
   0.213140533354995E-01
   0.219489007809521E+02
   0.211655851434973E-01
   0.217431433097895E+02
   0.210681002243291E-01
   0.215715690214425E+02
   0.210188044940166E-01
   0.214171027333704E+02
   0.210382459079737E-01
   0.212506479267062E+02
   0.210717764115408E-01
   0.210338707708761E+02
   0.209038499883715E-01
   0.207650642048119E+02
   0.204660512826818E-01
   0.204925252150508E+02
   0.199148390933498E-01
   0.202779717898292E+02
   0.193824026699260E-01
   0.201880330959348E+02
   0.190195014225247E-01
   0.202825704435573E+02
   0.186180248469360E-01
   0.206621040687583E+02
   0.179027369357451E-01
   0.213260533015898E+02
   0.183205202251296E-01
   0.224995404744039E+02
   0.188758840391145E-01
   0.247061089275989E+02
   0.178895612685688E-01
   0.251987454143152E+02
   0.173673915128285E-01
   0.245923849804205E+02
   0.180688373896221E-01
   0.236136266245131E+02
   0.205158491184330E-01
   0.232766667884304E+02
   0.209555616941292E-01
   0.231934856651820E+02
   0.211066499773571E-01
   0.232232414134988E+02
   0.208397082639369E-01
   0.234097841395979E+02
   0.205654956211203E-01
   0.239492339264109E+02
   0.188555297853131E-01
   0.245402386074651E+02
   0.188768212342676E-01
   0.248811458573221E+02
   0.185264450762782E-01
   0.248773540906838E+02
   0.193992446777100E-01
   0.243933944791458E+02
   0.211959584572956E-01
   0.245943270240567E+02
   0.200934815118472E-01
   0.257184020358180E+02
   0.180341786298758E-01
   0.255503157467862E+02
   0.198403609209810E-01
   0.243642084649461E+02
   0.221652406812608E-01
   0.236549020526764E+02
   0.221326838751956E-01
   0.231562782261843E+02
   0.218834125723336E-01
   0.227863183512569E+02
   0.217130460968526E-01
   0.226451213870326E+02
   0.221030855385382E-01
   0.223724875472681E+02
   0.219229947767500E-01
   0.221325672322846E+02
   0.217735207981067E-01
   0.219256294949932E+02
   0.216033915107863E-01
   0.217479665916443E+02
   0.214442024138213E-01
   0.215871970337372E+02
   0.214272659739349E-01
   0.214146083710479E+02
   0.214740935596959E-01
   0.211922068814478E+02
   0.213086114875650E-01
   0.209231695149194E+02
   0.208808892353171E-01
   0.206613676951782E+02
   0.204283810053283E-01
   0.204672752417379E+02
   0.200831615010989E-01
   0.203961783663906E+02
   0.198055951355902E-01
   0.204833449465105E+02
   0.192225262057605E-01
   0.208140273330052E+02
   0.185606810113922E-01
   0.214736808827767E+02
   0.191479371565793E-01
   0.226003001320064E+02
   0.200893906699153E-01
   0.246184311045826E+02
   0.179803875452336E-01
   0.251489199906956E+02
   0.173311656665451E-01
   0.247647206905032E+02
   0.177049284207860E-01
   0.237744227217495E+02
   0.207232021287025E-01
   0.234928950560424E+02
   0.216510227826427E-01
   0.234474393169576E+02
   0.218407368112257E-01
   0.235057349242493E+02
   0.216713965933241E-01
   0.236706501888098E+02
   0.215328560886319E-01
   0.240296282159395E+02
   0.197665889189343E-01
   0.244875707138832E+02
   0.196046615851190E-01
   0.250079357674298E+02
   0.191497466869839E-01
   0.252292656223325E+02
   0.195297860525297E-01
   0.247343594623341E+02
   0.224126315652974E-01
   0.247338679989662E+02
   0.218265358408394E-01
   0.254759047927614E+02
   0.193399479296634E-01
   0.251508484615759E+02
   0.214496305618880E-01
   0.243501777053010E+02
   0.226804834775484E-01
   0.237553251396061E+02
   0.227531512044532E-01
   0.233017887557559E+02
   0.225357922597602E-01
   0.229476359526113E+02
   0.223021749080552E-01
   0.226793803924260E+02
   0.220385721913941E-01
   0.224105370166903E+02
   0.218625867073001E-01
   0.221709001857112E+02
   0.216961480048360E-01
   0.219609122990815E+02
   0.215111557728838E-01
   0.217759629681089E+02
   0.213617423676209E-01
   0.216039831177966E+02
   0.213273884704739E-01
   0.214191918245817E+02
   0.213241901252786E-01
   0.211902084110070E+02
   0.211352528279181E-01
   0.209262039367829E+02
   0.207634131193910E-01
   0.206804854228634E+02
   0.204051111759516E-01
   0.205085772608050E+02
   0.201366263680509E-01
   0.204613814771889E+02
   0.199060824021533E-01
   0.205626013421705E+02
   0.193487127489633E-01
   0.208731226775264E+02
   0.187110830405959E-01
   0.215284998517120E+02
   0.195121987673384E-01
   0.225876864318511E+02
   0.203591664227722E-01
   0.244285588734722E+02
   0.176013248076333E-01
   0.249839840076615E+02
   0.172118083244070E-01
   0.247479441177209E+02
   0.175582120530242E-01
   0.238310982811837E+02
   0.207187688823760E-01
   0.236104237641804E+02
   0.221104147178879E-01
   0.236049381449331E+02
   0.225401703083732E-01
   0.236912146411325E+02
   0.223334985702853E-01
   0.238364703334668E+02
   0.220139253502928E-01
   0.240909704994509E+02
   0.206331735466121E-01
   0.244492997754442E+02
   0.202403698330373E-01
   0.248649074678266E+02
   0.203026878671490E-01
   0.253417690799234E+02
   0.199447442669718E-01
   0.249926962672108E+02
   0.226279369998414E-01
   0.247894954719323E+02
   0.229091645326134E-01
   0.250746249963845E+02
   0.209924088145757E-01
   0.248364086128854E+02
   0.222666258946419E-01
   0.242484696130597E+02
   0.228389838780234E-01
   0.237396210943918E+02
   0.228726761968247E-01
   0.233192636961782E+02
   0.225246724493071E-01
   0.229766930648438E+02
   0.222389368048957E-01
   0.226057136712856E+02
   0.210124930290408E-01
   0.223359047042058E+02
   0.207396890550618E-01
   0.220897403000922E+02
   0.204595814104616E-01
   0.218688854818817E+02
   0.201968391232578E-01
   0.216710056269488E+02
   0.200335760384171E-01
   0.214850124774449E+02
   0.199987180974638E-01
   0.212884824091846E+02
   0.200137052260957E-01
   0.210571236129901E+02
   0.199082043494042E-01
   0.208045402492073E+02
   0.197182291820896E-01
   0.205807976539790E+02
   0.195801055263599E-01
   0.204337469947878E+02
   0.194769775491687E-01
   0.204088329201778E+02
   0.193792662535816E-01
   0.205332786684159E+02
   0.191090024296806E-01
   0.208347734511165E+02
   0.184959574742951E-01
   0.214853957803792E+02
   0.195796694508427E-01
   0.224548331719406E+02
   0.201039031885065E-01
   0.241459511190170E+02
   0.173862948285380E-01
   0.247138641537845E+02
   0.172011629856808E-01
   0.245861556977096E+02
   0.174283388679620E-01
   0.237894046302369E+02
   0.212479736821433E-01
   0.236157002643583E+02
   0.223903837841414E-01
   0.236432124201043E+02
   0.228795697013256E-01
   0.237695072625822E+02
   0.228180937830462E-01
   0.239037881324741E+02
   0.223115412070765E-01
   0.241029515239113E+02
   0.213614938141819E-01
   0.244041166489646E+02
   0.213593701461523E-01
   0.247374836324040E+02
   0.213152935317333E-01
   0.252502332929168E+02
   0.206216545198108E-01
   0.252117063748120E+02
   0.216424678872129E-01
   0.247395383674616E+02
   0.230015719470914E-01
   0.247649639594474E+02
   0.217170607510714E-01
   0.245390626972014E+02
   0.222724192790665E-01
   0.240688634465316E+02
   0.223555209469082E-01
   0.236232414931830E+02
   0.221196989094156E-01
   0.232332617004871E+02
   0.216563922765883E-01
   0.229006369890311E+02
   0.212955771468485E-01
   0.224491384860616E+02
   0.196433272286613E-01
   0.221763469476081E+02
   0.193134442544977E-01
   0.219244127233877E+02
   0.190082031113532E-01
   0.216958364181660E+02
   0.187681238282204E-01
   0.214873746860847E+02
   0.186113876845556E-01
   0.212873849319281E+02
   0.185213110510081E-01
   0.210778233308501E+02
   0.184580652458680E-01
   0.208441368951341E+02
   0.183551899432172E-01
   0.206046379431844E+02
   0.182838495959339E-01
   0.204016312312158E+02
   0.182945947919143E-01
   0.202756360097741E+02
   0.183687151563812E-01
   0.202689266645768E+02
   0.185313860932009E-01
   0.204105134483190E+02
   0.186745307911638E-01
   0.207046070882064E+02
   0.182157515261003E-01
   0.213423941898354E+02
   0.196691851336993E-01
   0.222065071865414E+02
   0.197516316219148E-01
   0.237568579660029E+02
   0.173747633142157E-01
   0.243246208660807E+02
   0.173078367421578E-01
   0.242863362643076E+02
   0.173419259286498E-01
   0.236269065066011E+02
   0.214669344778608E-01
   0.234887869097630E+02
   0.220885510218790E-01
   0.235391656025024E+02
   0.223808235424900E-01
   0.237248735722268E+02
   0.227169580290762E-01
   0.238631102944190E+02
   0.224353974662082E-01
   0.240356398903345E+02
   0.218364020983391E-01
   0.242982184848605E+02
   0.221373006410563E-01
   0.245651763891662E+02
   0.221018145789144E-01
   0.249091732683743E+02
   0.218802440228517E-01
   0.251216362871751E+02
   0.212750543771455E-01
   0.245718358498985E+02
   0.225519006255297E-01
   0.244634382830753E+02
   0.218703597021717E-01
   0.242267156667777E+02
   0.217902572019046E-01
   0.238228533640304E+02
   0.213213537448239E-01
   0.234288630121898E+02
   0.208971671740173E-01
   0.230667491223866E+02
   0.203999274880634E-01
   0.227433396662358E+02
   0.199942719436886E-01
   0.222558540422095E+02
   0.188961639615680E-01
   0.219829784453950E+02
   0.185466569369446E-01
   0.217287806173328E+02
   0.182371842020293E-01
   0.214957327910229E+02
   0.180123547476327E-01
   0.212790009194465E+02
   0.178521730268564E-01
   0.210663017532427E+02
   0.177317947433253E-01
   0.208433276345697E+02
   0.176208834275899E-01
   0.206033034343438E+02
   0.174843319371246E-01
   0.203674753063488E+02
   0.173914418619276E-01
   0.201727713697319E+02
   0.173859519636404E-01
   0.200547696689659E+02
   0.174941969625432E-01
   0.200534742085606E+02
   0.177833315180996E-01
   0.202028691057066E+02
   0.183062643242702E-01
   0.205097170976277E+02
   0.187356242455250E-01
   0.210916658010854E+02
   0.198356055337147E-01
   0.218439167040965E+02
   0.191078880147186E-01
   0.232429315747258E+02
   0.173619324720192E-01
   0.237983764784497E+02
   0.173935438690870E-01
   0.238479477193558E+02
   0.174950177264146E-01
   0.233400552977904E+02
   0.219100482423681E-01
   0.232326217851274E+02
   0.218494149977410E-01
   0.232971059019282E+02
   0.214148818806508E-01
   0.235617503012279E+02
   0.221267116978147E-01
   0.237086704319735E+02
   0.224463298577430E-01
   0.238684543399146E+02
   0.219942528462049E-01
   0.241017150718312E+02
   0.225169242745661E-01
   0.243195824410815E+02
   0.228209313186487E-01
   0.245606302110214E+02
   0.231495137736658E-01
   0.247852733933137E+02
   0.214737969745389E-01
   0.242893368410979E+02
   0.222542618210569E-01
   0.241330974416573E+02
   0.218357147026310E-01
   0.238896183218482E+02
   0.212819533302145E-01
   0.235355488860987E+02
   0.205859160738600E-01
   0.231902292423322E+02
   0.201406444131411E-01
   0.228579541392927E+02
   0.196810083178220E-01
   0.225466405140974E+02
   0.192687844183022E-01
   0.220526217419957E+02
   0.193809101291276E-01
   0.217861641320052E+02
   0.189705775417261E-01
   0.215356490463498E+02
   0.186099176432800E-01
   0.213019730201009E+02
   0.183294705467738E-01
   0.210799724004632E+02
   0.181235844031337E-01
   0.208572296292290E+02
   0.179702354578762E-01
   0.206223011665006E+02
   0.178544871340247E-01
   0.203734798250051E+02
   0.177376358819494E-01
   0.201329327087101E+02
   0.176696551374141E-01
   0.199340702953272E+02
   0.176897430240817E-01
   0.198081460531373E+02
   0.178098553746994E-01
   0.197922284637635E+02
   0.180972135804139E-01
   0.199239581750175E+02
   0.186774612028088E-01
   0.202162546666631E+02
   0.194189554785711E-01
   0.207304766346362E+02
   0.201592573790241E-01
   0.213786943795301E+02
   0.187906164298528E-01
   0.225893006544215E+02
   0.173018217454017E-01
   0.231190973494289E+02
   0.172679169053245E-01
   0.232608587319256E+02
   0.180365020273860E-01
   0.229061609113806E+02
   0.221285199314603E-01
   0.228453737348782E+02
   0.217451617246010E-01
   0.229421745752782E+02
   0.208884108715366E-01
   0.232972327047232E+02
   0.210838728147526E-01
   0.234513692337397E+02
   0.228059336659318E-01
   0.236160696100582E+02
   0.227534091245862E-01
   0.238147374563412E+02
   0.231795711392431E-01
   0.239786422073265E+02
   0.233853972832820E-01
   0.241221750519694E+02
   0.234973638713865E-01
   0.241983466817109E+02
   0.226581239608746E-01
   0.239142347474508E+02
   0.229629892509489E-01
   0.237584747015527E+02
   0.226221342204991E-01
   0.235276032607989E+02
   0.219247023839421E-01
   0.232249217054257E+02
   0.212330870230342E-01
   0.229290863378621E+02
   0.207874526545056E-01
   0.226290920946932E+02
   0.203070758055644E-01
   0.223343807144969E+02
   0.198236281556940E-01
   0.218365273143262E+02
   0.211201646891596E-01
   0.215861974412957E+02
   0.206595454018517E-01
   0.213476018852865E+02
   0.202104979583250E-01
   0.211199847805701E+02
   0.198130802267133E-01
   0.208984268946721E+02
   0.195042545921402E-01
   0.206701612179100E+02
   0.192726910569814E-01
   0.204251999050800E+02
   0.191112125220267E-01
   0.201651470613844E+02
   0.189581229842943E-01
   0.199122036422987E+02
   0.188293768048823E-01
   0.196971270413727E+02
   0.187588285276710E-01
   0.195470207926355E+02
   0.187124625282507E-01
   0.194943871076327E+02
   0.187206852909739E-01
   0.195750866776738E+02
   0.188990672363413E-01
   0.198026752771247E+02
   0.192614958726687E-01
   0.202550875642839E+02
   0.203785242950469E-01
   0.208315679119014E+02
   0.197409435982647E-01
   0.217810524210605E+02
   0.170691022011313E-01
   0.222775420230824E+02
   0.175601362799363E-01
   0.224989088922049E+02
   0.190550322977129E-01
   0.223158704952328E+02
   0.221246144178589E-01
   0.223195833687495E+02
   0.213778142193213E-01
   0.224678440878501E+02
   0.202556537322253E-01
   0.229722829306608E+02
   0.197322536903111E-01
   0.230624550549639E+02
   0.227560032362637E-01
   0.232375318664324E+02
   0.232959946475582E-01
   0.234009739428213E+02
   0.234786264082032E-01
   0.235147576242893E+02
   0.234932028414669E-01
   0.235779721697205E+02
   0.232359081821511E-01
   0.235869810028817E+02
   0.230423140150488E-01
   0.234234572206333E+02
   0.235822942344364E-01
   0.232996098614228E+02
   0.236732208204769E-01
   0.231064189070048E+02
   0.232636063303414E-01
   0.228659834695033E+02
   0.228566106247563E-01
   0.226246302056780E+02
   0.225153608308357E-01
   0.223648030149982E+02
   0.220807608778909E-01
   0.220984915861237E+02
   0.216012038826461E-01
   0.215149601984006E+02
   0.229397032385735E-01
   0.212925456435985E+02
   0.226334814624408E-01
   0.210778243726223E+02
   0.222292583778562E-01
   0.208675360122191E+02
   0.217507468346223E-01
   0.206558916708491E+02
   0.212970544352170E-01
   0.204288017035293E+02
   0.208753132678516E-01
   0.201763420317606E+02
   0.204866522971641E-01
   0.199040326592181E+02
   0.201146904000651E-01
   0.196351831888303E+02
   0.197800059965776E-01
   0.193993302723443E+02
   0.195160409746345E-01
   0.192214420570405E+02
   0.192737402264887E-01
   0.191282937866773E+02
   0.190367579404422E-01
   0.191441628338727E+02
   0.187989482109702E-01
   0.192814364621925E+02
   0.185689503736054E-01
   0.196425405199031E+02
   0.192218533467692E-01
   0.201766588056242E+02
   0.204540944523023E-01
   0.208055583233621E+02
   0.177411645965379E-01
   0.212476340733984E+02
   0.182310970976019E-01
   0.215118811298121E+02
   0.197083770359283E-01
   0.215668476532631E+02
   0.216320931544286E-01
   0.216588472832676E+02
   0.208493477667856E-01
   0.218847948351509E+02
   0.190176604121519E-01
   0.224225935822929E+02
   0.197659581276510E-01
   0.225346298435548E+02
   0.224567257910117E-01
   0.227152892424774E+02
   0.234049844694014E-01
   0.228471720727133E+02
   0.232425167621282E-01
   0.229238819452607E+02
   0.231593638866082E-01
   0.229294328750633E+02
   0.228126874718000E-01
   0.228939814602651E+02
   0.227088809764152E-01
   0.227896647193201E+02
   0.232746861047300E-01
   0.226993076980517E+02
   0.237000152720434E-01
   0.225535225854598E+02
   0.237244978326062E-01
   0.223741320488213E+02
   0.237397898442148E-01
   0.221887200204806E+02
   0.237323789145549E-01
   0.219745283747343E+02
   0.235136471736086E-01
   0.217460858602367E+02
   0.232418426507178E-01
   0.209879747138537E+02
   0.229652605382018E-01
   0.207976369766052E+02
   0.229103048410618E-01
   0.206163316302397E+02
   0.227883482027121E-01
   0.204377585527043E+02
   0.225075291040501E-01
   0.202520244621423E+02
   0.221259244473746E-01
   0.200411914442976E+02
   0.216310780984895E-01
   0.197924847949512E+02
   0.210188133218525E-01
   0.195147238998863E+02
   0.204121322557037E-01
   0.192332799155539E+02
   0.199002118499780E-01
   0.189778088985441E+02
   0.195068927303940E-01
   0.187738849527961E+02
   0.191917301324312E-01
   0.186452739486688E+02
   0.189320131316501E-01
   0.186095305700104E+02
   0.186426901685910E-01
   0.186810658224466E+02
   0.182110626924369E-01
   0.189358523449275E+02
   0.178542778937117E-01
   0.193857382506087E+02
   0.186168888192231E-01
   0.198976575855504E+02
   0.185434758829508E-01
   0.202650410436926E+02
   0.186898924260647E-01
   0.204943517587853E+02
   0.188628837153478E-01
   0.206616359161644E+02
   0.203512655151241E-01
   0.208579092755602E+02
   0.203555873284679E-01
   0.212218622194008E+02
   0.172564550506972E-01
   0.216366141849129E+02
   0.204838930504263E-01
   0.218649175758424E+02
   0.223033226681694E-01
   0.220434936409282E+02
   0.227065581640554E-01
   0.221551832810739E+02
   0.225716719627697E-01
   0.222027833578168E+02
   0.224528111643039E-01
   0.221717055813450E+02
   0.220696583789739E-01
   0.220993911543640E+02
   0.217974376944648E-01
   0.220085161341113E+02
   0.220610722951648E-01
   0.219353447111779E+02
   0.224941413413323E-01
   0.218266302762033E+02
   0.227231115793885E-01
   0.216956301502606E+02
   0.229785110157815E-01
   0.215538391906140E+02
   0.232067682363266E-01
   0.213790464816920E+02
   0.231667349852726E-01
   0.211868393294179E+02
   0.230725144857906E-01
   0.202402370821238E+02
   0.215656946876881E-01
   0.200731878262978E+02
   0.215749679398113E-01
   0.199190665200664E+02
   0.216485067920841E-01
   0.197733982752585E+02
   0.217019036316854E-01
   0.196219794658108E+02
   0.216389817726411E-01
   0.194423073847602E+02
   0.213776877607094E-01
   0.192166587695869E+02
   0.208558546668491E-01
   0.189504270316964E+02
   0.202087149872668E-01
   0.186680295350190E+02
   0.195937023601993E-01
   0.183999469179621E+02
   0.190883624872862E-01
   0.181750776577159E+02
   0.187060605952278E-01
   0.180172826189841E+02
   0.184253282742036E-01
   0.179446321751747E+02
   0.181814631922211E-01
   0.179774164394232E+02
   0.179136303306105E-01
   0.181756710006883E+02
   0.177746297888580E-01
   0.185565500247184E+02
   0.183559069157210E-01
   0.189598732311695E+02
   0.183477732106210E-01
   0.192354899868861E+02
   0.182325911456914E-01
   0.194091476962297E+02
   0.182233466557357E-01
   0.196130513639385E+02
   0.189893927004621E-01
   0.198962090570524E+02
   0.194132952440499E-01
   0.203402837642876E+02
   0.166253092520410E-01
   0.207648190839419E+02
   0.199599532550730E-01
   0.210494175867762E+02
   0.210888728090125E-01
   0.212238282791945E+02
   0.213984110271339E-01
   0.213231302167376E+02
   0.215272170175019E-01
   0.213500260252524E+02
   0.214728923341711E-01
   0.212968716764525E+02
   0.211209302285634E-01
   0.212021730412082E+02
   0.207671073636943E-01
   0.211105643875061E+02
   0.208173772725871E-01
   0.210385727414959E+02
   0.210827412799735E-01
   0.209460245709622E+02
   0.212564702327108E-01
   0.208419624322776E+02
   0.214802579887726E-01
   0.207268265084629E+02
   0.216920564083486E-01
   0.205796414621218E+02
   0.217017300573912E-01
   0.204146305259462E+02
   0.216440210167806E-01
   0.192986997799074E+02
   0.199354784502166E-01
   0.191462853908628E+02
   0.198836815695695E-01
   0.190076745401477E+02
   0.199384801029428E-01
   0.188830911789624E+02
   0.201023662898340E-01
   0.187583742013326E+02
   0.202616645455326E-01
   0.186100704731489E+02
   0.203041851707740E-01
   0.184177264603421E+02
   0.201086207194465E-01
   0.181795225091190E+02
   0.196709576055553E-01
   0.179126786212361E+02
   0.190991115740509E-01
   0.176443691010083E+02
   0.185046718379168E-01
   0.174071431625492E+02
   0.180160478544335E-01
   0.172274343781370E+02
   0.176490957057430E-01
   0.171275845382230E+02
   0.173506245195352E-01
   0.171348046394057E+02
   0.170793143739357E-01
   0.172969466057398E+02
   0.170140784160738E-01
   0.176129854411075E+02
   0.174657314188427E-01
   0.179235854181322E+02
   0.175144924440277E-01
   0.181125951891599E+02
   0.172780935058273E-01
   0.182168945949350E+02
   0.170084242080816E-01
   0.184233648317054E+02
   0.174814681061179E-01
   0.187767002989525E+02
   0.180281966929559E-01
   0.192491039394603E+02
   0.172707455675405E-01
   0.197929484937078E+02
   0.190331068753071E-01
   0.201011256407574E+02
   0.196626423972713E-01
   0.202655925300373E+02
   0.199436491006350E-01
   0.203480402434116E+02
   0.201758928059612E-01
   0.203589561596884E+02
   0.202213043840401E-01
   0.202951273163325E+02
   0.199973730645939E-01
   0.201909142235128E+02
   0.196866468489806E-01
   0.200930712943840E+02
   0.196194979655805E-01
   0.200138387876520E+02
   0.197463099247731E-01
   0.199246941254459E+02
   0.198398354463029E-01
   0.198308712806236E+02
   0.199743417492073E-01
   0.197270244274060E+02
   0.200726487860925E-01
   0.195989904745134E+02
   0.200762829113266E-01
   0.194545709331703E+02
   0.200276398868888E-01
   0.181738604111982E+02
   0.183219404099514E-01
   0.180314047371810E+02
   0.182201345226050E-01
   0.179005953653453E+02
   0.181922505000651E-01
   0.177860079494047E+02
   0.182865394141341E-01
   0.176757754512943E+02
   0.184344160543491E-01
   0.175486936380734E+02
   0.185605399747943E-01
   0.173861511339393E+02
   0.186026095015417E-01
   0.171815524443629E+02
   0.184662931433138E-01
   0.169429224580581E+02
   0.181292019976839E-01
   0.166900316487653E+02
   0.176365983310070E-01
   0.164536881803187E+02
   0.171240287530155E-01
   0.162621295888984E+02
   0.166807010343761E-01
   0.161442614057625E+02
   0.163311401981802E-01
   0.161350316260861E+02
   0.160922242868815E-01
   0.162709158415136E+02
   0.160437859607364E-01
   0.165308157866500E+02
   0.162637968442436E-01
   0.167675875281404E+02
   0.162722437246126E-01
   0.168785590811162E+02
   0.160742805251615E-01
   0.168951167283541E+02
   0.155209436560768E-01
   0.170781153788986E+02
   0.157793657240982E-01
   0.175009737041322E+02
   0.162981048666958E-01
   0.181056018562818E+02
   0.169809413826956E-01
   0.187125105203911E+02
   0.179945956147450E-01
   0.190286306699154E+02
   0.182061018754940E-01
   0.191731566391350E+02
   0.184111168630144E-01
   0.192314766398123E+02
   0.186031939305481E-01
   0.192259346315586E+02
   0.187067863351867E-01
   0.191557324504282E+02
   0.186298371075961E-01
   0.190471816236949E+02
   0.184264894363095E-01
   0.189411108238777E+02
   0.183199585494782E-01
   0.188490990360797E+02
   0.183352148570554E-01
   0.187538345007463E+02
   0.183462710894603E-01
   0.186591957630786E+02
   0.184040331952916E-01
   0.185586372089429E+02
   0.184360799608453E-01
   0.184434114952695E+02
   0.184386235784290E-01
   0.183149229227776E+02
   0.184066120450160E-01
   0.168683970873147E+02
   0.167192639225267E-01
   0.167340585735061E+02
   0.166134709459872E-01
   0.166069798338363E+02
   0.165312993695949E-01
   0.164944413871808E+02
   0.165252099539474E-01
   0.163884836903711E+02
   0.165776196401668E-01
   0.162718925628195E+02
   0.166434054765495E-01
   0.161294925646374E+02
   0.167041434546778E-01
   0.159538445857992E+02
   0.166976379483384E-01
   0.157461123982316E+02
   0.165587179502687E-01
   0.155188115268137E+02
   0.162666713955379E-01
   0.152969900448450E+02
   0.158846089972103E-01
   0.151056146541616E+02
   0.154456761321782E-01
   0.149788357196822E+02
   0.150577393032339E-01
   0.149612237192134E+02
   0.148470803532370E-01
   0.150831135817854E+02
   0.148627173261040E-01
   0.153045238502910E+02
   0.149998279951256E-01
   0.154866245057935E+02
   0.149936534311484E-01
   0.155205575856819E+02
   0.147657533144078E-01
   0.154252280799921E+02
   0.139246424516139E-01
   0.155621471698262E+02
   0.139129431467964E-01
   0.160561208426382E+02
   0.146180333848438E-01
   0.168270469826908E+02
   0.158141036224364E-01
   0.175196536041369E+02
   0.170726793566389E-01
   0.178409309993295E+02
   0.170350601194993E-01
   0.179547824185665E+02
   0.170195025058300E-01
   0.179803492845172E+02
   0.170567405240810E-01
   0.179524422299205E+02
   0.171124103984326E-01
   0.178725920292095E+02
   0.170909719483636E-01
   0.177593278427479E+02
   0.169934199957784E-01
   0.176441896583738E+02
   0.169183893141794E-01
   0.175365489032238E+02
   0.168637336757019E-01
   0.174288515761982E+02
   0.168065698292641E-01
   0.173256739625426E+02
   0.167944392966571E-01
   0.172225455656890E+02
   0.167828161132897E-01
   0.171140937262369E+02
   0.167853435410735E-01
   0.169973507640277E+02
   0.167819548634725E-01
   0.153780569404710E+02
   0.150425449523472E-01
   0.152509049954360E+02
   0.149517207033613E-01
   0.151265187152390E+02
   0.148509152843234E-01
   0.150131782828831E+02
   0.147842428025366E-01
   0.149063086389150E+02
   0.147692980609428E-01
   0.147932344697540E+02
   0.147729797997052E-01
   0.146618812153890E+02
   0.147688705402081E-01
   0.145068475029062E+02
   0.147708232789470E-01
   0.143256918990679E+02
   0.147036895179946E-01
   0.141257635704498E+02
   0.145425632184910E-01
   0.139256988582757E+02
   0.143019431747754E-01
   0.137445390140140E+02
   0.139420168211358E-01
   0.136166291866546E+02
   0.135494825551537E-01
   0.135969429821199E+02
   0.133939037613457E-01
   0.137172678096951E+02
   0.135636886174309E-01
   0.139234333205709E+02
   0.138257235493045E-01
   0.140736463827523E+02
   0.139175845839599E-01
   0.140313760013990E+02
   0.136049553476970E-01
   0.137857203669759E+02
   0.122104563415682E-01
   0.138539744547014E+02
   0.117150560276372E-01
   0.144148809858332E+02
   0.127985646905740E-01
   0.154139027095816E+02
   0.154403874635331E-01
   0.162087460706409E+02
   0.169950956239546E-01
   0.165320282303194E+02
   0.165782129497213E-01
   0.166059689328807E+02
   0.160874059134537E-01
   0.165933624048885E+02
   0.158204473590078E-01
   0.165371716754435E+02
   0.156967714770406E-01
   0.164409717577288E+02
   0.155887362092117E-01
   0.163174711698409E+02
   0.154718841488995E-01
   0.161904226415045E+02
   0.154062226458967E-01
   0.160658544136598E+02
   0.153162505047538E-01
   0.159422562926849E+02
   0.152107679835593E-01
   0.158255308540741E+02
   0.151421550836943E-01
   0.157151415138188E+02
   0.151010568543584E-01
   0.156076119131488E+02
   0.150886172243224E-01
   0.154977065510765E+02
   0.150871284706978E-01
   0.136920746220852E+02
   0.136587184179343E-01
   0.135708464779017E+02
   0.135560306306470E-01
   0.134496075456420E+02
   0.134376230014984E-01
   0.133369247124243E+02
   0.133462796854502E-01
   0.132282501746562E+02
   0.132823309658456E-01
   0.131157981012240E+02
   0.132357708256108E-01
   0.129907822662047E+02
   0.131761329112890E-01
   0.128493936573211E+02
   0.131288242631453E-01
   0.126889662166080E+02
   0.130660452482323E-01
   0.125134841188584E+02
   0.129798487553267E-01
   0.123370465730637E+02
   0.129177259526729E-01
   0.121733910923506E+02
   0.128124946719938E-01
   0.120516315174875E+02
   0.126213611115459E-01
   0.120288374974316E+02
   0.125338530198059E-01
   0.121492776443133E+02
   0.127378875438429E-01
   0.123614577911406E+02
   0.131352149517742E-01
   0.125073943284372E+02
   0.133421225180548E-01
   0.124041013542259E+02
   0.129636509194275E-01
   0.119521377529732E+02
   0.960076168617800E-02
   0.119411753441582E+02
   0.898366026151275E-02
   0.125371478567536E+02
   0.103034166085182E-01
   0.137387193868743E+02
   0.146727202044531E-01
   0.146638191618405E+02
   0.169728195315143E-01
   0.150307732423488E+02
   0.168452898210141E-01
   0.150884229116262E+02
   0.161237905371253E-01
   0.150441843732954E+02
   0.156051044378215E-01
   0.149595030495808E+02
   0.152510091909904E-01
   0.148410769707137E+02
   0.149538759471999E-01
   0.147012395736273E+02
   0.146737148449997E-01
   0.145587302689540E+02
   0.144508588762352E-01
   0.144173350298022E+02
   0.142452978884892E-01
   0.142778963610860E+02
   0.140539284174227E-01
   0.141456610425842E+02
   0.139072721615958E-01
   0.140247573057756E+02
   0.138114203474034E-01
   0.139134229085289E+02
   0.137589889197412E-01
   0.138056545236981E+02
   0.137231080913359E-01
   0.117822445747366E+02
   0.126766161192875E-01
   0.116651016401427E+02
   0.125937249149386E-01
   0.115469407304742E+02
   0.124974174646659E-01
   0.114362049692391E+02
   0.123975632539885E-01
   0.113273500888613E+02
   0.123078975157399E-01
   0.112166963543836E+02
   0.122360555542035E-01
   0.110987877543203E+02
   0.121703986306116E-01
   0.109702804567189E+02
   0.121132928998488E-01
   0.108289834082878E+02
   0.120781696340845E-01
   0.106743259905825E+02
   0.120247876933700E-01
   0.105161436733359E+02
   0.119648359571716E-01
   0.103674327871132E+02
   0.118808752653094E-01
   0.102541577825592E+02
   0.117282401882380E-01
   0.102297263260758E+02
   0.116278131863501E-01
   0.103473805368186E+02
   0.117748627133635E-01
   0.105745367282082E+02
   0.122508593835514E-01
   0.107468468519744E+02
   0.127144253934106E-01
   0.106324054937330E+02
   0.124469780249403E-01
   0.100193882772513E+02
   0.865803733622848E-02
   0.992284899787737E+01
   0.776610594007965E-02
   0.104801782944857E+02
   0.864209826994622E-02
   0.117606497994116E+02
   0.136207167321485E-01
   0.127250828350028E+02
   0.158651290232632E-01
   0.131595576623739E+02
   0.162498324293325E-01
   0.132665103390673E+02
   0.158308237124879E-01
   0.132418065222741E+02
   0.154205334621631E-01
   0.131563047386795E+02
   0.149941789945405E-01
   0.130285856345660E+02
   0.145407601423028E-01
   0.128756954022802E+02
   0.141114559089135E-01
   0.127194033983439E+02
   0.137651016334485E-01
   0.125624982197252E+02
   0.134714262928306E-01
   0.124092702883966E+02
   0.132407659783383E-01
   0.122596382722340E+02
   0.130290011360007E-01
   0.121241233233223E+02
   0.128739246881689E-01
   0.120032953236897E+02
   0.127764913227423E-01
   0.118928781337037E+02
   0.127255550773724E-01
   0.962053266535673E+01
   0.116965584385987E-01
   0.950046479578942E+01
   0.115828940760526E-01
   0.938131861370999E+01
   0.114660533147002E-01
   0.927652667407553E+01
   0.113983649281418E-01
   0.916972103857343E+01
   0.113154564893632E-01
   0.906167973571946E+01
   0.112426056760705E-01
   0.895145368326845E+01
   0.111839801057890E-01
   0.883698603676683E+01
   0.111383480570209E-01
   0.871519060121902E+01
   0.111031215389432E-01
   0.858454279435795E+01
   0.110657886636224E-01
   0.845283914962851E+01
   0.110272141898997E-01
   0.833069790450942E+01
   0.109707816104237E-01
   0.823971655711204E+01
   0.108800158862553E-01
   0.822278099302441E+01
   0.108250142748620E-01
   0.833020970950615E+01
   0.109244616451972E-01
   0.855833336956165E+01
   0.113372903700478E-01
   0.875944527493182E+01
   0.119643708542169E-01
   0.870752382866728E+01
   0.122332120055100E-01
   0.804040047153273E+01
   0.840443878746532E-02
   0.787867363256139E+01
   0.758338211178208E-02
   0.831229122313458E+01
   0.815907952305922E-02
   0.942003536182612E+01
   0.115587476219973E-01
   0.102785031611463E+02
   0.132151906795646E-01
   0.107479156737275E+02
   0.139652827900849E-01
   0.109432970716263E+02
   0.140762926816088E-01
   0.109991706536427E+02
   0.140981973963041E-01
   0.109773683436252E+02
   0.140084827960900E-01
   0.108976892762289E+02
   0.137622058596991E-01
   0.107747391687585E+02
   0.134548242082568E-01
   0.106278370438343E+02
   0.131211375292228E-01
   0.104667795676075E+02
   0.127902789671564E-01
   0.103015844225939E+02
   0.125082010387447E-01
   0.101398435010865E+02
   0.122585182823610E-01
   0.999129199026531E+01
   0.120562687035345E-01
   0.985685344874973E+01
   0.119009132661635E-01
   0.973661039957155E+01
   0.117913425579446E-01
   0.719204269577633E+01
   0.106992716941897E-01
   0.707301881589455E+01
   0.105810762170410E-01
   0.695605658170294E+01
   0.104657417748654E-01
   0.684570433497765E+01
   0.103589599766302E-01
   0.673644646644347E+01
   0.102511481660475E-01
   0.663047340328199E+01
   0.101715957923740E-01
   0.652880181421923E+01
   0.101198856471173E-01
   0.643006837675088E+01
   0.100967361112219E-01
   0.633025799360315E+01
   0.100798467705093E-01
   0.622655685496980E+01
   0.100667210555263E-01
   0.612856267492045E+01
   0.100606029591036E-01
   0.604331876116545E+01
   0.100483106328176E-01
   0.598711762369448E+01
   0.100270396535318E-01
   0.598795360475664E+01
   0.100236249677978E-01
   0.608004169819110E+01
   0.100991242308327E-01
   0.627502910725267E+01
   0.103760883043332E-01
   0.647608904777666E+01
   0.109105578218275E-01
   0.651863051483457E+01
   0.116207540538081E-01
   0.607081815037323E+01
   0.958604982246916E-02
   0.587734417742136E+01
   0.905164145017629E-02
   0.607824179693220E+01
   0.870285655801221E-02
   0.672032217077263E+01
   0.946561955329712E-02
   0.732228077397769E+01
   0.100193135713956E-01
   0.775415087552448E+01
   0.106300765561117E-01
   0.801522330522450E+01
   0.110669676445506E-01
   0.815935811336100E+01
   0.114175052606562E-01
   0.823888711443895E+01
   0.117405053288520E-01
   0.825394439535186E+01
   0.119154502612659E-01
   0.820639854330411E+01
   0.119293265473234E-01
   0.811580640055025E+01
   0.118381950144469E-01
   0.799080468908059E+01
   0.116517131570491E-01
   0.784638848325231E+01
   0.114434594150235E-01
   0.769764735231630E+01
   0.112346069124226E-01
   0.755776910446569E+01
   0.110616594342191E-01
   0.742463382665086E+01
   0.109053728831614E-01
   0.730607054405643E+01
   0.107956165033820E-01
   0.433314955295748E+01
   0.930122352642913E-02
   0.422658149033071E+01
   0.921727246986979E-02
   0.412580209630421E+01
   0.914640038893223E-02
   0.402788984655200E+01
   0.907555086089670E-02
   0.393039251911552E+01
   0.899818346251206E-02
   0.383697629621210E+01
   0.893510195882747E-02
   0.375097183515489E+01
   0.889716347085649E-02
   0.367126113819127E+01
   0.888400011108964E-02
   0.359428710287053E+01
   0.887866528204300E-02
   0.351456380255857E+01
   0.885141049297814E-02
   0.345330806744022E+01
   0.885888621195327E-02
   0.341045820860041E+01
   0.887425410110180E-02
   0.339381445865580E+01
   0.889530049424377E-02
   0.341774383430512E+01
   0.893031711124030E-02
   0.349566768581029E+01
   0.899168880645181E-02
   0.363081741053849E+01
   0.915152409595430E-02
   0.377736407420449E+01
   0.946519818650880E-02
   0.381225406642692E+01
   0.984149038310691E-02
   0.357194449020694E+01
   0.911341073944733E-02
   0.339066638581881E+01
   0.853058800802720E-02
   0.341633375801072E+01
   0.801547173546739E-02
   0.369060222601443E+01
   0.791145889851045E-02
   0.403190825361935E+01
   0.796744782819380E-02
   0.434259436433666E+01
   0.821848479369911E-02
   0.457648940403817E+01
   0.847968628484307E-02
   0.474876079503858E+01
   0.875023059657822E-02
   0.488531913011594E+01
   0.908404246737508E-02
   0.497676344399975E+01
   0.938687796178527E-02
   0.501352069131277E+01
   0.959645626017057E-02
   0.499614180216118E+01
   0.968493974688011E-02
   0.493234199800905E+01
   0.966548249219738E-02
   0.483660681449750E+01
   0.958299432947107E-02
   0.472821226257348E+01
   0.948607605562794E-02
   0.462686818800300E+01
   0.943184605705344E-02
   0.452743071966134E+01
   0.938797694041665E-02
   0.442999890268437E+01
   0.934399205078872E-02
   0.784273307916808E+00
   0.728310386987767E-02
   0.717783051484539E+00
   0.727924876717960E-02
   0.648207866972329E+00
   0.726062058198501E-02
   0.575896368200098E+00
   0.723070243703901E-02
   0.501551360590587E+00
   0.718600953250620E-02
   0.431024536118766E+00
   0.713946094705484E-02
   0.368782461608813E+00
   0.710499972480903E-02
   0.313035552389732E+00
   0.708114723487266E-02
   0.262024749738466E+00
   0.705995815285758E-02
   0.222298648091881E+00
   0.704741958889790E-02
   0.203578012884491E+00
   0.706092650280119E-02
   0.202341176887738E+00
   0.708034273760400E-02
   0.219932813583895E+00
   0.710476957996871E-02
   0.260129170201036E+00
   0.713554569587103E-02
   0.323765530157038E+00
   0.717988038468300E-02
   0.403794232381260E+00
   0.726813215379897E-02
   0.484717935844283E+00
   0.747015965526874E-02
   0.501989107967489E+00
   0.768295297047424E-02
   0.377049245917177E+00
   0.741645424637028E-02
   0.230553772471394E+00
   0.703942062903584E-02
   0.158994385588286E+00
   0.667353941402423E-02
   0.220961602295083E+00
   0.646639196308116E-02
   0.353877094020574E+00
   0.635863059136671E-02
   0.510263262896750E+00
   0.634367529700275E-02
   0.657445616649428E+00
   0.637455538958394E-02
   0.791026889138322E+00
   0.644782003015561E-02
   0.915730539431087E+00
   0.659711785333623E-02
   0.102411091610098E+01
   0.680432589488322E-02
   0.110144874411957E+01
   0.701287566979408E-02
   0.113692721777818E+01
   0.716029783261371E-02
   0.113183483011598E+01
   0.723758996388107E-02
   0.109526983238336E+01
   0.726495838624852E-02
   0.103933918655529E+01
   0.726088839888349E-02
   0.979941727321535E+00
   0.726791597755613E-02
   0.918363817066158E+00
   0.727952361735311E-02
   0.849857675944353E+00
   0.727682005803401E-02
  -0.376678395867917E+01
   0.489521997787387E-02
  -0.379493868796362E+01
   0.490936047653245E-02
  -0.382810620211137E+01
   0.490279564851511E-02
  -0.386511398544814E+01
   0.487780802753808E-02
  -0.390360163574722E+01
   0.483822896902675E-02
  -0.393463974313177E+01
   0.479648137004540E-02
  -0.395458598857151E+01
   0.476282711294660E-02
  -0.396202779660489E+01
   0.474438183704458E-02
  -0.395793645071750E+01
   0.473809033886863E-02
  -0.394209374862599E+01
   0.474175478213745E-02
  -0.391533854179868E+01
   0.474741881926812E-02
  -0.388143773021384E+01
   0.475435028623661E-02
  -0.384188188230048E+01
   0.476879318766025E-02
  -0.379687672317401E+01
   0.479825315652469E-02
  -0.375179430318225E+01
   0.484470456799219E-02
  -0.371482681299366E+01
   0.491981582100374E-02
  -0.369893881365557E+01
   0.503079936685974E-02
  -0.372587943955875E+01
   0.513736591565915E-02
  -0.380637116252820E+01
   0.514181862069354E-02
  -0.391239262574526E+01
   0.504036874478522E-02
  -0.400562196553859E+01
   0.487424653188844E-02
  -0.405998274565572E+01
   0.469414971845603E-02
  -0.407346625291832E+01
   0.453528115181174E-02
  -0.405037688263178E+01
   0.442360041595713E-02
  -0.399968770007726E+01
   0.437223748461695E-02
  -0.392861364413890E+01
   0.438781407780486E-02
  -0.384543842764198E+01
   0.446140978150605E-02
  -0.376458155761773E+01
   0.456822702724605E-02
  -0.369933318954804E+01
   0.468109666494485E-02
  -0.365880968146773E+01
   0.477048737480213E-02
  -0.364518978362416E+01
   0.481897079983678E-02
  -0.365321889252729E+01
   0.483381737488865E-02
  -0.367360413752436E+01
   0.483397940939128E-02
  -0.369737879991235E+01
   0.483902854676083E-02
  -0.372036359445902E+01
   0.485195808640105E-02
  -0.374264620197134E+01
   0.487127230123427E-02
  -0.100010904025280E+02
   0.273961555849005E-02
  -0.994195853486531E+01
   0.276575226509162E-02
  -0.989064517113424E+01
   0.277805141035555E-02
  -0.984211053049633E+01
   0.278101216815185E-02
  -0.978019123538780E+01
   0.279377863355563E-02
  -0.969855567170410E+01
   0.282244479255596E-02
  -0.959156674702651E+01
   0.287263234003758E-02
  -0.945438459426334E+01
   0.294960410177691E-02
  -0.930947126136729E+01
   0.303255266257757E-02
  -0.916206929683014E+01
   0.311838399797636E-02
  -0.902144731613190E+01
   0.320097869289188E-02
  -0.889907125881160E+01
   0.327581936069101E-02
  -0.878530810336173E+01
   0.336105923077840E-02
  -0.872446772192495E+01
   0.340457698261605E-02
  -0.871655260596632E+01
   0.341215725402739E-02
  -0.876582504730518E+01
   0.338319747175461E-02
  -0.888085658513172E+01
   0.331002845373934E-02
  -0.907409636116776E+01
   0.317665219521605E-02
  -0.928465024130422E+01
   0.305212302443453E-02
  -0.950687315404269E+01
   0.293150900283906E-02
  -0.972869626544392E+01
   0.281528627232442E-02
  -0.994607538405599E+01
   0.269524703340292E-02
  -0.101490788182211E+02
   0.257603248431796E-02
  -0.102878012125661E+02
   0.249952408188139E-02
  -0.103696127885272E+02
   0.245906333568656E-02
  -0.104053531832011E+02
   0.244685520655816E-02
  -0.104086524580932E+02
   0.245371603702763E-02
  -0.103942919043514E+02
   0.246977540997058E-02
  -0.103742135428479E+02
   0.248700733922908E-02
  -0.103541488874045E+02
   0.250168810156900E-02
  -0.103353260738889E+02
   0.251342885576835E-02
  -0.103136861334753E+02
   0.252609604761866E-02
  -0.102845036263679E+02
   0.254411048336408E-02
  -0.102403657308997E+02
   0.257391852940705E-02
  -0.101734359740165E+02
   0.262171641780201E-02
  -0.100755963041401E+02
   0.269361802036927E-02
