   0.841517939756652E+01
   0.645532463250739E-02
   0.728825177716753E+01
   0.616750507365243E-02
   0.656205701741973E+01
   0.594276529182052E-02
   0.615124934963129E+01
   0.577914036367853E-02
   0.607207891798550E+01
   0.568055364710777E-02
   0.645268507790922E+01
   0.565291698011835E-02
   0.593706846852409E+01
   0.570462800845138E-02
   0.595157170129258E+01
   0.584055853657110E-02
   0.645773453791492E+01
   0.606183696054974E-02
   0.744703589993797E+01
   0.636430635938553E-02
   0.895330943447251E+01
   0.674033226844666E-02
   0.111770020337417E+02
   0.717626256566988E-02
   0.144085650699310E+02
   0.765805430772920E-02
   0.172333641270470E+02
   0.816082163009168E-02
   0.197758471896358E+02
   0.865826800021688E-02
   0.220681045153306E+02
   0.912857692993643E-02
   0.240212551855115E+02
   0.955578754543286E-02
   0.256139763763329E+02
   0.992959623180474E-02
   0.268612096443118E+02
   0.102443289024418E-01
   0.277953277545844E+02
   0.105003066600547E-01
   0.284537572895343E+02
   0.107033669869468E-01
   0.288690842777034E+02
   0.108572572370224E-01
   0.290605913287379E+02
   0.109614064267231E-01
   0.290281257573200E+02
   0.110107552777091E-01
   0.287521125318939E+02
   0.109961363163349E-01
   0.281987815326448E+02
   0.109089476008741E-01
   0.273230785055471E+02
   0.107452613591313E-01
   0.260677527505135E+02
   0.105026938123114E-01
   0.243602798647901E+02
   0.101798368186169E-01
   0.221101180881880E+02
   0.977926435732464E-02
   0.192089818744788E+02
   0.931082259690191E-02
   0.155338640251071E+02
   0.879299845799207E-02
   0.127340563664742E+02
   0.825302322497255E-02
   0.107157581206933E+02
   0.772368258709955E-02
   0.936406851417809E+01
   0.723620214913396E-02
   0.860513273805218E+01
   0.681132549757030E-02
   0.117346768191270E+02
   0.813304787734394E-02
   0.123036390807123E+02
   0.785660568715578E-02
   0.120931591615712E+02
   0.761122905537019E-02
   0.112973955940954E+02
   0.735948507122639E-02
   0.976231140855551E+01
   0.716819880678486E-02
   0.906699105826933E+01
   0.708051191679269E-02
   0.883574285057201E+01
   0.708105840101835E-02
   0.904709890401842E+01
   0.718783159149263E-02
   0.974991345948951E+01
   0.738218640799229E-02
   0.111166067488335E+02
   0.763488704863470E-02
   0.113246977686203E+02
   0.798595892742270E-02
   0.120980890932648E+02
   0.838736068283501E-02
   0.135221169519837E+02
   0.900443478044086E-02
   0.155297603074149E+02
   0.972815650677383E-02
   0.182847109735001E+02
   0.104376475832130E-01
   0.221629740697498E+02
   0.111013610365208E-01
   0.248408313962455E+02
   0.116994205597545E-01
   0.266530858535011E+02
   0.122052793935451E-01
   0.278344838434096E+02
   0.125637493923060E-01
   0.285662129593803E+02
   0.127666481901166E-01
   0.290069603737551E+02
   0.129432909106341E-01
   0.292943023580081E+02
   0.131342913525172E-01
   0.295235294020957E+02
   0.133422135960786E-01
   0.296948881317229E+02
   0.135550343581978E-01
   0.297243700441300E+02
   0.136815562090555E-01
   0.295377291273916E+02
   0.136447586693696E-01
   0.290911967466347E+02
   0.135038956353740E-01
   0.283518993655184E+02
   0.132795914432428E-01
   0.272650150877626E+02
   0.129444445586218E-01
   0.257186170368458E+02
   0.124672689231270E-01
   0.235484728296768E+02
   0.118423497083630E-01
   0.205886487699475E+02
   0.111084202702332E-01
   0.167120349547392E+02
   0.102927358961002E-01
   0.142509293509279E+02
   0.951835110007960E-02
   0.127492415760521E+02
   0.889865190526358E-02
   0.119357583828999E+02
   0.846281401730817E-02
   0.143099759673832E+02
   0.104282670386833E-01
   0.139479103440909E+02
   0.101585006801995E-01
   0.134759339584563E+02
   0.989159024531846E-02
   0.128342487567259E+02
   0.941008706501138E-02
   0.121387053038735E+02
   0.896397821459414E-02
   0.117379898887237E+02
   0.887630404353223E-02
   0.116287615253713E+02
   0.899727309582464E-02
   0.118037252493010E+02
   0.924202177109016E-02
   0.122532552364965E+02
   0.952318201337094E-02
   0.130542130215826E+02
   0.989202472520820E-02
   0.143431009598144E+02
   0.102326871636121E-01
   0.145638008532826E+02
   0.988835643283682E-02
   0.159563552010489E+02
   0.106438858688584E-01
   0.178875576055881E+02
   0.115488101879818E-01
   0.204086164849914E+02
   0.122024401542022E-01
   0.240051135330929E+02
   0.128796123153219E-01
   0.262976769875139E+02
   0.136049823327848E-01
   0.277326023528940E+02
   0.143541841622198E-01
   0.285250652741558E+02
   0.147733193508690E-01
   0.288445997422325E+02
   0.145647476977805E-01
   0.288933251812500E+02
   0.146156348782636E-01
   0.289099892321053E+02
   0.148295788059314E-01
   0.291612500861281E+02
   0.151379450548744E-01
   0.296205526382170E+02
   0.157183309567213E-01
   0.299376725988745E+02
   0.161464995497232E-01
   0.299690720023747E+02
   0.159392471086026E-01
   0.297133697718912E+02
   0.157268671325039E-01
   0.292266664738278E+02
   0.155688634713408E-01
   0.285488116243971E+02
   0.152894336912226E-01
   0.275417224769660E+02
   0.147629309137877E-01
   0.258792401433062E+02
   0.139577395684566E-01
   0.232622898267690E+02
   0.131650527875575E-01
   0.194031134467739E+02
   0.121419907485911E-01
   0.170438711114875E+02
   0.113181653786951E-01
   0.156719070043727E+02
   0.108859078175796E-01
   0.148466094920486E+02
   0.107175900560081E-01
   0.171193334732082E+02
   0.132345566023356E-01
   0.165785886922781E+02
   0.127877171032632E-01
   0.160209866087144E+02
   0.123408096794872E-01
   0.154371551947449E+02
   0.118856165300445E-01
   0.148792448935961E+02
   0.113900209236980E-01
   0.145154285604197E+02
   0.111682263585607E-01
   0.143769115675455E+02
   0.112475564749907E-01
   0.144300528847700E+02
   0.114267170228880E-01
   0.146471844341716E+02
   0.115602688563962E-01
   0.150528628219792E+02
   0.115549191352174E-01
   0.157048186278099E+02
   0.116935261012714E-01
   0.166606345057961E+02
   0.113430060873359E-01
   0.192349825895605E+02
   0.124653114528250E-01
   0.214215333056104E+02
   0.129395501094418E-01
   0.235821957115822E+02
   0.132961182567519E-01
   0.257848388394564E+02
   0.138704291062195E-01
   0.274460140647295E+02
   0.145462635706317E-01
   0.284741145396008E+02
   0.151571416124091E-01
   0.288896081202650E+02
   0.154891407669232E-01
   0.287834820189130E+02
   0.155526854730306E-01
   0.283454750079026E+02
   0.157417207944030E-01
   0.278979204163637E+02
   0.158710135933492E-01
   0.281971464589737E+02
   0.161475325484937E-01
   0.292249304233737E+02
   0.173444967997154E-01
   0.298646171690827E+02
   0.177047943956487E-01
   0.300248880070073E+02
   0.173161058789400E-01
   0.297963211260087E+02
   0.174994432801823E-01
   0.293738872356172E+02
   0.170934002805841E-01
   0.290481487694288E+02
   0.167428936529593E-01
   0.286729272823001E+02
   0.163662199963701E-01
   0.275738340406077E+02
   0.157725946636534E-01
   0.253647378401430E+02
   0.150585371969065E-01
   0.217542761863693E+02
   0.142420048912083E-01
   0.196521975788413E+02
   0.137528677662845E-01
   0.184622239369765E+02
   0.135711842980109E-01
   0.177057547179042E+02
   0.134421500182623E-01
   0.196400529305646E+02
   0.161061430958227E-01
   0.190521119474072E+02
   0.154438261210842E-01
   0.184708269417214E+02
   0.147449373533276E-01
   0.179266075635788E+02
   0.141897715017853E-01
   0.174413502491459E+02
   0.137039771390663E-01
   0.170856269172629E+02
   0.133919056132091E-01
   0.168833944080304E+02
   0.132933991011820E-01
   0.168144068984659E+02
   0.132844556667302E-01
   0.168607187626942E+02
   0.132356415441391E-01
   0.170465743397701E+02
   0.131022340372011E-01
   0.174411677290848E+02
   0.127991326689877E-01
   0.183311672696722E+02
   0.126433911515951E-01
   0.207838057865162E+02
   0.136875313240901E-01
   0.230615532000283E+02
   0.138656559768847E-01
   0.250063569145249E+02
   0.140830435522928E-01
   0.267505056833008E+02
   0.147268936343105E-01
   0.281020484699176E+02
   0.155204773311591E-01
   0.288726667656343E+02
   0.161369208530582E-01
   0.289896499834610E+02
   0.163287675708261E-01
   0.284703893772697E+02
   0.162506931107279E-01
   0.274741479950018E+02
   0.166443851002195E-01
   0.261915409517202E+02
   0.164461140260742E-01
   0.265449390965202E+02
   0.170837565134910E-01
   0.287077056699538E+02
   0.186631266970664E-01
   0.296350605561188E+02
   0.182812334776961E-01
   0.298315677333099E+02
   0.184591938786896E-01
   0.294728345549888E+02
   0.187307605451084E-01
   0.288904136878572E+02
   0.182316877464167E-01
   0.288879113993490E+02
   0.175832231681411E-01
   0.293782989403859E+02
   0.174055267600845E-01
   0.288841891199659E+02
   0.169144968165703E-01
   0.270775416644937E+02
   0.164512755454514E-01
   0.237150153346898E+02
   0.160580194200134E-01
   0.218726863035121E+02
   0.158226612447803E-01
   0.208822913077847E+02
   0.162294689527034E-01
   0.202252023936415E+02
   0.164445967082804E-01
   0.217676651879010E+02
   0.184737026186754E-01
   0.211723559583766E+02
   0.175493354252854E-01
   0.206075806088995E+02
   0.166918594977587E-01
   0.201099228887511E+02
   0.160835616216290E-01
   0.196833901139348E+02
   0.156414945847714E-01
   0.193458390109485E+02
   0.153033631166608E-01
   0.191048842548947E+02
   0.150606993269925E-01
   0.189525527420884E+02
   0.148780004127204E-01
   0.188858443877399E+02
   0.146910889843890E-01
   0.189346969893669E+02
   0.145429833345702E-01
   0.191568853236192E+02
   0.143661233054007E-01
   0.197481871899995E+02
   0.140112245178407E-01
   0.212700271586725E+02
   0.142376435500195E-01
   0.238252528179097E+02
   0.147264125294566E-01
   0.255981667058637E+02
   0.148845707704237E-01
   0.271302307214541E+02
   0.158020603458884E-01
   0.283649229874527E+02
   0.167839986661266E-01
   0.289921409453972E+02
   0.173122587730240E-01
   0.288848025118580E+02
   0.170960645477727E-01
   0.279808783868442E+02
   0.172789021370875E-01
   0.264581042662671E+02
   0.175109232619157E-01
   0.256818567350032E+02
   0.175311611761504E-01
   0.261157868451164E+02
   0.179680642874330E-01
   0.283815298641359E+02
   0.191137588512895E-01
   0.293197555147670E+02
   0.189768352219757E-01
   0.294656139586098E+02
   0.194767409954967E-01
   0.288453662967108E+02
   0.194947675586244E-01
   0.277708142524429E+02
   0.188263455143089E-01
   0.280520984363302E+02
   0.179898903423198E-01
   0.298621975123902E+02
   0.179587159868469E-01
   0.299526736402069E+02
   0.177604478211387E-01
   0.285101112118652E+02
   0.176031446277176E-01
   0.253832847609165E+02
   0.179000282332555E-01
   0.237927332811641E+02
   0.181943890280919E-01
   0.229620724934760E+02
   0.190578272681072E-01
   0.223549063509659E+02
   0.190984837384723E-01
   0.235134440329009E+02
   0.200781469718791E-01
   0.229421951542516E+02
   0.190269399680139E-01
   0.224246977243202E+02
   0.181860533067751E-01
   0.219855158145034E+02
   0.176399567947241E-01
   0.216140318677344E+02
   0.172654510469692E-01
   0.213041165343085E+02
   0.169464214479797E-01
   0.210511836014714E+02
   0.166353419178566E-01
   0.208529757210128E+02
   0.163492088461907E-01
   0.207176533877816E+02
   0.161237062218797E-01
   0.206751516338280E+02
   0.160390660786705E-01
   0.207617961169204E+02
   0.159788427112910E-01
   0.210908070818383E+02
   0.155325891267751E-01
   0.220214533070818E+02
   0.148948514367639E-01
   0.241346007764866E+02
   0.150419651826775E-01
   0.256273394920903E+02
   0.156372448093456E-01
   0.270311442622674E+02
   0.167686260561179E-01
   0.282937938664304E+02
   0.183829553546478E-01
   0.288587743791412E+02
   0.187632176152406E-01
   0.285995989572817E+02
   0.182836410179516E-01
   0.273164274627920E+02
   0.184439960743198E-01
   0.263888909780837E+02
   0.189437440539968E-01
   0.259444017209247E+02
   0.191345744603097E-01
   0.262726739678884E+02
   0.189244291725293E-01
   0.280666850228023E+02
   0.194319098082646E-01
   0.288568907453089E+02
   0.196820400502360E-01
   0.289519422175082E+02
   0.198539731076584E-01
   0.280086654384192E+02
   0.199286267181644E-01
   0.274945972677327E+02
   0.193566553282547E-01
   0.280450072077511E+02
   0.185911042050377E-01
   0.303489843689250E+02
   0.179248024412702E-01
   0.308366451102431E+02
   0.182221120585689E-01
   0.297028265414816E+02
   0.186090991144833E-01
   0.268063736615736E+02
   0.197366557823403E-01
   0.254392857612870E+02
   0.208449556632392E-01
   0.246886533707252E+02
   0.215011471277354E-01
   0.240950303817637E+02
   0.210156005547420E-01
   0.249412143839128E+02
   0.212137528948277E-01
   0.244221789035255E+02
   0.203492907870454E-01
   0.239667173551915E+02
   0.197236169516407E-01
   0.235869581912195E+02
   0.193471577105981E-01
   0.232644690171349E+02
   0.190187732992746E-01
   0.229861849013827E+02
   0.186978005324327E-01
   0.227402415434449E+02
   0.183404890852987E-01
   0.225237298103907E+02
   0.179899942759848E-01
   0.223472046671020E+02
   0.177175349285498E-01
   0.222346555080969E+02
   0.176271427539945E-01
   0.222084443314801E+02
   0.175839843651543E-01
   0.223287994933343E+02
   0.170052130941819E-01
   0.228204163595719E+02
   0.160169397749800E-01
   0.240263629856103E+02
   0.153769069481386E-01
   0.251705259298369E+02
   0.164976695668481E-01
   0.264960675772423E+02
   0.180585132498646E-01
   0.279332965656319E+02
   0.202253174079989E-01
   0.284883051493210E+02
   0.206360241810681E-01
   0.281583574100498E+02
   0.199280925122456E-01
   0.274111025499434E+02
   0.197347736163866E-01
   0.268412993860108E+02
   0.209803114628055E-01
   0.265391231753236E+02
   0.209841963414376E-01
   0.266931868668224E+02
   0.200988054619740E-01
   0.275772873141423E+02
   0.195656514783979E-01
   0.281762034663225E+02
   0.198471167884989E-01
   0.283195008545270E+02
   0.203466727769134E-01
   0.279404997117994E+02
   0.205942113213657E-01
   0.277625734900825E+02
   0.205544311555978E-01
   0.283822633999880E+02
   0.194904825555884E-01
   0.307740152411677E+02
   0.177395626250798E-01
   0.315407324494407E+02
   0.186733703374533E-01
   0.306746527550692E+02
   0.196374566751932E-01
   0.280307926069795E+02
   0.218916088967976E-01
   0.268068882724853E+02
   0.230456352072627E-01
   0.260675689229332E+02
   0.227591914328002E-01
   0.254898155891728E+02
   0.221030124156970E-01
   0.261172114549104E+02
   0.226247587003044E-01
   0.256605231123361E+02
   0.221015553711033E-01
   0.252631532640697E+02
   0.216675019874904E-01
   0.249339335362567E+02
   0.213949664026202E-01
   0.246557202366567E+02
   0.211377552108840E-01
   0.244119020787502E+02
   0.208901586112756E-01
   0.241849927457901E+02
   0.206155764349036E-01
   0.239652246701102E+02
   0.203302189658648E-01
   0.237591064524071E+02
   0.200686196990230E-01
   0.235805217573653E+02
   0.197782989849300E-01
   0.234531060394129E+02
   0.193684622653428E-01
   0.234278906650269E+02
   0.184774968158341E-01
   0.236551231703215E+02
   0.174189042562039E-01
   0.244279365612217E+02
   0.165503680292914E-01
   0.252414844579130E+02
   0.167000020842720E-01
   0.264818450991386E+02
   0.179334519135242E-01
   0.282471854983228E+02
   0.210253502993372E-01
   0.287581983695263E+02
   0.226648764137892E-01
   0.283998244366239E+02
   0.215762823855517E-01
   0.279605544257120E+02
   0.209715280089741E-01
   0.274691080771294E+02
   0.223658497755740E-01
   0.272112408307949E+02
   0.221908077975160E-01
   0.272700140713133E+02
   0.213163431139322E-01
   0.277454462340882E+02
   0.209278548932028E-01
   0.282447866390361E+02
   0.209552956950466E-01
   0.284440344376735E+02
   0.215773259193545E-01
   0.283228838556770E+02
   0.218555201772110E-01
   0.282770915567270E+02
   0.218066070054194E-01
   0.288131548207098E+02
   0.203245277214955E-01
   0.310552979706052E+02
   0.179515959253876E-01
   0.320621560534158E+02
   0.194455468695705E-01
   0.314344692486186E+02
   0.208451115337370E-01
   0.290394816606746E+02
   0.239810646555750E-01
   0.278920200345780E+02
   0.243330702665509E-01
   0.271550104495567E+02
   0.235115065474251E-01
   0.266131221760357E+02
   0.231495933554582E-01
   0.270913888705538E+02
   0.241568817431232E-01
   0.266919001118007E+02
   0.237934572715233E-01
   0.263436620819800E+02
   0.234554918160693E-01
   0.260562721311302E+02
   0.232244891958623E-01
   0.258176780743470E+02
   0.230562443959858E-01
   0.256073920898722E+02
   0.229158381464976E-01
   0.254011397531413E+02
   0.227478491864439E-01
   0.251796739671451E+02
   0.225132394460084E-01
   0.249446066390325E+02
   0.222437588960544E-01
   0.247066195282854E+02
   0.218291393557024E-01
   0.244952293920497E+02
   0.212238803057668E-01
   0.243662731830594E+02
   0.202565674456617E-01
   0.244510887474700E+02
   0.187252035147711E-01
   0.250909633838301E+02
   0.179783803006982E-01
   0.256028164083931E+02
   0.177883962185171E-01
   0.267412536416393E+02
   0.175204206396064E-01
   0.290815663468937E+02
   0.210324548231013E-01
   0.294027838726125E+02
   0.238398588638245E-01
   0.289372700625713E+02
   0.238932708987573E-01
   0.287691140983227E+02
   0.220555973111415E-01
   0.281030081310237E+02
   0.237202913264880E-01
   0.278550074766267E+02
   0.233553139040193E-01
   0.278502187476753E+02
   0.227906355887618E-01
   0.281480305183619E+02
   0.223637997570506E-01
   0.286573754277110E+02
   0.225164201085741E-01
   0.288970131933863E+02
   0.232688267682075E-01
   0.288999600284388E+02
   0.234175850695697E-01
   0.288673457993704E+02
   0.230455571805363E-01
   0.292190917764574E+02
   0.213255954729681E-01
   0.311156498975959E+02
   0.190797877614580E-01
   0.324047941342464E+02
   0.206730173825724E-01
   0.319922595621617E+02
   0.222743822679880E-01
   0.298491545708873E+02
   0.259003029534389E-01
   0.287559736220090E+02
   0.257951756732327E-01
   0.280330402309730E+02
   0.247051559321849E-01
   0.275303115764469E+02
   0.244774281315615E-01
   0.279037580264946E+02
   0.257071254653077E-01
   0.275467390349052E+02
   0.253760816589542E-01
   0.272365342920736E+02
   0.250893453106922E-01
   0.269827180359178E+02
   0.249030561698346E-01
   0.267777185349118E+02
   0.248525493981791E-01
   0.265963736880807E+02
   0.248310563606191E-01
   0.264080802045974E+02
   0.247719898489608E-01
   0.261831349948489E+02
   0.245614334824626E-01
   0.259187415079225E+02
   0.242075065448801E-01
   0.256289761258056E+02
   0.236069864489978E-01
   0.253532726194001E+02
   0.227777088400902E-01
   0.251578825514015E+02
   0.216721190283592E-01
   0.251830395455787E+02
   0.202538622295595E-01
   0.259140751294389E+02
   0.195092299858112E-01
   0.261080149202021E+02
   0.200342716913303E-01
   0.271430332189180E+02
   0.183816190842988E-01
   0.297273953223204E+02
   0.210380434729451E-01
   0.303210617136565E+02
   0.240745221365388E-01
   0.295182637967557E+02
   0.259334440542312E-01
   0.290864681553404E+02
   0.241625282218785E-01
   0.286582008378697E+02
   0.251505072632237E-01
   0.284654911266914E+02
   0.248685832956678E-01
   0.284372050745439E+02
   0.242403909470379E-01
   0.286640275175134E+02
   0.235406318601796E-01
   0.292929171982275E+02
   0.234661864466248E-01
   0.295318523459084E+02
   0.250039331350977E-01
   0.295953905130710E+02
   0.249349215630464E-01
   0.295272823088087E+02
   0.244939320297899E-01
   0.296671329078884E+02
   0.228830396428204E-01
   0.308823026432320E+02
   0.216881934737614E-01
   0.325991541360197E+02
   0.224170763958162E-01
   0.323705073967944E+02
   0.240488138801999E-01
   0.304808736545030E+02
   0.278179463075159E-01
   0.294493859099856E+02
   0.272736859730177E-01
   0.287613203890560E+02
   0.261490978104338E-01
   0.282975873532963E+02
   0.259754820688570E-01
   0.285606962538588E+02
   0.271012549516869E-01
   0.282336155275378E+02
   0.267671521833259E-01
   0.279515985847808E+02
   0.265218264968259E-01
   0.277230145971637E+02
   0.264110705142459E-01
   0.275418351714577E+02
   0.264729965998961E-01
   0.273802985341891E+02
   0.265611280004041E-01
   0.272027348457431E+02
   0.265883869205974E-01
   0.269705368259876E+02
   0.263660044648671E-01
   0.266786736407410E+02
   0.258662625803024E-01
   0.263510724769495E+02
   0.250523418462021E-01
   0.260384579141548E+02
   0.240021542571753E-01
   0.258173976083619E+02
   0.228763126258661E-01
   0.258105248228304E+02
   0.220320046435147E-01
   0.262459964638432E+02
   0.215038656738239E-01
   0.266013505848076E+02
   0.221558887222956E-01
   0.276069429989303E+02
   0.202828330824927E-01
   0.302173882645071E+02
   0.218911027415620E-01
   0.309085556135863E+02
   0.241232205549617E-01
   0.300466469699051E+02
   0.267736129526783E-01
   0.294945201377948E+02
   0.258830880364390E-01
   0.291544046427923E+02
   0.260070679249069E-01
   0.290268104831666E+02
   0.262672954920600E-01
   0.290079839169246E+02
   0.256739152527128E-01
   0.292187153626264E+02
   0.248142133807456E-01
   0.301307533103629E+02
   0.237659682964467E-01
   0.302578135491820E+02
   0.256691220416471E-01
   0.303812633193747E+02
   0.258658339944412E-01
   0.302499957042732E+02
   0.262315485019910E-01
   0.301877464094943E+02
   0.249094992057771E-01
   0.309374858936808E+02
   0.237170130253911E-01
   0.326922858919390E+02
   0.238754319328150E-01
   0.325811857006082E+02
   0.258592115686307E-01
   0.309388160476354E+02
   0.295617966291837E-01
   0.299884808788994E+02
   0.286126475501582E-01
   0.293504506397710E+02
   0.275367677078024E-01
   0.289214156191080E+02
   0.273630445158545E-01
   0.290661065555662E+02
   0.284132795723206E-01
   0.287596123034443E+02
   0.280821729892873E-01
   0.284962764082189E+02
   0.278640457744557E-01
   0.282818870916099E+02
   0.277982487459870E-01
   0.281105028823273E+02
   0.278748827614026E-01
   0.279557523344604E+02
   0.279862150463087E-01
   0.277795191937506E+02
   0.280164711849262E-01
   0.275376086220574E+02
   0.277215655539843E-01
   0.272257879216517E+02
   0.270732999302518E-01
   0.268814974305675E+02
   0.261408176477021E-01
   0.265654219705488E+02
   0.250861864854248E-01
   0.263556616074980E+02
   0.242758613605502E-01
   0.263366421748754E+02
   0.238709379428677E-01
   0.266106702590901E+02
   0.228336068480307E-01
   0.270385980568778E+02
   0.232570556991511E-01
   0.280731029251360E+02
   0.228151026189037E-01
   0.305795062042064E+02
   0.239830721072489E-01
   0.312880102536839E+02
   0.247374226872380E-01
   0.305396176656819E+02
   0.265706581532260E-01
   0.298998798652002E+02
   0.275794572208250E-01
   0.296017220826642E+02
   0.273415598760995E-01
   0.295254859262311E+02
   0.276754679139494E-01
   0.295320961039636E+02
   0.271899701705040E-01
   0.297326666414932E+02
   0.263904797510719E-01
   0.306098491323499E+02
   0.248441407204792E-01
   0.310526398652313E+02
   0.263568022588327E-01
   0.312808983752816E+02
   0.261578307869387E-01
   0.310135089064463E+02
   0.276084371300060E-01
   0.307406077100651E+02
   0.271939045751076E-01
   0.311558933616367E+02
   0.257179366626005E-01
   0.326932106771179E+02
   0.249079702571280E-01
   0.326374320206066E+02
   0.272477728983093E-01
   0.312219673722556E+02
   0.303246359628026E-01
   0.303807729294252E+02
   0.295978517387002E-01
   0.298051780066962E+02
   0.288833110473359E-01
   0.294040527072877E+02
   0.286832581133253E-01
   0.294187659865994E+02
   0.296289029396863E-01
   0.291251677602420E+02
   0.293181309611096E-01
   0.288712310151865E+02
   0.291102671955489E-01
   0.286589856988964E+02
   0.289923640303549E-01
   0.284835857855503E+02
   0.289438722601036E-01
   0.283232235072032E+02
   0.289566499066305E-01
   0.281410469634389E+02
   0.289342901808362E-01
   0.278911024362910E+02
   0.286034360056642E-01
   0.275720787016363E+02
   0.279150070653905E-01
   0.272345303624729E+02
   0.270839627721911E-01
   0.269431979462396E+02
   0.263047015563822E-01
   0.267651179113070E+02
   0.258073437602241E-01
   0.267444447740025E+02
   0.253139477939562E-01
   0.269429630642917E+02
   0.242382600539096E-01
   0.274091208412546E+02
   0.245294869835959E-01
   0.284708386387460E+02
   0.254276585219013E-01
   0.308043288981481E+02
   0.254734212410590E-01
   0.314987395107946E+02
   0.250145334405011E-01
   0.310874276366100E+02
   0.258251538026605E-01
   0.302345156832321E+02
   0.284548263607812E-01
   0.299781223096636E+02
   0.288173920602090E-01
   0.299431377306332E+02
   0.289695692269379E-01
   0.299828500526946E+02
   0.286020675755425E-01
   0.301735154232153E+02
   0.283467765034734E-01
   0.307446672864471E+02
   0.266461126519792E-01
   0.314156251495704E+02
   0.272638261172250E-01
   0.317988327614171E+02
   0.270195154410114E-01
   0.318171774549725E+02
   0.280646705983719E-01
   0.312744371145962E+02
   0.296026704996281E-01
   0.314188687369705E+02
   0.279966463191791E-01
   0.326002973449961E+02
   0.261640156098968E-01
   0.325095219695981E+02
   0.286683496011127E-01
   0.313591670459707E+02
   0.310199846037844E-01
   0.306413979164035E+02
   0.306414651277730E-01
   0.301252898002356E+02
   0.302010775429278E-01
   0.297431114300814E+02
   0.299245819629707E-01
   0.296131191801294E+02
   0.305395840422343E-01
   0.293258078412173E+02
   0.302727877828303E-01
   0.290735864619843E+02
   0.300679062583520E-01
   0.288553107581108E+02
   0.298427599411788E-01
   0.286676006079197E+02
   0.296223768975093E-01
   0.284951162283950E+02
   0.295450159251254E-01
   0.283030742279474E+02
   0.295054266754627E-01
   0.280475541264874E+02
   0.291725310917875E-01
   0.277331003183724E+02
   0.285120970084569E-01
   0.274178288374112E+02
   0.278424784053764E-01
   0.271650732625034E+02
   0.273488581113548E-01
   0.270269213973217E+02
   0.269876029374085E-01
   0.270198474288178E+02
   0.262543681288501E-01
   0.271964589728342E+02
   0.252411775069659E-01
   0.276902820676627E+02
   0.257279363259796E-01
   0.287435212993373E+02
   0.271075883069050E-01
   0.308731278643702E+02
   0.256848650090911E-01
   0.315558644829363E+02
   0.251047116362047E-01
   0.313299755520867E+02
   0.255602407291446E-01
   0.304552567086084E+02
   0.288065775351207E-01
   0.302549878736408E+02
   0.297998081209970E-01
   0.302640413624100E+02
   0.300171427793820E-01
   0.303437188312133E+02
   0.297994466353044E-01
   0.305189989698509E+02
   0.297216252591998E-01
   0.308997789298842E+02
   0.277834231076403E-01
   0.314231091292490E+02
   0.280167893686906E-01
   0.319969007174232E+02
   0.278553929272965E-01
   0.322644934189670E+02
   0.285811324400991E-01
   0.317247642927963E+02
   0.315298852961993E-01
   0.316497262532065E+02
   0.304212819680699E-01
   0.324104376244112E+02
   0.278149849142656E-01
   0.321465232471081E+02
   0.305073354499122E-01
   0.313730133335574E+02
   0.316602855206009E-01
   0.307729130926378E+02
   0.315635578891752E-01
   0.303018516619252E+02
   0.312049623686023E-01
   0.299312336396522E+02
   0.308471531814933E-01
   0.296476746063798E+02
   0.304513374923498E-01
   0.293602978452965E+02
   0.301753283961926E-01
   0.291032022261822E+02
   0.299184138389629E-01
   0.288741090731655E+02
   0.296137310730164E-01
   0.286714981212983E+02
   0.293510729255439E-01
   0.284834285048564E+02
   0.292401639104928E-01
   0.282788039017323E+02
   0.291652985429420E-01
   0.280205573176197E+02
   0.288530914784784E-01
   0.277198088939375E+02
   0.283248987410536E-01
   0.274345780255182E+02
   0.278414606969974E-01
   0.272222191075413E+02
   0.275070454326089E-01
   0.271280782120977E+02
   0.272424766824479E-01
   0.271570731579802E+02
   0.265529827470370E-01
   0.273444561799553E+02
   0.256220289120393E-01
   0.278590933282739E+02
   0.263280769491044E-01
   0.288653333501723E+02
   0.275670362274727E-01
   0.308042083972740E+02
   0.252461800852574E-01
   0.314823008137903E+02
   0.250581197698354E-01
   0.313746567721217E+02
   0.255029758149451E-01
   0.305584235826525E+02
   0.287938613661517E-01
   0.304225181394988E+02
   0.304516105798553E-01
   0.304812004835432E+02
   0.310255343321424E-01
   0.306025289689391E+02
   0.308047158897162E-01
   0.307622592036947E+02
   0.304741557185717E-01
   0.310349642562230E+02
   0.289638610267667E-01
   0.314438456614486E+02
   0.287500105145065E-01
   0.319072312872686E+02
   0.291138897997134E-01
   0.324550327036505E+02
   0.292934473881600E-01
   0.320750091319275E+02
   0.321703164039385E-01
   0.317857392005647E+02
   0.319948470960152E-01
   0.320539843523025E+02
   0.297030411451036E-01
   0.318582336523721E+02
   0.313151819969349E-01
   0.312870439654967E+02
   0.318179760157278E-01
   0.307721012672314E+02
   0.317657075848621E-01
   0.303300733786379E+02
   0.312283227679337E-01
   0.299651681961329E+02
   0.307756784003197E-01
   0.295526472633083E+02
   0.288741289562711E-01
   0.292599892713228E+02
   0.284573294720871E-01
   0.289916448447341E+02
   0.280439460734079E-01
   0.287464092898780E+02
   0.276335569293783E-01
   0.285261639012459E+02
   0.273559381175537E-01
   0.283209623962314E+02
   0.272581520633053E-01
   0.281042733066985E+02
   0.272356161314296E-01
   0.278471567362159E+02
   0.270710888617032E-01
   0.275656621778079E+02
   0.268225979254940E-01
   0.273142452186671E+02
   0.266707880807612E-01
   0.271416732611411E+02
   0.265946789201989E-01
   0.270881488550301E+02
   0.265493202918557E-01
   0.271643787015933E+02
   0.262824492428865E-01
   0.273781938432324E+02
   0.255115382366013E-01
   0.279106393758267E+02
   0.265215361149669E-01
   0.288350920032512E+02
   0.273043137662383E-01
   0.306185882051568E+02
   0.250366144862365E-01
   0.312898076556316E+02
   0.251420146035476E-01
   0.312647876831905E+02
   0.253998966234867E-01
   0.305572944477858E+02
   0.295128720901633E-01
   0.304655679470050E+02
   0.308519376360122E-01
   0.305675869162220E+02
   0.315771187863541E-01
   0.307449577299012E+02
   0.316131108847388E-01
   0.308976430121307E+02
   0.310074775627755E-01
   0.311139533625528E+02
   0.299803617865944E-01
   0.314531864393884E+02
   0.301479743840742E-01
   0.318262068755652E+02
   0.302453683555536E-01
   0.324218001606428E+02
   0.301663435547568E-01
   0.323670937927627E+02
   0.313200188457428E-01
   0.317945487646054E+02
   0.322056438028843E-01
   0.317839171968634E+02
   0.304481376530996E-01
   0.315787812187201E+02
   0.311204523277453E-01
   0.311102130360184E+02
   0.310525081878889E-01
   0.306510519613000E+02
   0.306378413684590E-01
   0.302329732156140E+02
   0.299039744086390E-01
   0.298724853137209E+02
   0.293254125669840E-01
   0.293789983401020E+02
   0.269023166772484E-01
   0.290806314665517E+02
   0.264237971699687E-01
   0.288026046133440E+02
   0.259814546597692E-01
   0.285456386009448E+02
   0.256063384841149E-01
   0.283109543888593E+02
   0.253416544032277E-01
   0.280883211677299E+02
   0.251752037758995E-01
   0.278566669408015E+02
   0.250563055392325E-01
   0.275979408754717E+02
   0.249006898813380E-01
   0.273333976766296E+02
   0.248101556747067E-01
   0.271090678487682E+02
   0.248518759207193E-01
   0.269665088813164E+02
   0.250103871986290E-01
   0.269442828617853E+02
   0.253213870387683E-01
   0.270593403844978E+02
   0.256431403099136E-01
   0.273019000814040E+02
   0.252389705735366E-01
   0.278465775973253E+02
   0.267433137627375E-01
   0.286646561204077E+02
   0.268507159537118E-01
   0.303069759330212E+02
   0.250860619053454E-01
   0.309630694368064E+02
   0.253493321045573E-01
   0.310062623860686E+02
   0.252934682348657E-01
   0.304254626616108E+02
   0.297951120809324E-01
   0.303618800454940E+02
   0.304346684043833E-01
   0.304960301256120E+02
   0.310174547712395E-01
   0.307498860014817E+02
   0.316555373536830E-01
   0.309130239735987E+02
   0.313264929849982E-01
   0.311035699143119E+02
   0.306886139122376E-01
   0.313945170715487E+02
   0.311555218878760E-01
   0.316942123650532E+02
   0.312043018598062E-01
   0.321146834590266E+02
   0.315619147391892E-01
   0.323170957882720E+02
   0.309330788396825E-01
   0.316624184392453E+02
   0.315595685559438E-01
   0.315167728552456E+02
   0.305277087606192E-01
   0.312811626976217E+02
   0.303354470484515E-01
   0.308634319887751E+02
   0.295339743257200E-01
   0.304478826031309E+02
   0.288439283239319E-01
   0.300542108929109E+02
   0.280590936961876E-01
   0.297005245732186E+02
   0.274299094666754E-01
   0.291941787259715E+02
   0.259252052460912E-01
   0.288937416050666E+02
   0.254324842311481E-01
   0.286099273677776E+02
   0.249832164419087E-01
   0.283446166513664E+02
   0.246206854574361E-01
   0.280979098575296E+02
   0.243459045794030E-01
   0.278589174026772E+02
   0.241368371687490E-01
   0.276107541885289E+02
   0.239516429234218E-01
   0.273437451550238E+02
   0.237412950327948E-01
   0.270824460762596E+02
   0.236063649809218E-01
   0.268674534249192E+02
   0.236093952939725E-01
   0.267354771971586E+02
   0.237933541218653E-01
   0.267242527374825E+02
   0.242496520825431E-01
   0.268598322047016E+02
   0.250519942041169E-01
   0.271396593370610E+02
   0.258170626446667E-01
   0.276608085880074E+02
   0.270897122977099E-01
   0.283657715501601E+02
   0.260643597317753E-01
   0.298498986487600E+02
   0.250832691397516E-01
   0.304795041008737E+02
   0.254382869471928E-01
   0.305967645798702E+02
   0.254342842868716E-01
   0.301536427168681E+02
   0.302399897185287E-01
   0.301166819639854E+02
   0.300410374293104E-01
   0.302704171766850E+02
   0.297605471911780E-01
   0.306165203297047E+02
   0.309357394315371E-01
   0.307968050060491E+02
   0.314106116264886E-01
   0.309787073068871E+02
   0.309642681741521E-01
   0.312314563195978E+02
   0.316347945215540E-01
   0.314736275475971E+02
   0.320432093605855E-01
   0.317719821842275E+02
   0.328254694806331E-01
   0.319916046218471E+02
   0.309535539018554E-01
   0.314066483622182E+02
   0.311229614101129E-01
   0.312191328003483E+02
   0.304376821607972E-01
   0.309643352410485E+02
   0.296051848757527E-01
   0.305878795609200E+02
   0.285172071913416E-01
   0.302174353478568E+02
   0.277979108582564E-01
   0.298542236950176E+02
   0.270816238215905E-01
   0.295130761317598E+02
   0.264642936963869E-01
   0.290280225027716E+02
   0.266970723910337E-01
   0.287309435178462E+02
   0.260925409528649E-01
   0.284468957983308E+02
   0.255487298107545E-01
   0.281779224855890E+02
   0.251061570578542E-01
   0.279230416198787E+02
   0.247701157914375E-01
   0.276706113242938E+02
   0.245159116908066E-01
   0.274069118323222E+02
   0.243211568787589E-01
   0.271277039521596E+02
   0.241286950728174E-01
   0.268585589938754E+02
   0.240148398350279E-01
   0.266365875450854E+02
   0.240378223271992E-01
   0.264939976713356E+02
   0.242173462975429E-01
   0.264665912054849E+02
   0.246416184211913E-01
   0.265867799631962E+02
   0.254677472112001E-01
   0.268621962938935E+02
   0.265576324908164E-01
   0.273437579829842E+02
   0.275642905648742E-01
   0.279545256482846E+02
   0.257611295113146E-01
   0.292292019361151E+02
   0.249016947595311E-01
   0.298179607475252E+02
   0.250625618325546E-01
   0.300221047887314E+02
   0.259762009435521E-01
   0.297195201104215E+02
   0.303365115385681E-01
   0.297325838420608E+02
   0.298327994130258E-01
   0.299215932413019E+02
   0.290074808264997E-01
   0.303696645886879E+02
   0.296292791876185E-01
   0.305531913024869E+02
   0.316994530399502E-01
   0.307434581704348E+02
   0.317544337107189E-01
   0.309544727667671E+02
   0.322673832047131E-01
   0.311349901981825E+02
   0.325144704025238E-01
   0.313160099975593E+02
   0.328275383769332E-01
   0.313876435821055E+02
   0.319403820280705E-01
   0.310461502694831E+02
   0.319053767942684E-01
   0.308748006379107E+02
   0.314664845456257E-01
   0.306311756469741E+02
   0.304895689986269E-01
   0.303067786798500E+02
   0.294545255726214E-01
   0.299876090293101E+02
   0.287536318467395E-01
   0.296609887880550E+02
   0.280437812816754E-01
   0.293387296422077E+02
   0.273443886426605E-01
   0.288617060874215E+02
   0.290890571004037E-01
   0.285812648204553E+02
   0.284124157474002E-01
   0.283081131073277E+02
   0.277426408611025E-01
   0.280438067326707E+02
   0.271432877823002E-01
   0.277873993141384E+02
   0.266710822802148E-01
   0.275261481349800E+02
   0.263087994770643E-01
   0.272478307358565E+02
   0.260429641145827E-01
   0.269519779906217E+02
   0.257849037357527E-01
   0.266641787420411E+02
   0.255671449786710E-01
   0.264190493785328E+02
   0.254434852717988E-01
   0.262445180104999E+02
   0.253705798227096E-01
   0.261726506073518E+02
   0.253884240134603E-01
   0.262360209250729E+02
   0.256356228708515E-01
   0.264469937354385E+02
   0.261669504225892E-01
   0.268814072147820E+02
   0.276930289208087E-01
   0.274457975931207E+02
   0.270586577936583E-01
   0.284266529519430E+02
   0.242561118947789E-01
   0.289691184677567E+02
   0.250506984604684E-01
   0.292486437850914E+02
   0.269498926767016E-01
   0.291132122106140E+02
   0.301165579229231E-01
   0.292025261877125E+02
   0.293076781828346E-01
   0.294507756363201E+02
   0.282246567723256E-01
   0.300617426427068E+02
   0.281174452163903E-01
   0.301621438223980E+02
   0.314394357383410E-01
   0.303627763752175E+02
   0.322053818706618E-01
   0.305322406472359E+02
   0.323935326731446E-01
   0.306564583649069E+02
   0.323995102812629E-01
   0.307408751825347E+02
   0.321266587720243E-01
   0.307496861855623E+02
   0.320082421072439E-01
   0.305562268581791E+02
   0.325399884179970E-01
   0.304317513240120E+02
   0.327437928078188E-01
   0.302319173169294E+02
   0.322047207445789E-01
   0.299776431293424E+02
   0.316134553893470E-01
   0.297191635670380E+02
   0.310827981704655E-01
   0.294388345688004E+02
   0.304564205232810E-01
   0.291500085354979E+02
   0.297809583891818E-01
   0.285800548487055E+02
   0.314810569388239E-01
   0.283322258773708E+02
   0.310295722023905E-01
   0.280860070594819E+02
   0.304325371754363E-01
   0.278406030962657E+02
   0.297348528628745E-01
   0.275941725683821E+02
   0.290782022717110E-01
   0.273318720616808E+02
   0.284640447775015E-01
   0.270412939299844E+02
   0.278863856815546E-01
   0.267268160362793E+02
   0.273184630889573E-01
   0.264151885442006E+02
   0.267992688615023E-01
   0.261399891790174E+02
   0.263846265478653E-01
   0.259273636708917E+02
   0.260127933133461E-01
   0.258046574591068E+02
   0.256691468592094E-01
   0.257951660694065E+02
   0.253529939024071E-01
   0.259125408049343E+02
   0.251083930713364E-01
   0.262586713085694E+02
   0.259964008816919E-01
   0.268006241801166E+02
   0.278520865043429E-01
   0.274327540187561E+02
   0.245825247227661E-01
   0.279047401087827E+02
   0.252692903672469E-01
   0.282151207881187E+02
   0.270901797307644E-01
   0.283315453530655E+02
   0.292332801183248E-01
   0.285278490092974E+02
   0.285540859893957E-01
   0.288677757951058E+02
   0.267484267678593E-01
   0.295092683394739E+02
   0.281251277844926E-01
   0.296172249770930E+02
   0.308199271257455E-01
   0.298227730361651E+02
   0.321362283450515E-01
   0.299550236045256E+02
   0.318624595981071E-01
   0.300374978254468E+02
   0.317424874773246E-01
   0.300544367988055E+02
   0.313259964834760E-01
   0.300212190857001E+02
   0.312703156870030E-01
   0.299052794797020E+02
   0.319507473153423E-01
   0.298234277863189E+02
   0.325828563050272E-01
   0.296777401803828E+02
   0.326238259015629E-01
   0.294946135746936E+02
   0.326411717022357E-01
   0.293014443582742E+02
   0.325958415882905E-01
   0.290749642869874E+02
   0.322836802195754E-01
   0.288314799264558E+02
   0.319108647457250E-01
   0.280620810352544E+02
   0.313579617460551E-01
   0.278522245519599E+02
   0.312531160720805E-01
   0.276451249344753E+02
   0.310451077791409E-01
   0.274364294950595E+02
   0.306247787192841E-01
   0.272192964833397E+02
   0.300792225708185E-01
   0.269742172585873E+02
   0.293817850197167E-01
   0.266854774472691E+02
   0.285165674175636E-01
   0.263617526679109E+02
   0.276423003102960E-01
   0.260316942190783E+02
   0.268831863364171E-01
   0.257290771815041E+02
   0.262833067734820E-01
   0.254816542944781E+02
   0.257973239379304E-01
   0.253148596780840E+02
   0.254077266364099E-01
   0.252465875675100E+02
   0.250169908445249E-01
   0.252927068939532E+02
   0.244930535957186E-01
   0.255314815357337E+02
   0.240697646028339E-01
   0.259949761168203E+02
   0.252508055585429E-01
   0.265005269146068E+02
   0.252294900697747E-01
   0.268822354682479E+02
   0.253938463352159E-01
   0.271425419428124E+02
   0.254875896067520E-01
   0.273820908525139E+02
   0.273577639513957E-01
   0.277014301213498E+02
   0.278023147822612E-01
   0.281953104573387E+02
   0.245661079912146E-01
   0.286930768119200E+02
   0.286098567462773E-01
   0.289235297450180E+02
   0.304843479317707E-01
   0.291161529094035E+02
   0.310031606728733E-01
   0.292263964938204E+02
   0.307821217549943E-01
   0.292782641112138E+02
   0.306297559541601E-01
   0.292534571370348E+02
   0.301567370597146E-01
   0.291839730908648E+02
   0.298589771307269E-01
   0.290911215392295E+02
   0.301962798954027E-01
   0.290291354525185E+02
   0.307976697428523E-01
   0.289239820631362E+02
   0.310824235774240E-01
   0.287958041858565E+02
   0.314160361369146E-01
   0.286544643306200E+02
   0.317069218706670E-01
   0.284752163608280E+02
   0.316471815624764E-01
   0.282749252396976E+02
   0.315176460979098E-01
   0.272935440864007E+02
   0.293064130859869E-01
   0.271115409800790E+02
   0.292909906035898E-01
   0.269371009870995E+02
   0.293519246676756E-01
   0.267675801950980E+02
   0.293864311913488E-01
   0.265902084752678E+02
   0.292710300760117E-01
   0.263805339209578E+02
   0.288942177410406E-01
   0.261175468905452E+02
   0.281673238875167E-01
   0.258063966791950E+02
   0.272642390968463E-01
   0.254738595330336E+02
   0.263883765630960E-01
   0.251542320274238E+02
   0.256495218940374E-01
   0.248798220390297E+02
   0.250757659379603E-01
   0.246771467339679E+02
   0.246526896120906E-01
   0.245657190496239E+02
   0.243084637688842E-01
   0.245677981479857E+02
   0.239696349873321E-01
   0.247478027740100E+02
   0.238133262678101E-01
   0.251375348432567E+02
   0.246654044383545E-01
   0.255303521036043E+02
   0.246369404140326E-01
   0.258106981791692E+02
   0.244668683597965E-01
   0.260078977997444E+02
   0.243989046882642E-01
   0.262856741562448E+02
   0.254245129931303E-01
   0.267001479540507E+02
   0.263660406317988E-01
   0.272891048570382E+02
   0.235833722787169E-01
   0.277857960259436E+02
   0.275934697505636E-01
   0.280705182792692E+02
   0.287156749878135E-01
   0.282494462424177E+02
   0.290789480046709E-01
   0.283487467673940E+02
   0.292309840460719E-01
   0.283810406515277E+02
   0.291782332357336E-01
   0.283327573463941E+02
   0.287461677675998E-01
   0.282400648007911E+02
   0.283171448937404E-01
   0.281490638023233E+02
   0.283747639247970E-01
   0.280866675357494E+02
   0.287255022415952E-01
   0.279985042270777E+02
   0.289284408184415E-01
   0.278998379996699E+02
   0.292099207832822E-01
   0.277895722848347E+02
   0.294808820469238E-01
   0.276442497115987E+02
   0.295002798527087E-01
   0.274769126849377E+02
   0.294242995064188E-01
   0.263165643630994E+02
   0.269830217425749E-01
   0.261520221991597E+02
   0.268873191134781E-01
   0.259962343600135E+02
   0.269263205270589E-01
   0.258520524712273E+02
   0.271135990790659E-01
   0.257062631508839E+02
   0.272997998104609E-01
   0.255334017506750E+02
   0.273351097819690E-01
   0.253096247782477E+02
   0.270564057068022E-01
   0.250315998606176E+02
   0.264526484615365E-01
   0.247173843134751E+02
   0.256592167365194E-01
   0.243970380937351E+02
   0.248244322221456E-01
   0.241073324223623E+02
   0.241244847090991E-01
   0.238780621254420E+02
   0.235905347471324E-01
   0.237341271012509E+02
   0.231628257607899E-01
   0.237056600493394E+02
   0.227881640694406E-01
   0.238464834575231E+02
   0.226973011409147E-01
   0.241646122098062E+02
   0.233242112463883E-01
   0.244637578705691E+02
   0.233603930642514E-01
   0.246521533087692E+02
   0.230420079674399E-01
   0.247744438561445E+02
   0.226711466107316E-01
   0.250513028627150E+02
   0.233318345331703E-01
   0.255364579957721E+02
   0.243379892146604E-01
   0.261606504152376E+02
   0.240029659410392E-01
   0.267726925338202E+02
   0.260643860789683E-01
   0.270812114634641E+02
   0.267015386939525E-01
   0.272428348329838E+02
   0.270174055667397E-01
   0.273264157874164E+02
   0.273201996272878E-01
   0.273449654859706E+02
   0.274058934796720E-01
   0.272870118975467E+02
   0.271393133251040E-01
   0.271843725521663E+02
   0.267437490741260E-01
   0.270868427385750E+02
   0.266371298078747E-01
   0.270135365928888E+02
   0.267860859844458E-01
   0.269273224866210E+02
   0.268776543478269E-01
   0.268388788731577E+02
   0.270369708787791E-01
   0.267416592814098E+02
   0.271604090594701E-01
   0.266196074913641E+02
   0.271759113450726E-01
   0.264774548347665E+02
   0.271164309206149E-01
   0.251586787561142E+02
   0.247671471440016E-01
   0.250062954641123E+02
   0.246077483869154E-01
   0.248594106391282E+02
   0.245362695692073E-01
   0.247258329765399E+02
   0.246271283272352E-01
   0.245959135909129E+02
   0.247963735097275E-01
   0.244473396043384E+02
   0.249449357667892E-01
   0.242587958700802E+02
   0.249901153739122E-01
   0.240209474563289E+02
   0.247999713927064E-01
   0.237405900663614E+02
   0.243368290322131E-01
   0.234387929562825E+02
   0.236585092253760E-01
   0.231503649509438E+02
   0.229465104853072E-01
   0.229071614531975E+02
   0.223231575029013E-01
   0.227419800594147E+02
   0.218283333928809E-01
   0.226944501930553E+02
   0.214868486476220E-01
   0.228070740241332E+02
   0.214045618184134E-01
   0.230622933709796E+02
   0.216909190347051E-01
   0.232874451698921E+02
   0.216681336567654E-01
   0.233961810703551E+02
   0.214010740029989E-01
   0.234275519143817E+02
   0.206889791986609E-01
   0.236749877004344E+02
   0.210636694159209E-01
   0.242255973256723E+02
   0.219398008177053E-01
   0.249919237345065E+02
   0.233767736628208E-01
   0.256641435664106E+02
   0.245771578109355E-01
   0.259762039847920E+02
   0.247190779278079E-01
   0.261111733747199E+02
   0.249310019571727E-01
   0.261695977821272E+02
   0.251807130448203E-01
   0.261736447509337E+02
   0.253441453080094E-01
   0.261115560137232E+02
   0.252686761882484E-01
   0.260059049986395E+02
   0.250061684426541E-01
   0.258997387741674E+02
   0.248443025599788E-01
   0.258097909583137E+02
   0.248370845200193E-01
   0.257149401027419E+02
   0.248161846614028E-01
   0.256241898571454E+02
   0.248710428827048E-01
   0.255303706295264E+02
   0.249065300604244E-01
   0.254236019842381E+02
   0.249198672443747E-01
   0.253011264067316E+02
   0.248858651963430E-01
   0.238346857752591E+02
   0.226512104386457E-01
   0.236929944175212E+02
   0.224928060212862E-01
   0.235504542093431E+02
   0.223517938898291E-01
   0.234172025409797E+02
   0.223043981616408E-01
   0.232897050199793E+02
   0.223416158484396E-01
   0.231510978858950E+02
   0.224060502630195E-01
   0.229844894691804E+02
   0.224739669300967E-01
   0.227799210931122E+02
   0.224595259075487E-01
   0.225359159215397E+02
   0.222691716480586E-01
   0.222644233014162E+02
   0.218703445741311E-01
   0.219934461078104E+02
   0.213472550468935E-01
   0.217509331338155E+02
   0.207438313843614E-01
   0.215758799458557E+02
   0.202063337368514E-01
   0.215192773037601E+02
   0.199009142686448E-01
   0.216174620523542E+02
   0.198950475199629E-01
   0.218305909949362E+02
   0.200531024579238E-01
   0.220029868952531E+02
   0.200038868929612E-01
   0.220363831323139E+02
   0.196959704571609E-01
   0.219568538110226E+02
   0.186606156866578E-01
   0.221508867256755E+02
   0.186717970765140E-01
   0.227684579712146E+02
   0.197419554688831E-01
   0.237025064611090E+02
   0.217494398186112E-01
   0.244587635515169E+02
   0.233206988560182E-01
   0.247714316104327E+02
   0.231493103051338E-01
   0.248694578319645E+02
   0.230728660582996E-01
   0.248927086049596E+02
   0.231206259435211E-01
   0.248758028529625E+02
   0.232276009744341E-01
   0.248061976646565E+02
   0.232260919084398E-01
   0.246984838833892E+02
   0.231068939690221E-01
   0.245837351650799E+02
   0.229910102723277E-01
   0.244752628492606E+02
   0.228907938318116E-01
   0.243656667881084E+02
   0.227793085790594E-01
   0.242645227378749E+02
   0.227401499045513E-01
   0.241674610616344E+02
   0.227155108980489E-01
   0.240688960827703E+02
   0.227268855131154E-01
   0.239613444627077E+02
   0.227343452663001E-01
   0.223481882630584E+02
   0.204961906801504E-01
   0.222169736638805E+02
   0.203674947172646E-01
   0.220783108010262E+02
   0.202094978732906E-01
   0.219417414892511E+02
   0.200786273442138E-01
   0.218096714157660E+02
   0.200208617995313E-01
   0.216714557618060E+02
   0.199971534196033E-01
   0.215140577430699E+02
   0.199722400821975E-01
   0.213307377452069E+02
   0.199661323190776E-01
   0.211159822831358E+02
   0.198724712410050E-01
   0.208751893581760E+02
   0.196495911316684E-01
   0.206290009663516E+02
   0.193194546938716E-01
   0.203988601606043E+02
   0.188321833947928E-01
   0.202238610552728E+02
   0.183022990027620E-01
   0.201657784691547E+02
   0.180685765572416E-01
   0.202625782720397E+02
   0.182470454526996E-01
   0.204603291397164E+02
   0.185480242106167E-01
   0.206063949770179E+02
   0.186206600019709E-01
   0.205709701406766E+02
   0.182245053742704E-01
   0.203490207216910E+02
   0.165883098895485E-01
   0.204676547116230E+02
   0.159651729252312E-01
   0.211461317918049E+02
   0.174987677008572E-01
   0.222823710741152E+02
   0.210198074399867E-01
   0.231401283706177E+02
   0.230059605040536E-01
   0.234579406222433E+02
   0.224185387391250E-01
   0.235142398996759E+02
   0.217700151254859E-01
   0.234981034963327E+02
   0.214452566444150E-01
   0.234552319434146E+02
   0.213483175182160E-01
   0.233710876702432E+02
   0.212465543787024E-01
   0.232565707490808E+02
   0.211219579313900E-01
   0.231310117338262E+02
   0.210306195792299E-01
   0.230040799561712E+02
   0.208902852618690E-01
   0.228774315850205E+02
   0.207183149904966E-01
   0.227615597729430E+02
   0.206064337891357E-01
   0.226564969329633E+02
   0.205406562223662E-01
   0.225597242584145E+02
   0.205312841028905E-01
   0.224616527385058E+02
   0.205458406065500E-01
   0.206911396894282E+02
   0.187084288912298E-01
   0.205700677697605E+02
   0.185804320047733E-01
   0.204370365823059E+02
   0.184161763091623E-01
   0.202988009809570E+02
   0.182533959989916E-01
   0.201606078512594E+02
   0.181260612064555E-01
   0.200184111259487E+02
   0.180297869911494E-01
   0.198630179690694E+02
   0.179220791398156E-01
   0.196901734246671E+02
   0.178403020207401E-01
   0.194949295273719E+02
   0.177438938787445E-01
   0.192781940232551E+02
   0.176040605867716E-01
   0.190550778041250E+02
   0.174830572589208E-01
   0.188419318401252E+02
   0.173039508443033E-01
   0.186728670332781E+02
   0.170211051326240E-01
   0.186130832354715E+02
   0.168802880899579E-01
   0.187129137123058E+02
   0.171143272066104E-01
   0.189215184867206E+02
   0.175960542955269E-01
   0.190756634112743E+02
   0.178500544255654E-01
   0.189962391827879E+02
   0.174554030438783E-01
   0.185938807843492E+02
   0.135348985759164E-01
   0.186331927637222E+02
   0.128298810520934E-01
   0.193352383547446E+02
   0.146595220208766E-01
   0.206339767797541E+02
   0.200506751385307E-01
   0.216056266256970E+02
   0.228409453836988E-01
   0.219703280154316E+02
   0.226297666265161E-01
   0.220102088876256E+02
   0.216872880848939E-01
   0.219612316769409E+02
   0.210356026310891E-01
   0.218921528337439E+02
   0.206664367256867E-01
   0.217857843271455E+02
   0.203181475122262E-01
   0.216584783728060E+02
   0.200074246149555E-01
   0.215189850185444E+02
   0.197332939726684E-01
   0.213757265525333E+02
   0.194648148376518E-01
   0.212345313223696E+02
   0.191972017070314E-01
   0.211039406813989E+02
   0.189965618657006E-01
   0.209882506067497E+02
   0.188605205487331E-01
   0.208884099274565E+02
   0.187991319636924E-01
   0.207944783196136E+02
   0.187717141561029E-01
   0.188412093552000E+02
   0.174225255737862E-01
   0.187275383471566E+02
   0.173228523600199E-01
   0.186000315964285E+02
   0.171979542981888E-01
   0.184612479677687E+02
   0.170220414030734E-01
   0.183185893186399E+02
   0.168547105131132E-01
   0.181727332232741E+02
   0.167133337483728E-01
   0.180184671420327E+02
   0.165811897624260E-01
   0.178522614212608E+02
   0.164640483623379E-01
   0.176710957342128E+02
   0.163808181588764E-01
   0.174732287885092E+02
   0.162755794983927E-01
   0.172689729309966E+02
   0.161656127512476E-01
   0.170730918412089E+02
   0.160323020779242E-01
   0.169152267971949E+02
   0.158190559408797E-01
   0.168560270745045E+02
   0.156777014350171E-01
   0.169555995543596E+02
   0.158503819551415E-01
   0.171862766891439E+02
   0.164590947747668E-01
   0.173797893299184E+02
   0.170720945742932E-01
   0.173055423025025E+02
   0.168707569176390E-01
   0.167524512225022E+02
   0.124485721282545E-01
   0.167022977380271E+02
   0.114246535738100E-01
   0.173444365650990E+02
   0.126087602221593E-01
   0.186999729521568E+02
   0.187951366534193E-01
   0.196961691550587E+02
   0.214326040382325E-01
   0.201343199425222E+02
   0.218669967408488E-01
   0.202288900097031E+02
   0.212930253258346E-01
   0.202014476349443E+02
   0.207524333677104E-01
   0.201340437868774E+02
   0.202866486374949E-01
   0.200196524031515E+02
   0.197375055006073E-01
   0.198836279678414E+02
   0.192624266353865E-01
   0.197295336932848E+02
   0.188167335787365E-01
   0.195704201645949E+02
   0.184309057182430E-01
   0.194172133520157E+02
   0.181134823685180E-01
   0.192726786334734E+02
   0.178555226484075E-01
   0.191435940637594E+02
   0.176492779639333E-01
   0.190348845193959E+02
   0.175250987659365E-01
   0.189388127078643E+02
   0.174675356030511E-01
   0.167961673792128E+02
   0.163106571120246E-01
   0.166848997184292E+02
   0.161932036256608E-01
   0.165601354388028E+02
   0.160615298415180E-01
   0.164225609878846E+02
   0.158964135338147E-01
   0.162787332317896E+02
   0.157272654582747E-01
   0.161318682196627E+02
   0.155795912350932E-01
   0.159809475800615E+02
   0.154503177660200E-01
   0.158229343356401E+02
   0.153325458233560E-01
   0.156552305333393E+02
   0.152275989457008E-01
   0.154776895885258E+02
   0.151299318364935E-01
   0.152972922718919E+02
   0.150406326024656E-01
   0.151259248090274E+02
   0.149378942200394E-01
   0.149887850889796E+02
   0.148009546029171E-01
   0.149355737461746E+02
   0.147139706156378E-01
   0.150252317285930E+02
   0.148312193843090E-01
   0.152603894800748E+02
   0.153714722530864E-01
   0.154906138676786E+02
   0.162164491257107E-01
   0.154828029024516E+02
   0.166868907981498E-01
   0.148686996202666E+02
   0.120847547446105E-01
   0.147471772604762E+02
   0.111568504372319E-01
   0.152433395054974E+02
   0.119511256198535E-01
   0.163970240693720E+02
   0.161075114654527E-01
   0.172818369185619E+02
   0.180577461993246E-01
   0.177687869828338E+02
   0.190023493342174E-01
   0.179677174534578E+02
   0.191200954496097E-01
   0.180309567676825E+02
   0.191235009822856E-01
   0.180332983702083E+02
   0.190725307323455E-01
   0.179689298426141E+02
   0.187637865555803E-01
   0.178649344812556E+02
   0.184235799677439E-01
   0.177239636178605E+02
   0.180032294428246E-01
   0.175656695698496E+02
   0.175858104254378E-01
   0.174059604956694E+02
   0.172321286351791E-01
   0.172522921008429E+02
   0.169309119528352E-01
   0.171143770187144E+02
   0.166849759146681E-01
   0.169967291516134E+02
   0.165100411810690E-01
   0.168934865412087E+02
   0.163856737803401E-01
   0.145219241682678E+02
   0.151567847638551E-01
   0.144145094665879E+02
   0.150391695342500E-01
   0.142929112017129E+02
   0.149058718323063E-01
   0.141568081622219E+02
   0.147363487115670E-01
   0.140154113644528E+02
   0.145680214113810E-01
   0.138713361799391E+02
   0.144216479473126E-01
   0.137291158971400E+02
   0.143149692211990E-01
   0.135846500654919E+02
   0.142302013373812E-01
   0.134353568983933E+02
   0.141434872936792E-01
   0.132828793835022E+02
   0.140805789050433E-01
   0.131320435981697E+02
   0.140293084698405E-01
   0.129920810513725E+02
   0.139741006354845E-01
   0.128833475132104E+02
   0.139105582841401E-01
   0.128407113404029E+02
   0.138638520657646E-01
   0.129098391083380E+02
   0.139367749253738E-01
   0.131096506633089E+02
   0.143067949973163E-01
   0.133352044549098E+02
   0.150180858298295E-01
   0.134058824838969E+02
   0.159628145885145E-01
   0.129778087296574E+02
   0.134302296684590E-01
   0.128145839928351E+02
   0.128331721537210E-01
   0.130555262712057E+02
   0.123906138291361E-01
   0.137318483385206E+02
   0.132603989935191E-01
   0.143631957680661E+02
   0.139057120440493E-01
   0.148282412983203E+02
   0.147182855789694E-01
   0.151171296707865E+02
   0.153077865689447E-01
   0.152900069236417E+02
   0.157833047938301E-01
   0.154024474674869E+02
   0.162429975130153E-01
   0.154415374492973E+02
   0.164790821782214E-01
   0.154205749386159E+02
   0.165566398541187E-01
   0.153399990836364E+02
   0.164342989492746E-01
   0.152240901785379E+02
   0.162058528955221E-01
   0.150912058556516E+02
   0.159624867215209E-01
   0.149536252712360E+02
   0.157142813303995E-01
   0.148276572250189E+02
   0.155131696785717E-01
   0.147178303932241E+02
   0.153702586045496E-01
   0.146188061766895E+02
   0.152558395468339E-01
   0.118472040303059E+02
   0.134006184867793E-01
   0.117560821352976E+02
   0.133521852817333E-01
   0.116503014997419E+02
   0.132725873008149E-01
   0.115270256036860E+02
   0.131415833315841E-01
   0.114018505928962E+02
   0.130253946658748E-01
   0.112769802261873E+02
   0.129340692445615E-01
   0.111542394678883E+02
   0.128709814706703E-01
   0.110322578853453E+02
   0.128315388837715E-01
   0.109092142421083E+02
   0.127987402601004E-01
   0.107861034450607E+02
   0.127741165574671E-01
   0.106669329968811E+02
   0.127495623194016E-01
   0.105599907771893E+02
   0.127151353161960E-01
   0.104810093556953E+02
   0.126835367671139E-01
   0.104511726348326E+02
   0.126628422332030E-01
   0.104942011100085E+02
   0.126857104960635E-01
   0.106207715912674E+02
   0.128644746973835E-01
   0.107779379519000E+02
   0.132524164638414E-01
   0.108274292541073E+02
   0.137161929841738E-01
   0.105997764143589E+02
   0.127909381077753E-01
   0.104388651851420E+02
   0.120592824878881E-01
   0.104910838512073E+02
   0.114019047463422E-01
   0.107905013813862E+02
   0.112328405894844E-01
   0.111657063369406E+02
   0.113035404464986E-01
   0.115233345439772E+02
   0.116834144828355E-01
   0.118082382204463E+02
   0.120924936784056E-01
   0.120290956983190E+02
   0.125008297163487E-01
   0.122099017657031E+02
   0.129815133832101E-01
   0.123333964783922E+02
   0.133842815306504E-01
   0.123984478538737E+02
   0.136749475870616E-01
   0.124001442790785E+02
   0.137944730793144E-01
   0.123527682097879E+02
   0.137817569403230E-01
   0.122741604520930E+02
   0.137007204486774E-01
   0.121774108577953E+02
   0.135779832441162E-01
   0.120867971997559E+02
   0.135005821494772E-01
   0.120051215277726E+02
   0.134614857096001E-01
   0.119275872695451E+02
   0.134308623688337E-01
   0.854426844364362E+01
   0.108219092583482E-01
   0.847673704430382E+01
   0.108206353784316E-01
   0.840090532143795E+01
   0.108098602509684E-01
   0.831377277986288E+01
   0.107807564676342E-01
   0.821913063998452E+01
   0.107374162913795E-01
   0.812086041902437E+01
   0.106881147502817E-01
   0.802194021496846E+01
   0.106449642934018E-01
   0.792279459976315E+01
   0.106139105959434E-01
   0.782335127774734E+01
   0.105909823727124E-01
   0.772488363979435E+01
   0.105641270184512E-01
   0.763272546878409E+01
   0.105291126408662E-01
   0.755406834449073E+01
   0.104855314546497E-01
   0.749916526149517E+01
   0.104481432355179E-01
   0.747875390487822E+01
   0.104230724004023E-01
   0.750077043502616E+01
   0.104258801019863E-01
   0.756509606923728E+01
   0.105120622386127E-01
   0.764967436847922E+01
   0.107579689264506E-01
   0.767845453577426E+01
   0.110120984985317E-01
   0.757005865795436E+01
   0.106470053576953E-01
   0.744987460142741E+01
   0.101628007703743E-01
   0.740998396306482E+01
   0.971416174851099E-02
   0.749074529612387E+01
   0.939092038550989E-02
   0.766527642953082E+01
   0.926071105140517E-02
   0.787916707573827E+01
   0.929403455577399E-02
   0.808886396742964E+01
   0.939876625079748E-02
   0.828125559170774E+01
   0.954792984277743E-02
   0.845721073947721E+01
   0.978272224820481E-02
   0.860609761189519E+01
   0.100737994138637E-01
   0.871568312312306E+01
   0.103569539447456E-01
   0.877660270784927E+01
   0.105540011673246E-01
   0.879425644722034E+01
   0.106649749960140E-01
   0.877735514551101E+01
   0.107087351878906E-01
   0.873871379502605E+01
   0.107152276358487E-01
   0.869419999363902E+01
   0.107326368496547E-01
   0.864888968604448E+01
   0.107633573665460E-01
   0.860047589556480E+01
   0.107984940460248E-01
   0.437585405882854E+01
   0.769519963615088E-02
   0.433521074651956E+01
   0.772084133319176E-02
   0.428436536612571E+01
   0.772119479530158E-02
   0.422389760896412E+01
   0.769919255771664E-02
   0.415618829012362E+01
   0.766185619676837E-02
   0.408339135022245E+01
   0.761080366868868E-02
   0.400680020132429E+01
   0.755617561108641E-02
   0.392521771130605E+01
   0.750161035566349E-02
   0.384045506066937E+01
   0.744669604865827E-02
   0.375506848555602E+01
   0.738607587539410E-02
   0.368507624573178E+01
   0.733906108629800E-02
   0.363192089779675E+01
   0.730569181946948E-02
   0.359694449615083E+01
   0.728989026483330E-02
   0.358066694393842E+01
   0.729076845093252E-02
   0.358371125066900E+01
   0.731528827804866E-02
   0.360504861142387E+01
   0.739125299533612E-02
   0.363583288720980E+01
   0.754009944283878E-02
   0.364807540598298E+01
   0.770148893448624E-02
   0.362047896894679E+01
   0.773245612932842E-02
   0.357651421260938E+01
   0.762393237295644E-02
   0.354697738920692E+01
   0.741939130871751E-02
   0.355649770929594E+01
   0.718158529612145E-02
   0.361218887567091E+01
   0.698119606186616E-02
   0.370602814064605E+01
   0.685266894682067E-02
   0.382436789481532E+01
   0.680884869692606E-02
   0.395626076736720E+01
   0.685436546887481E-02
   0.409159955644034E+01
   0.697379461729881E-02
   0.421781927784173E+01
   0.713687631955428E-02
   0.432329160590672E+01
   0.730923567164637E-02
   0.439940447213176E+01
   0.745029707046823E-02
   0.444393974200983E+01
   0.753488996036028E-02
   0.446125040578947E+01
   0.757076469966607E-02
   0.445972760505883E+01
   0.758358427851994E-02
   0.444794685493034E+01
   0.759961848352650E-02
   0.443016124012458E+01
   0.762374242173007E-02
   0.440674568254943E+01
   0.765653233811936E-02
  -0.832637172214857E+00
   0.529585107789639E-02
  -0.849091811765933E+00
   0.530085895835256E-02
  -0.871191537121117E+00
   0.530304059235859E-02
  -0.898753044546036E+00
   0.530181538994985E-02
  -0.930486318179076E+00
   0.529845893474245E-02
  -0.965652012848103E+00
   0.529336070338363E-02
  -0.100360887118712E+01
   0.528685032044882E-02
  -0.104370216035948E+01
   0.527896086105208E-02
  -0.108489361702997E+01
   0.526971059067808E-02
  -0.112550462952872E+01
   0.525957825829384E-02
  -0.116313081882069E+01
   0.525006437222074E-02
  -0.119668551491012E+01
   0.524112098557706E-02
  -0.122620100256321E+01
   0.523191480209205E-02
  -0.125198944777037E+01
   0.522186375197779E-02
  -0.127443085844893E+01
   0.521128665167404E-02
  -0.129411498903611E+01
   0.520139905974479E-02
  -0.130939776940737E+01
   0.519659085508936E-02
  -0.132247491826605E+01
   0.519238020306818E-02
  -0.133383642415694E+01
   0.518282319705710E-02
  -0.134238695236975E+01
   0.516407180902564E-02
  -0.134315884914828E+01
   0.513978449090502E-02
  -0.133125920098485E+01
   0.511628124563973E-02
  -0.130384413626256E+01
   0.510008928333595E-02
  -0.126094770587467E+01
   0.509537046360749E-02
  -0.120513132169300E+01
   0.510343900946719E-02
  -0.114073610511246E+01
   0.512298936957737E-02
  -0.107335543247071E+01
   0.515010775724491E-02
  -0.100876286691107E+01
   0.517966317010007E-02
  -0.951506534707176E+00
   0.520724763588403E-02
  -0.904439867590732E+00
   0.522974110418168E-02
  -0.868606937345032E+00
   0.524599179180431E-02
  -0.843426105726512E+00
   0.525716829137777E-02
  -0.827473203465387E+00
   0.526555867468025E-02
  -0.819220289238051E+00
   0.527322989184803E-02
  -0.817600474815326E+00
   0.528102884843368E-02
  -0.822108131060679E+00
   0.528884280797425E-02
