   0.197826724130617E+01
   0.416279770477089E-02
   0.879708615771569E+00
   0.397538137414348E-02
   0.162654259583984E+00
   0.383306340681502E-02
  -0.249410571968425E+00
   0.372993722950760E-02
  -0.335724991246751E+00
   0.366601763105120E-02
   0.344963137124053E-01
   0.364597485762429E-02
  -0.451902642711975E+00
   0.368943060401854E-02
  -0.419030986097051E+00
   0.378336472665300E-02
   0.108692977816886E+00
   0.392876455404170E-02
   0.113164668221433E+01
   0.412711085946585E-02
   0.265820351466663E+01
   0.437855513242416E-02
   0.491516545937723E+01
   0.467540934118776E-02
   0.816256778121435E+01
   0.500636340873080E-02
   0.110134788149845E+02
   0.535275936926112E-02
   0.135828264883537E+02
   0.569562227458170E-02
   0.158949807208476E+02
   0.601960725438089E-02
   0.178580318660737E+02
   0.631385535506839E-02
   0.194502106023316E+02
   0.657145792271568E-02
   0.206880806059523E+02
   0.678852128826015E-02
   0.216066761703227E+02
   0.696515813707635E-02
   0.222461995507784E+02
   0.710526056520028E-02
   0.226416020867995E+02
   0.721137568263534E-02
   0.228139120157914E+02
   0.728314749967792E-02
   0.227641267612561E+02
   0.731711889309507E-02
   0.224733636722129E+02
   0.730695473426062E-02
   0.219082388279142E+02
   0.724664135517691E-02
   0.210239639877693E+02
   0.713329534665112E-02
   0.197636933817036E+02
   0.696505742248309E-02
   0.180557223762219E+02
   0.674073541971160E-02
   0.158110518883565E+02
   0.646188541713666E-02
   0.129240435837522E+02
   0.613525231126019E-02
   0.927595680352799E+01
   0.577391876600602E-02
   0.644601418582603E+01
   0.539736701187450E-02
   0.437220570104241E+01
   0.502940098091120E-02
   0.296872435762254E+01
   0.469255469063333E-02
   0.217811866324229E+01
   0.440199948079248E-02
   0.494365223474298E+01
   0.523591662131427E-02
   0.553020876488849E+01
   0.504453334069883E-02
   0.531914940864022E+01
   0.487356174110830E-02
   0.450006305120183E+01
   0.469780281824135E-02
   0.292148077335112E+01
   0.456383091399573E-02
   0.219563607456763E+01
   0.450078907837260E-02
   0.195968587255049E+01
   0.450349275965701E-02
   0.218490695775833E+01
   0.457831985004557E-02
   0.292349226958339E+01
   0.471346767232333E-02
   0.435225128280559E+01
   0.489203872979042E-02
   0.461131550807177E+01
   0.514244478953426E-02
   0.548358109876801E+01
   0.544066390945662E-02
   0.705127396700137E+01
   0.589059783999361E-02
   0.922027357327680E+01
   0.641071452830088E-02
   0.121164479625675E+02
   0.691354274150263E-02
   0.160692247115850E+02
   0.737811156179479E-02
   0.187752714674162E+02
   0.779536485244500E-02
   0.205750105951942E+02
   0.814974366702973E-02
   0.217177851381635E+02
   0.840299008639932E-02
   0.223996093560259E+02
   0.854794367782024E-02
   0.227894501097811E+02
   0.867196493944202E-02
   0.230307314307437E+02
   0.880377793268077E-02
   0.232209035492626E+02
   0.894666170591119E-02
   0.233602284843577E+02
   0.909300478462126E-02
   0.233639567119758E+02
   0.918020220387282E-02
   0.231564197571382E+02
   0.915510227221017E-02
   0.226916403426058E+02
   0.905721388187438E-02
   0.219345858520982E+02
   0.889982536101700E-02
   0.208284054056718E+02
   0.866308367481739E-02
   0.192590743392648E+02
   0.832376654992265E-02
   0.170594095018290E+02
   0.787631594092098E-02
   0.140581824766278E+02
   0.734729550467087E-02
   0.101193623479424E+02
   0.676029840300657E-02
   0.757193630962498E+01
   0.620637087954213E-02
   0.600161639692978E+01
   0.576871731382177E-02
   0.515157496140403E+01
   0.546494217599125E-02
   0.743175469812195E+01
   0.690359696237109E-02
   0.706055170923822E+01
   0.671520736241782E-02
   0.657520887474569E+01
   0.651237787437824E-02
   0.591609243794598E+01
   0.615942741439719E-02
   0.519519861842617E+01
   0.582765813559390E-02
   0.477118789639787E+01
   0.575148820429796E-02
   0.464312908892291E+01
   0.581195084079952E-02
   0.482447509466384E+01
   0.597340736703934E-02
   0.531848505244389E+01
   0.618604996406430E-02
   0.618959240394161E+01
   0.644431608819795E-02
   0.757347659754888E+01
   0.665368001010970E-02
   0.793272952442095E+01
   0.646132788395956E-02
   0.950366195254603E+01
   0.701961065079675E-02
   0.116469764332140E+02
   0.767692622416951E-02
   0.143702829472594E+02
   0.814684163969153E-02
   0.180819728705349E+02
   0.861689143532596E-02
   0.203980908834427E+02
   0.912193759855941E-02
   0.217783979077433E+02
   0.965086882005189E-02
   0.224803377521325E+02
   0.995528559566360E-02
   0.227060373276600E+02
   0.982540797412517E-02
   0.226725447984627E+02
   0.986225550177320E-02
   0.226244108883627E+02
   0.100060153216347E-01
   0.228264849468037E+02
   0.102164648864684E-01
   0.232481143160588E+02
   0.106156717781912E-01
   0.235368802275372E+02
   0.109111826489644E-01
   0.235467885270845E+02
   0.107724112166838E-01
   0.232719434755378E+02
   0.106267188112141E-01
   0.227653747903053E+02
   0.105151707139095E-01
   0.220641595952683E+02
   0.103175530580898E-01
   0.210287896785190E+02
   0.994359356339397E-02
   0.193322373214774E+02
   0.936985029975674E-02
   0.166701148188727E+02
   0.879388552572714E-02
   0.127417492804793E+02
   0.806592405977155E-02
   0.103004980749741E+02
   0.748311034124708E-02
   0.886321095550606E+01
   0.719757013916465E-02
   0.799209837870674E+01
   0.709725037451587E-02
   0.102205029954582E+02
   0.900884033746896E-02
   0.966600522628951E+01
   0.868304006911548E-02
   0.909896314369163E+01
   0.834399327859395E-02
   0.850726105205296E+01
   0.800445168821214E-02
   0.793496438227220E+01
   0.762260164062989E-02
   0.755791597171015E+01
   0.744678541523024E-02
   0.740996838455428E+01
   0.748425354493322E-02
   0.747316579800619E+01
   0.760182423397643E-02
   0.773483221504375E+01
   0.771000854288896E-02
   0.821391991791810E+01
   0.770744955967760E-02
   0.896491752350138E+01
   0.775271377049254E-02
   0.100848564966656E+02
   0.751386800568719E-02
   0.128829970316690E+02
   0.831308570210004E-02
   0.153285582479292E+02
   0.868910801651874E-02
   0.177265179557020E+02
   0.894749532932318E-02
   0.200896302084790E+02
   0.932550642191613E-02
   0.217592344378227E+02
   0.979680018936222E-02
   0.226605713189967E+02
   0.102542541163532E-01
   0.229149916955821E+02
   0.105138213787255E-01
   0.226654311675181E+02
   0.105655013808334E-01
   0.221168117452362E+02
   0.106874416134884E-01
   0.215943424727641E+02
   0.107655693310055E-01
   0.218414843986463E+02
   0.109518821029956E-01
   0.228305721175559E+02
   0.117773518131637E-01
   0.234433427971869E+02
   0.120340557376107E-01
   0.235837395697983E+02
   0.117722701618163E-01
   0.233372708576169E+02
   0.118943412251244E-01
   0.228959167673507E+02
   0.116165416038439E-01
   0.225440374686778E+02
   0.113765877248295E-01
   0.221357538635737E+02
   0.111053489981665E-01
   0.210020531652825E+02
   0.106740650197408E-01
   0.187589413079795E+02
   0.101612424384291E-01
   0.151123616789278E+02
   0.962992519573797E-02
   0.129250933174032E+02
   0.931465757520866E-02
   0.116599161747805E+02
   0.923780893116624E-02
   0.108423015073121E+02
   0.915925174549043E-02
   0.127400861822265E+02
   0.111796030828739E-01
   0.121433255262572E+02
   0.106854460016854E-01
   0.115621248166713E+02
   0.101626245999174E-01
   0.110184547841689E+02
   0.974986121935743E-02
   0.105301107551787E+02
   0.938430281979549E-02
   0.101701506642126E+02
   0.914476520858101E-02
   0.996726583080903E+01
   0.905736159316074E-02
   0.991455398752109E+01
   0.904385635549717E-02
   0.100049869273635E+02
   0.901320795569327E-02
   0.102667557083805E+02
   0.892197067508876E-02
   0.107746637556432E+02
   0.868945916615877E-02
   0.118297079086640E+02
   0.853232060853217E-02
   0.145183034970956E+02
   0.924642766503282E-02
   0.170937254971007E+02
   0.941391868284770E-02
   0.193437119902293E+02
   0.955133834072097E-02
   0.213362164816716E+02
   0.992500493439411E-02
   0.226763575133872E+02
   0.104764878910612E-01
   0.232001699676490E+02
   0.109848857762840E-01
   0.230682482238653E+02
   0.111677614962786E-01
   0.223578126362218E+02
   0.111162116051747E-01
   0.212277466917411E+02
   0.113657094892329E-01
   0.198703366004440E+02
   0.112126209612499E-01
   0.201736941120529E+02
   0.116368921302158E-01
   0.223009646926804E+02
   0.127333739891985E-01
   0.232048902318587E+02
   0.124915456074057E-01
   0.233835762598985E+02
   0.126156768416072E-01
   0.230101937117036E+02
   0.127954037278228E-01
   0.224110414204194E+02
   0.124558025304190E-01
   0.223784581987416E+02
   0.120221882829068E-01
   0.228268634228332E+02
   0.118852004805787E-01
   0.222943821020555E+02
   0.115202241654310E-01
   0.204619126018572E+02
   0.111946672700388E-01
   0.170967187380583E+02
   0.110641239124302E-01
   0.151744541028011E+02
   0.109841074988250E-01
   0.140885541111378E+02
   0.112951910097645E-01
   0.133593504645639E+02
   0.114346409030561E-01
   0.148812439541695E+02
   0.129883499102495E-01
   0.142841702507543E+02
   0.122904392861533E-01
   0.137269160855339E+02
   0.116509886398782E-01
   0.132364673468968E+02
   0.112060575352912E-01
   0.128137432716068E+02
   0.108834355837455E-01
   0.124790302912882E+02
   0.106337021981382E-01
   0.122453384261576E+02
   0.104511490693240E-01
   0.121140770562354E+02
   0.103153189331241E-01
   0.120910279920639E+02
   0.101807843281495E-01
   0.122137344804048E+02
   0.100800328652396E-01
   0.125495005093149E+02
   0.994816647222006E-02
   0.133092226477920E+02
   0.965177214923438E-02
   0.150730027714488E+02
   0.976819989506898E-02
   0.179575930633954E+02
   0.101229241157052E-01
   0.201222858854597E+02
   0.101808864537273E-01
   0.220683426754641E+02
   0.106366508114801E-01
   0.232669421376215E+02
   0.113201447507758E-01
   0.234460574805234E+02
   0.118665115083145E-01
   0.229913113218809E+02
   0.117887386624051E-01
   0.218565533503054E+02
   0.119060390135357E-01
   0.201808555471046E+02
   0.120380222658851E-01
   0.193421971845213E+02
   0.120385573529322E-01
   0.197330606743790E+02
   0.123067506202647E-01
   0.219701638854434E+02
   0.131129709132876E-01
   0.228874115226747E+02
   0.130390142372298E-01
   0.230173902617191E+02
   0.133847363112078E-01
   0.223878088493490E+02
   0.133892877789009E-01
   0.213016721509320E+02
   0.129353219312762E-01
   0.215467095041891E+02
   0.123799575954919E-01
   0.232997161929746E+02
   0.123307691211276E-01
   0.233435204914338E+02
   0.121538777790872E-01
   0.218758800718499E+02
   0.120461582639100E-01
   0.187611206791962E+02
   0.124775137553695E-01
   0.170881866816459E+02
   0.127973366034248E-01
   0.161604281313734E+02
   0.134310885388469E-01
   0.154923908383206E+02
   0.134555370054422E-01
   0.166502377069068E+02
   0.142379560034752E-01
   0.160813508510593E+02
   0.134339106866704E-01
   0.155743405610828E+02
   0.128064196052795E-01
   0.151450656336936E+02
   0.124141956065819E-01
   0.147806696508470E+02
   0.121511278065925E-01
   0.144773025460632E+02
   0.119230141359696E-01
   0.142358522876286E+02
   0.116966972064407E-01
   0.140607363997246E+02
   0.114857349170180E-01
   0.139673248367385E+02
   0.113186573385728E-01
   0.139956685704313E+02
   0.112681105618237E-01
   0.141946743885746E+02
   0.112398049110104E-01
   0.146943866737390E+02
   0.108958158140361E-01
   0.158754523544560E+02
   0.104004861720931E-01
   0.183354795223635E+02
   0.104946558345361E-01
   0.203086276106798E+02
   0.108094163319712E-01
   0.224272060915984E+02
   0.112115287648235E-01
   0.236219548479881E+02
   0.123302823672829E-01
   0.233982152415734E+02
   0.129697486941169E-01
   0.227009774735908E+02
   0.127257952302505E-01
   0.211652233317297E+02
   0.128208189046514E-01
   0.200713944844516E+02
   0.131506592507554E-01
   0.195593668463251E+02
   0.133076545298592E-01
   0.198700440863275E+02
   0.130872504875267E-01
   0.216566561911021E+02
   0.134501637021805E-01
   0.224263853152925E+02
   0.136237958691780E-01
   0.225067797318527E+02
   0.137512758101888E-01
   0.215615949508180E+02
   0.138051021189953E-01
   0.210366261093527E+02
   0.134175821338292E-01
   0.215439799388312E+02
   0.128967419677805E-01
   0.237755624198273E+02
   0.123693963382279E-01
   0.242051972591610E+02
   0.125113998203017E-01
   0.230411178098488E+02
   0.127798556233628E-01
   0.201595035233227E+02
   0.138615798540976E-01
   0.187103615304911E+02
   0.147881164055880E-01
   0.178808665754803E+02
   0.152885200810958E-01
   0.172466403835225E+02
   0.149500057110412E-01
   0.180996337198309E+02
   0.151359814940777E-01
   0.175848136516915E+02
   0.144754498256553E-01
   0.171412883512985E+02
   0.140253297536785E-01
   0.167718905493162E+02
   0.137693384688886E-01
   0.164567385595400E+02
   0.135421890777562E-01
   0.161851665109006E+02
   0.133093094350918E-01
   0.159504306606267E+02
   0.130399593928223E-01
   0.157555456702808E+02
   0.127681007501291E-01
   0.156178275513088E+02
   0.125518868096165E-01
   0.155740621589726E+02
   0.124993709866089E-01
   0.156602455219698E+02
   0.125071861862761E-01
   0.159512890883552E+02
   0.120868108888909E-01
   0.166937243134661E+02
   0.113581409603342E-01
   0.182571599269166E+02
   0.109403770503760E-01
   0.199363455885194E+02
   0.115867363356974E-01
   0.225077696310829E+02
   0.118976635337538E-01
   0.238352723458176E+02
   0.133931670664090E-01
   0.230240524039096E+02
   0.144175603174990E-01
   0.222168990501006E+02
   0.140243897391062E-01
   0.212229823911711E+02
   0.138798395319685E-01
   0.204733720650999E+02
   0.147340783681265E-01
   0.201097600002598E+02
   0.147724279701478E-01
   0.202719489235433E+02
   0.141292429956128E-01
   0.211766190637744E+02
   0.137619038485518E-01
   0.217499504358612E+02
   0.139006961502756E-01
   0.218776339567729E+02
   0.142822925677940E-01
   0.214850290263581E+02
   0.144842948695029E-01
   0.212964118931120E+02
   0.144636502274228E-01
   0.218821175988762E+02
   0.136754391609748E-01
   0.241877272644095E+02
   0.122999474335018E-01
   0.248832162732096E+02
   0.128479628700501E-01
   0.239782765146284E+02
   0.135125421599738E-01
   0.213428331040145E+02
   0.154676710208828E-01
   0.200470084195246E+02
   0.164280595175587E-01
   0.192575366891949E+02
   0.162589761123915E-01
   0.186573120330113E+02
   0.158187847716048E-01
   0.192882532867244E+02
   0.162665679482345E-01
   0.188381144845546E+02
   0.158921267168425E-01
   0.184527129164212E+02
   0.156001823927052E-01
   0.181328018654817E+02
   0.154248778722878E-01
   0.178609510041450E+02
   0.152534391795000E-01
   0.176230771646658E+02
   0.150790582913504E-01
   0.174062707134126E+02
   0.148714682411532E-01
   0.172075646813131E+02
   0.146508189828988E-01
   0.170395481541624E+02
   0.144432926187217E-01
   0.169286159411762E+02
   0.142299187887632E-01
   0.169106439073736E+02
   0.139421800324708E-01
   0.170502951434463E+02
   0.132783433197742E-01
   0.175194303250919E+02
   0.125207381019474E-01
   0.186361779985885E+02
   0.119475447012082E-01
   0.199619314674137E+02
   0.119408442606861E-01
   0.223931546444237E+02
   0.119959301299459E-01
   0.240305035947715E+02
   0.140317188176603E-01
   0.232148164259321E+02
   0.158666987239391E-01
   0.223815001747126E+02
   0.153294576738578E-01
   0.217158214608581E+02
   0.148579436198613E-01
   0.210571374004721E+02
   0.158841374194104E-01
   0.207455059643099E+02
   0.157943924956032E-01
   0.208179566679496E+02
   0.151437336881952E-01
   0.213201555683589E+02
   0.148865423619449E-01
   0.217988990703951E+02
   0.148279119016257E-01
   0.219676236421799E+02
   0.152852018524381E-01
   0.218274365426565E+02
   0.155026657282699E-01
   0.217806481250489E+02
   0.154907946563418E-01
   0.223054925470793E+02
   0.144024271159452E-01
   0.244532290498917E+02
   0.125042332435909E-01
   0.253747730798185E+02
   0.133909197134599E-01
   0.246984788950463E+02
   0.143483781301233E-01
   0.222992611184984E+02
   0.169974045938318E-01
   0.210964980791237E+02
   0.173464851977243E-01
   0.203384679654454E+02
   0.168334815579056E-01
   0.197870267957684E+02
   0.166422532872675E-01
   0.202605788236128E+02
   0.174909742642625E-01
   0.198688093389393E+02
   0.172496066026650E-01
   0.195316698362551E+02
   0.170329046906779E-01
   0.192523448656113E+02
   0.168902992096655E-01
   0.190182991799896E+02
   0.167866777755468E-01
   0.188121815886746E+02
   0.166942454280055E-01
   0.186149165067329E+02
   0.165698438316885E-01
   0.184144206866868E+02
   0.163889831732002E-01
   0.182184673958094E+02
   0.161790334077654E-01
   0.180496440887970E+02
   0.158784468333188E-01
   0.179472979139505E+02
   0.154560168600163E-01
   0.179773873221198E+02
   0.147636794425181E-01
   0.182837656896727E+02
   0.136244148226167E-01
   0.192273306428742E+02
   0.130683974870443E-01
   0.201752365430076E+02
   0.129602506808307E-01
   0.220043480481610E+02
   0.124359467303948E-01
   0.242168688337789E+02
   0.144598389409251E-01
   0.236923381408542E+02
   0.168338355986499E-01
   0.228102148532077E+02
   0.170475308140925E-01
   0.224521725839906E+02
   0.156520575368001E-01
   0.216442017395861E+02
   0.169969993834081E-01
   0.213501771528220E+02
   0.167890644525965E-01
   0.213621936220138E+02
   0.164148287950117E-01
   0.216821707519379E+02
   0.160868861744153E-01
   0.221656504801573E+02
   0.160593445306122E-01
   0.223599761076670E+02
   0.165845090169520E-01
   0.223411585294643E+02
   0.166852895972267E-01
   0.223208317246585E+02
   0.164884016260429E-01
   0.226960915544068E+02
   0.152840695663088E-01
   0.244959692134939E+02
   0.133724197238501E-01
   0.256841699567959E+02
   0.142347548260251E-01
   0.252140421930506E+02
   0.153185738225759E-01
   0.230524778279681E+02
   0.184059698638705E-01
   0.219260562620808E+02
   0.184756618280767E-01
   0.212035463008189E+02
   0.177925076649247E-01
   0.206985751758933E+02
   0.176974309588012E-01
   0.210558329964278E+02
   0.186978192462449E-01
   0.207078833038291E+02
   0.184870643895958E-01
   0.204079173638428E+02
   0.183077501794694E-01
   0.201607659371112E+02
   0.181971370822930E-01
   0.199581621159545E+02
   0.181794582942508E-01
   0.197791075241084E+02
   0.181751558515134E-01
   0.195991086153516E+02
   0.181349341469870E-01
   0.193964975210169E+02
   0.179780585314904E-01
   0.191742283646371E+02
   0.177153995171664E-01
   0.189560143982278E+02
   0.172884460459310E-01
   0.187876352081633E+02
   0.167123341192219E-01
   0.187398194068609E+02
   0.159235697426522E-01
   0.189587620949095E+02
   0.148343680542920E-01
   0.199489506431328E+02
   0.141756685316806E-01
   0.205060511836454E+02
   0.148152910968971E-01
   0.219688485341618E+02
   0.134098877513262E-01
   0.244196633205878E+02
   0.146877724047609E-01
   0.244403752849475E+02
   0.169560567055852E-01
   0.232829996915551E+02
   0.185539712768940E-01
   0.226949913542470E+02
   0.173517566574645E-01
   0.221458658368054E+02
   0.181586855600574E-01
   0.219106468551761E+02
   0.180061726901906E-01
   0.218968825854370E+02
   0.175861916262903E-01
   0.221407530714988E+02
   0.170207525409190E-01
   0.227351168681505E+02
   0.166935919054470E-01
   0.229160711387546E+02
   0.178079783260389E-01
   0.229557067258971E+02
   0.177453822839589E-01
   0.229061056706224E+02
   0.175650702957751E-01
   0.230927720185025E+02
   0.164952186549280E-01
   0.242457940126394E+02
   0.153637608992871E-01
   0.258423083695327E+02
   0.154258939931702E-01
   0.255494101612929E+02
   0.165118957075850E-01
   0.236262022968066E+02
   0.198108715416194E-01
   0.225818446128659E+02
   0.196257950677294E-01
   0.219067461131910E+02
   0.189207624110568E-01
   0.214456305967856E+02
   0.188587112379654E-01
   0.216847307829992E+02
   0.197534384053336E-01
   0.213679181521261E+02
   0.195396255134739E-01
   0.210953923130675E+02
   0.193860150596321E-01
   0.208721109693385E+02
   0.193242398221581E-01
   0.206916763141424E+02
   0.193819404101362E-01
   0.205313998617257E+02
   0.194551281407711E-01
   0.203626959696274E+02
   0.194833516739873E-01
   0.201557793293010E+02
   0.193312940768572E-01
   0.199102507593751E+02
   0.189806278238348E-01
   0.196559585722241E+02
   0.184154814518939E-01
   0.194458571414450E+02
   0.176880652389774E-01
   0.193559113051660E+02
   0.168817265882558E-01
   0.195121640035655E+02
   0.161976981149096E-01
   0.201773298927967E+02
   0.157913471827789E-01
   0.208275103387253E+02
   0.165298648816141E-01
   0.221122342116071E+02
   0.150021432135027E-01
   0.245825952972966E+02
   0.153837379110200E-01
   0.248735761468786E+02
   0.169312641660432E-01
   0.237159525598671E+02
   0.191461733147550E-01
   0.230243747867690E+02
   0.186966931090278E-01
   0.225843837553537E+02
   0.188679950273034E-01
   0.224129639943203E+02
   0.191037367096897E-01
   0.224024618198974E+02
   0.186946227244346E-01
   0.226227914643507E+02
   0.179610732703140E-01
   0.234903907634692E+02
   0.166719659007950E-01
   0.235541200352978E+02
   0.181006374290687E-01
   0.236498700090429E+02
   0.182407150495157E-01
   0.235324883755241E+02
   0.187401168188836E-01
   0.235293531626510E+02
   0.179807315544134E-01
   0.242710578934656E+02
   0.169668053998580E-01
   0.258958899907023E+02
   0.164138708039798E-01
   0.257186521896870E+02
   0.177357625279332E-01
   0.240289977115136E+02
   0.210786223943771E-01
   0.230805847231521E+02
   0.206514205573869E-01
   0.224615854446927E+02
   0.199806643451515E-01
   0.220387409656108E+02
   0.199100073867757E-01
   0.221555573995632E+02
   0.206991972163006E-01
   0.218603912142650E+02
   0.204823086761725E-01
   0.216061868603480E+02
   0.203386921801802E-01
   0.213966217951983E+02
   0.202952182410968E-01
   0.212260764148259E+02
   0.203489854548679E-01
   0.210735400529455E+02
   0.204347190288418E-01
   0.209087459094595E+02
   0.204782351028059E-01
   0.206964061324196E+02
   0.203014444213810E-01
   0.204345830353082E+02
   0.198714360107242E-01
   0.201621139975217E+02
   0.192392737148490E-01
   0.199382484214124E+02
   0.185111645884116E-01
   0.198385539712630E+02
   0.179271778325423E-01
   0.199566690655952E+02
   0.175814688820998E-01
   0.204366273929899E+02
   0.168636977651391E-01
   0.211043944466872E+02
   0.173954081887632E-01
   0.223174524193188E+02
   0.169441585563426E-01
   0.246853080949381E+02
   0.168725062197773E-01
   0.251120769863678E+02
   0.172766397272696E-01
   0.241249567710189E+02
   0.188817975123285E-01
   0.233514280839953E+02
   0.199493192052531E-01
   0.229671109050732E+02
   0.198816863630063E-01
   0.228452808643194E+02
   0.201663777810273E-01
   0.228518225608792E+02
   0.198233322830009E-01
   0.230552793839132E+02
   0.191268695608493E-01
   0.238885460052488E+02
   0.173901328695650E-01
   0.242553608973267E+02
   0.182881391025538E-01
   0.244508353485488E+02
   0.180949789019223E-01
   0.241860134032962E+02
   0.194813016100074E-01
   0.239759088037843E+02
   0.195851872300840E-01
   0.244199237821994E+02
   0.184525201933228E-01
   0.258537494005719E+02
   0.171191428485481E-01
   0.257262625284453E+02
   0.187195989762404E-01
   0.242657196064593E+02
   0.216431439140006E-01
   0.234328009941591E+02
   0.213913066603535E-01
   0.228763085433732E+02
   0.209678168994687E-01
   0.224842403123094E+02
   0.208659041800679E-01
   0.224741038812051E+02
   0.215230345052310E-01
   0.221930885750349E+02
   0.213140669469297E-01
   0.219489202641781E+02
   0.211655982251086E-01
   0.217431621888237E+02
   0.210681127475285E-01
   0.215715872742558E+02
   0.210188164602691E-01
   0.214171203407121E+02
   0.210382573454121E-01
   0.212506648787698E+02
   0.210717873324986E-01
   0.210338870794423E+02
   0.209038603541624E-01
   0.207650799089730E+02
   0.204660610164539E-01
   0.204925403833288E+02
   0.199148480353603E-01
   0.202779865607968E+02
   0.193824105172367E-01
   0.201880478021518E+02
   0.190195078644750E-01
   0.202825857522850E+02
   0.186180295989342E-01
   0.206621211204348E+02
   0.179027404890069E-01
   0.213260733069120E+02
   0.183205251793881E-01
   0.224995648778629E+02
   0.188758936209747E-01
   0.247061402419278E+02
   0.178895904840040E-01
   0.251987782265936E+02
   0.173674234796175E-01
   0.245924147634284E+02
   0.180688619786208E-01
   0.236136520426094E+02
   0.205158643050423E-01
   0.232766900471423E+02
   0.209555749717830E-01
   0.231935084641233E+02
   0.211066635158640E-01
   0.232232648569509E+02
   0.208397227088817E-01
   0.234098089838511E+02
   0.205655117330893E-01
   0.239492609821826E+02
   0.188555489980749E-01
   0.245402677370678E+02
   0.188768458721493E-01
   0.248811764132769E+02
   0.185264723053989E-01
   0.248773850021663E+02
   0.193992713810809E-01
   0.243934245671285E+02
   0.211959795127923E-01
   0.245943575754731E+02
   0.200935014187284E-01
   0.257184344205960E+02
   0.180342058172280E-01
   0.255503466093982E+02
   0.198403884042361E-01
   0.243642355501081E+02
   0.221652607067035E-01
   0.236549264916575E+02
   0.221327010150234E-01
   0.231563009161769E+02
   0.218834281682042E-01
   0.227863398980131E+02
   0.217130608449017E-01
   0.226451415937724E+02
   0.221030995621174E-01
   0.223725070400170E+02
   0.219230082197237E-01
   0.221325860342250E+02
   0.217735336610297E-01
   0.219256475896524E+02
   0.216034037580794E-01
   0.217479839536837E+02
   0.214442140334775E-01
   0.215872136424537E+02
   0.214272769574580E-01
   0.214146242223971E+02
   0.214741039324455E-01
   0.211922219936980E+02
   0.213086212155101E-01
   0.209231839350365E+02
   0.208808982480112E-01
   0.206613815028356E+02
   0.204283892330841E-01
   0.204672885828979E+02
   0.200831687827757E-01
   0.203961915480288E+02
   0.198056011842795E-01
   0.204833585576668E+02
   0.192225306995238E-01
   0.208140423640511E+02
   0.185606844642273E-01
   0.214736985060274E+02
   0.191479416250626E-01
   0.226003220799140E+02
   0.200894000124467E-01
   0.246184599896577E+02
   0.179804148416518E-01
   0.251489508197396E+02
   0.173311962569015E-01
   0.247647491000741E+02
   0.177049538357268E-01
   0.237744466074641E+02
   0.207232167239044E-01
   0.234929168524465E+02
   0.216510355988526E-01
   0.234474607502350E+02
   0.218407498771660E-01
   0.235057570550233E+02
   0.216714106329103E-01
   0.236706736816914E+02
   0.215328716697253E-01
   0.240296537161316E+02
   0.197666062932704E-01
   0.244875982305442E+02
   0.196046829898345E-01
   0.250079650523629E+02
   0.191497727535041E-01
   0.252292957729771E+02
   0.195298143719530E-01
   0.247343887122423E+02
   0.224126545943528E-01
   0.247338971453325E+02
   0.218265567632696E-01
   0.254759351246346E+02
   0.193399733607130E-01
   0.251508773525723E+02
   0.214496544984288E-01
   0.243502036685091E+02
   0.226805027277798E-01
   0.237553488276496E+02
   0.227531681106210E-01
   0.233018108705188E+02
   0.225358077790441E-01
   0.229476569825573E+02
   0.223021895711234E-01
   0.226794000413350E+02
   0.220385858085885E-01
   0.224105558818507E+02
   0.218625997196795E-01
   0.221709182604500E+02
   0.216961603750155E-01
   0.219609295496140E+02
   0.215111674332943E-01
   0.217759793657294E+02
   0.213617533335808E-01
   0.216039986473621E+02
   0.213273987914482E-01
   0.214192064904112E+02
   0.213241998180018E-01
   0.211902222387148E+02
   0.211352617985241E-01
   0.209262169830840E+02
   0.207634212787703E-01
   0.206804977819492E+02
   0.204051184914822E-01
   0.205085890925226E+02
   0.201366327556602E-01
   0.204613930854940E+02
   0.199060876941392E-01
   0.205626132779580E+02
   0.193487167528210E-01
   0.208731358445168E+02
   0.187110863264079E-01
   0.215285153458038E+02
   0.195122027770137E-01
   0.225877060938256E+02
   0.203591748907213E-01
   0.244285852996616E+02
   0.176013492657096E-01
   0.249840126636620E+02
   0.172118367874935E-01
   0.247479708450662E+02
   0.175582367781540E-01
   0.238311205744534E+02
   0.207187824728374E-01
   0.236104441115796E+02
   0.221104268527660E-01
   0.236049582666420E+02
   0.225401828585538E-01
   0.236912355340591E+02
   0.223335120426188E-01
   0.238364925444102E+02
   0.220139400923424E-01
   0.240909945579593E+02
   0.206331898498368E-01
   0.244493257376802E+02
   0.202403890586618E-01
   0.248649351343717E+02
   0.203027104678148E-01
   0.253417981576208E+02
   0.199447723055482E-01
   0.249927247358386E+02
   0.226279615646844E-01
   0.247895233336970E+02
   0.229091855971117E-01
   0.250746533107358E+02
   0.209924307392382E-01
   0.248364357718993E+02
   0.222666470236752E-01
   0.242484944918845E+02
   0.228390020834238E-01
   0.237396440439810E+02
   0.228726925782788E-01
   0.233192852322815E+02
   0.225246875491267E-01
   0.229767135621452E+02
   0.222389510701605E-01
   0.226057327185848E+02
   0.210125055507778E-01
   0.223359228854935E+02
   0.207397009356320E-01
   0.220897575787471E+02
   0.204595926029697E-01
   0.218689018069661E+02
   0.201968495733092E-01
   0.216710209661349E+02
   0.200335857969976E-01
   0.214850268218176E+02
   0.199987272356361E-01
   0.212884957743516E+02
   0.200137137614535E-01
   0.210571360370457E+02
   0.199082121790561E-01
   0.208045518028700E+02
   0.197182362257586E-01
   0.205808084475888E+02
   0.195801117580996E-01
   0.204337572043958E+02
   0.194769828899909E-01
   0.204088428566488E+02
   0.193792705878727E-01
   0.205332888707729E+02
   0.191090057381099E-01
   0.208347847814113E+02
   0.184959604692178E-01
   0.214854092334892E+02
   0.195796727702080E-01
   0.224548505878159E+02
   0.201039104087568E-01
   0.241459749890164E+02
   0.173863165245848E-01
   0.247138904022331E+02
   0.172011889910314E-01
   0.245861804225824E+02
   0.174283618335518E-01
   0.237894252115631E+02
   0.212479864353622E-01
   0.236157191087229E+02
   0.223903950075719E-01
   0.236432312231689E+02
   0.228795815173008E-01
   0.237695269522584E+02
   0.228181067535046E-01
   0.239038090971756E+02
   0.223115551722041E-01
   0.241029742046351E+02
   0.213615092651916E-01
   0.244041410977443E+02
   0.213593878729457E-01
   0.247375097013252E+02
   0.213153136103568E-01
   0.252502609853527E+02
   0.206216806432355E-01
   0.252117340524959E+02
   0.216424939390748E-01
   0.247395649937655E+02
   0.230015922836682E-01
   0.247649905574474E+02
   0.217170801328363E-01
   0.245390883351678E+02
   0.222724380314657E-01
   0.240688872916706E+02
   0.223555376629147E-01
   0.236232637078906E+02
   0.221197140663816E-01
   0.232332826401149E+02
   0.216564062565271E-01
   0.229006569219433E+02
   0.212955903326243E-01
   0.224491569034236E+02
   0.196433385548396E-01
   0.221763643951017E+02
   0.193134548394971E-01
   0.219244291328799E+02
   0.190082129099824E-01
   0.216958517243223E+02
   0.187681328407133E-01
   0.214873888539449E+02
   0.186113959787138E-01
   0.212873979599753E+02
   0.185213186993090E-01
   0.210778352492552E+02
   0.184580722883438E-01
   0.208441477610557E+02
   0.183551963522912E-01
   0.206046478454193E+02
   0.182838553350934E-01
   0.204016402970946E+02
   0.182945998045353E-01
   0.202756444333881E+02
   0.183687193383304E-01
   0.202689347723641E+02
   0.185313893545413E-01
   0.204105217821859E+02
   0.186745331937617E-01
   0.207046165006464E+02
   0.182157540666632E-01
   0.213424055820692E+02
   0.196691876737973E-01
   0.222065222991872E+02
   0.197516373537330E-01
   0.237568791160091E+02
   0.173747822655019E-01
   0.243246444257761E+02
   0.173078599407741E-01
   0.242863586566891E+02
   0.173419464181572E-01
   0.236269252016876E+02
   0.214669460853699E-01
   0.234888041422492E+02
   0.220885609300721E-01
   0.235391830315267E+02
   0.223808343412898E-01
   0.237248920469775E+02
   0.227169704708412E-01
   0.238631300055544E+02
   0.224354108138856E-01
   0.240356612124578E+02
   0.218364168795922E-01
   0.242982414570594E+02
   0.221373173187432E-01
   0.245652008869303E+02
   0.221018330500172E-01
   0.249091992586560E+02
   0.218802665372283E-01
   0.251216628266972E+02
   0.212750796805815E-01
   0.245718612244781E+02
   0.225519194963006E-01
   0.244634633829101E+02
   0.218703771607776E-01
   0.242267399645797E+02
   0.217902738999317E-01
   0.238228762390646E+02
   0.213213687298714E-01
   0.234288845108970E+02
   0.208971808796084E-01
   0.230667694683839E+02
   0.203999402501431E-01
   0.227433590234097E+02
   0.199942839788159E-01
   0.222558717968549E+02
   0.188961742940420E-01
   0.219829951070175E+02
   0.185466663953022E-01
   0.217287960857433E+02
   0.182371927514305E-01
   0.214957469845874E+02
   0.180123624206838E-01
   0.212790137984029E+02
   0.178521798995463E-01
   0.210663133223495E+02
   0.177318009053348E-01
   0.208433379393947E+02
   0.176208889575406E-01
   0.206033125530934E+02
   0.174843368676631E-01
   0.203674833504203E+02
   0.173914461981454E-01
   0.201727784907475E+02
   0.173859556684641E-01
   0.200547760881268E+02
   0.174941999588870E-01
   0.200534802785366E+02
   0.177833337430942E-01
   0.202028753797650E+02
   0.183062658231095E-01
   0.205097243929735E+02
   0.187356256344491E-01
   0.210916750278616E+02
   0.198356073527767E-01
   0.218439293974166E+02
   0.191078924138092E-01
   0.232429497722214E+02
   0.173619484834870E-01
   0.237983970135446E+02
   0.173935636125964E-01
   0.238479674289053E+02
   0.174950352478111E-01
   0.233400718614538E+02
   0.219100581128851E-01
   0.232326372491596E+02
   0.218494234321281E-01
   0.232971218446301E+02
   0.214148913952536E-01
   0.235617674812781E+02
   0.221267232162606E-01
   0.237086888248653E+02
   0.224463425900209E-01
   0.238684742757900E+02
   0.219942671255588E-01
   0.241017365648059E+02
   0.225169401079383E-01
   0.243196053703986E+02
   0.228209485438683E-01
   0.245606544861120E+02
   0.231495334325297E-01
   0.247852984782703E+02
   0.214738198418773E-01
   0.242893609356628E+02
   0.222542792036365E-01
   0.241331212033302E+02
   0.218357307716050E-01
   0.238896414348713E+02
   0.212819685473066E-01
   0.235355708697088E+02
   0.205859298561958E-01
   0.231902500606900E+02
   0.201406571410342E-01
   0.228579738999785E+02
   0.196810202215612E-01
   0.225466592823273E+02
   0.192687955627419E-01
   0.220526388094123E+02
   0.193809201731460E-01
   0.217861799640204E+02
   0.189705864882624E-01
   0.215356635067884E+02
   0.186099254473151E-01
   0.213019860064275E+02
   0.183294772435750E-01
   0.210799838653514E+02
   0.181235900933125E-01
   0.208572395822939E+02
   0.179702402813127E-01
   0.206223096685279E+02
   0.178544912435509E-01
   0.203734869763384E+02
   0.177376393856402E-01
   0.201329386469052E+02
   0.176696580945523E-01
   0.199340752035931E+02
   0.176897454464962E-01
   0.198081501898938E+02
   0.178098572357418E-01
   0.197922322209719E+02
   0.180972148506950E-01
   0.199239621356589E+02
   0.186774619172377E-01
   0.202162596364412E+02
   0.194189560506522E-01
   0.207304835170873E+02
   0.201592586585733E-01
   0.213787044712073E+02
   0.187906198651463E-01
   0.225893155983012E+02
   0.173018344427596E-01
   0.231191144748170E+02
   0.172679322071416E-01
   0.232608753796564E+02
   0.180365161051426E-01
   0.229061750905328E+02
   0.221285279649133E-01
   0.228453872331861E+02
   0.217451686969413E-01
   0.229421888647227E+02
   0.208884190020533E-01
   0.232972484818863E+02
   0.210838835571199E-01
   0.234513861645200E+02
   0.228059453088152E-01
   0.236160880311030E+02
   0.227534221720012E-01
   0.238147573910114E+02
   0.231795856690807E-01
   0.239786635334873E+02
   0.233854130458914E-01
   0.241221976364241E+02
   0.234973813120478E-01
   0.241983700452154E+02
   0.226581432651335E-01
   0.239142575206887E+02
   0.229630054617620E-01
   0.237584972380091E+02
   0.226221499036152E-01
   0.235276253111690E+02
   0.219247173888270E-01
   0.232249428711183E+02
   0.212331008616853E-01
   0.229291065137042E+02
   0.207874655191564E-01
   0.226291112824136E+02
   0.203070877845661E-01
   0.223343988868817E+02
   0.198236392102254E-01
   0.218365436544196E+02
   0.211201753083289E-01
   0.215862123849059E+02
   0.206595546182349E-01
   0.213476152557554E+02
   0.202105056755948E-01
   0.211199964500113E+02
   0.198130864706767E-01
   0.208984368038545E+02
   0.195042594858504E-01
   0.206701693766966E+02
   0.192726947878382E-01
   0.204252063858118E+02
   0.191112153183990E-01
   0.201651519854455E+02
   0.189581250364256E-01
   0.199122071760916E+02
   0.188293782446992E-01
   0.196971294065153E+02
   0.187588294524837E-01
   0.195470222945185E+02
   0.187124630114297E-01
   0.194943881933553E+02
   0.187206853889073E-01
   0.195750879854648E+02
   0.188990670474679E-01
   0.198026776417329E+02
   0.192614958812026E-01
   0.202550918378954E+02
   0.203785251014051E-01
   0.208315751388770E+02
   0.197409463113202E-01
   0.217810637567474E+02
   0.170691109004028E-01
   0.222775553389499E+02
   0.175601466745816E-01
   0.224989220747111E+02
   0.190550423562456E-01
   0.223158820000477E+02
   0.221246205580323E-01
   0.223195946503514E+02
   0.213778196237388E-01
   0.224678565241117E+02
   0.202556607401644E-01
   0.229722971445618E+02
   0.197322642489401E-01
   0.230624703728293E+02
   0.227560140646446E-01
   0.232375486730098E+02
   0.232960069385262E-01
   0.234009922627071E+02
   0.234786401011305E-01
   0.235147773305532E+02
   0.234932176602295E-01
   0.235779930832202E+02
   0.232359239918524E-01
   0.235870026862993E+02
   0.230423308879480E-01
   0.234234786726824E+02
   0.235823097572639E-01
   0.232996312203336E+02
   0.236732364130535E-01
   0.231064399460104E+02
   0.232636216271650E-01
   0.228660038383297E+02
   0.228566251885617E-01
   0.226246497409770E+02
   0.225153746454984E-01
   0.223648216180175E+02
   0.220807738190701E-01
   0.220985091379991E+02
   0.216012157558396E-01
   0.215149757030207E+02
   0.229397145322061E-01
   0.212925595731993E+02
   0.226334910811124E-01
   0.210778365063959E+02
   0.222292661220807E-01
   0.208675461916721E+02
   0.217507526670628E-01
   0.206558998184340E+02
   0.212970584461870E-01
   0.204288078216373E+02
   0.208753156345753E-01
   0.201763461973434E+02
   0.204866532915797E-01
   0.199040350122490E+02
   0.201146903199216E-01
   0.196351839274783E+02
   0.197800051109410E-01
   0.193993296631359E+02
   0.195160395380244E-01
   0.192214404608600E+02
   0.192737384737988E-01
   0.191282917214437E+02
   0.190367560894632E-01
   0.191441610264884E+02
   0.187989465582659E-01
   0.192814358182361E+02
   0.185689496101185E-01
   0.196425418498962E+02
   0.192218539137204E-01
   0.201766628404903E+02
   0.204540964628270E-01
   0.208055656818860E+02
   0.177411691125074E-01
   0.212476431896114E+02
   0.182311021130571E-01
   0.215118904385789E+02
   0.197083822296955E-01
   0.215668561467289E+02
   0.216320972683994E-01
   0.216588560339389E+02
   0.208493515994511E-01
   0.218848051385287E+02
   0.190176663633944E-01
   0.224226058131256E+02
   0.197659677327308E-01
   0.225346433233624E+02
   0.224567359240968E-01
   0.227153042800746E+02
   0.234049963378323E-01
   0.228471886636978E+02
   0.232425297989207E-01
   0.229238999573945E+02
   0.231593778879729E-01
   0.229294520968306E+02
   0.228127020934477E-01
   0.228940014891240E+02
   0.227088961309056E-01
   0.227896848313745E+02
   0.232747009104371E-01
   0.226993278812646E+02
   0.237000305060177E-01
   0.225535426074725E+02
   0.237245131080294E-01
   0.223741515832905E+02
   0.237398048093123E-01
   0.221887388547127E+02
   0.237323935116276E-01
   0.219745463145252E+02
   0.235136610113594E-01
   0.217461026988659E+02
   0.232418553781804E-01
   0.209879891972925E+02
   0.229652716734593E-01
   0.207976496915214E+02
   0.229103141711359E-01
   0.206163423110258E+02
   0.227883555003419E-01
   0.204377670062372E+02
   0.225075342539703E-01
   0.202520305870172E+02
   0.221259274255318E-01
   0.200411952270355E+02
   0.216310789541937E-01
   0.197924863067026E+02
   0.210188122632512E-01
   0.195147232923518E+02
   0.204121296496102E-01
   0.192332774180854E+02
   0.199002081283716E-01
   0.189778048263863E+02
   0.195068883544948E-01
   0.187738797256280E+02
   0.191917255161085E-01
   0.186452681593498E+02
   0.189320086414154E-01
   0.186095250601028E+02
   0.186426862955358E-01
   0.186810615992121E+02
   0.182110603109302E-01
   0.189358502116286E+02
   0.178542774751733E-01
   0.193857386522924E+02
   0.186168893970369E-01
   0.198976607279626E+02
   0.185434772801046E-01
   0.202650457831448E+02
   0.186898936758852E-01
   0.204943569849030E+02
   0.188628855785779E-01
   0.206616410101946E+02
   0.203512676380212E-01
   0.208579150971814E+02
   0.203555898016221E-01
   0.212218700129088E+02
   0.172564602169891E-01
   0.216366239355433E+02
   0.204839008208065E-01
   0.218649289046249E+02
   0.223033322672253E-01
   0.220435066500876E+02
   0.227065692490425E-01
   0.221551979335417E+02
   0.225716840997999E-01
   0.222027995182147E+02
   0.224528241132289E-01
   0.221717230203570E+02
   0.220696717963411E-01
   0.220994094959913E+02
   0.217974513693509E-01
   0.220085348350963E+02
   0.220610860122519E-01
   0.219353636586722E+02
   0.224941556456900E-01
   0.218266492190553E+02
   0.227231262228119E-01
   0.216956487626285E+02
   0.229785256990699E-01
   0.215538571989481E+02
   0.232067827547430E-01
   0.213790636060559E+02
   0.231667487970397E-01
   0.211868552840889E+02
   0.230725271580843E-01
   0.202402502771901E+02
   0.215657049231635E-01
   0.200731990347856E+02
   0.215749762118979E-01
   0.199190754312892E+02
   0.216485129670859E-01
   0.197734046605498E+02
   0.217019076252689E-01
   0.196219832023325E+02
   0.216389834861539E-01
   0.194423084448541E+02
   0.213776870800147E-01
   0.192166572140290E+02
   0.208558516307767E-01
   0.189504230112917E+02
   0.202087098757271E-01
   0.186680233009931E+02
   0.195936957021026E-01
   0.183999388292781E+02
   0.190883549501589E-01
   0.181750681853721E+02
   0.187060527878096E-01
   0.180172724299095E+02
   0.184253207201015E-01
   0.179446222450371E+02
   0.181814564871803E-01
   0.179774079095215E+02
   0.179136253442605E-01
   0.181756646785039E+02
   0.177746269041148E-01
   0.185565461618613E+02
   0.183559048018590E-01
   0.189598717651595E+02
   0.183477710879501E-01
   0.192354900581523E+02
   0.182325889293850E-01
   0.194091484856625E+02
   0.182233456549984E-01
   0.196130525421357E+02
   0.189893926866146E-01
   0.198962114132523E+02
   0.194132964036988E-01
   0.203402884108382E+02
   0.166253130491721E-01
   0.207648259117083E+02
   0.199599594803133E-01
   0.210494263252156E+02
   0.210888811933015E-01
   0.212238388715817E+02
   0.213984207096362E-01
   0.213231426047799E+02
   0.215272277619904E-01
   0.213500400760275E+02
   0.214729038589443E-01
   0.212968871478866E+02
   0.211209422446110E-01
   0.212021895760834E+02
   0.207671196910243E-01
   0.211105815473591E+02
   0.208173899662392E-01
   0.210385903314724E+02
   0.210827546283332E-01
   0.209460423025070E+02
   0.212564840367044E-01
   0.208419799623333E+02
   0.214802720007463E-01
   0.207268434992796E+02
   0.216920703215137E-01
   0.205796575506608E+02
   0.217017432433746E-01
   0.204146453520145E+02
   0.216440329583879E-01
   0.192987113230359E+02
   0.199354875101405E-01
   0.191462946966180E+02
   0.198836883918142E-01
   0.190076812428286E+02
   0.199384846258496E-01
   0.188830950103127E+02
   0.201023685238968E-01
   0.187583750239674E+02
   0.202616644512416E-01
   0.186100682608483E+02
   0.203041826100528E-01
   0.184177212744828E+02
   0.201086155849443E-01
   0.181795144988294E+02
   0.196709500081290E-01
   0.179126680434042E+02
   0.190991019743102E-01
   0.176443563384775E+02
   0.185046610423730E-01
   0.174071287140190E+02
   0.180160366522435E-01
   0.172274189704544E+02
   0.176490847674321E-01
   0.171275692945983E+02
   0.173506144192104E-01
   0.171347909012429E+02
   0.170793058982568E-01
   0.172969352179964E+02
   0.170140717982119E-01
   0.176129765511178E+02
   0.174657253489750E-01
   0.179235788160174E+02
   0.175144862544014E-01
   0.181125901643316E+02
   0.172780877906090E-01
   0.182168904064219E+02
   0.170084200824815E-01
   0.184233613915012E+02
   0.174814655519291E-01
   0.187766984532084E+02
   0.180281963330959E-01
   0.192491046693090E+02
   0.172707478551672E-01
   0.197929517875891E+02
   0.190331116573676E-01
   0.201011311767197E+02
   0.196626489035032E-01
   0.202656001570884E+02
   0.199436567757194E-01
   0.203480498963988E+02
   0.201759015528261E-01
   0.203589677169902E+02
   0.202213140179356E-01
   0.202951405167122E+02
   0.199973833499813E-01
   0.201909287117353E+02
   0.196866576746329E-01
   0.200930866739846E+02
   0.196195094127333E-01
   0.200138547930584E+02
   0.197463221483979E-01
   0.199247104124814E+02
   0.198398482537454E-01
   0.198308874702000E+02
   0.199743548860764E-01
   0.197270401110030E+02
   0.200726618312038E-01
   0.195990052113403E+02
   0.200762952428139E-01
   0.194545842914269E+02
   0.200276508728419E-01
   0.181738698070644E+02
   0.183219481122193E-01
   0.180314116135312E+02
   0.182201396682678E-01
   0.179005992809060E+02
   0.181922530142017E-01
   0.177860085796119E+02
   0.182865393534339E-01
   0.176757726445433E+02
   0.184344134757898E-01
   0.175486873866814E+02
   0.185605348436224E-01
   0.173861415282975E+02
   0.186026017459714E-01
   0.171815396552585E+02
   0.184662828136442E-01
   0.169429067467855E+02
   0.181291893974392E-01
   0.166900133924354E+02
   0.176365842084486E-01
   0.164536678611251E+02
   0.171240140037724E-01
   0.162621079359868E+02
   0.166806864057293E-01
   0.161442397280542E+02
   0.163311260918068E-01
   0.161350115649369E+02
   0.160922113340060E-01
   0.162708983457452E+02
   0.160437744549874E-01
   0.165308009920052E+02
   0.162637860597766E-01
   0.167675751470132E+02
   0.162722334254864E-01
   0.168785483869408E+02
   0.160742714879462E-01
   0.168951068011438E+02
   0.155209361258550E-01
   0.170781063704295E+02
   0.157793601648012E-01
   0.175009666109733E+02
   0.162981021818730E-01
   0.181055976637086E+02
   0.169809412327148E-01
   0.187125093868667E+02
   0.179945982096292E-01
   0.190286321728553E+02
   0.182061058997194E-01
   0.191731605438971E+02
   0.184111218754975E-01
   0.192314829029451E+02
   0.186032000738321E-01
   0.192259431489866E+02
   0.187067935738870E-01
   0.191557429235078E+02
   0.186298451928670E-01
   0.190471936699930E+02
   0.184264982649120E-01
   0.189411240390666E+02
   0.183199681630834E-01
   0.188491130847067E+02
   0.183352253550591E-01
   0.187538489606974E+02
   0.183462822753762E-01
   0.186592102081204E+02
   0.184040448685297E-01
   0.185586511550312E+02
   0.184360916789263E-01
   0.184434244226468E+02
   0.184386347248298E-01
   0.183149343360344E+02
   0.184066218516647E-01
   0.168684036601942E+02
   0.167192702975058E-01
   0.167340623232653E+02
   0.166134744933128E-01
   0.166069802142804E+02
   0.165312999044792E-01
   0.164944379894393E+02
   0.165252075254669E-01
   0.163884763416990E+02
   0.165776143885795E-01
   0.162718812838270E+02
   0.166433974753368E-01
   0.161294774984245E+02
   0.167041327251666E-01
   0.159538259559548E+02
   0.166976245870960E-01
   0.157460904980473E+02
   0.165587022342865E-01
   0.155187867194472E+02
   0.162666539662814E-01
   0.152969627219042E+02
   0.158845907202653E-01
   0.151055854370416E+02
   0.154456577388070E-01
   0.149788061840398E+02
   0.150577208579486E-01
   0.149611960035797E+02
   0.148470625437862E-01
   0.150830888052973E+02
   0.148627006771520E-01
   0.153045021786783E+02
   0.149998126209412E-01
   0.154866055903007E+02
   0.149936397463881E-01
   0.155205405062913E+02
   0.147657419631029E-01
   0.154252114094596E+02
   0.139246317853530E-01
   0.155621313409366E+02
   0.139129345926436E-01
   0.160561070990654E+02
   0.146180278875579E-01
   0.168270365281582E+02
   0.158141004078497E-01
   0.175196468478621E+02
   0.170726795703581E-01
   0.178409273683961E+02
   0.170350617110717E-01
   0.179547815909248E+02
   0.170195047102717E-01
   0.179803512746771E+02
   0.170567438772969E-01
   0.179524469559331E+02
   0.171124150409917E-01
   0.178725991314577E+02
   0.170909775699808E-01
   0.177593368780288E+02
   0.169934264931379E-01
   0.176442001691814E+02
   0.169183966967651E-01
   0.175365604735296E+02
   0.168637420481894E-01
   0.174288636680936E+02
   0.168065789052368E-01
   0.173256860947050E+02
   0.167944490147728E-01
   0.172225571688684E+02
   0.167828260948463E-01
   0.171141041956256E+02
   0.167853532140738E-01
   0.169973595634761E+02
   0.167819633832596E-01
   0.153780597394617E+02
   0.150425503927248E-01
   0.152509046652294E+02
   0.149517232403342E-01
   0.151265145633702E+02
   0.148509144931716E-01
   0.150131697726792E+02
   0.147842386353782E-01
   0.149062955627109E+02
   0.147692907092033E-01
   0.147932168855495E+02
   0.147729694225032E-01
   0.146618593456190E+02
   0.147688572712882E-01
   0.145068216577525E+02
   0.147708072567220E-01
   0.143256624409739E+02
   0.147036710745850E-01
   0.141257308586031E+02
   0.145425430376068E-01
   0.139256630935216E+02
   0.143019221673675E-01
   0.137445005393068E+02
   0.139419955101907E-01
   0.136165899361432E+02
   0.135494601325174E-01
   0.135969060082897E+02
   0.133938816896632E-01
   0.137172344258185E+02
   0.135636678015448E-01
   0.139234036829285E+02
   0.138257049682036E-01
   0.140736200388261E+02
   0.139175694192637E-01
   0.140313516275968E+02
   0.136049437564730E-01
   0.137856955681542E+02
   0.122104432400569E-01
   0.138539500860976E+02
   0.117150449295155E-01
   0.144148586705689E+02
   0.127985564920097E-01
   0.154138843309448E+02
   0.154403829177887E-01
   0.162087321687207E+02
   0.169950956858089E-01
   0.165320180253058E+02
   0.165782140225598E-01
   0.166059620305789E+02
   0.160874065259094E-01
   0.165933589403809E+02
   0.158204488406018E-01
   0.165371715936810E+02
   0.156967742694970E-01
   0.164409746079610E+02
   0.155887399181769E-01
   0.163174764100668E+02
   0.154718886762828E-01
   0.161904297135466E+02
   0.154062280097358E-01
   0.160658628046527E+02
   0.153162569846972E-01
   0.159422652795810E+02
   0.152107749404513E-01
   0.158255398953904E+02
   0.151421627395139E-01
   0.157151499308129E+02
   0.151010649485202E-01
   0.156076189981365E+02
   0.150886253021855E-01
   0.154977117782670E+02
   0.150871358091804E-01
   0.136920722766356E+02
   0.136587244664938E-01
   0.135708407173736E+02
   0.135560340378263E-01
   0.134495974778888E+02
   0.134376229380983E-01
   0.133369096088496E+02
   0.133462758460604E-01
   0.132282297742650E+02
   0.132823235689948E-01
   0.131157725147333E+02
   0.132357601340023E-01
   0.129907518330484E+02
   0.131761191657068E-01
   0.128493588256873E+02
   0.131288076681182E-01
   0.126889274722543E+02
   0.130660261942214E-01
   0.125134418460431E+02
   0.129798282136466E-01
   0.123370006546310E+02
   0.129177051033651E-01
   0.121733412482473E+02
   0.128124735110353E-01
   0.120515801779585E+02
   0.126213361549972E-01
   0.120287893490351E+02
   0.125338281619428E-01
   0.121492340739900E+02
   0.127378642446112E-01
   0.123614188126067E+02
   0.131351952250150E-01
   0.125073592914025E+02
   0.133421083455009E-01
   0.124040683581382E+02
   0.129636416959198E-01
   0.119521026853695E+02
   0.960074691291899E-02
   0.119411397338887E+02
   0.898364523016730E-02
   0.125371138476210E+02
   0.103034029680504E-01
   0.137386902765678E+02
   0.146727139589269E-01
   0.146637956033503E+02
   0.169728214014968E-01
   0.150307541437656E+02
   0.168452923868715E-01
   0.150884079057143E+02
   0.161237917620151E-01
   0.150441737361360E+02
   0.156051064322340E-01
   0.149594967062336E+02
   0.152510125676641E-01
   0.148410743314220E+02
   0.149538801242536E-01
   0.147012399345849E+02
   0.146737196206981E-01
   0.145587329023112E+02
   0.144508642223067E-01
   0.144173393158537E+02
   0.142453046447246E-01
   0.142779012552246E+02
   0.140539349016666E-01
   0.141456659512920E+02
   0.139072791828839E-01
   0.140247613793120E+02
   0.138114276583371E-01
   0.139134252801155E+02
   0.137589962128101E-01
   0.138056547851550E+02
   0.137231153186564E-01
   0.117822348499942E+02
   0.126766253564282E-01
   0.116650882705988E+02
   0.125937327196582E-01
   0.115469225402235E+02
   0.124974221107317E-01
   0.114361809215358E+02
   0.123975636269871E-01
   0.113273198491886E+02
   0.123078937827302E-01
   0.112166601159095E+02
   0.122360481449345E-01
   0.110987460401941E+02
   0.121703879261824E-01
   0.109702339448546E+02
   0.121132792018564E-01
   0.108289328121908E+02
   0.120781534390372E-01
   0.106742717636562E+02
   0.120247704429178E-01
   0.105160851171470E+02
   0.119648193914078E-01
   0.103673681892591E+02
   0.118808579293675E-01
   0.102540903029984E+02
   0.117282114918601E-01
   0.102296640036876E+02
   0.116277858056844E-01
   0.103473242435557E+02
   0.117748374931239E-01
   0.105744858506957E+02
   0.122508380075995E-01
   0.107468004105985E+02
   0.127144103547583E-01
   0.106323612923084E+02
   0.124469711543378E-01
   0.100193401121254E+02
   0.865802121145032E-02
   0.992279889180630E+01
   0.776608790680393E-02
   0.104801288269327E+02
   0.864208122546201E-02
   0.117606055349539E+02
   0.136207082062213E-01
   0.127250449571754E+02
   0.158651308700075E-01
   0.131595254574755E+02
   0.162498364778236E-01
   0.132664835544752E+02
   0.158308262698966E-01
   0.132417857459247E+02
   0.154205388835443E-01
   0.131562895516022E+02
   0.149941854687882E-01
   0.130285752962988E+02
   0.145407673652859E-01
   0.128756889572184E+02
   0.141114635028757E-01
   0.127193998338131E+02
   0.137651093677359E-01
   0.125624968389046E+02
   0.134714366313652E-01
   0.124092694360335E+02
   0.132407742413376E-01
   0.122596373713965E+02
   0.130290096927187E-01
   0.121241212745492E+02
   0.128739333643192E-01
   0.120032908618455E+02
   0.127764990440374E-01
   0.118928711429973E+02
   0.127255635643070E-01
   0.962051077704450E+01
   0.116965685521040E-01
   0.950043926838882E+01
   0.115829079811040E-01
   0.938128784538679E+01
   0.114660672024176E-01
   0.927648903985414E+01
   0.113983746434019E-01
   0.916967600333844E+01
   0.113154609755954E-01
   0.906162756404560E+01
   0.112426051110673E-01
   0.895139517284075E+01
   0.111839748870491E-01
   0.883692226862372E+01
   0.111383386621606E-01
   0.871512272763499E+01
   0.111031086775199E-01
   0.858447154509633E+01
   0.110657747086973E-01
   0.845276303355935E+01
   0.110272022932969E-01
   0.833061233929699E+01
   0.109707663554690E-01
   0.823962517616486E+01
   0.108799689574752E-01
   0.822269971174083E+01
   0.108249794889644E-01
   0.833013679878099E+01
   0.109244332898399E-01
   0.855826674179303E+01
   0.113372679001394E-01
   0.875938323018406E+01
   0.119643548378780E-01
   0.870746370434237E+01
   0.122332047606376E-01
   0.804033501796899E+01
   0.840442419627725E-02
   0.787860429508803E+01
   0.758336493627338E-02
   0.831222047969576E+01
   0.815906160619650E-02
   0.941996862310559E+01
   0.115587370338093E-01
   0.102784429060855E+02
   0.132151895044395E-01
   0.107478626996073E+02
   0.139652860008182E-01
   0.109432518751577E+02
   0.140762978177955E-01
   0.109991336841487E+02
   0.140982055357605E-01
   0.109773391867623E+02
   0.140084930371553E-01
   0.108976667925813E+02
   0.137622172558912E-01
   0.107747220227291E+02
   0.134548362375409E-01
   0.106278237573275E+02
   0.131211495792102E-01
   0.104667688292169E+02
   0.127902917315760E-01
   0.103015746267510E+02
   0.125082131527898E-01
   0.101398336905652E+02
   0.122585311152190E-01
   0.999128065439290E+01
   0.120562816780965E-01
   0.985683800218749E+01
   0.119009188876471E-01
   0.973659133751656E+01
   0.117913472317380E-01
   0.719200180038530E+01
   0.106992954407729E-01
   0.707297237499262E+01
   0.105811019743979E-01
   0.695600321681592E+01
   0.104657671264219E-01
   0.684564278359248E+01
   0.103589827524379E-01
   0.673637626184678E+01
   0.102511671280883E-01
   0.663039472573177E+01
   0.101716089391607E-01
   0.652871582235278E+01
   0.101198922517374E-01
   0.642997678579636E+01
   0.100967361495055E-01
   0.633016292669006E+01
   0.100798416795305E-01
   0.622645983493293E+01
   0.100667143192655E-01
   0.612846151371754E+01
   0.100605992674027E-01
   0.604320626878363E+01
   0.100483094136886E-01
   0.598698916164802E+01
   0.100269353177849E-01
   0.598784724298623E+01
   0.100235786833635E-01
   0.607994698962753E+01
   0.100990966435510E-01
   0.627494057983705E+01
   0.103760689236935E-01
   0.647600514631837E+01
   0.109105493821343E-01
   0.651854735704371E+01
   0.116207538563577E-01
   0.607072917598362E+01
   0.958604731326157E-02
   0.587724834859189E+01
   0.905163697289971E-02
   0.607814043714040E+01
   0.870284790726686E-02
   0.672022010827542E+01
   0.946560890142926E-02
   0.732218379735075E+01
   0.100193061148317E-01
   0.775406318704477E+01
   0.106300751706236E-01
   0.801514666757194E+01
   0.110669708689523E-01
   0.815929329550221E+01
   0.114175130942411E-01
   0.823883384697291E+01
   0.117405181107627E-01
   0.825390086515997E+01
   0.119154660753613E-01
   0.820636269853436E+01
   0.119293435637913E-01
   0.811577605106552E+01
   0.118382120603133E-01
   0.799077779399622E+01
   0.116517302882616E-01
   0.784636294936407E+01
   0.114434760492394E-01
   0.769762198505023E+01
   0.112346252260077E-01
   0.755774206767234E+01
   0.110616794672170E-01
   0.742460262131106E+01
   0.109053913089600E-01
   0.730603443275703E+01
   0.107956358423859E-01
   0.433307078304686E+01
   0.930126193472393E-02
   0.422649345031307E+01
   0.921731025607555E-02
   0.412570333273270E+01
   0.914643509199315E-02
   0.402777958349464E+01
   0.907558172314200E-02
   0.393027074650795E+01
   0.899820897972519E-02
   0.383684408883455E+01
   0.893511985288474E-02
   0.375083148614743E+01
   0.889717208277274E-02
   0.367111557051628E+01
   0.888399804179971E-02
   0.359414030614532E+01
   0.887865452701836E-02
   0.351442048118994E+01
   0.885140052630037E-02
   0.345316617055408E+01
   0.885887726335372E-02
   0.341031312889402E+01
   0.887424391555377E-02
   0.339366676489800E+01
   0.889525845122315E-02
   0.341760751894593E+01
   0.893028748395626E-02
   0.349554454553464E+01
   0.899168729055484E-02
   0.363069447124884E+01
   0.915151581661426E-02
   0.377724324443577E+01
   0.946520218400356E-02
   0.381213123702048E+01
   0.984150701187604E-02
   0.357181313228796E+01
   0.911343164584984E-02
   0.339052144005335E+01
   0.853060086340969E-02
   0.341617636734790E+01
   0.801547291028262E-02
   0.369043863409680E+01
   0.791144900768343E-02
   0.403174801248644E+01
   0.796743384869777E-02
   0.434244532042996E+01
   0.821847325602281E-02
   0.457635592377522E+01
   0.847968004678608E-02
   0.474864489324290E+01
   0.875023185474482E-02
   0.488522101689273E+01
   0.908405391482245E-02
   0.497667952197687E+01
   0.938689231710334E-02
   0.501344839352172E+01
   0.959647249993471E-02
   0.499607804617995E+01
   0.968495719768164E-02
   0.493228361279499E+01
   0.966550101706902E-02
   0.483655029910489E+01
   0.958301203765993E-02
   0.472815632953587E+01
   0.948609771950892E-02
   0.462681020815537E+01
   0.943187155761330E-02
   0.452736774116799E+01
   0.938800588402228E-02
   0.442992849080686E+01
   0.934402524458944E-02
   0.784109979412481E+00
   0.728314553406579E-02
   0.717602690786778E+00
   0.727928447525106E-02
   0.648008488679071E+00
   0.726064880068825E-02
   0.575678378780141E+00
   0.723072514303075E-02
   0.501316498882432E+00
   0.718602569975516E-02
   0.430776819213282E+00
   0.713946863335969E-02
   0.368527721869363E+00
   0.710499698225560E-02
   0.312779393928631E+00
   0.708112945446836E-02
   0.261774167629513E+00
   0.705992608766792E-02
   0.222066248732860E+00
   0.704739739283000E-02
   0.203362153836018E+00
   0.706090981673431E-02
   0.202136345002313E+00
   0.708032608072274E-02
   0.219733073161217E+00
   0.710474251464297E-02
   0.259934203997248E+00
   0.713551749390499E-02
   0.323574750505435E+00
   0.717986195099405E-02
   0.403601724457937E+00
   0.726812191877214E-02
   0.484519050495055E+00
   0.747016172259144E-02
   0.501777939197080E+00
   0.768296774736483E-02
   0.376818980354922E+00
   0.741647463728271E-02
   0.230299981636111E+00
   0.703943521342230E-02
   0.158715807131771E+00
   0.667353031628649E-02
   0.220673202995636E+00
   0.646636917031659E-02
   0.353594295256425E+00
   0.635860361838178E-02
   0.509997371349648E+00
   0.634365026492207E-02
   0.657203158495053E+00
   0.637453525911210E-02
   0.790810578481763E+00
   0.644780622501425E-02
   0.915539998676217E+00
   0.659711072526115E-02
   0.102394334434209E+01
   0.680432441548862E-02
   0.110130032610976E+01
   0.701287965194760E-02
   0.113679322483323E+01
   0.716030684388195E-02
   0.113170965518978E+01
   0.723760183711568E-02
   0.109514503753337E+01
   0.726496087130384E-02
   0.103921611275559E+01
   0.726090142846766E-02
   0.979815065917264E+00
   0.726793519744467E-02
   0.918228925288922E+00
   0.727954956941399E-02
   0.849709991511332E+00
   0.727685501424883E-02
  -0.376715289500792E+01
   0.489520811274028E-02
  -0.379535019523265E+01
   0.490933057878871E-02
  -0.382856174486555E+01
   0.490274576577827E-02
  -0.386561054419639E+01
   0.487773870473993E-02
  -0.390413141237475E+01
   0.483814091287806E-02
  -0.393518735099926E+01
   0.479638021403012E-02
  -0.395513092532054E+01
   0.476272144978433E-02
  -0.396254967700068E+01
   0.474427924092378E-02
  -0.395841976927717E+01
   0.473799688859466E-02
  -0.394252545490095E+01
   0.474168198108961E-02
  -0.391571252094650E+01
   0.474737682912426E-02
  -0.388176501173533E+01
   0.475433239562037E-02
  -0.384219507908127E+01
   0.476876691159440E-02
  -0.379719629958365E+01
   0.479820865769356E-02
  -0.375212455772078E+01
   0.484465824692282E-02
  -0.371517783094675E+01
   0.491977161944875E-02
  -0.369932621396718E+01
   0.503075043586592E-02
  -0.372631798542906E+01
   0.513730340174295E-02
  -0.380686849707329E+01
   0.514173672747888E-02
  -0.391294838275455E+01
   0.504026240146564E-02
  -0.400621888027026E+01
   0.487412139371404E-02
  -0.406058464403432E+01
   0.469402954216129E-02
  -0.407404390318785E+01
   0.453518039133410E-02
  -0.405091526989814E+01
   0.442351919606188E-02
  -0.400017974442807E+01
   0.437217267740682E-02
  -0.392905718726249E+01
   0.438776297307625E-02
  -0.384583584826790E+01
   0.446136940816735E-02
  -0.376493867345424E+01
   0.456819454619956E-02
  -0.369965805550506E+01
   0.468106954912730E-02
  -0.365911141391039E+01
   0.477046341424749E-02
  -0.364547783711730E+01
   0.481894793600374E-02
  -0.365350249065260E+01
   0.483379377764213E-02
  -0.367389091461064E+01
   0.483395703048954E-02
  -0.369767599926043E+01
   0.483900835815972E-02
  -0.372067722989011E+01
   0.485194291374497E-02
  -0.374298089624554E+01
   0.487126649141562E-02
  -0.100021850701093E+02
   0.273930971135236E-02
  -0.994314793403307E+01
   0.276540661535717E-02
  -0.989193278547574E+01
   0.277765995445972E-02
  -0.984349582702392E+01
   0.278056618072260E-02
  -0.978165136693597E+01
   0.279328453798734E-02
  -0.970004077086141E+01
   0.282192849692660E-02
  -0.959299792703020E+01
   0.287214410626455E-02
  -0.945566556731900E+01
   0.294921234173265E-02
  -0.931057431064815E+01
   0.303226963318542E-02
  -0.916297681335230E+01
   0.311822298890352E-02
  -0.902212905259281E+01
   0.320097999834041E-02
  -0.889953096218952E+01
   0.327599631603529E-02
  -0.878574632653303E+01
   0.336121576095235E-02
  -0.872497428283667E+01
   0.340464489550893E-02
  -0.871716348028786E+01
   0.341213082442212E-02
  -0.876655851990432E+01
   0.338308891259039E-02
  -0.888175312641742E+01
   0.330982053477344E-02
  -0.907521760180751E+01
   0.317629944064012E-02
  -0.928599559825684E+01
   0.305163917011373E-02
  -0.950845832413659E+01
   0.293087925484496E-02
  -0.973045779130926E+01
   0.281455856591258E-02
  -0.994779955263277E+01
   0.269458878922809E-02
  -0.101506718159316E+02
   0.257549825441298E-02
  -0.102892582305575E+02
   0.249908895473859E-02
  -0.103709391119479E+02
   0.245870247883597E-02
  -0.104065517733985E+02
   0.244655357182894E-02
  -0.104097309062270E+02
   0.245346284784562E-02
  -0.103952673770151E+02
   0.246955900592985E-02
  -0.103751104150149E+02
   0.248681508031641E-02
  -0.103549905496205E+02
   0.250151085412180E-02
  -0.103361358061594E+02
   0.251325894734447E-02
  -0.103144864879575E+02
   0.252592666270476E-02
  -0.102853192879463E+02
   0.254393283801488E-02
  -0.102412206978593E+02
   0.257372313302809E-02
  -0.101743541556333E+02
   0.262149188266070E-02
  -0.100766006236073E+02
   0.269335082860844E-02
