   0.199108757722009E+01
   0.416677986910562E-02
   0.891972593358786E+00
   0.397893973274214E-02
   0.174654331098984E+00
   0.383632225646667E-02
  -0.237525513607410E+00
   0.373300282180196E-02
  -0.323886706375597E+00
   0.366898721378712E-02
   0.463459039533255E-01
   0.364894366046423E-02
  -0.440237123675640E+00
   0.369237099517773E-02
  -0.407597286641905E+00
   0.378637029528928E-02
   0.119834781618575E+00
   0.393192551686954E-02
   0.114254821236234E+01
   0.413051388202527E-02
   0.266904063887177E+01
   0.438224810079729E-02
   0.492587958922506E+01
   0.467940012149705E-02
   0.817319084849122E+01
   0.501066910467604E-02
   0.110239785136484E+02
   0.535739374481219E-02
   0.135932041732940E+02
   0.570058508371776E-02
   0.159052581375940E+02
   0.602488483755430E-02
   0.178682355441390E+02
   0.631942293241650E-02
   0.194603722927205E+02
   0.657728430408313E-02
   0.206982369604733E+02
   0.679457392367638E-02
   0.216168682851056E+02
   0.697140747263878E-02
   0.222564724576476E+02
   0.711168323496983E-02
   0.226520041810265E+02
   0.721795268578409E-02
   0.228244945028243E+02
   0.728986056204044E-02
   0.227749430526993E+02
   0.732394656180849E-02
   0.224844685498306E+02
   0.731386864429355E-02
   0.219196870313628E+02
   0.725360515947656E-02
   0.210358075164179E+02
   0.714026628538980E-02
   0.197759763204172E+02
   0.697198626883964E-02
   0.180684715253032E+02
   0.674756606449801E-02
   0.158242605549311E+02
   0.646855668950032E-02
   0.129376448609961E+02
   0.614170006080926E-02
   0.928978257860231E+01
   0.578007675566963E-02
   0.646002830226688E+01
   0.540317113754614E-02
   0.438618872624829E+01
   0.503479237414066E-02
   0.298239297444501E+01
   0.469748881028979E-02
   0.219134271053867E+01
   0.440644758778289E-02
   0.495890951254135E+01
   0.524114717052094E-02
   0.554484946654114E+01
   0.504948551196914E-02
   0.533360928667020E+01
   0.487843406477431E-02
   0.451457545050127E+01
   0.470257694058418E-02
   0.293616638354282E+01
   0.456851660618573E-02
   0.221057768313324E+01
   0.450551971262863E-02
   0.197482894536895E+01
   0.450834149540859E-02
   0.220016751528976E+01
   0.458338461648893E-02
   0.293865725356936E+01
   0.471874662269315E-02
   0.436693346194971E+01
   0.489736731585397E-02
   0.462524112110028E+01
   0.514770510668844E-02
   0.549679481018671E+01
   0.544590643365311E-02
   0.706382059788987E+01
   0.589603131863004E-02
   0.923224498269794E+01
   0.641647434859752E-02
   0.121279630052959E+02
   0.691967063307324E-02
   0.160804846575642E+02
   0.738460251892714E-02
   0.187863112733190E+02
   0.780218227994533E-02
   0.205858841626668E+02
   0.815683157585991E-02
   0.217285509181226E+02
   0.841026669338366E-02
   0.224103265095047E+02
   0.855533118388694E-02
   0.228001787674327E+02
   0.867946640306082E-02
   0.230415330070754E+02
   0.881142524318187E-02
   0.232318426892242E+02
   0.895449236860730E-02
   0.233713760545138E+02
   0.910105163640291E-02
   0.233753944307370E+02
   0.918844731160029E-02
   0.231682481666190E+02
   0.916348406300100E-02
   0.227039902697806E+02
   0.906570624041313E-02
   0.219476324145256E+02
   0.890841737270291E-02
   0.208423862296369E+02
   0.867175339782169E-02
   0.192743095701823E+02
   0.833248120804788E-02
   0.170763105184065E+02
   0.788503989671548E-02
   0.140771897941524E+02
   0.735597649135496E-02
   0.101405735583167E+02
   0.676878584687298E-02
   0.759307325117991E+01
   0.621450503375909E-02
   0.602076001976607E+01
   0.577629856448083E-02
   0.516843302728571E+01
   0.547118575617310E-02
   0.744728515425753E+01
   0.690937562800289E-02
   0.707550611518252E+01
   0.672088967356770E-02
   0.659049152818453E+01
   0.651880744433786E-02
   0.593171070308176E+01
   0.616589028596122E-02
   0.521116030699185E+01
   0.583395294612033E-02
   0.478758935511282E+01
   0.575799112174970E-02
   0.465998374621938E+01
   0.581891359466560E-02
   0.484174526469697E+01
   0.598111053921877E-02
   0.533586539788879E+01
   0.619438314487536E-02
   0.620659341929772E+01
   0.645293203199324E-02
   0.758935778972923E+01
   0.666136031847166E-02
   0.794762635723970E+01
   0.646808670469718E-02
   0.951763493996431E+01
   0.702645857428817E-02
   0.116600858974670E+02
   0.768408189687269E-02
   0.143827527764175E+02
   0.815421986552987E-02
   0.180939589573977E+02
   0.862453864117991E-02
   0.204097322678126E+02
   0.912989654511323E-02
   0.217897971844657E+02
   0.965916448636935E-02
   0.224915758409837E+02
   0.996374092870754E-02
   0.227171837234907E+02
   0.983368579577062E-02
   0.226836655480205E+02
   0.987052963901747E-02
   0.226355675959442E+02
   0.100144124321852E-01
   0.228377403138466E+02
   0.102250797037495E-01
   0.232595352572368E+02
   0.106247006000415E-01
   0.235485419301414E+02
   0.109205831471147E-01
   0.235587859078283E+02
   0.107818606577583E-01
   0.232844084672730E+02
   0.106362588385790E-01
   0.227784952708212E+02
   0.105248896399803E-01
   0.220782160557599E+02
   0.103274427377662E-01
   0.210442222978807E+02
   0.995357816006515E-02
   0.193498190591104E+02
   0.937983508222592E-02
   0.166914912812562E+02
   0.880392416384561E-02
   0.127711153049306E+02
   0.807569514555892E-02
   0.103296456973881E+02
   0.749309516396940E-02
   0.888607955884415E+01
   0.720941893269497E-02
   0.801024985076400E+01
   0.710564841928254E-02
   0.102353121278564E+02
   0.901440506814269E-02
   0.968078354352800E+01
   0.868916090626958E-02
   0.911443215977234E+01
   0.835145591180417E-02
   0.852343313671297E+01
   0.801270679861106E-02
   0.795164922200779E+01
   0.763091530641195E-02
   0.757505878478054E+01
   0.745521898184760E-02
   0.742757774894345E+01
   0.749321566795680E-02
   0.749103903161510E+01
   0.761112554571363E-02
   0.775281310835145E+01
   0.771981793717795E-02
   0.823162612064333E+01
   0.771745850094519E-02
   0.898163580195541E+01
   0.776167595246965E-02
   0.101006280437226E+02
   0.752200851431689E-02
   0.128977287300305E+02
   0.832148002230594E-02
   0.153423209249776E+02
   0.869740461766481E-02
   0.177395502720897E+02
   0.895570023422309E-02
   0.201021243794419E+02
   0.933380189783375E-02
   0.217713416563607E+02
   0.980529988665634E-02
   0.226724044517374E+02
   0.102629616405151E-01
   0.229266390375315E+02
   0.105225980334747E-01
   0.226769677896585E+02
   0.105742155732589E-01
   0.221283040060754E+02
   0.106961878853913E-01
   0.216058434892740E+02
   0.107743548683069E-01
   0.218530539906292E+02
   0.109608473219627E-01
   0.228422687579226E+02
   0.117870636795875E-01
   0.234552261994451E+02
   0.120440912227933E-01
   0.235958909835480E+02
   0.117822437173125E-01
   0.233498028915771E+02
   0.119046240687254E-01
   0.229089874663956E+02
   0.116268450445339E-01
   0.225578871585252E+02
   0.113870140733879E-01
   0.221507097919718E+02
   0.111159499161155E-01
   0.210185019419138E+02
   0.106847162745465E-01
   0.187773201124430E+02
   0.101716528867214E-01
   0.151326309248402E+02
   0.963877700734520E-02
   0.129454355331733E+02
   0.932325743636480E-02
   0.116781287761746E+02
   0.924585886619928E-02
   0.108584303882853E+02
   0.916599787354863E-02
   0.127549815568462E+02
   0.111870347493453E-01
   0.121583494643162E+02
   0.106931799668374E-01
   0.115777965542209E+02
   0.101712513500273E-01
   0.110348588420093E+02
   0.975926376093471E-02
   0.105471255269988E+02
   0.939411292659406E-02
   0.101876180762424E+02
   0.915469205202030E-02
   0.998510856719198E+01
   0.906754412686008E-02
   0.993260560996929E+01
   0.905419788262688E-02
   0.100231040419802E+02
   0.902381970072079E-02
   0.102846521838795E+02
   0.893272829836124E-02
   0.107918379109226E+02
   0.869943145376373E-02
   0.118460503248282E+02
   0.854188289369770E-02
   0.145335809835421E+02
   0.925601447559208E-02
   0.171079691694663E+02
   0.942302566296361E-02
   0.193571852770776E+02
   0.956011774577411E-02
   0.213491326589216E+02
   0.993379942845228E-02
   0.226888753673806E+02
   0.104855050501881E-01
   0.232124014737730E+02
   0.109940958147606E-01
   0.230802823482590E+02
   0.111769344139102E-01
   0.223697261309461E+02
   0.111252051548851E-01
   0.212396090514777E+02
   0.113748076007691E-01
   0.198821834084994E+02
   0.112215465908345E-01
   0.201855903481690E+02
   0.116461964433882E-01
   0.223129521476101E+02
   0.127436334293037E-01
   0.232170122439563E+02
   0.125017045889419E-01
   0.233959038044797E+02
   0.126260653411989E-01
   0.230228144293765E+02
   0.128061113919686E-01
   0.224240779436853E+02
   0.124664478526199E-01
   0.223921254919501E+02
   0.120327706854694E-01
   0.228414435849642E+02
   0.118960836419491E-01
   0.223100276390863E+02
   0.115311852739011E-01
   0.204786411467141E+02
   0.112054648279487E-01
   0.171140728378639E+02
   0.110737701533452E-01
   0.151917815799934E+02
   0.109929436108833E-01
   0.141051459319592E+02
   0.113042061468343E-01
   0.133748930742039E+02
   0.114428006895754E-01
   0.148964767257660E+02
   0.129978630560431E-01
   0.142995786246403E+02
   0.122998645415218E-01
   0.137428750444651E+02
   0.116608337774617E-01
   0.132530762921073E+02
   0.112164297415017E-01
   0.128309254506376E+02
   0.108942025058978E-01
   0.124966441743176E+02
   0.106446407095301E-01
   0.122632664391694E+02
   0.104622033381082E-01
   0.121321729971851E+02
   0.103264166573356E-01
   0.121091495369036E+02
   0.101919588979846E-01
   0.122316668351574E+02
   0.100913173010936E-01
   0.125668929021216E+02
   0.995910375584216E-02
   0.133259581143241E+02
   0.966264515662722E-02
   0.150887141934029E+02
   0.977850281969539E-02
   0.179722272460586E+02
   0.101327412631142E-01
   0.201361368022538E+02
   0.101901811209619E-01
   0.220816408553234E+02
   0.106460004004607E-01
   0.232798482675186E+02
   0.113298071640930E-01
   0.234586732484372E+02
   0.118763315949119E-01
   0.230037238722300E+02
   0.117982725792216E-01
   0.218688403184327E+02
   0.119154892548224E-01
   0.201930987465964E+02
   0.120474405533586E-01
   0.193544139712911E+02
   0.120478958933265E-01
   0.197453121484987E+02
   0.123164065520598E-01
   0.219824591086627E+02
   0.131233491341197E-01
   0.228997932494034E+02
   0.130493957897078E-01
   0.230299247119984E+02
   0.133954768946323E-01
   0.224005564301760E+02
   0.134001531276835E-01
   0.213147087248514E+02
   0.129459836054376E-01
   0.215602473969407E+02
   0.123904512798663E-01
   0.233140980867274E+02
   0.123417015302038E-01
   0.233587365349150E+02
   0.121650858099199E-01
   0.218918011401202E+02
   0.120573450597597E-01
   0.187772962187580E+02
   0.124879600106101E-01
   0.171044402366287E+02
   0.128074720067750E-01
   0.161764518775573E+02
   0.134417165445746E-01
   0.155079156350950E+02
   0.134656406935126E-01
   0.166658136869891E+02
   0.142488161760701E-01
   0.160971514571750E+02
   0.134446002639045E-01
   0.155906291553470E+02
   0.128173540572354E-01
   0.151619161399445E+02
   0.124254881469630E-01
   0.147980219941927E+02
   0.121627127911033E-01
   0.144950401184301E+02
   0.119347496175062E-01
   0.142538553781147E+02
   0.117084772585797E-01
   0.140788722441243E+02
   0.114974896009145E-01
   0.139854585518148E+02
   0.113304169920998E-01
   0.140136209567598E+02
   0.112799596310010E-01
   0.142121768242835E+02
   0.112514871907701E-01
   0.147112919129767E+02
   0.109073482592581E-01
   0.158914610575471E+02
   0.104112550593748E-01
   0.183504460218854E+02
   0.105047192901928E-01
   0.203228204564667E+02
   0.108191280764569E-01
   0.224408671019331E+02
   0.112212805332234E-01
   0.236352433754108E+02
   0.123407377068531E-01
   0.234112110860537E+02
   0.129803283744112E-01
   0.227137682253152E+02
   0.127359183958560E-01
   0.211778816448095E+02
   0.128307622806383E-01
   0.200840311808037E+02
   0.131606393686064E-01
   0.195719876039918E+02
   0.133176101534903E-01
   0.198826638616982E+02
   0.130973148212480E-01
   0.216692745529544E+02
   0.134606072243287E-01
   0.224390469901660E+02
   0.136343882002074E-01
   0.225195541966734E+02
   0.137619880850768E-01
   0.215745148738890E+02
   0.138159058139572E-01
   0.210497759763956E+02
   0.134281744732904E-01
   0.215575612605909E+02
   0.129072586890701E-01
   0.237899079285797E+02
   0.123801101610639E-01
   0.242202470955924E+02
   0.125227328295822E-01
   0.230566984847201E+02
   0.127914673542972E-01
   0.201752187097160E+02
   0.138728220630588E-01
   0.187262641486723E+02
   0.147997634390878E-01
   0.178967510274446E+02
   0.153005427357773E-01
   0.172623010733714E+02
   0.149614169070981E-01
   0.181155766153712E+02
   0.151478646310249E-01
   0.176010178759389E+02
   0.144872588778257E-01
   0.171579310211261E+02
   0.140373513057394E-01
   0.167890173750441E+02
   0.137816416468874E-01
   0.164742984758929E+02
   0.135546869385898E-01
   0.162030623192796E+02
   0.133218982164757E-01
   0.159685527293953E+02
   0.130525404466362E-01
   0.157737713777456E+02
   0.127806088955817E-01
   0.156360270718771E+02
   0.125643334281289E-01
   0.155920673855298E+02
   0.125117987540102E-01
   0.156778429315178E+02
   0.125194900517908E-01
   0.159683246722272E+02
   0.120988224841835E-01
   0.167099806395153E+02
   0.113695021618836E-01
   0.182724354364515E+02
   0.109506116572555E-01
   0.199508604383305E+02
   0.115968733973936E-01
   0.225217877730931E+02
   0.119078950669990E-01
   0.238489479761840E+02
   0.134044956234541E-01
   0.230374293931966E+02
   0.144291062827689E-01
   0.222300732869932E+02
   0.140353101953513E-01
   0.212360213657965E+02
   0.138903922679058E-01
   0.204864134935216E+02
   0.147449874810574E-01
   0.201227951824806E+02
   0.147832759539173E-01
   0.202849534737310E+02
   0.141397955501651E-01
   0.211895769211944E+02
   0.137722640111465E-01
   0.217629098946302E+02
   0.139111161460259E-01
   0.218906834469056E+02
   0.142929404307231E-01
   0.214982143905853E+02
   0.144950545682964E-01
   0.213097839255557E+02
   0.144743924250565E-01
   0.218958574226100E+02
   0.136860685432542E-01
   0.242021576945345E+02
   0.123104266485088E-01
   0.248982799792741E+02
   0.128595133130645E-01
   0.239937939323764E+02
   0.135247134923606E-01
   0.213584701377959E+02
   0.154800107692078E-01
   0.200628865392203E+02
   0.164409662262215E-01
   0.192734892221763E+02
   0.162717721924600E-01
   0.186732002143075E+02
   0.158310116333501E-01
   0.193045908101686E+02
   0.162795366926198E-01
   0.188547320519051E+02
   0.159051462505766E-01
   0.184697290310231E+02
   0.156134075666207E-01
   0.181502412110644E+02
   0.154383302939926E-01
   0.178787680254054E+02
   0.152670482140616E-01
   0.176411868575597E+02
   0.150927501735760E-01
   0.174245727469434E+02
   0.148851723469062E-01
   0.172259399026068E+02
   0.146644482634223E-01
   0.170578689644980E+02
   0.144568078428860E-01
   0.169467260580940E+02
   0.142432330495475E-01
   0.169283616588609E+02
   0.139551391975822E-01
   0.170674809425819E+02
   0.132908143488643E-01
   0.175359227944968E+02
   0.125327096496522E-01
   0.186517629236069E+02
   0.119583560299989E-01
   0.199767725926560E+02
   0.119510073985836E-01
   0.224075308001023E+02
   0.120061040511127E-01
   0.240445799782821E+02
   0.140436469431107E-01
   0.232286103263700E+02
   0.158794099447242E-01
   0.223950880334944E+02
   0.153412383893036E-01
   0.217292651220436E+02
   0.148691851045011E-01
   0.210705822873357E+02
   0.158957508451178E-01
   0.207589462155572E+02
   0.158058614692424E-01
   0.208313643267815E+02
   0.151548912369559E-01
   0.213335012454147E+02
   0.148974965364956E-01
   0.218122370708204E+02
   0.148388466151623E-01
   0.219810451791454E+02
   0.152963954864887E-01
   0.218409751845687E+02
   0.155139681252960E-01
   0.217943326619973E+02
   0.155020716732237E-01
   0.223194474369510E+02
   0.144133188075235E-01
   0.244678334365548E+02
   0.125147687795369E-01
   0.253899774656261E+02
   0.134029676242865E-01
   0.247141082981956E+02
   0.143613338766471E-01
   0.223150371817752E+02
   0.170109249768438E-01
   0.211125351200998E+02
   0.173602457830702E-01
   0.203546164815070E+02
   0.168467916749843E-01
   0.198032179603570E+02
   0.166552735971521E-01
   0.202773439395766E+02
   0.175050498117923E-01
   0.198858695265790E+02
   0.172638231326990E-01
   0.195490999342299E+02
   0.170473171882175E-01
   0.192701543952579E+02
   0.169049047791933E-01
   0.190364449567904E+02
   0.168014438073996E-01
   0.188305864021914E+02
   0.167091222618043E-01
   0.186334849639965E+02
   0.165847610064088E-01
   0.184330370006834E+02
   0.164038248307525E-01
   0.182370032455324E+02
   0.161936991408736E-01
   0.180679499825585E+02
   0.158927750295629E-01
   0.179652103743872E+02
   0.154698144683355E-01
   0.179947757778311E+02
   0.147768250603283E-01
   0.183005053949846E+02
   0.136367403747181E-01
   0.192432639046317E+02
   0.130799202687155E-01
   0.201904372486096E+02
   0.129709546790766E-01
   0.220190883586568E+02
   0.124462564330139E-01
   0.242313649566928E+02
   0.144722923968454E-01
   0.237065745681954E+02
   0.168475535646948E-01
   0.228242518187109E+02
   0.170606237969294E-01
   0.224660479739720E+02
   0.156640547716256E-01
   0.216580598023177E+02
   0.170093735619018E-01
   0.213640304215209E+02
   0.168011511722023E-01
   0.213760154778528E+02
   0.164266482384049E-01
   0.216959447887264E+02
   0.160985178135961E-01
   0.221794213949254E+02
   0.160710671311329E-01
   0.223738363731439E+02
   0.165965690471014E-01
   0.223551234120268E+02
   0.166974350760160E-01
   0.223349062097253E+02
   0.165003186280210E-01
   0.227103512726201E+02
   0.152952899653028E-01
   0.245108162732728E+02
   0.133835259296184E-01
   0.256996086772386E+02
   0.142476489447583E-01
   0.252299015809170E+02
   0.153325579745923E-01
   0.230685344977826E+02
   0.184207287841472E-01
   0.219423763026016E+02
   0.184904032466708E-01
   0.212200041496362E+02
   0.178066787381838E-01
   0.207151363496410E+02
   0.177113979976666E-01
   0.210730675895966E+02
   0.187130964795434E-01
   0.207254182157702E+02
   0.185024902044957E-01
   0.204258001063370E+02
   0.183233638824336E-01
   0.201789959962888E+02
   0.182129427462276E-01
   0.199766976090966E+02
   0.181954725440211E-01
   0.197978750881105E+02
   0.181913273827545E-01
   0.196180154643701E+02
   0.181511788823659E-01
   0.194154293489626E+02
   0.179942108189164E-01
   0.191930581660112E+02
   0.177312918253596E-01
   0.189745982049270E+02
   0.173038392058895E-01
   0.188058243771622E+02
   0.167270089052859E-01
   0.187574976974350E+02
   0.159374283014607E-01
   0.189758338364051E+02
   0.148474238620812E-01
   0.199653099371913E+02
   0.141882824966052E-01
   0.205217000397964E+02
   0.148274043566007E-01
   0.219839949825074E+02
   0.134209127931586E-01
   0.244346034373814E+02
   0.147007090446999E-01
   0.244550756043100E+02
   0.169705515447372E-01
   0.232974971673961E+02
   0.185683561540629E-01
   0.227092997177180E+02
   0.173647607848647E-01
   0.221601483112120E+02
   0.181718371716183E-01
   0.219249403009905E+02
   0.180191311271474E-01
   0.219111656848206E+02
   0.175988743620125E-01
   0.221550101317910E+02
   0.170331805233429E-01
   0.227493838699695E+02
   0.167061425592526E-01
   0.229304349526798E+02
   0.178211892247956E-01
   0.229701642900871E+02
   0.177585515045050E-01
   0.229206541865872E+02
   0.175779218657041E-01
   0.231074493939874E+02
   0.165073145130492E-01
   0.242609319752924E+02
   0.153761480354443E-01
   0.258580543787832E+02
   0.154400122433063E-01
   0.255655827033881E+02
   0.165272182959330E-01
   0.236426346375683E+02
   0.198270115312241E-01
   0.225985341726130E+02
   0.196416065070944E-01
   0.219235932833871E+02
   0.189359941512140E-01
   0.214626245097497E+02
   0.188738044554014E-01
   0.217024692380903E+02
   0.197699442085866E-01
   0.213859569422569E+02
   0.195562752076923E-01
   0.211137615869693E+02
   0.194028652920399E-01
   0.208908031925917E+02
   0.193413255923457E-01
   0.207106490361968E+02
   0.193993024252281E-01
   0.205505812124247E+02
   0.194727000229304E-01
   0.203819945246353E+02
   0.195010182916712E-01
   0.201750811826926E+02
   0.193488156628646E-01
   0.199294313310593E+02
   0.189977494441750E-01
   0.196748827064766E+02
   0.184319166795004E-01
   0.194643920343956E+02
   0.177035955480413E-01
   0.193739565627619E+02
   0.168963629792190E-01
   0.195296454092902E+02
   0.162118215692137E-01
   0.201941395277675E+02
   0.158050631030388E-01
   0.208436601023663E+02
   0.165434404785353E-01
   0.221278361288673E+02
   0.150143469213534E-01
   0.245980073522169E+02
   0.153976639701583E-01
   0.248887396603690E+02
   0.169463152035434E-01
   0.237309054980998E+02
   0.191613369967207E-01
   0.230391359948302E+02
   0.187106506541645E-01
   0.225991067986288E+02
   0.188817006011086E-01
   0.224277219443695E+02
   0.191175737568735E-01
   0.224172426492465E+02
   0.187082751198839E-01
   0.226375759405661E+02
   0.179744861778298E-01
   0.235052165894687E+02
   0.166854492907923E-01
   0.235690408927486E+02
   0.181148172573374E-01
   0.236648818619400E+02
   0.182549431587399E-01
   0.235475869112458E+02
   0.187542786374133E-01
   0.235445430164890E+02
   0.179941089643688E-01
   0.242865689806802E+02
   0.169801926339795E-01
   0.259120052208460E+02
   0.164290960226719E-01
   0.257351981285865E+02
   0.177524916270972E-01
   0.240458636562702E+02
   0.210961545701190E-01
   0.230977035389713E+02
   0.206683090830594E-01
   0.224788806197069E+02
   0.199970105564316E-01
   0.220562173974976E+02
   0.199262960399086E-01
   0.221738250046240E+02
   0.207170395484052E-01
   0.218789557979065E+02
   0.205003075251827E-01
   0.216250668345324E+02
   0.203569205991569E-01
   0.214158035735663E+02
   0.203137327950769E-01
   0.212455144574332E+02
   0.203677974560341E-01
   0.210931628928308E+02
   0.204537382573526E-01
   0.209284635389019E+02
   0.204972998256168E-01
   0.207161064561820E+02
   0.203202400665523E-01
   0.204541481297207E+02
   0.198896651630597E-01
   0.201814233376964E+02
   0.192566876964950E-01
   0.199571881034527E+02
   0.185276445124537E-01
   0.198570363018822E+02
   0.179429256081127E-01
   0.199746190229566E+02
   0.175968823160440E-01
   0.204539276494592E+02
   0.168782876865883E-01
   0.211210679121797E+02
   0.174098717890965E-01
   0.223335884560356E+02
   0.169580855331536E-01
   0.247012235888620E+02
   0.168882434925318E-01
   0.251277189129397E+02
   0.172925797449390E-01
   0.241403675761716E+02
   0.188974009580362E-01
   0.233666595969842E+02
   0.199643996120238E-01
   0.229823018612458E+02
   0.198963155024714E-01
   0.228605306745616E+02
   0.201812223575946E-01
   0.228671335096957E+02
   0.198381219664261E-01
   0.230706263030261E+02
   0.191415081172915E-01
   0.239039463891986E+02
   0.174047403063217E-01
   0.242708937867067E+02
   0.183037294793151E-01
   0.244664667895728E+02
   0.181104872717493E-01
   0.242017279307446E+02
   0.194969701737890E-01
   0.239916893042098E+02
   0.196001703944272E-01
   0.244359280954520E+02
   0.184671657892271E-01
   0.258702881900645E+02
   0.171352407617732E-01
   0.257432468731805E+02
   0.187374147093275E-01
   0.242830465573872E+02
   0.216615214158067E-01
   0.234503908245615E+02
   0.214091761036662E-01
   0.228940959427896E+02
   0.209853904936269E-01
   0.225022353656809E+02
   0.208835111580015E-01
   0.224929087479848E+02
   0.215423119367612E-01
   0.222121833608497E+02
   0.213335330623804E-01
   0.219683140551431E+02
   0.211853209303198E-01
   0.217628339320113E+02
   0.210881024620205E-01
   0.215914866254755E+02
   0.210390070149769E-01
   0.214371777202779E+02
   0.210585445223849E-01
   0.212707952705328E+02
   0.210920112728733E-01
   0.210539865109358E+02
   0.209237181316397E-01
   0.207850433017006E+02
   0.204852870207681E-01
   0.205122657680421E+02
   0.199333195620230E-01
   0.202973763280910E+02
   0.194001318716947E-01
   0.202070165232377E+02
   0.190366760567582E-01
   0.203010444556737E+02
   0.186347263821070E-01
   0.206799509851290E+02
   0.179185058906431E-01
   0.213432940794334E+02
   0.183360983087861E-01
   0.225162721486711E+02
   0.188917653119197E-01
   0.247225847014414E+02
   0.179067790864807E-01
   0.252149070426926E+02
   0.173840399877377E-01
   0.246083052520830E+02
   0.180849343247685E-01
   0.236293644579450E+02
   0.205318369745330E-01
   0.232923697544536E+02
   0.209713262480972E-01
   0.232092703203084E+02
   0.211225760265074E-01
   0.232391274139818E+02
   0.208557014112275E-01
   0.234257404777830E+02
   0.205816225172757E-01
   0.239652399060010E+02
   0.188713735430671E-01
   0.245564012986098E+02
   0.188935927317454E-01
   0.248974280146948E+02
   0.185433072043478E-01
   0.248937661773855E+02
   0.194164275855623E-01
   0.244098538925147E+02
   0.212128904009365E-01
   0.246109361742886E+02
   0.201097663752789E-01
   0.257354385780557E+02
   0.180512718980991E-01
   0.255678012887936E+02
   0.198591292060901E-01
   0.243820452513689E+02
   0.221844550525926E-01
   0.236730199394552E+02
   0.221517299392299E-01
   0.231746079684385E+02
   0.219023742121990E-01
   0.228048706616532E+02
   0.217320996280581E-01
   0.226644641435407E+02
   0.221236685477734E-01
   0.223921061060051E+02
   0.219437914372086E-01
   0.221524616155497E+02
   0.217945540623071E-01
   0.219457700736856E+02
   0.216245666294208E-01
   0.217683001415417E+02
   0.214653839134395E-01
   0.216076606041170E+02
   0.214484071339601E-01
   0.214351299390517E+02
   0.214951252580494E-01
   0.212126984317863E+02
   0.213293042162754E-01
   0.209435408938635E+02
   0.209010281145468E-01
   0.206815336080456E+02
   0.204479502264668E-01
   0.204871485234497E+02
   0.201022330418568E-01
   0.204156667219287E+02
   0.198242020134934E-01
   0.205023432599884E+02
   0.192404351628126E-01
   0.208324220794880E+02
   0.185776210962519E-01
   0.214914741518624E+02
   0.191646804488361E-01
   0.226175951918167E+02
   0.201067579920951E-01
   0.246354228069384E+02
   0.179981965829946E-01
   0.251655708346538E+02
   0.173483454268481E-01
   0.247811171036286E+02
   0.177215541163549E-01
   0.237906387934966E+02
   0.207398104634697E-01
   0.235090910080234E+02
   0.216677230547465E-01
   0.234637437150692E+02
   0.218576883806065E-01
   0.235221803114659E+02
   0.216885378128826E-01
   0.236871998494781E+02
   0.215502619563233E-01
   0.240462221397300E+02
   0.197833559112645E-01
   0.245043146297093E+02
   0.196221109374440E-01
   0.250248260305947E+02
   0.191675957768364E-01
   0.252463324411172E+02
   0.195482081856613E-01
   0.247514902757310E+02
   0.224313998671539E-01
   0.247510998395512E+02
   0.218447046954557E-01
   0.254934568160521E+02
   0.193580929223669E-01
   0.251688098472877E+02
   0.214692339328547E-01
   0.243685115296713E+02
   0.227004886243912E-01
   0.237739609543571E+02
   0.227733998551244E-01
   0.233206408124955E+02
   0.225560537558960E-01
   0.229667129473383E+02
   0.223225288886613E-01
   0.226991885385616E+02
   0.220595627221796E-01
   0.224305978823230E+02
   0.218837111694933E-01
   0.221912054941047E+02
   0.217173650889614E-01
   0.219814274862407E+02
   0.215323314757031E-01
   0.217966388178435E+02
   0.213827910602115E-01
   0.216247713823424E+02
   0.213483686872212E-01
   0.214400374082794E+02
   0.213451306579599E-01
   0.212110387431887E+02
   0.211560127647367E-01
   0.209469422293509E+02
   0.207838569696769E-01
   0.207010581826162E+02
   0.204252563481651E-01
   0.205289024890599E+02
   0.201565065430906E-01
   0.204813564336232E+02
   0.199255828586732E-01
   0.205821064083565E+02
   0.193674407210950E-01
   0.208920571894630E+02
   0.187288750589010E-01
   0.215468379670298E+02
   0.195298221550753E-01
   0.226055180691580E+02
   0.203772743890635E-01
   0.244460537478587E+02
   0.176192590888653E-01
   0.250011289064530E+02
   0.172294091056589E-01
   0.247648217933123E+02
   0.175753650846474E-01
   0.238477993508498E+02
   0.207358759065260E-01
   0.236271114573770E+02
   0.221279208801822E-01
   0.236217606775105E+02
   0.225581623216813E-01
   0.237082204690501E+02
   0.223517548992057E-01
   0.238536103227831E+02
   0.220323236638582E-01
   0.241081650772838E+02
   0.206510400711337E-01
   0.244666320293131E+02
   0.202585464074090E-01
   0.248823898049380E+02
   0.203214257002490E-01
   0.253594801178024E+02
   0.199642889913802E-01
   0.250105052268058E+02
   0.226480557778289E-01
   0.248073669254015E+02
   0.229288424404560E-01
   0.250927088949871E+02
   0.210114452364179E-01
   0.248548784880399E+02
   0.222867329103934E-01
   0.242673153166373E+02
   0.228595911596454E-01
   0.237587652973123E+02
   0.228936321998717E-01
   0.233386090064268E+02
   0.225454742329469E-01
   0.229962528322373E+02
   0.222597597872581E-01
   0.226259448493186E+02
   0.210325531104532E-01
   0.223563597398922E+02
   0.207596584117257E-01
   0.221104091911882E+02
   0.204794216864063E-01
   0.218897394012275E+02
   0.202165311681479E-01
   0.216920031033871E+02
   0.200531605260597E-01
   0.215061123756242E+02
   0.200182998928445E-01
   0.213096382330236E+02
   0.200333545292320E-01
   0.210782747759934E+02
   0.199278687773799E-01
   0.208256207280272E+02
   0.197378579732270E-01
   0.206017416465816E+02
   0.195997428611216E-01
   0.204544762186513E+02
   0.194966035435985E-01
   0.204292452141382E+02
   0.193987361384987E-01
   0.205532530319681E+02
   0.191279888305812E-01
   0.208542264200723E+02
   0.185142363423586E-01
   0.215042543204120E+02
   0.195977839561391E-01
   0.224731703193438E+02
   0.201221969650564E-01
   0.241639484833685E+02
   0.174044904633332E-01
   0.247315112703413E+02
   0.172192651274593E-01
   0.246035207056287E+02
   0.174459117799302E-01
   0.238066005249616E+02
   0.212660213471204E-01
   0.236328748530803E+02
   0.224085921694469E-01
   0.236605442575896E+02
   0.228984133650691E-01
   0.237870664590569E+02
   0.228374151404048E-01
   0.239215122549208E+02
   0.223308464226337E-01
   0.241207487914789E+02
   0.213804254143258E-01
   0.244220380623257E+02
   0.213786254371021E-01
   0.247555561114104E+02
   0.213348533807006E-01
   0.252685737566212E+02
   0.206421758974123E-01
   0.252302050321728E+02
   0.216634717878025E-01
   0.247580511432802E+02
   0.230220861942492E-01
   0.247836201704114E+02
   0.217366123783995E-01
   0.245580738564460E+02
   0.222926821081971E-01
   0.240882315760919E+02
   0.223761380795853E-01
   0.236428797435003E+02
   0.221403284514078E-01
   0.232530744628334E+02
   0.216766071098485E-01
   0.229206448393115E+02
   0.213156602864677E-01
   0.224698243268870E+02
   0.196621301959299E-01
   0.221972371557696E+02
   0.193320732946620E-01
   0.219454995830185E+02
   0.190266931838443E-01
   0.217170934135283E+02
   0.187865174935453E-01
   0.215087623790423E+02
   0.186297157475165E-01
   0.213088632270390E+02
   0.185396128639561E-01
   0.210993483083855E+02
   0.184763748685902E-01
   0.208656524467174E+02
   0.183734950667880E-01
   0.206260852578485E+02
   0.183021969877522E-01
   0.204229490367427E+02
   0.183130536929916E-01
   0.202967506400092E+02
   0.183873153661107E-01
   0.202897440753675E+02
   0.185501163577005E-01
   0.204309273858679E+02
   0.186932719327095E-01
   0.207245551213282E+02
   0.182342288343095E-01
   0.213617598496251E+02
   0.196876945813298E-01
   0.222253248124520E+02
   0.197697636128947E-01
   0.237753617250249E+02
   0.173933701099801E-01
   0.243427759783019E+02
   0.173265050080652E-01
   0.243041949411565E+02
   0.173598522303219E-01
   0.236445946378460E+02
   0.214856166033059E-01
   0.235064380113606E+02
   0.221069703236315E-01
   0.235569907845384E+02
   0.223999222670877E-01
   0.237429710806200E+02
   0.227369376290645E-01
   0.238814126909743E+02
   0.224555432558244E-01
   0.240540420350274E+02
   0.218563303382981E-01
   0.243167380237272E+02
   0.221575643514987E-01
   0.245838526248014E+02
   0.221223219563422E-01
   0.249281184205658E+02
   0.219016934997560E-01
   0.251407881454366E+02
   0.212967245564828E-01
   0.245909896581570E+02
   0.225727155265529E-01
   0.244827088287676E+02
   0.218902789942501E-01
   0.242463106902765E+02
   0.218104659774930E-01
   0.238427760164458E+02
   0.213414855828139E-01
   0.234490223723463E+02
   0.209169740701732E-01
   0.230870596039184E+02
   0.204191663207505E-01
   0.227638248065771E+02
   0.200132441723633E-01
   0.222771048293341E+02
   0.189145825691252E-01
   0.220044230712211E+02
   0.185649035844863E-01
   0.217504117758548E+02
   0.182553276742081E-01
   0.215175221877527E+02
   0.180304400548601E-01
   0.213009077790418E+02
   0.178702013031191E-01
   0.210882847443890E+02
   0.177497707650396E-01
   0.208653422118606E+02
   0.176388048670403E-01
   0.206252930506686E+02
   0.175021584688735E-01
   0.203893826481533E+02
   0.174092093783444E-01
   0.201945365105350E+02
   0.174037326875006E-01
   0.200763216396957E+02
   0.175120791931798E-01
   0.200747262882049E+02
   0.178014179170840E-01
   0.202237287977163E+02
   0.183246792299962E-01
   0.205301353589821E+02
   0.187544896896162E-01
   0.211115500243152E+02
   0.198546959047365E-01
   0.218632322526833E+02
   0.191257725828791E-01
   0.232619428260337E+02
   0.173808705802972E-01
   0.238170363384578E+02
   0.174126174628769E-01
   0.238663057120401E+02
   0.175133683108609E-01
   0.233582194100652E+02
   0.219292054600664E-01
   0.232507448621994E+02
   0.218679609276366E-01
   0.233154071060926E+02
   0.214336944893163E-01
   0.235803636826951E+02
   0.221467624518187E-01
   0.237275367027715E+02
   0.224670995310477E-01
   0.238874564871570E+02
   0.220149493256649E-01
   0.241208324586222E+02
   0.225379520707888E-01
   0.243388560419052E+02
   0.228422806049573E-01
   0.245801618529040E+02
   0.231717400460800E-01
   0.248050535349934E+02
   0.214959195792721E-01
   0.243091481763991E+02
   0.222754031363197E-01
   0.241530346507230E+02
   0.218560871034900E-01
   0.239098598049416E+02
   0.213022563986615E-01
   0.235560976646293E+02
   0.206059558599082E-01
   0.232109939806892E+02
   0.201602332602819E-01
   0.228788571336489E+02
   0.196999757115002E-01
   0.225677048079371E+02
   0.192874200554610E-01
   0.220745802845921E+02
   0.194003469403068E-01
   0.218083135732019E+02
   0.189898413700391E-01
   0.215579770520689E+02
   0.186290538363393E-01
   0.213244464894798E+02
   0.183484952830452E-01
   0.211025478465957E+02
   0.181424971441777E-01
   0.208798632736185E+02
   0.179890426412937E-01
   0.206449466728444E+02
   0.178732010978619E-01
   0.203960782961045E+02
   0.177562163677518E-01
   0.201554248076164E+02
   0.176881278167620E-01
   0.199563939233787E+02
   0.177081734002212E-01
   0.198302286186608E+02
   0.178283094422467E-01
   0.198139856444453E+02
   0.181157751374665E-01
   0.199453039309141E+02
   0.186962622418569E-01
   0.202371474460797E+02
   0.194382092495551E-01
   0.207508807854282E+02
   0.201789304762867E-01
   0.213985466384368E+02
   0.188087502138416E-01
   0.226088149060552E+02
   0.173208360996864E-01
   0.231382491921756E+02
   0.172868719973510E-01
   0.232797164179856E+02
   0.180553817047041E-01
   0.229247996909368E+02
   0.221479146207611E-01
   0.228639812507663E+02
   0.217639534649468E-01
   0.229609492791432E+02
   0.209070218756415E-01
   0.233163677683029E+02
   0.211036945243842E-01
   0.234707746726966E+02
   0.228271380447993E-01
   0.236356419326099E+02
   0.227747830863942E-01
   0.238344297511485E+02
   0.232011239706861E-01
   0.239984940564418E+02
   0.234071108087859E-01
   0.241422885385414E+02
   0.235196757401990E-01
   0.242187346175565E+02
   0.226808420243720E-01
   0.239347255079165E+02
   0.229850673155463E-01
   0.237791371696030E+02
   0.226437958711610E-01
   0.235485659229380E+02
   0.219462134276059E-01
   0.232461835132188E+02
   0.212543327529616E-01
   0.229505615335555E+02
   0.208082106105380E-01
   0.226507098403491E+02
   0.203271781654851E-01
   0.223561571544777E+02
   0.198433191098656E-01
   0.218593212472199E+02
   0.211418399228435E-01
   0.216091807266049E+02
   0.206810057239740E-01
   0.213707563949166E+02
   0.202317418314401E-01
   0.211432720712656E+02
   0.198340875749148E-01
   0.209217995877624E+02
   0.195250266216853E-01
   0.206935715345920E+02
   0.192932414006930E-01
   0.204485978391059E+02
   0.191315699280178E-01
   0.201884693125008E+02
   0.189782355235724E-01
   0.199353860282921E+02
   0.188492317358806E-01
   0.197201024032612E+02
   0.187784546044457E-01
   0.195697119730731E+02
   0.187318453918603E-01
   0.195167092572621E+02
   0.187398074959759E-01
   0.195969570366235E+02
   0.189179411190820E-01
   0.198240641806774E+02
   0.192803762416230E-01
   0.202759935404346E+02
   0.203982051765591E-01
   0.208519810076995E+02
   0.197602680401083E-01
   0.218010599074379E+02
   0.170875469298085E-01
   0.222971754218594E+02
   0.175789248580228E-01
   0.225182522688948E+02
   0.190744196637013E-01
   0.223349894850166E+02
   0.221440697770334E-01
   0.223386985826701E+02
   0.213967410256713E-01
   0.224871263724809E+02
   0.202741944162084E-01
   0.229919886923105E+02
   0.197521229737646E-01
   0.230824095067341E+02
   0.227774002029132E-01
   0.232576739544662E+02
   0.233178010983307E-01
   0.234212471833975E+02
   0.235003917443099E-01
   0.235352028836480E+02
   0.235150155804717E-01
   0.235986876489157E+02
   0.232580166422113E-01
   0.236079960449931E+02
   0.230651067923542E-01
   0.234446541250614E+02
   0.236052247304050E-01
   0.233210361225798E+02
   0.236963327143222E-01
   0.231281530178747E+02
   0.232867911522449E-01
   0.228880198540461E+02
   0.228797455300165E-01
   0.226469022535198E+02
   0.225382176384216E-01
   0.223872479664561E+02
   0.221031706205807E-01
   0.221211035365125E+02
   0.216231902063643E-01
   0.215386804820695E+02
   0.229637292252398E-01
   0.213164591107171E+02
   0.226574286959165E-01
   0.211019060731970E+02
   0.222530134629369E-01
   0.208917424253622E+02
   0.217741769332255E-01
   0.206801706521149E+02
   0.213200928035602E-01
   0.204531000471914E+02
   0.208979123924577E-01
   0.202006038446924E+02
   0.205087844288455E-01
   0.199281880389726E+02
   0.201362830171217E-01
   0.196591604661007E+02
   0.198010330174653E-01
   0.194230539474319E+02
   0.195365222170933E-01
   0.192448283225336E+02
   0.192936485233409E-01
   0.191512564442530E+02
   0.190560545382681E-01
   0.191666268545305E+02
   0.188175970759891E-01
   0.193033850191695E+02
   0.185871641646630E-01
   0.196639779858523E+02
   0.192403923640988E-01
   0.201976290948349E+02
   0.204739168746467E-01
   0.208260603461367E+02
   0.177592995587368E-01
   0.212677349327665E+02
   0.182494220907173E-01
   0.215316712814004E+02
   0.197271809056269E-01
   0.215864563144971E+02
   0.216511624000855E-01
   0.216784966724726E+02
   0.208682553190514E-01
   0.219046362599542E+02
   0.190359486380706E-01
   0.224428728149626E+02
   0.197863867668223E-01
   0.225551502010634E+02
   0.224781180978806E-01
   0.227360279155628E+02
   0.234271156940336E-01
   0.228680636344673E+02
   0.232643132338863E-01
   0.229449622026688E+02
   0.231810952104547E-01
   0.229507973878230E+02
   0.228346610583669E-01
   0.229156670692690E+02
   0.227314486207339E-01
   0.228115987965120E+02
   0.232977633752672E-01
   0.227215263671778E+02
   0.237237189923115E-01
   0.225760614519432E+02
   0.237485118431940E-01
   0.223969814575836E+02
   0.237639907843510E-01
   0.222118424750006E+02
   0.237567788998014E-01
   0.219978652599978E+02
   0.235379856581443E-01
   0.217696140166009E+02
   0.232660137742103E-01
   0.210126717714120E+02
   0.229898075711512E-01
   0.208225332745195E+02
   0.229349604406077E-01
   0.206413967627138E+02
   0.228130228649758E-01
   0.204629469917470E+02
   0.225320449506672E-01
   0.202772808067249E+02
   0.221501081733262E-01
   0.200664580446043E+02
   0.216547421260739E-01
   0.198177009383599E+02
   0.210417918673230E-01
   0.195398126002275E+02
   0.204343272163286E-01
   0.192581602985895E+02
   0.199216291580175E-01
   0.190023939258241E+02
   0.195275687915248E-01
   0.187980824602800E+02
   0.192116825753706E-01
   0.186689948027489E+02
   0.189512690357026E-01
   0.186327036364526E+02
   0.186612409580190E-01
   0.187036726634977E+02
   0.182289495078299E-01
   0.189579071378757E+02
   0.178716453291958E-01
   0.194073134163614E+02
   0.186350770541135E-01
   0.199187118287944E+02
   0.185616151270786E-01
   0.202856526643064E+02
   0.187077924235368E-01
   0.205146298362046E+02
   0.188802669827771E-01
   0.206817710290005E+02
   0.203693787247669E-01
   0.208781277578894E+02
   0.203744051058650E-01
   0.212423359761843E+02
   0.172744286992970E-01
   0.216574569665081E+02
   0.205045787623106E-01
   0.218860320504714E+02
   0.223248138042354E-01
   0.220648582980801E+02
   0.227283525067218E-01
   0.221767460316322E+02
   0.225932316031437E-01
   0.222245671442702E+02
   0.224742844429142E-01
   0.221937890892720E+02
   0.220912843499585E-01
   0.221218164562927E+02
   0.218194782153186E-01
   0.220312432822859E+02
   0.220836437667726E-01
   0.219583998723353E+02
   0.225174577541164E-01
   0.218500195145819E+02
   0.227467424250436E-01
   0.217193482248921E+02
   0.230024571853587E-01
   0.215778601086092E+02
   0.232311234930558E-01
   0.214033165978566E+02
   0.231912228077239E-01
   0.212113290564615E+02
   0.230970379892521E-01
   0.202659910361716E+02
   0.215893138383026E-01
   0.200991488248949E+02
   0.215987304204041E-01
   0.199451997064480E+02
   0.216724443364520E-01
   0.197996552445051E+02
   0.217259604482898E-01
   0.196483031863443E+02
   0.216629667276935E-01
   0.194686413577397E+02
   0.214013626186313E-01
   0.192429428913738E+02
   0.208789636639209E-01
   0.189765780591394E+02
   0.202310328273458E-01
   0.186939568363427E+02
   0.196151777452394E-01
   0.184255481371439E+02
   0.191089902118053E-01
   0.182002478808884E+02
   0.187258802890429E-01
   0.180419244249179E+02
   0.184444012761891E-01
   0.179686721621976E+02
   0.181998347348006E-01
   0.180008308101585E+02
   0.179313763710454E-01
   0.181984742725778E+02
   0.177919445860005E-01
   0.185788116035935E+02
   0.183736404624549E-01
   0.189815647323055E+02
   0.183652442441859E-01
   0.192567026014391E+02
   0.182496754684374E-01
   0.194300201765257E+02
   0.182400273084001E-01
   0.196337909248653E+02
   0.190065459706853E-01
   0.199170499630144E+02
   0.194315369260766E-01
   0.203614188526841E+02
   0.166431612985039E-01
   0.207862797181516E+02
   0.199800661045082E-01
   0.210711668091143E+02
   0.211094448545393E-01
   0.212458749624417E+02
   0.214192783857316E-01
   0.213454476737758E+02
   0.215482493924542E-01
   0.213726182581994E+02
   0.214939746978738E-01
   0.213197842490880E+02
   0.211420948251581E-01
   0.212254410746498E+02
   0.207885206018700E-01
   0.211341633531725E+02
   0.208391946541111E-01
   0.210625249024683E+02
   0.211051703590880E-01
   0.209703353576325E+02
   0.212791132110799E-01
   0.208666315674211E+02
   0.215031927019632E-01
   0.207518251922668E+02
   0.217153415182469E-01
   0.206049211840574E+02
   0.217251920941013E-01
   0.204401589586828E+02
   0.216675833556317E-01
   0.193256735173464E+02
   0.199579220583034E-01
   0.191734739902167E+02
   0.199061876610153E-01
   0.190350380874416E+02
   0.199611305192609E-01
   0.189105788496764E+02
   0.201252373398006E-01
   0.187859306362144E+02
   0.202846796035531E-01
   0.186376436745492E+02
   0.203271974432575E-01
   0.184452589312876E+02
   0.201314058851394E-01
   0.182069296701596E+02
   0.196932073815360E-01
   0.179398587859613E+02
   0.191206103055738E-01
   0.176712032821908E+02
   0.185252779502192E-01
   0.174335089972390E+02
   0.180357684594488E-01
   0.172532192840874E+02
   0.176679864387145E-01
   0.171527066814128E+02
   0.173687268033556E-01
   0.171592341285062E+02
   0.170966867740567E-01
   0.173206929303354E+02
   0.170309725419689E-01
   0.176361040407281E+02
   0.174827692693212E-01
   0.179460730290252E+02
   0.175312643447856E-01
   0.181345585204149E+02
   0.172943924398701E-01
   0.182385093810066E+02
   0.170242047357262E-01
   0.184448334734565E+02
   0.174975458713591E-01
   0.187982498840928E+02
   0.180453011775359E-01
   0.192709448055641E+02
   0.172888129031901E-01
   0.198150889868434E+02
   0.190521831051165E-01
   0.201236044341062E+02
   0.196821597689816E-01
   0.202884406392321E+02
   0.199635500034294E-01
   0.203712493290239E+02
   0.201962255921355E-01
   0.203825122386701E+02
   0.202418749289038E-01
   0.203190346610652E+02
   0.200180512285073E-01
   0.202151878921148E+02
   0.197074508854628E-01
   0.201176888218818E+02
   0.196405332974292E-01
   0.200388172451021E+02
   0.197677346404852E-01
   0.199500720540155E+02
   0.198614481775026E-01
   0.198566489560194E+02
   0.199962035333385E-01
   0.197531633286406E+02
   0.200947498831914E-01
   0.196254422350288E+02
   0.200985561898414E-01
   0.194813000880023E+02
   0.200500384575418E-01
   0.182023415842573E+02
   0.183434383448391E-01
   0.180601122719130E+02
   0.182416328690634E-01
   0.179294806482530E+02
   0.182137912124870E-01
   0.178150128331620E+02
   0.183082066348685E-01
   0.177048477978419E+02
   0.184562120629187E-01
   0.175777886359527E+02
   0.185824278273123E-01
   0.174152166302156E+02
   0.186245266893461E-01
   0.172105048963634E+02
   0.184880163199639E-01
   0.169716504111674E+02
   0.181504508564414E-01
   0.167183996863474E+02
   0.176571104824711E-01
   0.164815524556345E+02
   0.171436812322795E-01
   0.162893559301448E+02
   0.166994792620013E-01
   0.161707561700106E+02
   0.163490847800831E-01
   0.161607623253182E+02
   0.161094487756202E-01
   0.162958811097735E+02
   0.160605045110105E-01
   0.165550437731868E+02
   0.162803273602739E-01
   0.167910945402768E+02
   0.162883754525853E-01
   0.169014803068985E+02
   0.160898876870520E-01
   0.169176901372864E+02
   0.155358768195707E-01
   0.171005138326721E+02
   0.157943635659385E-01
   0.175233870029378E+02
   0.163137332134471E-01
   0.181282713926938E+02
   0.169984229056630E-01
   0.187354767314866E+02
   0.180128514793166E-01
   0.190520086461850E+02
   0.182247478497830E-01
   0.191970073664061E+02
   0.184302756507529E-01
   0.192557875458582E+02
   0.186228485624355E-01
   0.192506821742303E+02
   0.187268303326383E-01
   0.191808731239471E+02
   0.186500370316397E-01
   0.190727091822161E+02
   0.184467951422155E-01
   0.189669913011974E+02
   0.183403671199206E-01
   0.188753371542490E+02
   0.183557460858095E-01
   0.187805371266570E+02
   0.183670118452610E-01
   0.186863555430181E+02
   0.184249898452605E-01
   0.185861981924235E+02
   0.184572106631842E-01
   0.184713193063251E+02
   0.184599208962790E-01
   0.183431375466542E+02
   0.184280548348230E-01
   0.168988147192971E+02
   0.167401710405988E-01
   0.167647221742639E+02
   0.166343730007549E-01
   0.166378310126134E+02
   0.165521771108658E-01
   0.165254089897320E+02
   0.165460857055000E-01
   0.164195171879225E+02
   0.165985171816832E-01
   0.163029531765357E+02
   0.166643299092389E-01
   0.161605306266976E+02
   0.167251037823247E-01
   0.159847768984125E+02
   0.167185407555528E-01
   0.157768184826024E+02
   0.165793650255432E-01
   0.155491382685348E+02
   0.162868180061004E-01
   0.153267679669982E+02
   0.159040672462258E-01
   0.151346818219777E+02
   0.154642961077177E-01
   0.150070851127430E+02
   0.150755108055558E-01
   0.149886251338598E+02
   0.148641893372289E-01
   0.151096500956201E+02
   0.148793848027642E-01
   0.153301871757794E+02
   0.150161113667544E-01
   0.155114422832244E+02
   0.150093472168664E-01
   0.155447071794556E+02
   0.147807191268892E-01
   0.154490623175066E+02
   0.139389285637992E-01
   0.155857715835910E+02
   0.139269862222898E-01
   0.160796685543186E+02
   0.146325475022657E-01
   0.168507527207782E+02
   0.158305717005462E-01
   0.175436459864939E+02
   0.170903513236068E-01
   0.178654502270931E+02
   0.170532927014802E-01
   0.179799157433364E+02
   0.170383619714053E-01
   0.180060541884571E+02
   0.170760155399484E-01
   0.179787007166436E+02
   0.171322090693476E-01
   0.178992985572244E+02
   0.171108939760282E-01
   0.177864566817152E+02
   0.170134699626949E-01
   0.176716799623140E+02
   0.169384368418206E-01
   0.175643797507925E+02
   0.168834982870237E-01
   0.174572549927099E+02
   0.168267171771293E-01
   0.173546188877674E+02
   0.168148082615277E-01
   0.172519451995586E+02
   0.168033137617372E-01
   0.171438792017647E+02
   0.168059970923617E-01
   0.170274751057857E+02
   0.168027815682096E-01
   0.154110079308396E+02
   0.150632117667966E-01
   0.152841337453440E+02
   0.149724011309675E-01
   0.151599591091998E+02
   0.148715487359017E-01
   0.150467413530456E+02
   0.148047814697755E-01
   0.149399441944134E+02
   0.147897729504082E-01
   0.148269078550935E+02
   0.147934041586826E-01
   0.146955397097884E+02
   0.147892274269475E-01
   0.145404022911472E+02
   0.147911091082698E-01
   0.143590074471955E+02
   0.147237696773121E-01
   0.141586604458043E+02
   0.145622400832226E-01
   0.139579716707637E+02
   0.143210293293201E-01
   0.137759899832115E+02
   0.139603034650416E-01
   0.136471366748983E+02
   0.135668858636029E-01
   0.136264899869586E+02
   0.134107307904614E-01
   0.137458171149735E+02
   0.135802401845350E-01
   0.139509337607211E+02
   0.138418538803157E-01
   0.141001384088018E+02
   0.139329860325975E-01
   0.140570997788264E+02
   0.136193580198995E-01
   0.138112293252623E+02
   0.122243288186748E-01
   0.138792510978146E+02
   0.117282693941909E-01
   0.144399812476410E+02
   0.128124949028030E-01
   0.154388766207493E+02
   0.154560240172806E-01
   0.162339784541732E+02
   0.170123162715399E-01
   0.165579834659918E+02
   0.165965844937038E-01
   0.166327372141818E+02
   0.161066075525832E-01
   0.166208354142432E+02
   0.158398697601628E-01
   0.165653668274063E+02
   0.157169943431097E-01
   0.164696882884185E+02
   0.156088987790877E-01
   0.163466672239540E+02
   0.154921072862205E-01
   0.162199919579412E+02
   0.154262313740807E-01
   0.160957166510214E+02
   0.153351408165713E-01
   0.159728785295176E+02
   0.152306037168109E-01
   0.158568193666653E+02
   0.151623419526171E-01
   0.157469577252669E+02
   0.151213460044725E-01
   0.156398608718455E+02
   0.151090199786327E-01
   0.155303306361081E+02
   0.151076935331655E-01
   0.137283445407523E+02
   0.136798506627030E-01
   0.136074468127055E+02
   0.135771884801416E-01
   0.134864707567314E+02
   0.134587523061828E-01
   0.133739352929977E+02
   0.133672399250643E-01
   0.132653591746483E+02
   0.133031322435779E-01
   0.131529739358648E+02
   0.132564291172336E-01
   0.130279625377536E+02
   0.131965930268716E-01
   0.128864711090436E+02
   0.131490688846919E-01
   0.127257789425560E+02
   0.130859921112131E-01
   0.125498056714064E+02
   0.129992814261763E-01
   0.123726091716793E+02
   0.129364665952876E-01
   0.122079384705931E+02
   0.128304003474166E-01
   0.120850255357307E+02
   0.126383329512047E-01
   0.120611155640563E+02
   0.125503772730989E-01
   0.121803892943375E+02
   0.127543441824170E-01
   0.123912992539755E+02
   0.131512830710268E-01
   0.125360293926371E+02
   0.133574116620911E-01
   0.124318516084289E+02
   0.129777656764685E-01
   0.119799302609480E+02
   0.961401814483568E-02
   0.119687487585397E+02
   0.899654839957239E-02
   0.125644231960044E+02
   0.103172647772728E-01
   0.137654390947533E+02
   0.146879906358184E-01
   0.146906480388471E+02
   0.169894627049683E-01
   0.150585399099632E+02
   0.168643180611390E-01
   0.151172264006110E+02
   0.161441573963091E-01
   0.150738539365351E+02
   0.156256492789472E-01
   0.149901158634180E+02
   0.152728212599449E-01
   0.148723308055815E+02
   0.149754576779113E-01
   0.147330681967542E+02
   0.146951857788533E-01
   0.145909666219417E+02
   0.144716699829070E-01
   0.144497359001702E+02
   0.142629937702201E-01
   0.143114177357300E+02
   0.140741543631304E-01
   0.141800297722474E+02
   0.139282104085977E-01
   0.140597520947777E+02
   0.138324258605343E-01
   0.139489078702343E+02
   0.137799973439435E-01
   0.138415552236824E+02
   0.137441782665287E-01
   0.118228851693896E+02
   0.126992572652555E-01
   0.117061476533863E+02
   0.126163806129105E-01
   0.115883355352483E+02
   0.125200838722796E-01
   0.114778075220822E+02
   0.124199892123008E-01
   0.113691231995370E+02
   0.123301129962025E-01
   0.112586094738067E+02
   0.122580669276875E-01
   0.111407609630978E+02
   0.121921291141488E-01
   0.110121703946488E+02
   0.121346509541170E-01
   0.108705834383637E+02
   0.120990917683917E-01
   0.107153704481652E+02
   0.120451529980799E-01
   0.105563099530897E+02
   0.119845701975061E-01
   0.104063671452181E+02
   0.118998439093604E-01
   0.102916424054017E+02
   0.117460095649924E-01
   0.102658492600530E+02
   0.116450095041677E-01
   0.103820359832894E+02
   0.117917834418110E-01
   0.106076109474495E+02
   0.122673691079475E-01
   0.107784287933610E+02
   0.127301547106236E-01
   0.106628970285476E+02
   0.124612975445908E-01
   0.100500386746790E+02
   0.867154920599896E-02
   0.995326708879846E+01
   0.777923382575897E-02
   0.105101477130906E+02
   0.865548069189433E-02
   0.117896883410190E+02
   0.136351830361738E-01
   0.127540931278671E+02
   0.158802655711716E-01
   0.131896317640882E+02
   0.162679484431998E-01
   0.132978005403032E+02
   0.158508100232593E-01
   0.132740992353963E+02
   0.154406809063183E-01
   0.131897472145859E+02
   0.150158252065505E-01
   0.130629091273049E+02
   0.145627622289664E-01
   0.129107835077969E+02
   0.141336513802968E-01
   0.127550082365075E+02
   0.137864540692276E-01
   0.125978956593006E+02
   0.134848673248637E-01
   0.124465508095653E+02
   0.132615736301991E-01
   0.122980259492696E+02
   0.130514051979820E-01
   0.121632888308348E+02
   0.128965873642439E-01
   0.120430412197099E+02
   0.127991380037400E-01
   0.119330972831279E+02
   0.127481905173412E-01
   0.966698214300241E+01
   0.117213051358188E-01
   0.954748610909697E+01
   0.116078691038329E-01
   0.942887311390190E+01
   0.114912309301378E-01
   0.932441846997396E+01
   0.114232472345773E-01
   0.921796045098480E+01
   0.113402826198831E-01
   0.911024945186130E+01
   0.112674771061115E-01
   0.900025440196637E+01
   0.112088183237928E-01
   0.888582347980469E+01
   0.111629949230733E-01
   0.876378779437431E+01
   0.111274422292842E-01
   0.863255688056622E+01
   0.110897279684598E-01
   0.849982908199967E+01
   0.110507440115653E-01
   0.837612089774886E+01
   0.109935917740876E-01
   0.828317685959992E+01
   0.109008054496935E-01
   0.826453967527351E+01
   0.108452376147150E-01
   0.836997582459605E+01
   0.109436320232401E-01
   0.859602023669278E+01
   0.113553682918473E-01
   0.879523944497866E+01
   0.119814887356450E-01
   0.874182391322730E+01
   0.122485740273037E-01
   0.807473530107182E+01
   0.841823121712161E-02
   0.791271729212736E+01
   0.759688549354113E-02
   0.834578333433800E+01
   0.817250185176286E-02
   0.945226222623342E+01
   0.115707069861700E-01
   0.103106768246745E+02
   0.132271895847621E-01
   0.107812260635277E+02
   0.139801359447843E-01
   0.109779603330516E+02
   0.140932406773591E-01
   0.110350208167123E+02
   0.141159233360588E-01
   0.110145269175750E+02
   0.140279116744179E-01
   0.109359476318639E+02
   0.137825664316058E-01
   0.108139710459181E+02
   0.134758068395352E-01
   0.106678821091923E+02
   0.131420779838632E-01
   0.105074566653141E+02
   0.128088502192329E-01
   0.103438358948168E+02
   0.125297774332226E-01
   0.101833897273680E+02
   0.122816177214884E-01
   0.100358323209781E+02
   0.120801150374784E-01
   0.990214466514013E+01
   0.119251497574079E-01
   0.978251211285496E+01
   0.118158607612913E-01
   0.724610841167006E+01
   0.107249051314720E-01
   0.712792909061442E+01
   0.106073656782014E-01
   0.701183944302196E+01
   0.104927298090518E-01
   0.690222817506134E+01
   0.103863247340473E-01
   0.679369126376328E+01
   0.102789896520129E-01
   0.668837779716344E+01
   0.101998757321624E-01
   0.658724248224857E+01
   0.101485795485429E-01
   0.648879583512382E+01
   0.101257436065611E-01
   0.638891323474819E+01
   0.101091183559797E-01
   0.628465824943254E+01
   0.100962116925085E-01
   0.618544725812098E+01
   0.100901402445749E-01
   0.609816506162454E+01
   0.100773960044963E-01
   0.603900807061566E+01
   0.100515556559885E-01
   0.603787399602378E+01
   0.100491012284747E-01
   0.612724223039349E+01
   0.101227861612644E-01
   0.631947430135924E+01
   0.103975480343590E-01
   0.651810391273772E+01
   0.109302240365218E-01
   0.655845379663684E+01
   0.116371507982403E-01
   0.611009011805150E+01
   0.960082310405518E-02
   0.591619197388512E+01
   0.906603924711921E-02
   0.611659244207889E+01
   0.871626034523156E-02
   0.675771613681120E+01
   0.947630516978962E-02
   0.735983064221078E+01
   0.100296163974332E-01
   0.779287123289885E+01
   0.106421306236368E-01
   0.805541684514948E+01
   0.110807902879893E-01
   0.820094244364988E+01
   0.114324092635695E-01
   0.828188604195326E+01
   0.117569231954858E-01
   0.829817905045895E+01
   0.119329197403554E-01
   0.825178374432526E+01
   0.119476874197500E-01
   0.816226619841171E+01
   0.118571165558727E-01
   0.803836703485958E+01
   0.116705803115506E-01
   0.789547886060884E+01
   0.114639956333578E-01
   0.774815128805654E+01
   0.112564879480729E-01
   0.760942952201238E+01
   0.110847713207607E-01
   0.747720599455083E+01
   0.109294450426756E-01
   0.735941671748148E+01
   0.108205068240694E-01
   0.439815327027405E+01
   0.932607249582153E-02
   0.429287407234398E+01
   0.924342610852476E-02
   0.419345385217071E+01
   0.917365504633649E-02
   0.409683202983651E+01
   0.910377964664929E-02
   0.400052433641414E+01
   0.902721778417207E-02
   0.390819392386809E+01
   0.896486577664959E-02
   0.382309628984777E+01
   0.892767643594647E-02
   0.374399467816746E+01
   0.891541068158634E-02
   0.366709512907991E+01
   0.891084344226763E-02
   0.358681516750999E+01
   0.888458341080054E-02
   0.352402536116474E+01
   0.889265227140743E-02
   0.347862086492359E+01
   0.890794870231002E-02
   0.345858736665382E+01
   0.892717419817900E-02
   0.347911607735719E+01
   0.896103907822542E-02
   0.355346720236091E+01
   0.902030983983964E-02
   0.368522322108079E+01
   0.917744238777507E-02
   0.382891590553291E+01
   0.948853715778340E-02
   0.386149741551966E+01
   0.986163638179433E-02
   0.362008340177209E+01
   0.913132870457344E-02
   0.343805254461138E+01
   0.854634410673800E-02
   0.346317402459066E+01
   0.802923619260779E-02
   0.373705832452221E+01
   0.792324449994209E-02
   0.407888501513569E+01
   0.797867085935242E-02
   0.439092797213186E+01
   0.823046522841965E-02
   0.462655034031573E+01
   0.849279338436115E-02
   0.480052678478007E+01
   0.876424962506982E-02
   0.493868967660632E+01
   0.909904544878119E-02
   0.503149099290192E+01
   0.940240515757655E-02
   0.506951521657757E+01
   0.961254388485615E-02
   0.505337024515243E+01
   0.970154912414259E-02
   0.499086733255501E+01
   0.968262719832578E-02
   0.489657729244676E+01
   0.960117137868112E-02
   0.478956942763236E+01
   0.950544038727919E-02
   0.468924955720495E+01
   0.945246638395677E-02
   0.459069412754204E+01
   0.941004131738610E-02
   0.449420974363577E+01
   0.936782884182991E-02
   0.868020495684486E+00
   0.730719981950636E-02
   0.803396123219427E+00
   0.730440441037384E-02
   0.736040333070183E+00
   0.728720884371426E-02
   0.665808223371635E+00
   0.725852936432287E-02
   0.593238902731392E+00
   0.721460428018863E-02
   0.524198638402403E+00
   0.716857659313715E-02
   0.463069775548304E+00
   0.713460612197445E-02
   0.407991304815606E+00
   0.711160762779626E-02
   0.357037382010208E+00
   0.709179245130138E-02
   0.316148847586936E+00
   0.708027833662952E-02
   0.294993790114427E+00
   0.709467492319342E-02
   0.290019474338687E+00
   0.711442323409751E-02
   0.302642968515690E+00
   0.713769152933730E-02
   0.337649153895043E+00
   0.716674614989077E-02
   0.396602479137606E+00
   0.720913260295657E-02
   0.473032697545947E+00
   0.729578430927580E-02
   0.551490089981296E+00
   0.749646760928258E-02
   0.567286088175153E+00
   0.770789378981458E-02
   0.441435662820386E+00
   0.743911163651775E-02
   0.294403205941123E+00
   0.705944990315147E-02
   0.222225300340969E+00
   0.669035397482932E-02
   0.284240947411505E+00
   0.648082866106212E-02
   0.418224255276715E+00
   0.637202103963727E-02
   0.576514896481343E+00
   0.635710463532440E-02
   0.726014894920600E+00
   0.638855111757263E-02
   0.861937614551854E+00
   0.646246847208754E-02
   0.988798551723010E+00
   0.661241398865775E-02
   0.109902592122359E+01
   0.682006436338257E-02
   0.117793691331155E+01
   0.702892935837548E-02
   0.121481871437738E+01
   0.717669955055243E-02
   0.121099806631054E+01
   0.725438200908268E-02
   0.117522119712622E+01
   0.728100234563502E-02
   0.112041922124666E+01
   0.727820058805722E-02
   0.106147251374708E+01
   0.728658696049261E-02
   0.100028097876770E+01
   0.729975022889806E-02
   0.932952225281602E+00
   0.730041239594431E-02
  -0.364356859992506E+01
   0.491996353413963E-02
  -0.366701625006335E+01
   0.493827615780686E-02
  -0.369560124375998E+01
   0.493499080060821E-02
  -0.372882281252181E+01
   0.491181654619142E-02
  -0.376507334905284E+01
   0.487168479657771E-02
  -0.379485260970619E+01
   0.482856085756388E-02
  -0.381460287795333E+01
   0.479330842601621E-02
  -0.382298548000421E+01
   0.477357572131119E-02
  -0.382035477855990E+01
   0.476751491482752E-02
  -0.380785832034592E+01
   0.477150699472541E-02
  -0.378583479696370E+01
   0.477863025629758E-02
  -0.375817051697476E+01
   0.478706487178005E-02
  -0.372797654954669E+01
   0.479887068357317E-02
  -0.369170217318205E+01
   0.482587748032228E-02
  -0.365280742607916E+01
   0.487165203944740E-02
  -0.361857533450451E+01
   0.494845762988836E-02
  -0.360194717656451E+01
   0.506344844767657E-02
  -0.362601799059506E+01
   0.517461746421255E-02
  -0.370554390897656E+01
   0.517875356890362E-02
  -0.381065482252781E+01
   0.507518217671432E-02
  -0.390375021474865E+01
   0.490465914545898E-02
  -0.395749325808141E+01
   0.472023454796746E-02
  -0.396936125300299E+01
   0.455815809729322E-02
  -0.394365352211598E+01
   0.444461432117866E-02
  -0.388975370879717E+01
   0.439241477164544E-02
  -0.381529433591952E+01
   0.440784752293552E-02
  -0.372883395591119E+01
   0.448176268849851E-02
  -0.364493588426741E+01
   0.458922917647049E-02
  -0.357712100430834E+01
   0.470284137477960E-02
  -0.353474502569559E+01
   0.479282445746145E-02
  -0.352014525859094E+01
   0.484155979495649E-02
  -0.352818963919833E+01
   0.485616303992264E-02
  -0.354947380999189E+01
   0.485591938971473E-02
  -0.357499400584212E+01
   0.486028033841293E-02
  -0.359992845117012E+01
   0.487246178572625E-02
  -0.362289328813557E+01
   0.489213623249307E-02
  -0.975726622171342E+01
   0.279750317529614E-02
  -0.967263767320453E+01
   0.284821334840440E-02
  -0.960298377522100E+01
   0.287672013980020E-02
  -0.954027960546037E+01
   0.289054003316375E-02
  -0.948076940780219E+01
   0.289407729190672E-02
  -0.940315265844860E+01
   0.291289795852202E-02
  -0.930496544846756E+01
   0.295127250451561E-02
  -0.918437106365456E+01
   0.301284915636616E-02
  -0.904098496663755E+01
   0.310020625328654E-02
  -0.890874230858146E+01
   0.318001623061012E-02
  -0.877748625151936E+01
   0.327004358940948E-02
  -0.865429663683260E+01
   0.336743151958332E-02
  -0.857578266875111E+01
   0.342724760133276E-02
  -0.853695303721188E+01
   0.345985416552045E-02
  -0.853697957191249E+01
   0.347060306240452E-02
  -0.857867691081005E+01
   0.345985528312148E-02
  -0.866791972677122E+01
   0.342205319033299E-02
  -0.881400167898883E+01
   0.334431021081230E-02
  -0.902784815873009E+01
   0.320723030630845E-02
  -0.924052349821299E+01
   0.308573681335202E-02
  -0.947244168686539E+01
   0.294395249288422E-02
  -0.969768127472513E+01
   0.280103004319218E-02
  -0.990450051450433E+01
   0.266417090709328E-02
  -0.100418447683628E+02
   0.257756225730657E-02
  -0.101192210479119E+02
   0.253207037152580E-02
  -0.101490585764527E+02
   0.251804826413717E-02
  -0.101460629490898E+02
   0.252500530567222E-02
  -0.101249339972039E+02
   0.254276429069036E-02
  -0.100992850463498E+02
   0.256177528495697E-02
  -0.100770841903496E+02
   0.257645053487364E-02
  -0.100600290541349E+02
   0.258593619445564E-02
  -0.100446618304510E+02
   0.259354972037185E-02
  -0.100248471136388E+02
   0.260461625215938E-02
  -0.999341447121630E+01
   0.262502517127645E-02
  -0.994330780782732E+01
   0.266026997474515E-02
  -0.986713996892321E+01
   0.271588104127730E-02
