   0.198209152166019E+01
   0.416402951686464E-02
   0.882874071039857E+00
   0.397634752107775E-02
   0.165253583367309E+00
   0.383381356232980E-02
  -0.247286284527175E+00
   0.373052003204793E-02
  -0.333992323542848E+00
   0.366647626007596E-02
   0.359176878618557E-01
   0.364634545822979E-02
  -0.450748326746803E+00
   0.368972909037380E-02
  -0.418086237793899E+00
   0.378361729838456E-02
   0.109478565838574E+00
   0.392899398651158E-02
   0.113232317237330E+01
   0.412733721424460E-02
   0.265881815506335E+01
   0.437879395261618E-02
   0.491574982585768E+01
   0.467567300791612E-02
   0.816315071025042E+01
   0.500666413138014E-02
   0.110140837823526E+02
   0.535310924277597E-02
   0.135834764094741E+02
   0.569603254228009E-02
   0.158956985830097E+02
   0.602008843512986E-02
   0.178588408087800E+02
   0.631441732339943E-02
   0.194511346770088E+02
   0.657211021685038E-02
   0.206891454478306E+02
   0.678927346038401E-02
   0.216079095679682E+02
   0.696601989399359E-02
   0.222476318910782E+02
   0.710624173910407E-02
   0.226432666481974E+02
   0.721248582112748E-02
   0.228158450678195E+02
   0.728439520082493E-02
   0.227663673946035E+02
   0.731851098914375E-02
   0.224759532124960E+02
   0.730849530200172E-02
   0.219112195212724E+02
   0.724833074615673E-02
   0.210273763890862E+02
   0.713512933916180E-02
   0.197675715185428E+02
   0.696702592772436E-02
   0.180600852659222E+02
   0.674282074014257E-02
   0.158158893578972E+02
   0.646406032447785E-02
   0.129292939228801E+02
   0.613747747805090E-02
   0.928147491070257E+01
   0.577613981013416E-02
   0.645163347878348E+01
   0.539951466867297E-02
   0.437764363560358E+01
   0.503139847746004E-02
   0.297373466928056E+01
   0.469433437395415E-02
   0.218255355642851E+01
   0.440351221405488E-02
   0.494811301500003E+01
   0.523755421862885E-02
   0.553342391836342E+01
   0.504562600983156E-02
   0.532146346901663E+01
   0.487430913427868E-02
   0.450173898374806E+01
   0.469832034819076E-02
   0.292270472840123E+01
   0.456419414578869E-02
   0.219654605061186E+01
   0.450104994296409E-02
   0.196037147695379E+01
   0.450368208549514E-02
   0.218543521041053E+01
   0.457846365157940E-02
   0.292391577042680E+01
   0.471358835715369E-02
   0.435261362327780E+01
   0.489215692874047E-02
   0.461163969126841E+01
   0.514257037425477E-02
   0.548389242876387E+01
   0.544080505297421E-02
   0.705159232877271E+01
   0.589076635742196E-02
   0.922061541822028E+01
   0.641092425521254E-02
   0.121168261031710E+02
   0.691380682470041E-02
   0.160696604655251E+02
   0.737844100865183E-02
   0.187757796176961E+02
   0.779576891473827E-02
   0.205756084692777E+02
   0.815023130263536E-02
   0.217184931310258E+02
   0.840357032993297E-02
   0.224004517983995E+02
   0.854862710167392E-02
   0.227904563344611E+02
   0.867276779575129E-02
   0.230319369477791E+02
   0.880471997200523E-02
   0.232223514056164E+02
   0.894776473745060E-02
   0.233619711257372E+02
   0.909429257267366E-02
   0.233660592861878E+02
   0.918169652988512E-02
   0.231589655736637E+02
   0.915682204799658E-02
   0.226947388485198E+02
   0.905918526710773E-02
   0.219383834068604E+02
   0.890208055079937E-02
   0.208330985085747E+02
   0.866565774517340E-02
   0.192649205444603E+02
   0.832669655010350E-02
   0.170667159765960E+02
   0.787962962380109E-02
   0.140672011728873E+02
   0.735096872788028E-02
   0.101298457335248E+02
   0.676416203048952E-02
   0.758162933225463E+01
   0.621009667568032E-02
   0.600968100181313E+01
   0.577203934906387E-02
   0.515772910474792E+01
   0.546742527644920E-02
   0.743565551808070E+01
   0.690518366060058E-02
   0.706301483181373E+01
   0.671588376558500E-02
   0.657684222339003E+01
   0.651276428748853E-02
   0.591719590539419E+01
   0.615963864424065E-02
   0.519600683038598E+01
   0.582785873456911E-02
   0.477177802460421E+01
   0.575164235104255E-02
   0.464355645392018E+01
   0.581204923793152E-02
   0.482478874772556E+01
   0.597346665466996E-02
   0.531872635346822E+01
   0.618609206072736E-02
   0.618979345903906E+01
   0.644435817188770E-02
   0.757366577873774E+01
   0.665374802992199E-02
   0.793291595655386E+01
   0.646141055102857E-02
   0.950386139722903E+01
   0.701971638432421E-02
   0.116472004949582E+02
   0.767706606977457E-02
   0.143705409623181E+02
   0.814702524057776E-02
   0.180822756665211E+02
   0.861712938680627E-02
   0.203984508324823E+02
   0.912224020861633E-02
   0.217788287556387E+02
   0.965124799296594E-02
   0.224808558998536E+02
   0.995574668999352E-02
   0.227066632208372E+02
   0.982594865552408E-02
   0.226733045970692E+02
   0.986290080339464E-02
   0.226253380212055E+02
   0.100067933409146E-01
   0.228276213710002E+02
   0.102174033387253E-01
   0.232495108480649E+02
   0.106168139717041E-01
   0.235385995865993E+02
   0.109125612430722E-01
   0.235489126909446E+02
   0.107740239782542E-01
   0.232745851743683E+02
   0.106286129581737E-01
   0.227686955989480E+02
   0.105174130365698E-01
   0.220684040078301E+02
   0.103202077381916E-01
   0.210343569885446E+02
   0.994673651988801E-02
   0.193398563706676E+02
   0.937358923468831E-02
   0.166813403804266E+02
   0.879842629140043E-02
   0.127604699243892E+02
   0.807126250906026E-02
   0.103134263618723E+02
   0.748851709153467E-02
   0.887265025745987E+01
   0.720345218109656E-02
   0.799839245129643E+01
   0.710092121272490E-02
   0.102234366338063E+02
   0.900980765865090E-02
   0.966779441111240E+01
   0.868327510259117E-02
   0.910011694638640E+01
   0.834410040056686E-02
   0.850804372129647E+01
   0.800455015685211E-02
   0.793553147660016E+01
   0.762273036426403E-02
   0.755832917974353E+01
   0.744689888124890E-02
   0.741026232508891E+01
   0.748432043432995E-02
   0.747338033498568E+01
   0.760187194938396E-02
   0.773499060673593E+01
   0.771003672446201E-02
   0.821404342858500E+01
   0.770746438482002E-02
   0.896502909098555E+01
   0.775273856643987E-02
   0.100849705890150E+02
   0.751391328704128E-02
   0.128831269248752E+02
   0.831315492576987E-02
   0.153287109622418E+02
   0.868920371434877E-02
   0.177267004870613E+02
   0.894762448647694E-02
   0.200898503385422E+02
   0.932567765613476E-02
   0.217595009346342E+02
   0.979702100579286E-02
   0.226608943716278E+02
   0.102545312114885E-01
   0.229153840235727E+02
   0.105141590903559E-01
   0.226659093974676E+02
   0.105659108541973E-01
   0.221173982902859E+02
   0.106879414503294E-01
   0.215950681581501E+02
   0.107661800325037E-01
   0.218423909517289E+02
   0.109526314853125E-01
   0.228317068638304E+02
   0.117783146226336E-01
   0.234447598042596E+02
   0.120352395468995E-01
   0.235855095717890E+02
   0.117736781840513E-01
   0.233394903585047E+02
   0.118960669058938E-01
   0.228987212279424E+02
   0.116185828429887E-01
   0.225476238183478E+02
   0.113790255821079E-01
   0.221404125512816E+02
   0.111082970865798E-01
   0.210082009596490E+02
   0.106776801094545E-01
   0.187671658544856E+02
   0.101659211277914E-01
   0.151231654049675E+02
   0.963690252419218E-02
   0.129343210163535E+02
   0.932099570469762E-02
   0.116668542482421E+02
   0.924239083395023E-02
   0.108470410067237E+02
   0.916188416409090E-02
   0.127423642784194E+02
   0.111804547021822E-01
   0.121447301365126E+02
   0.106857197383323E-01
   0.115630156450573E+02
   0.101627353510938E-01
   0.110190531550431E+02
   0.974996321191255E-02
   0.105305354024845E+02
   0.938441364050580E-02
   0.101704598504661E+02
   0.914487271815672E-02
   0.996748823607719E+01
   0.905744293799810E-02
   0.991471470993938E+01
   0.904391810722899E-02
   0.100051011938284E+02
   0.901324517958675E-02
   0.102668375791665E+02
   0.892198351181229E-02
   0.107747303833305E+02
   0.868946222802393E-02
   0.118297757906273E+02
   0.853233328823110E-02
   0.145183863470182E+02
   0.924646569747676E-02
   0.170938303450088E+02
   0.941398149624786E-02
   0.193438432810376E+02
   0.955142826707026E-02
   0.213363797359389E+02
   0.992512866047962E-02
   0.226765587958274E+02
   0.104766503462223E-01
   0.232004163650571E+02
   0.109850899038594E-01
   0.230685491589285E+02
   0.111680082777179E-01
   0.223581807882056E+02
   0.111165099159913E-01
   0.212282002055460E+02
   0.113660802073324E-01
   0.198709030515715E+02
   0.112130725330697E-01
   0.201744192882143E+02
   0.116374803754790E-01
   0.223018926573583E+02
   0.127341708512888E-01
   0.232060635838051E+02
   0.124925124333419E-01
   0.233850533642521E+02
   0.126168873407273E-01
   0.230120524104028E+02
   0.127969097751840E-01
   0.224133886104634E+02
   0.124575875862405E-01
   0.223814418434023E+02
   0.120243014973495E-01
   0.228306871570414E+02
   0.118877940349581E-01
   0.222992366385408E+02
   0.115233561738181E-01
   0.204679301151966E+02
   0.111984646181379E-01
   0.171036303616644E+02
   0.110685328962341E-01
   0.151807446415024E+02
   0.109881355007604E-01
   0.140935908864398E+02
   0.112985199695568E-01
   0.133629110556753E+02
   0.114366462566492E-01
   0.148830613727123E+02
   0.129892284294821E-01
   0.142853204265420E+02
   0.122908567750486E-01
   0.137276438404732E+02
   0.116511926431597E-01
   0.132369460753477E+02
   0.112061906327387E-01
   0.128140736568062E+02
   0.108835433746049E-01
   0.124792666670083E+02
   0.106337986641512E-01
   0.122455086050056E+02
   0.104512305119182E-01
   0.121141990993501E+02
   0.103153849845228E-01
   0.120911121947421E+02
   0.101808276531762E-01
   0.122137898197067E+02
   0.100800486038116E-01
   0.125495393796436E+02
   0.994816187779301E-02
   0.133092597583196E+02
   0.965176480789338E-02
   0.150730517519725E+02
   0.976820833970781E-02
   0.179576636663709E+02
   0.101229619011967E-01
   0.201223800065957E+02
   0.101809473492495E-01
   0.220684643661271E+02
   0.106367409029048E-01
   0.232670952583494E+02
   0.113202655710101E-01
   0.234462462602578E+02
   0.118666613605740E-01
   0.229915423798542E+02
   0.117889138112353E-01
   0.218568353977552E+02
   0.119062490103924E-01
   0.201812017380898E+02
   0.120382766195807E-01
   0.193426378193116E+02
   0.120388813167693E-01
   0.197336418808719E+02
   0.123072054758064E-01
   0.219709241119946E+02
   0.131136005520240E-01
   0.228883840630544E+02
   0.130398039915382E-01
   0.230186228945495E+02
   0.133857532398789E-01
   0.223893621331187E+02
   0.133905501678123E-01
   0.213036287356871E+02
   0.129368114579316E-01
   0.215491773483347E+02
   0.123817217546418E-01
   0.233028699075347E+02
   0.123329880179258E-01
   0.233474102274719E+02
   0.121565579486253E-01
   0.218804630711640E+02
   0.120492520202748E-01
   0.187660456455576E+02
   0.124807337378863E-01
   0.170927484114327E+02
   0.128003073213809E-01
   0.161641726361944E+02
   0.134335815901100E-01
   0.154951253805766E+02
   0.134571796966842E-01
   0.166516839942303E+02
   0.142386826702373E-01
   0.160822878486112E+02
   0.134343142159436E-01
   0.155749378762740E+02
   0.128066442986872E-01
   0.151454526872418E+02
   0.124143326786080E-01
   0.147809290008283E+02
   0.121512222870012E-01
   0.144774827338821E+02
   0.119230902597549E-01
   0.142359797215170E+02
   0.116967628589935E-01
   0.140608260127809E+02
   0.114857905014002E-01
   0.139673841963777E+02
   0.113186952150048E-01
   0.139957036444076E+02
   0.112681235930162E-01
   0.141946943280998E+02
   0.112397963199266E-01
   0.146944038628620E+02
   0.108958006719192E-01
   0.158754787375663E+02
   0.104004803339116E-01
   0.183355247848040E+02
   0.104946739876056E-01
   0.203086934737061E+02
   0.108094537892159E-01
   0.224272961853661E+02
   0.112115922834570E-01
   0.236220711491956E+02
   0.123303727490093E-01
   0.233983590834761E+02
   0.129698568876639E-01
   0.227011534219031E+02
   0.127259159568816E-01
   0.211654361518460E+02
   0.128209486479339E-01
   0.200716591137050E+02
   0.131508076045665E-01
   0.195597123478163E+02
   0.133078603024952E-01
   0.198705103813802E+02
   0.130875916552139E-01
   0.216572771206773E+02
   0.134506427237387E-01
   0.224271887057651E+02
   0.136244182398042E-01
   0.225078056649073E+02
   0.137520732434181E-01
   0.215628878037697E+02
   0.138061127508491E-01
   0.210382641034940E+02
   0.134187872615372E-01
   0.215460569306258E+02
   0.128982210357255E-01
   0.237781934705874E+02
   0.123712614686441E-01
   0.242083721784698E+02
   0.125136832606223E-01
   0.230447306058741E+02
   0.127824339121281E-01
   0.201632320163796E+02
   0.138641321887094E-01
   0.187138195063108E+02
   0.147905213262964E-01
   0.178837300079219E+02
   0.152904707101587E-01
   0.172487638688410E+02
   0.149512683365496E-01
   0.181007943804053E+02
   0.151365665382708E-01
   0.175855765220027E+02
   0.144757954178616E-01
   0.171417762015941E+02
   0.140255288670427E-01
   0.167722021137407E+02
   0.137694549344176E-01
   0.164569409564207E+02
   0.135422609897900E-01
   0.161853016489646E+02
   0.133093613932413E-01
   0.159505223574377E+02
   0.130400018591238E-01
   0.157556070199374E+02
   0.127681355942944E-01
   0.156178649464901E+02
   0.125519085498286E-01
   0.155740802994046E+02
   0.124993746321294E-01
   0.156602513874163E+02
   0.125071730881993E-01
   0.159512926090010E+02
   0.120867925667804E-01
   0.166937350953084E+02
   0.113581283515116E-01
   0.182571855564700E+02
   0.109403785580647E-01
   0.199363890372042E+02
   0.115867525449150E-01
   0.225078350681917E+02
   0.118977064879379E-01
   0.238353599491669E+02
   0.133932343150257E-01
   0.230241601737095E+02
   0.144176346220713E-01
   0.222170306781681E+02
   0.140244658292162E-01
   0.212231428014929E+02
   0.138799158829311E-01
   0.204735765386985E+02
   0.147341757138261E-01
   0.201100332943054E+02
   0.147725731536606E-01
   0.202723236345241E+02
   0.141294827499745E-01
   0.211771215351336E+02
   0.137622320255827E-01
   0.217506083663733E+02
   0.139011329562603E-01
   0.218784833537541E+02
   0.142828715569876E-01
   0.214861169310089E+02
   0.144850688924299E-01
   0.212977951959906E+02
   0.144646115069659E-01
   0.218838793429760E+02
   0.136766834366488E-01
   0.241899456186632E+02
   0.123015181921187E-01
   0.248858500967639E+02
   0.128499280209398E-01
   0.239812003898248E+02
   0.135147423012946E-01
   0.213457722242020E+02
   0.154698430072524E-01
   0.200497104669936E+02
   0.164300192236755E-01
   0.192597751489042E+02
   0.162604696854984E-01
   0.186589899763513E+02
   0.158197644788214E-01
   0.192891935026884E+02
   0.162670446581126E-01
   0.188387364818391E+02
   0.158924081436400E-01
   0.184531092546442E+02
   0.156003367387659E-01
   0.181330506182370E+02
   0.154249615361396E-01
   0.178611067410186E+02
   0.152534821391209E-01
   0.176231754838470E+02
   0.150790823899361E-01
   0.174063324520741E+02
   0.148714827046188E-01
   0.172076016551286E+02
   0.146508276637526E-01
   0.170395663739317E+02
   0.144432930085611E-01
   0.169286196978833E+02
   0.142299084480319E-01
   0.169106388471418E+02
   0.139421609135063E-01
   0.170502888670874E+02
   0.132783232765763E-01
   0.175194300548977E+02
   0.125207220748145E-01
   0.186361892566610E+02
   0.119475354611484E-01
   0.199619580879309E+02
   0.119408474801987E-01
   0.223932005270628E+02
   0.119959550200050E-01
   0.240305687493097E+02
   0.140317671876784E-01
   0.232148966769376E+02
   0.158667514263036E-01
   0.223815984516591E+02
   0.153295064107934E-01
   0.217159442528766E+02
   0.148579986517484E-01
   0.210572972751002E+02
   0.158842103369183E-01
   0.207457242913137E+02
   0.157945043935516E-01
   0.208182611719679E+02
   0.151439238089105E-01
   0.213205696840414E+02
   0.148868109493976E-01
   0.217994488793423E+02
   0.148282769501517E-01
   0.219683404353208E+02
   0.152856850796102E-01
   0.218283621519633E+02
   0.155033080888613E-01
   0.217818352289036E+02
   0.154916528737818E-01
   0.223069985788625E+02
   0.144035280428807E-01
   0.244551158429604E+02
   0.125055913911243E-01
   0.253769865276000E+02
   0.133926488521232E-01
   0.247008918261014E+02
   0.143503007735886E-01
   0.223016437693799E+02
   0.169993162270531E-01
   0.210986677787090E+02
   0.173481374215282E-01
   0.203402582150335E+02
   0.168346847415661E-01
   0.197883743385146E+02
   0.166430420487321E-01
   0.202613470833165E+02
   0.174913660959024E-01
   0.198693183950449E+02
   0.172498329242706E-01
   0.195319919870293E+02
   0.170330217638860E-01
   0.192525425993226E+02
   0.168903539426349E-01
   0.190184176167534E+02
   0.167866974818823E-01
   0.188122507563636E+02
   0.166942476487184E-01
   0.186149545991878E+02
   0.165698369042898E-01
   0.184144382954996E+02
   0.163889710882353E-01
   0.182184703195284E+02
   0.161790163135581E-01
   0.180496364339325E+02
   0.158784247494296E-01
   0.179472843621102E+02
   0.154559918409141E-01
   0.179773736547246E+02
   0.147636562036693E-01
   0.182837573329115E+02
   0.136243963868748E-01
   0.192273317742700E+02
   0.130683841850503E-01
   0.201752501055448E+02
   0.129602441060995E-01
   0.220043780299741E+02
   0.124359556525549E-01
   0.242169163756764E+02
   0.144598728206798E-01
   0.236923980280227E+02
   0.168338741197751E-01
   0.228102886539268E+02
   0.170475654199387E-01
   0.224522676208650E+02
   0.156521046386283E-01
   0.216443276954801E+02
   0.169970583186011E-01
   0.213503526185683E+02
   0.167891514871527E-01
   0.213624423499349E+02
   0.164149747584745E-01
   0.216825153482328E+02
   0.160871059155051E-01
   0.221661164512162E+02
   0.160596611152939E-01
   0.223605907679379E+02
   0.165849395364430E-01
   0.223419581165922E+02
   0.166858654706050E-01
   0.223218636718117E+02
   0.164892019266619E-01
   0.226973938287601E+02
   0.152850720635892E-01
   0.244975842667340E+02
   0.133736404173460E-01
   0.256860485867885E+02
   0.142363137092853E-01
   0.252160617595087E+02
   0.153202854306356E-01
   0.230544449733488E+02
   0.184076505106904E-01
   0.219278277471277E+02
   0.184770534047506E-01
   0.212049987183904E+02
   0.177934806662404E-01
   0.206996708959166E+02
   0.176980749037804E-01
   0.210564659514194E+02
   0.186981512066939E-01
   0.207083019577564E+02
   0.184872511664885E-01
   0.204081797295486E+02
   0.183078419573550E-01
   0.201609227552692E+02
   0.181971731364409E-01
   0.199582509575880E+02
   0.181794629696623E-01
   0.197791538509686E+02
   0.181751439066125E-01
   0.195991283334018E+02
   0.181349132320908E-01
   0.193965001720401E+02
   0.179780327917330E-01
   0.191742194943233E+02
   0.177153707364378E-01
   0.189559978983556E+02
   0.172884156682803E-01
   0.187876150235385E+02
   0.167123042562039E-01
   0.187397999737586E+02
   0.159235432789467E-01
   0.189587475771583E+02
   0.148343470723575E-01
   0.199489444486236E+02
   0.141756545170821E-01
   0.205060549594832E+02
   0.148152778216165E-01
   0.219688662502270E+02
   0.134098869955735E-01
   0.244196969801576E+02
   0.146877956600384E-01
   0.244404200832914E+02
   0.169560895637760E-01
   0.232830548487682E+02
   0.185539952449610E-01
   0.226950631916718E+02
   0.173517831970826E-01
   0.221459647541397E+02
   0.181587283953491E-01
   0.219107882644493E+02
   0.180062403447276E-01
   0.218970872476268E+02
   0.175863093006308E-01
   0.221410424167307E+02
   0.170209370509654E-01
   0.227355171294303E+02
   0.166938802236582E-01
   0.229166054304455E+02
   0.178083848278605E-01
   0.229564066343133E+02
   0.177459261551045E-01
   0.229070080043922E+02
   0.175658029156172E-01
   0.230939054776792E+02
   0.164961482078904E-01
   0.242471805092259E+02
   0.153649011863397E-01
   0.258439143492268E+02
   0.154273317564349E-01
   0.255511173226926E+02
   0.165134512238784E-01
   0.236278471296961E+02
   0.198123522835450E-01
   0.225833089401720E+02
   0.196269697195871E-01
   0.219079400007036E+02
   0.189215768365307E-01
   0.214465314869188E+02
   0.188592542566517E-01
   0.216852548797904E+02
   0.197537150153989E-01
   0.213682632697033E+02
   0.195397767473868E-01
   0.210956057618282E+02
   0.193860846642418E-01
   0.208722344593290E+02
   0.193242606802624E-01
   0.206917412921339E+02
   0.193819332950280E-01
   0.205314280092580E+02
   0.194551054449327E-01
   0.203627012390043E+02
   0.194833204398315E-01
   0.201557703639052E+02
   0.193312587504144E-01
   0.199102328065170E+02
   0.189805912082773E-01
   0.196559352437967E+02
   0.184154454875987E-01
   0.194458317723577E+02
   0.176880318387118E-01
   0.193558873199909E+02
   0.168816972224638E-01
   0.195121446447692E+02
   0.161976740871674E-01
   0.201773177637473E+02
   0.157913292396651E-01
   0.208275066732979E+02
   0.165298467927020E-01
   0.221122422401295E+02
   0.150021338713838E-01
   0.245826178523064E+02
   0.153837533893914E-01
   0.248736087908916E+02
   0.169312898451509E-01
   0.237159932880494E+02
   0.191461885215881E-01
   0.230244287459864E+02
   0.186967071351780E-01
   0.225844610250577E+02
   0.188680243833273E-01
   0.224130781663989E+02
   0.191037910244616E-01
   0.224026309405197E+02
   0.186947199808417E-01
   0.226230359111509E+02
   0.179612319984190E-01
   0.234907386528543E+02
   0.166722466067943E-01
   0.235545890770463E+02
   0.181010249825905E-01
   0.236504888919405E+02
   0.182412424178507E-01
   0.235332838284973E+02
   0.187408130946440E-01
   0.235303448595108E+02
   0.179815997806551E-01
   0.242722545985043E+02
   0.169678430174641E-01
   0.258972699540922E+02
   0.164151770024900E-01
   0.257201044507405E+02
   0.177371799229690E-01
   0.240303853999670E+02
   0.210799266563385E-01
   0.230818065825697E+02
   0.206524130174166E-01
   0.224625760048199E+02
   0.199813474852700E-01
   0.220394872783502E+02
   0.199104619284036E-01
   0.221559932059261E+02
   0.206994273473870E-01
   0.218606762330583E+02
   0.204824311437339E-01
   0.216063601603651E+02
   0.203387443584832E-01
   0.213967180237965E+02
   0.202952276894826E-01
   0.212261220362176E+02
   0.203489695646950E-01
   0.210735536283316E+02
   0.204346883106822E-01
   0.209087397528028E+02
   0.204781963087295E-01
   0.206963881079974E+02
   0.203014024115416E-01
   0.204345580541048E+02
   0.198713941510072E-01
   0.201620853596364E+02
   0.192392339297788E-01
   0.199382189444100E+02
   0.185111282912789E-01
   0.198385263434386E+02
   0.179271455277188E-01
   0.199566458179327E+02
   0.175814412843057E-01
   0.204366105651597E+02
   0.168636760652478E-01
   0.211043850962371E+02
   0.173953876443950E-01
   0.223174530905848E+02
   0.169441440658092E-01
   0.246853216563107E+02
   0.168725157753420E-01
   0.251120997845818E+02
   0.172766590688117E-01
   0.241249863351266E+02
   0.188818081154771E-01
   0.233514679986441E+02
   0.199493256548592E-01
   0.229671706156019E+02
   0.198817052590988E-01
   0.228453726441167E+02
   0.201664198386173E-01
   0.228519623127965E+02
   0.198234121543336E-01
   0.230554861798851E+02
   0.191270060179012E-01
   0.238888467839736E+02
   0.173903856401698E-01
   0.242557748074774E+02
   0.182885207718777E-01
   0.244513858841553E+02
   0.180954975708353E-01
   0.241867184305757E+02
   0.194819668482128E-01
   0.239767794448502E+02
   0.195859914988986E-01
   0.244209631624759E+02
   0.184534660084150E-01
   0.258549389945341E+02
   0.171202999892928E-01
   0.257275055386533E+02
   0.187208592048017E-01
   0.242668972573487E+02
   0.216442586079263E-01
   0.234338277246500E+02
   0.213921375952785E-01
   0.228771365885398E+02
   0.209683928784457E-01
   0.224848624815840E+02
   0.208662855518706E-01
   0.224744676135813E+02
   0.215232292300572E-01
   0.221933242249732E+02
   0.213141682995140E-01
   0.219490604553115E+02
   0.211656380404732E-01
   0.217432359933957E+02
   0.210681144509894E-01
   0.215716170959091E+02
   0.210187946160515E-01
   0.214171221631715E+02
   0.210382209806919E-01
   0.212506496491387E+02
   0.210717432747885E-01
   0.210338619667533E+02
   0.209038138631531E-01
   0.207650494612456E+02
   0.204660156881842E-01
   0.204925075837671E+02
   0.199148054468100E-01
   0.202779538019129E+02
   0.193823715483759E-01
   0.201880172340080E+02
   0.190194726495839E-01
   0.202825593761910E+02
   0.186179988823773E-01
   0.206621005705955E+02
   0.179027153932085E-01
   0.213260595146960E+02
   0.183205025447726E-01
   0.224995598608510E+02
   0.188758756486033E-01
   0.247061466126021E+02
   0.178895944725424E-01
   0.251987929805373E+02
   0.173674369051869E-01
   0.245924357141009E+02
   0.180688733089443E-01
   0.236136807355277E+02
   0.205158665466185E-01
   0.232767353413486E+02
   0.209555853486692E-01
   0.231935815653110E+02
   0.211066938637824E-01
   0.232233798986493E+02
   0.208397861308460E-01
   0.234099834947874E+02
   0.205656275183893E-01
   0.239495181287758E+02
   0.188557529914262E-01
   0.245406296326208E+02
   0.188771869847960E-01
   0.248816635592131E+02
   0.185269574700683E-01
   0.248780128359176E+02
   0.193999152066931E-01
   0.243941912433704E+02
   0.211967304809900E-01
   0.245952628148037E+02
   0.200943626870438E-01
   0.257194606949324E+02
   0.180352229912371E-01
   0.255514126508945E+02
   0.198414849820237E-01
   0.243652390871034E+02
   0.221662138780013E-01
   0.236557942472619E+02
   0.221334037097481E-01
   0.231569973838555E+02
   0.218839193559664E-01
   0.227868613908651E+02
   0.217133854311575E-01
   0.226454459099062E+02
   0.221032673355365E-01
   0.223727017356532E+02
   0.219230937925684E-01
   0.221326986310861E+02
   0.217735642142087E-01
   0.219257027202874E+02
   0.216033995331719E-01
   0.217480007048836E+02
   0.214441872327219E-01
   0.215872058757355E+02
   0.214272356549620E-01
   0.214146017315664E+02
   0.214740555582494E-01
   0.211921912986559E+02
   0.213085714022913E-01
   0.209231491985168E+02
   0.208808503898228E-01
   0.206613454082455E+02
   0.204283444453272E-01
   0.204672531817204E+02
   0.200831275199251E-01
   0.203961586000786E+02
   0.198055636131403E-01
   0.204833296761930E+02
   0.192224977394860E-01
   0.208140188635251E+02
   0.185606569318323E-01
   0.214736811763707E+02
   0.191479168976291E-01
   0.226003125796172E+02
   0.200893797392652E-01
   0.246184605384273E+02
   0.179804139195086E-01
   0.251489589032640E+02
   0.173312042697368E-01
   0.247647627089661E+02
   0.177049626962736E-01
   0.237744660054548E+02
   0.207232142519940E-01
   0.234929501458728E+02
   0.216510383676332E-01
   0.234475181271537E+02
   0.218407692493954E-01
   0.235058510772529E+02
   0.216714582251708E-01
   0.236708202164424E+02
   0.215329652664797E-01
   0.240298729774317E+02
   0.197667691729539E-01
   0.244879105076826E+02
   0.196049531978677E-01
   0.250083920925614E+02
   0.191501930054185E-01
   0.252298518802603E+02
   0.195304061652727E-01
   0.247350646156432E+02
   0.224133523769501E-01
   0.247346861682987E+02
   0.218273396799546E-01
   0.254768205129971E+02
   0.193408556716911E-01
   0.251517900149372E+02
   0.214505825407804E-01
   0.243510604845328E+02
   0.226813115610860E-01
   0.237560857172591E+02
   0.227537709939214E-01
   0.233023995503005E+02
   0.225362308357182E-01
   0.229480959512337E+02
   0.223024701560486E-01
   0.226796544716179E+02
   0.220387241062211E-01
   0.224107158885346E+02
   0.218626657023788E-01
   0.221710072814555E+02
   0.216961773135808E-01
   0.219609686704178E+02
   0.215111533117003E-01
   0.217759850145918E+02
   0.213617190388234E-01
   0.216039829404083E+02
   0.213273522325905E-01
   0.214191781431368E+02
   0.213241482226300E-01
   0.211901871081838E+02
   0.211352100402759E-01
   0.209261788511658E+02
   0.207633721425477E-01
   0.206804590638196E+02
   0.204050726734445E-01
   0.205085515648920E+02
   0.201365904286323E-01
   0.204613582139626E+02
   0.199060489238084E-01
   0.205625824171136E+02
   0.193486828819668E-01
   0.208731100148501E+02
   0.187110577147324E-01
   0.215284951836786E+02
   0.195121766432753E-01
   0.225876929976727E+02
   0.203591533080758E-01
   0.244285810853662E+02
   0.176013445280076E-01
   0.249840151505482E+02
   0.172118400322209E-01
   0.247479781360983E+02
   0.175582418357206E-01
   0.238311321781376E+02
   0.207187757298612E-01
   0.236104673216432E+02
   0.221104229673101E-01
   0.236050023778355E+02
   0.225401930182690E-01
   0.236913116257308E+02
   0.223335453669270E-01
   0.238366148219038E+02
   0.220140123727612E-01
   0.240911809032621E+02
   0.206333218178629E-01
   0.244495944042526E+02
   0.202406068602209E-01
   0.248653048911664E+02
   0.203030443158107E-01
   0.253422871687560E+02
   0.199452952085787E-01
   0.249933201861341E+02
   0.226285970946787E-01
   0.247902101083803E+02
   0.229098767401909E-01
   0.250754144977401E+02
   0.209931699114616E-01
   0.248372178964265E+02
   0.222674245829111E-01
   0.242492268732600E+02
   0.228396832993068E-01
   0.237402718571057E+02
   0.228732091819123E-01
   0.233197845356932E+02
   0.225250488557688E-01
   0.229770837650564E+02
   0.222391876359030E-01
   0.226059444767771E+02
   0.210126069918267E-01
   0.223360529424975E+02
   0.207397407342727E-01
   0.220898260711773E+02
   0.204595910869992E-01
   0.218689269597997E+02
   0.201968232385139E-01
   0.216710170730293E+02
   0.200335446935911E-01
   0.214850044917476E+02
   0.199986781499040E-01
   0.212884626588163E+02
   0.200136619116255E-01
   0.210570973376890E+02
   0.199081609819417E-01
   0.208045109366234E+02
   0.197181877375649E-01
   0.205807676062038E+02
   0.195800664507134E-01
   0.204337179497788E+02
   0.194769408293407E-01
   0.204088064439263E+02
   0.193792319794902E-01
   0.205332564202396E+02
   0.191089717356078E-01
   0.208347570954323E+02
   0.184959318235351E-01
   0.214853867630249E+02
   0.195796456622247E-01
   0.224548345469729E+02
   0.201038879254469E-01
   0.241459668275190E+02
   0.173863088208527E-01
   0.247138881408871E+02
   0.172011881546407E-01
   0.245861822348774E+02
   0.174283627326846E-01
   0.237894301563839E+02
   0.212479752295564E-01
   0.236157337912603E+02
   0.223903853990117E-01
   0.236432641258911E+02
   0.228795843060374E-01
   0.237695878490746E+02
   0.228181293692018E-01
   0.239039104659263E+02
   0.223116103436130E-01
   0.241031319510655E+02
   0.213616158295495E-01
   0.244043714300647E+02
   0.213595655764579E-01
   0.247378289812401E+02
   0.213155823914099E-01
   0.252506870083377E+02
   0.206221211072881E-01
   0.252122576528772E+02
   0.216430634908528E-01
   0.247401610697059E+02
   0.230021798419168E-01
   0.247656450477876E+02
   0.217176947632039E-01
   0.245397580182829E+02
   0.222730748388202E-01
   0.240695130587971E+02
   0.223560949289493E-01
   0.236237990292219E+02
   0.221201393145134E-01
   0.232337063442618E+02
   0.216566987938178E-01
   0.229009687114141E+02
   0.212957751015082E-01
   0.224493318560756E+02
   0.196434043932074E-01
   0.221764686167111E+02
   0.193134712367934E-01
   0.219244800070512E+02
   0.190081973198797E-01
   0.216958649649794E+02
   0.187680985652584E-01
   0.214873768952863E+02
   0.186113513825601E-01
   0.212873700926843E+02
   0.185212693340187E-01
   0.210777981983345E+02
   0.184580219788104E-01
   0.208441061498256E+02
   0.183551473998263E-01
   0.206046047463646E+02
   0.182838089352566E-01
   0.204015977105419E+02
   0.182945562741037E-01
   0.202756037639868E+02
   0.183686787206711E-01
   0.202688971113914E+02
   0.185313518130822E-01
   0.204104880343860E+02
   0.186744995327719E-01
   0.207045872907147E+02
   0.182157257094582E-01
   0.213423812167566E+02
   0.196691600982012E-01
   0.222065038051466E+02
   0.197516141783905E-01
   0.237568676285516E+02
   0.173747721306890E-01
   0.243246380838690E+02
   0.173078555604637E-01
   0.242863556780082E+02
   0.173419432135198E-01
   0.236269243942805E+02
   0.214669304633305E-01
   0.234888115759792E+02
   0.220885464377318E-01
   0.235392064667949E+02
   0.223808316257547E-01
   0.237249401133269E+02
   0.227169857494121E-01
   0.238632134199603E+02
   0.224354537014549E-01
   0.240357941854159E+02
   0.218365036868060E-01
   0.242984383412624E+02
   0.221374639150370E-01
   0.245654757719892E+02
   0.221020543176190E-01
   0.249095658175620E+02
   0.218806110253442E-01
   0.251221188815215E+02
   0.212755656117220E-01
   0.245723765113066E+02
   0.225524025432019E-01
   0.244640252973941E+02
   0.218708826238462E-01
   0.242273125347842E+02
   0.217907860744082E-01
   0.238234102491893E+02
   0.213218106054651E-01
   0.234293403381252E+02
   0.208975162203126E-01
   0.230671282762067E+02
   0.204001650419062E-01
   0.227436206218511E+02
   0.199944184694778E-01
   0.222560154807243E+02
   0.188962168396614E-01
   0.219830774051360E+02
   0.185466681608023E-01
   0.217288320396851E+02
   0.182371689728603E-01
   0.214957501558996E+02
   0.180123238291314E-01
   0.212789950197103E+02
   0.178521334933620E-01
   0.210662807603257E+02
   0.177317514372886E-01
   0.208432975510281E+02
   0.176208396126319E-01
   0.206032684886787E+02
   0.174842895599357E-01
   0.203674383891771E+02
   0.173914016915427E-01
   0.201727344577797E+02
   0.173859140296120E-01
   0.200547342550558E+02
   0.174941610819185E-01
   0.200534415994968E+02
   0.177832976730655E-01
   0.202028405625375E+02
   0.183062327599883E-01
   0.205096938722926E+02
   0.187355960901778E-01
   0.210916490399787E+02
   0.198355792651699E-01
   0.218439088122057E+02
   0.191078693291325E-01
   0.232429354217437E+02
   0.173619363528888E-01
   0.237983871098722E+02
   0.173935559977202E-01
   0.238479602178562E+02
   0.174950278698285E-01
   0.233400660136687E+02
   0.219100368478907E-01
   0.232326384872101E+02
   0.218494040076628E-01
   0.232971372221441E+02
   0.214148834035896E-01
   0.235618045953064E+02
   0.221267310907197E-01
   0.237087566955012E+02
   0.224463748689390E-01
   0.238685857630568E+02
   0.219943384761853E-01
   0.241019042796036E+02
   0.225170613325407E-01
   0.243198412665516E+02
   0.228211314456409E-01
   0.245609687730326E+02
   0.231498043201392E-01
   0.247856914697160E+02
   0.214742114863191E-01
   0.242898044191205E+02
   0.222546706306982E-01
   0.241336026863463E+02
   0.218361443122735E-01
   0.238901302640951E+02
   0.212823801915445E-01
   0.235360263593229E+02
   0.205862874062643E-01
   0.231906380308154E+02
   0.201409290082002E-01
   0.228582774206264E+02
   0.196811979166630E-01
   0.225468782083954E+02
   0.192688960644376E-01
   0.220527561543004E+02
   0.193809515212637E-01
   0.217862438510595E+02
   0.189705814224563E-01
   0.215356868893059E+02
   0.186098970749696E-01
   0.213019806501168E+02
   0.183294353539754E-01
   0.210799592698754E+02
   0.181235414318819E-01
   0.208572029759154E+02
   0.179701894164793E-01
   0.206222663855337E+02
   0.178544411906214E-01
   0.203734407854582E+02
   0.177375919565203E-01
   0.201328920941699E+02
   0.176696138791759E-01
   0.199340299647758E+02
   0.176897043177204E-01
   0.198081074136836E+02
   0.178098189366494E-01
   0.197921927285139E+02
   0.180971793091902E-01
   0.199239264503063E+02
   0.186774289398385E-01
   0.202162280089846E+02
   0.194189254156678E-01
   0.207304561361752E+02
   0.201592301336950E-01
   0.213786820268026E+02
   0.187905965585674E-01
   0.225892987110902E+02
   0.173018203377075E-01
   0.231191014012399E+02
   0.172679213499804E-01
   0.232608643933737E+02
   0.180365040742860E-01
   0.229061649092984E+02
   0.221285017162216E-01
   0.228453832439299E+02
   0.217451451298563E-01
   0.229421973836290E+02
   0.208884049771816E-01
   0.232972763606559E+02
   0.210838864035884E-01
   0.234514403556046E+02
   0.228059640537606E-01
   0.236161805227823E+02
   0.227534737169495E-01
   0.238148994361868E+02
   0.231796800029919E-01
   0.239788652313048E+02
   0.233855597446856E-01
   0.241224664097631E+02
   0.234975941868598E-01
   0.241987045743182E+02
   0.226584361699040E-01
   0.239146374432314E+02
   0.229633244818757E-01
   0.237589088686556E+02
   0.226224976160226E-01
   0.235280419732630E+02
   0.219250634473840E-01
   0.232253310291839E+02
   0.212334094866555E-01
   0.229294363860741E+02
   0.207877019865868E-01
   0.226293677212531E+02
   0.203072402637297E-01
   0.223345816789649E+02
   0.198237222266244E-01
   0.218366384566791E+02
   0.211201962979807E-01
   0.215862605581611E+02
   0.206595420975557E-01
   0.213476279420518E+02
   0.202104715812300E-01
   0.211199838643812E+02
   0.198130401256045E-01
   0.208984072734227E+02
   0.195042073291357E-01
   0.206701293162853E+02
   0.192726411783378E-01
   0.204251606205170E+02
   0.191111632481881E-01
   0.201651039802155E+02
   0.189580763773268E-01
   0.199121593039125E+02
   0.188293336811039E-01
   0.196970832228774E+02
   0.187587887761538E-01
   0.195469788336777E+02
   0.187124257953356E-01
   0.194943481327797E+02
   0.187206512709616E-01
   0.195750516664357E+02
   0.188990354635335E-01
   0.198026451409965E+02
   0.192614660863127E-01
   0.202550632558264E+02
   0.203784961449474E-01
   0.208315510030940E+02
   0.197409210137433E-01
   0.217810445415053E+02
   0.170690943105700E-01
   0.222775393746647E+02
   0.175601316879911E-01
   0.224989076963587E+02
   0.190550245626976E-01
   0.223158681928890E+02
   0.221245906067387E-01
   0.223195863566821E+02
   0.213777936800628E-01
   0.224678594455624E+02
   0.202556436833748E-01
   0.229723174014427E+02
   0.197322670089151E-01
   0.230625128340633E+02
   0.227560226334456E-01
   0.232376249252917E+02
   0.232960442036625E-01
   0.234011123643909E+02
   0.234787154517668E-01
   0.235149497117380E+02
   0.234933388134287E-01
   0.235782227164333E+02
   0.232360937628454E-01
   0.235872872867535E+02
   0.230425551462377E-01
   0.234238031583112E+02
   0.235825689673301E-01
   0.232999820301274E+02
   0.236735257231462E-01
   0.231067940282943E+02
   0.232639135027200E-01
   0.228663335131266E+02
   0.228568944503282E-01
   0.226249291202514E+02
   0.225155820601615E-01
   0.223650374064823E+02
   0.220809063681165E-01
   0.220986608944759E+02
   0.216012843253333E-01
   0.215150512481731E+02
   0.229397194920590E-01
   0.212925944245111E+02
   0.226334665789171E-01
   0.210778401999338E+02
   0.222292228983872E-01
   0.208675275856867E+02
   0.217506996309703E-01
   0.206558662070828E+02
   0.212970015733716E-01
   0.204287649186524E+02
   0.208752589489839E-01
   0.201762984218889E+02
   0.204865997861401E-01
   0.199039855928739E+02
   0.201146417716233E-01
   0.196351351099423E+02
   0.197799621581926E-01
   0.193992829048980E+02
   0.195160017643755E-01
   0.192213966850878E+02
   0.192737050323616E-01
   0.191282514460676E+02
   0.190367259262586E-01
   0.191441243973989E+02
   0.187989185138947E-01
   0.192814027429170E+02
   0.185689226983905E-01
   0.196425123350646E+02
   0.192218270498356E-01
   0.201766372154643E+02
   0.204540691211662E-01
   0.208055442568321E+02
   0.177411479271423E-01
   0.212476245513240E+02
   0.182310816944699E-01
   0.215118730294280E+02
   0.197083579743815E-01
   0.215668394485946E+02
   0.216320656033467E-01
   0.216588442785905E+02
   0.208493244173438E-01
   0.218848036287182E+02
   0.190176497087826E-01
   0.224226190677277E+02
   0.197659651119854E-01
   0.225346758987725E+02
   0.224567372292059E-01
   0.227153668954488E+02
   0.234050240353702E-01
   0.228472902317254E+02
   0.232425915665423E-01
   0.229240473974252E+02
   0.231594792820155E-01
   0.229296484719947E+02
   0.228128404063044E-01
   0.228942438264000E+02
   0.227090700655700E-01
   0.227899615151843E+02
   0.232749049245661E-01
   0.226996260810424E+02
   0.237002582632430E-01
   0.225538423732198E+02
   0.237247427432977E-01
   0.223744299012743E+02
   0.237400179566755E-01
   0.221889738839638E+02
   0.237325566206807E-01
   0.219747267295915E+02
   0.235137629397817E-01
   0.217462277303392E+02
   0.232419021912324E-01
   0.209880489559961E+02
   0.229652567577524E-01
   0.207976738760955E+02
   0.229102761376777E-01
   0.206163389963445E+02
   0.227883032398990E-01
   0.204377438478013E+02
   0.225074757277716E-01
   0.202519939837852E+02
   0.221258678380022E-01
   0.200411503040339E+02
   0.216310217382486E-01
   0.197924371797392E+02
   0.210187603346150E-01
   0.195146730187710E+02
   0.204120843447238E-01
   0.192332281592641E+02
   0.199001697684046E-01
   0.189777579578499E+02
   0.195068561602255E-01
   0.187738360642224E+02
   0.191916981437267E-01
   0.186452280768910E+02
   0.189319844027916E-01
   0.186094885173151E+02
   0.186426634931075E-01
   0.186810283256472E+02
   0.182110376460839E-01
   0.189358201122515E+02
   0.178542544763387E-01
   0.193857119859459E+02
   0.186168655197562E-01
   0.198976376032924E+02
   0.185434546912667E-01
   0.202650250509746E+02
   0.186898711857924E-01
   0.204943373103615E+02
   0.188628598799940E-01
   0.206616222183894E+02
   0.203512370710584E-01
   0.208579006795753E+02
   0.203555619284185E-01
   0.212218651096792E+02
   0.172564463291032E-01
   0.216366308389486E+02
   0.204838879220188E-01
   0.218649534746364E+02
   0.223033292545466E-01
   0.220435581475738E+02
   0.227065899061406E-01
   0.221552841576626E+02
   0.225717349637435E-01
   0.222029260865381E+02
   0.224529086243143E-01
   0.221718916446681E+02
   0.220697850550104E-01
   0.220996167477944E+02
   0.217975872685150E-01
   0.220087712023896E+02
   0.220612404950961E-01
   0.219356173268318E+02
   0.224943234373951E-01
   0.218269028161611E+02
   0.227232909189928E-01
   0.216958828913948E+02
   0.229786716126608E-01
   0.215540540929143E+02
   0.232068892889021E-01
   0.213792138736905E+02
   0.231668093762538E-01
   0.211869579469749E+02
   0.230725452751269E-01
   0.202402985652318E+02
   0.215656755364879E-01
   0.200732159702406E+02
   0.215749299997909E-01
   0.199190677527257E+02
   0.216484568847026E-01
   0.197733789404865E+02
   0.217018480176368E-01
   0.196219451117007E+02
   0.216389249763387E-01
   0.194422626870609E+02
   0.213776329454436E-01
   0.192166077037296E+02
   0.208558045940868E-01
   0.189503726915319E+02
   0.202086705685481E-01
   0.186679743040463E+02
   0.195936642544857E-01
   0.183998924715483E+02
   0.190883301966872E-01
   0.181750251949122E+02
   0.187060329821641E-01
   0.180172330571809E+02
   0.184253038271423E-01
   0.179445862818852E+02
   0.181814405095959E-01
   0.179773749030071E+02
   0.179136085973990E-01
   0.181756344222705E+02
   0.177746084437983E-01
   0.185565188865972E+02
   0.183558848818905E-01
   0.189598474975166E+02
   0.183477513681051E-01
   0.192354678504202E+02
   0.182325683059533E-01
   0.194091273551176E+02
   0.182233212624436E-01
   0.196130325075047E+02
   0.189893649483364E-01
   0.198961952099533E+02
   0.194132693313319E-01
   0.203402806317419E+02
   0.166252976004864E-01
   0.207648281109066E+02
   0.199599418944475E-01
   0.210494449127834E+02
   0.210888760969006E-01
   0.212238818455273E+02
   0.213984360682088E-01
   0.213232166552304E+02
   0.215272688500214E-01
   0.213501497368008E+02
   0.214729726409833E-01
   0.212970332976181E+02
   0.211210343312909E-01
   0.212023686281347E+02
   0.207672274646107E-01
   0.211107854183207E+02
   0.208175088458541E-01
   0.210388081151874E+02
   0.210828777864242E-01
   0.209462586273639E+02
   0.212565981425524E-01
   0.208421784761647E+02
   0.214803652933472E-01
   0.207270099097307E+02
   0.216921319588566E-01
   0.205797840791848E+02
   0.217017699169940E-01
   0.204147309492172E+02
   0.216440280694928E-01
   0.192987533721700E+02
   0.199354517192878E-01
   0.191463085906959E+02
   0.198836401332658E-01
   0.190076725363559E+02
   0.199384296197728E-01
   0.188830693632566E+02
   0.201023121229341E-01
   0.187583375442110E+02
   0.202616109452195E-01
   0.186100233731908E+02
   0.203041351894804E-01
   0.184176727806232E+02
   0.201085764962699E-01
   0.181794653371471E+02
   0.196709195321659E-01
   0.179126203401549E+02
   0.190990796797245E-01
   0.176443113858968E+02
   0.185046454099644E-01
   0.174070871839485E+02
   0.180160256515135E-01
   0.172273810232649E+02
   0.176490762663126E-01
   0.171275345667606E+02
   0.173506064764950E-01
   0.171347587365520E+02
   0.170792967966941E-01
   0.172969053240680E+02
   0.170140604510756E-01
   0.176129491451788E+02
   0.174657122385558E-01
   0.179235538960096E+02
   0.175144723219668E-01
   0.181125670247000E+02
   0.172780716577835E-01
   0.182168686270246E+02
   0.170083998596495E-01
   0.184233410276716E+02
   0.174814419673259E-01
   0.187766814752215E+02
   0.180281710333241E-01
   0.192490947412668E+02
   0.172707266755765E-01
   0.197929511344593E+02
   0.190330924590129E-01
   0.201011459628388E+02
   0.196626420054740E-01
   0.202656373589846E+02
   0.199436671273227E-01
   0.203481151018936E+02
   0.201759325144050E-01
   0.203590645980349E+02
   0.202213669894255E-01
   0.202952694634437E+02
   0.199974552933920E-01
   0.201910863297623E+02
   0.196867423576293E-01
   0.200932659956653E+02
   0.196196017435706E-01
   0.200140458417787E+02
   0.197464149827092E-01
   0.199248992364059E+02
   0.198399300628998E-01
   0.198310601162084E+02
   0.199744167072561E-01
   0.197271848955886E+02
   0.200726970062685E-01
   0.195991156295360E+02
   0.200763025310943E-01
   0.194546591983842E+02
   0.200276337534866E-01
   0.181739117931199E+02
   0.183219116068097E-01
   0.180314275624164E+02
   0.182200936890699E-01
   0.179005937169860E+02
   0.181922024693920E-01
   0.177859864328662E+02
   0.182864891051007E-01
   0.176757386200267E+02
   0.184343677414602E-01
   0.175486457662679E+02
   0.185604968360700E-01
   0.173860961047469E+02
   0.186025732934846E-01
   0.171814934372201E+02
   0.184662637609984E-01
   0.169428618846036E+02
   0.181291784931799E-01
   0.166899711788796E+02
   0.176365794301246E-01
   0.164536289490300E+02
   0.171240130677907E-01
   0.162620724510269E+02
   0.166806872780984E-01
   0.161442071367468E+02
   0.163311272167612E-01
   0.161349809611614E+02
   0.160922112687714E-01
   0.162708693777703E+02
   0.160437722201961E-01
   0.165307738744770E+02
   0.162637817544526E-01
   0.167675499171146E+02
   0.162722271421571E-01
   0.168785246984868E+02
   0.160742614043760E-01
   0.168950851189952E+02
   0.155209216923119E-01
   0.170780866972118E+02
   0.157793418724003E-01
   0.175009502284830E+02
   0.162980804776773E-01
   0.181055875113061E+02
   0.169809200251797E-01
   0.187125080428075E+02
   0.179945788050636E-01
   0.190286456234136E+02
   0.182060956958478E-01
   0.191731950657609E+02
   0.184111252608772E-01
   0.192315430285683E+02
   0.186032188051468E-01
   0.192260318735114E+02
   0.187068289635714E-01
   0.191558604037025E+02
   0.186298958053358E-01
   0.190473369243600E+02
   0.184265599714508E-01
   0.189412871740604E+02
   0.183200365772881E-01
   0.188492871397143E+02
   0.183352945485620E-01
   0.187540206727714E+02
   0.183463409796019E-01
   0.186593674119282E+02
   0.184040864399616E-01
   0.185587840356632E+02
   0.184361115168281E-01
   0.184435273389861E+02
   0.184386322409120E-01
   0.183150059196338E+02
   0.184066000012967E-01
   0.168684530355022E+02
   0.167192351976267E-01
   0.167340866122398E+02
   0.166134325406871E-01
   0.166069830609437E+02
   0.165312552445036E-01
   0.164944237978612E+02
   0.165251646172490E-01
   0.163884495746510E+02
   0.165775773347119E-01
   0.162718462158771E+02
   0.166433695128972E-01
   0.161294380280354E+02
   0.167041155194607E-01
   0.159537852294096E+02
   0.166976176685267E-01
   0.157460507216996E+02
   0.165587036507582E-01
   0.155187491888364E+02
   0.162666611305414E-01
   0.152969281100522E+02
   0.158846010432244E-01
   0.151055539053251E+02
   0.154456692451275E-01
   0.149787769645956E+02
   0.150577325354993E-01
   0.149611678176021E+02
   0.148470732313501E-01
   0.150830612744627E+02
   0.148627094364656E-01
   0.153044755971429E+02
   0.149998186918612E-01
   0.154865801452467E+02
   0.149936421805557E-01
   0.155205163726712E+02
   0.147657384020198E-01
   0.154251904358486E+02
   0.139246235091277E-01
   0.155621134729695E+02
   0.139129220809124E-01
   0.160560930080161E+02
   0.146180106773116E-01
   0.168270283794765E+02
   0.158140819620462E-01
   0.175196473222411E+02
   0.170726587510216E-01
   0.178409425619724E+02
   0.170350452088361E-01
   0.179548173907782E+02
   0.170194982341876E-01
   0.179804110906788E+02
   0.170567470799751E-01
   0.179525332475287E+02
   0.171124294248914E-01
   0.178727120195310E+02
   0.170910034091107E-01
   0.177594739575008E+02
   0.169934620900622E-01
   0.176443567488657E+02
   0.169184399750122E-01
   0.175367287517076E+02
   0.168637902633813E-01
   0.174290300050312E+02
   0.168066173137087E-01
   0.173258395604163E+02
   0.167944737322762E-01
   0.172226891824436E+02
   0.167828341451861E-01
   0.171142095630383E+02
   0.167853441225562E-01
   0.169974365271153E+02
   0.167819393907060E-01
   0.153781259745784E+02
   0.150425136820017E-01
   0.152509453808337E+02
   0.149516831607664E-01
   0.151265326948938E+02
   0.148508743156292E-01
   0.150131694397823E+02
   0.147842021320754E-01
   0.149062811555788E+02
   0.147692613972516E-01
   0.147931928189244E+02
   0.147729502921760E-01
   0.146618297590268E+02
   0.147688499404732E-01
   0.145067899178394E+02
   0.147708112358652E-01
   0.143256308457363E+02
   0.147036841519968E-01
   0.141257007106977E+02
   0.145425623888035E-01
   0.139256351365840E+02
   0.143019450126128E-01
   0.137444750462086E+02
   0.139420197798743E-01
   0.136165657958224E+02
   0.135494853507677E-01
   0.135968812654873E+02
   0.133939061463828E-01
   0.137172087827727E+02
   0.135636904560109E-01
   0.139233776849841E+02
   0.138257237332767E-01
   0.140735941930764E+02
   0.139175818806054E-01
   0.140313268024571E+02
   0.136049464840877E-01
   0.137856757562780E+02
   0.122104408039623E-01
   0.138539352504871E+02
   0.117150382968410E-01
   0.144148489771147E+02
   0.127985442592642E-01
   0.154138807576743E+02
   0.154403650559520E-01
   0.162087377667273E+02
   0.169950693831301E-01
   0.165320393381784E+02
   0.165781861560236E-01
   0.166060048588866E+02
   0.160873865374620E-01
   0.165934252163503E+02
   0.158204311504032E-01
   0.165372633335432E+02
   0.156967608220574E-01
   0.164410920673115E+02
   0.155887332649213E-01
   0.163176179071383E+02
   0.154718901053345E-01
   0.161905919916498E+02
   0.154062395933593E-01
   0.160660395723981E+02
   0.153162835866065E-01
   0.159424407241971E+02
   0.152107892615105E-01
   0.158257039159244E+02
   0.151421658791406E-01
   0.157152945843519E+02
   0.151010565069589E-01
   0.156077391271471E+02
   0.150886052050013E-01
   0.154978050300071E+02
   0.150871058509050E-01
   0.136921682992546E+02
   0.136586702926734E-01
   0.135709088981406E+02
   0.135559825524170E-01
   0.134496402901493E+02
   0.134375767278652E-01
   0.133369312739824E+02
   0.133462380726142E-01
   0.132282348373816E+02
   0.132822965760354E-01
   0.131157657357196E+02
   0.132357462100646E-01
   0.129907377623223E+02
   0.131761196963603E-01
   0.128493411480224E+02
   0.131288221912229E-01
   0.126889086018411E+02
   0.130660524384125E-01
   0.125134231050069E+02
   0.129798634261086E-01
   0.123369829641003E+02
   0.129177468383247E-01
   0.121733251780884E+02
   0.128125197072178E-01
   0.120515640225076E+02
   0.126213868107695E-01
   0.120287698210668E+02
   0.125338775130673E-01
   0.121492112071418E+02
   0.127379102801137E-01
   0.123613937097058E+02
   0.131352342912459E-01
   0.125073329961451E+02
   0.133421361194576E-01
   0.124040424800593E+02
   0.129636522420820E-01
   0.119520844388635E+02
   0.960075104201214E-02
   0.119411294674645E+02
   0.898364645325590E-02
   0.125371116690280E+02
   0.103034002503776E-01
   0.137386955976422E+02
   0.146726990928710E-01
   0.146638120109685E+02
   0.169727872141078E-01
   0.150307895085056E+02
   0.168452537323726E-01
   0.150884672668814E+02
   0.161237548342376E-01
   0.150442573330105E+02
   0.156050592158711E-01
   0.149596062311871E+02
   0.152509591958663E-01
   0.148412102428500E+02
   0.149538258979829E-01
   0.147014013604387E+02
   0.146736700503786E-01
   0.145589183395387E+02
   0.144508282182366E-01
   0.144175450385876E+02
   0.142453057594189E-01
   0.142781057692280E+02
   0.140539105130853E-01
   0.141458600495473E+02
   0.139072425048327E-01
   0.140249370630769E+02
   0.138113835962169E-01
   0.139135769495227E+02
   0.137589464148472E-01
   0.138057792068691E+02
   0.137230617493558E-01
   0.117823815551837E+02
   0.126765149728088E-01
   0.116652016747664E+02
   0.125936354230936E-01
   0.115470051033576E+02
   0.124973412063870E-01
   0.114362377684282E+02
   0.123975036418953E-01
   0.113273560360259E+02
   0.123078550291079E-01
   0.112166810975144E+02
   0.122360315734766E-01
   0.110987570559793E+02
   0.121703944282643E-01
   0.109702391297372E+02
   0.121133080539665E-01
   0.108289346998667E+02
   0.120782019175812E-01
   0.106742715647812E+02
   0.120248340033483E-01
   0.105160839304869E+02
   0.119648929624158E-01
   0.103673673390379E+02
   0.118809384312534E-01
   0.102540872920874E+02
   0.117283030109181E-01
   0.102296529481191E+02
   0.116278739104473E-01
   0.103473062542141E+02
   0.117749202646263E-01
   0.105744632678622E+02
   0.122509114708021E-01
   0.107467749339404E+02
   0.127144676148635E-01
   0.106323346949306E+02
   0.124469971117945E-01
   0.100193232605714E+02
   0.865803437762688E-02
   0.992279369037603E+01
   0.776609628666713E-02
   0.104801366864048E+02
   0.864208591437941E-02
   0.117606263069893E+02
   0.136206999723459E-01
   0.127250833321338E+02
   0.158651025771288E-01
   0.131595893073176E+02
   0.162497991570923E-01
   0.132665774891137E+02
   0.158307865673838E-01
   0.132419072940491E+02
   0.154204674869095E-01
   0.131564397526860E+02
   0.149940886315233E-01
   0.130287546691402E+02
   0.145406518136970E-01
   0.128758970125218E+02
   0.141113372526929E-01
   0.127196372067863E+02
   0.137649938720204E-01
   0.125627655425876E+02
   0.134714072480347E-01
   0.124095349456432E+02
   0.132406730853783E-01
   0.122598930080493E+02
   0.130288899035832E-01
   0.121243576785553E+02
   0.128738090556425E-01
   0.120035012398777E+02
   0.127763763741376E-01
   0.118930508707969E+02
   0.127254452207809E-01
   0.962075307930818E+01
   0.116963540792442E-01
   0.950063632600899E+01
   0.115827189491226E-01
   0.938144289191037E+01
   0.114659108227575E-01
   0.927660955696135E+01
   0.113982617359658E-01
   0.916976813197711E+01
   0.113153875554450E-01
   0.906169803632110E+01
   0.112425688782845E-01
   0.895145031448427E+01
   0.111839751398740E-01
   0.883696680168987E+01
   0.111383733646735E-01
   0.871515938139877E+01
   0.111031740459285E-01
   0.858450149128186E+01
   0.110658638238889E-01
   0.845278804622874E+01
   0.110273073321496E-01
   0.833063582997680E+01
   0.109708856076570E-01
   0.823964413811411E+01
   0.108801195282802E-01
   0.822270190789701E+01
   0.108251190525587E-01
   0.833012634427914E+01
   0.109245637315862E-01
   0.855824871318124E+01
   0.113373875257763E-01
   0.875936044264837E+01
   0.119644562930408E-01
   0.870743886654201E+01
   0.122332694949145E-01
   0.804031990017354E+01
   0.840445689850893E-02
   0.787860490817931E+01
   0.758338575706968E-02
   0.831224223726878E+01
   0.815907611350444E-02
   0.942001510424050E+01
   0.115587416961799E-01
   0.102785204419585E+02
   0.132151774391006E-01
   0.107479781255042E+02
   0.139652574680023E-01
   0.109434085249475E+02
   0.140762501073118E-01
   0.109993294659644E+02
   0.140981193083265E-01
   0.109775727203187E+02
   0.140083608072309E-01
   0.108979385845119E+02
   0.137620447855181E-01
   0.107750311543960E+02
   0.134546312922154E-01
   0.106281699849076E+02
   0.131209288227464E-01
   0.104671482923993E+02
   0.127900868297383E-01
   0.103019639547286E+02
   0.125079766702232E-01
   0.101402147757971E+02
   0.122582746447096E-01
   0.999163865468602E+01
   0.120560207701707E-01
   0.985716367806695E+01
   0.119006710826295E-01
   0.973687752994741E+01
   0.117911156767621E-01
   0.719244289725739E+01
   0.106989281167318E-01
   0.707334405786342E+01
   0.105807827811400E-01
   0.695630961899309E+01
   0.104655044139468E-01
   0.684589276754299E+01
   0.103587793487088E-01
   0.673657978975307E+01
   0.102510202997232E-01
   0.663056219549544E+01
   0.101715186389613E-01
   0.652885552145343E+01
   0.101198560547306E-01
   0.643009443783627E+01
   0.100967502434226E-01
   0.633026148700402E+01
   0.100798995297008E-01
   0.622654091168621E+01
   0.100668070238327E-01
   0.612852859012582E+01
   0.100607175731719E-01
   0.604326541512177E+01
   0.100484476156020E-01
   0.598704432612188E+01
   0.100271729660985E-01
   0.598786798066257E+01
   0.100237726066121E-01
   0.607994531518068E+01
   0.100992714489359E-01
   0.627492759908979E+01
   0.103762349613061E-01
   0.647598489397094E+01
   0.109106977839919E-01
   0.651852493150416E+01
   0.116208706149121E-01
   0.607071761706342E+01
   0.958612832169857E-02
   0.587725700993897E+01
   0.905168885059688E-02
   0.607818285967753E+01
   0.870288070640387E-02
   0.672030892162037E+01
   0.946563303073645E-02
   0.732232875997614E+01
   0.100193184994585E-01
   0.775427045144860E+01
   0.106300656330493E-01
   0.801541910895308E+01
   0.110669302458404E-01
   0.815962931686392E+01
   0.114174257789664E-01
   0.823923058376507E+01
   0.117403667304531E-01
   0.825435893535136E+01
   0.119152483420408E-01
   0.820688044095388E+01
   0.119290655086192E-01
   0.811635287514257E+01
   0.118378906270314E-01
   0.799140600884372E+01
   0.116513844224180E-01
   0.784702130244652E+01
   0.114431080329053E-01
   0.769827462037905E+01
   0.112342226359224E-01
   0.755836147527869E+01
   0.110612586567678E-01
   0.742517087270918E+01
   0.109049728036588E-01
   0.730654194780574E+01
   0.107952393673425E-01
   0.433396320793220E+01
   0.930075746243559E-02
   0.422725917076347E+01
   0.921686543686545E-02
   0.412635061727597E+01
   0.914606707218434E-02
   0.402832257144531E+01
   0.907528977718561E-02
   0.393072613948805E+01
   0.899798945379454E-02
   0.383722773769024E+01
   0.893497084244582E-02
   0.375115561189668E+01
   0.889709077157888E-02
   0.367138823213135E+01
   0.888397998766116E-02
   0.359436568905600E+01
   0.887869105101659E-02
   0.351460080245720E+01
   0.885147654910142E-02
   0.345330893035488E+01
   0.885898960272963E-02
   0.341042433763513E+01
   0.887438859428134E-02
   0.339374633107475E+01
   0.889545131475955E-02
   0.341764645693493E+01
   0.893048268362998E-02
   0.349554606209043E+01
   0.899185816271757E-02
   0.363068270523523E+01
   0.915170900186352E-02
   0.377721874127767E+01
   0.946538285670862E-02
   0.381210325019460E+01
   0.984166184882260E-02
   0.357179753153633E+01
   0.911354894204929E-02
   0.339053832615378E+01
   0.853067958877110E-02
   0.341625099309768E+01
   0.801552254226818E-02
   0.369059657298816E+01
   0.791148665442424E-02
   0.403200789137333E+01
   0.796746373221185E-02
   0.434281816588302E+01
   0.821848912245607E-02
   0.457684685573544E+01
   0.847967087387119E-02
   0.474925339324190E+01
   0.875017789324424E-02
   0.488594178104990E+01
   0.908391600159425E-02
   0.497752100220588E+01
   0.938668544209790E-02
   0.501440793709753E+01
   0.959619120926359E-02
   0.499715504148714E+01
   0.968461469245024E-02
   0.493346444488824E+01
   0.966510925833311E-02
   0.483781064891905E+01
   0.958261589728416E-02
   0.472941554781016E+01
   0.948561243510388E-02
   0.462801867329317E+01
   0.943134468949247E-02
   0.452848705548466E+01
   0.938746314735811E-02
   0.443093713111269E+01
   0.934348750136884E-02
   0.786087369415038E+00
   0.728267935628255E-02
   0.719317600303886E+00
   0.727887464009763E-02
   0.649476495460020E+00
   0.726030570063940E-02
   0.576926706668191E+00
   0.723044508967972E-02
   0.502376928311448E+00
   0.718581048891833E-02
   0.431676604526232E+00
   0.713931930572309E-02
   0.369286736801159E+00
   0.710491201272034E-02
   0.313410943505634E+00
   0.708110516500760E-02
   0.262286773032977E+00
   0.705995281162426E-02
   0.222465895347504E+00
   0.704745285735238E-02
   0.203668064396121E+00
   0.706100136834275E-02
   0.202359975394868E+00
   0.708045167891000E-02
   0.219879006499659E+00
   0.710489546519043E-02
   0.260007925558832E+00
   0.713568209714854E-02
   0.323589597585818E+00
   0.718003047326385E-02
   0.403575175582899E+00
   0.726829648637619E-02
   0.484462389214197E+00
   0.747032675915483E-02
   0.501708853327448E+00
   0.768311006102282E-02
   0.376766792456292E+00
   0.741657957217821E-02
   0.230308922252039E+00
   0.703950515111717E-02
   0.158836954486424E+00
   0.667357848019725E-02
   0.220953122385067E+00
   0.646640992078277E-02
   0.354068047240981E+00
   0.635864506861941E-02
   0.510687948747789E+00
   0.634369234038762E-02
   0.658124539793142E+00
   0.637457244156453E-02
   0.791971459674919E+00
   0.644782919376567E-02
   0.916946957038886E+00
   0.659710341327931E-02
   0.102560713268941E+01
   0.680427326991511E-02
   0.110323382738713E+01
   0.701277081140680E-02
   0.113899302629571E+01
   0.716012907783319E-02
   0.113415526097234E+01
   0.723738419267254E-02
   0.109784806474991E+01
   0.726498146593483E-02
   0.104192352451227E+01
   0.726066631476054E-02
   0.982437148648322E+00
   0.726759814678297E-02
   0.920679670428308E+00
   0.727915712092773E-02
   0.851928442298800E+00
   0.727640039967389E-02
  -0.376231231665511E+01
   0.489560103437114E-02
  -0.379112598196819E+01
   0.490963080743909E-02
  -0.382491412514609E+01
   0.490298550981797E-02
  -0.386247799778484E+01
   0.487794442263307E-02
  -0.390144784405027E+01
   0.483833803912334E-02
  -0.393289992507754E+01
   0.479658126809818E-02
  -0.395320260811993E+01
   0.476292964511424E-02
  -0.396095755486981E+01
   0.474448904165385E-02
  -0.395714454343341E+01
   0.473819897448351E-02
  -0.394153495374812E+01
   0.474187578603376E-02
  -0.391495380769601E+01
   0.474757452702071E-02
  -0.388121625254463E+01
   0.475452105032139E-02
  -0.384185029683829E+01
   0.476891956227438E-02
  -0.379703456638395E+01
   0.479831813856209E-02
  -0.375210510731054E+01
   0.484474793433697E-02
  -0.371527109901131E+01
   0.491984133972365E-02
  -0.369951762273664E+01
   0.503076533315257E-02
  -0.372657569025786E+01
   0.513723903989579E-02
  -0.380711631627134E+01
   0.514160754698343E-02
  -0.391306221876223E+01
   0.504013099386876E-02
  -0.400606203273248E+01
   0.487405181320135E-02
  -0.406006069888675E+01
   0.469403917081944E-02
  -0.407309245777763E+01
   0.453526084381213E-02
  -0.404949611045090E+01
   0.442365759569865E-02
  -0.399826557902837E+01
   0.437235534196008E-02
  -0.392662835730036E+01
   0.438797493556255E-02
  -0.384287264337341E+01
   0.446159524581869E-02
  -0.376139579900962E+01
   0.456844109194209E-02
  -0.369541023699333E+01
   0.468142103932377E-02
  -0.365411778421202E+01
   0.477096806144505E-02
  -0.363977368811189E+01
   0.481964811229096E-02
  -0.364723930982741E+01
   0.483469390295355E-02
  -0.366737898958056E+01
   0.483490593773984E-02
  -0.369126803729196E+01
   0.483987962715159E-02
  -0.371466383560713E+01
   0.485265126439841E-02
  -0.373752447037853E+01
   0.487179896076002E-02
  -0.998756106740648E+01
   0.274363922291482E-02
  -0.993057159547491E+01
   0.276886299306283E-02
  -0.988117974255618E+01
   0.278042731718342E-02
  -0.983430224409722E+01
   0.278283613969708E-02
  -0.977377331714514E+01
   0.279522374501042E-02
  -0.969328958250040E+01
   0.282365120695779E-02
  -0.958725587488997E+01
   0.287370350656053E-02
  -0.945091603260488E+01
   0.295057576791189E-02
  -0.930683701088071E+01
   0.303336025433020E-02
  -0.916021416131322E+01
   0.311901305923951E-02
  -0.901979528402509E+01
   0.320187928317434E-02
  -0.889770866903122E+01
   0.327682068819176E-02
  -0.878460164024844E+01
   0.336170877330983E-02
  -0.872440711242501E+01
   0.340485352859033E-02
  -0.871709358580618E+01
   0.341207574405482E-02
  -0.876692965685997E+01
   0.338275784542920E-02
  -0.888255029886077E+01
   0.330914468875878E-02
  -0.907646272607844E+01
   0.317516030056016E-02
  -0.928738891860053E+01
   0.305023825862098E-02
  -0.950953324727908E+01
   0.292954481774215E-02
  -0.973058808414831E+01
   0.281371823222037E-02
  -0.994669690828257E+01
   0.269433899600915E-02
  -0.101482574347066E+02
   0.257576044301438E-02
  -0.102854830142308E+02
   0.249978645472600E-02
  -0.103657567632157E+02
   0.245977799814957E-02
  -0.103999478218792E+02
   0.244794726049687E-02
  -0.104017867617503E+02
   0.245506221581397E-02
  -0.103861978611592E+02
   0.247116802528764E-02
  -0.103633549968913E+02
   0.248963721169057E-02
  -0.103404831759689E+02
   0.250562962749724E-02
  -0.103187983817538E+02
   0.251884234296692E-02
  -0.102947550618721E+02
   0.253282589052316E-02
  -0.102644155957198E+02
   0.255146115902558E-02
  -0.102207604242298E+02
   0.258094151356211E-02
  -0.101555628161360E+02
   0.262776455574459E-02
  -0.100598080150868E+02
   0.269868795831992E-02
