   0.197610261549585E+01
   0.416212380327403E-02
   0.877753127217115E+00
   0.397480373332322E-02
   0.160920824102709E+00
   0.383257865868811E-02
  -0.250940256463301E+00
   0.372953020632674E-02
  -0.337072211975384E+00
   0.366567054811879E-02
   0.333078381441673E-01
   0.364567208296110E-02
  -0.452931594741956E+00
   0.368917130792804E-02
  -0.419921330369875E+00
   0.378313479430983E-02
   0.107918877188848E+00
   0.392855016673177E-02
   0.113095738051769E+01
   0.412689887263720E-02
   0.265755915519650E+01
   0.437833569596511E-02
   0.491455291474018E+01
   0.467517665842549E-02
   0.816197163819791E+01
   0.500611164289401E-02
   0.110128867431248E+02
   0.535248288370458E-02
   0.135822262565129E+02
   0.569531609421922E-02
   0.158943605502899E+02
   0.601926702957113E-02
   0.178573808673306E+02
   0.631347732139855E-02
   0.194495185038803E+02
   0.657103873962898E-02
   0.206873375198104E+02
   0.678805786768630E-02
   0.216058724116790E+02
   0.696464754405329E-02
   0.222453255215944E+02
   0.710469999112318E-02
   0.226406482160777E+02
   0.721076270129667E-02
   0.228128687364210E+02
   0.728248045730057E-02
   0.227629845159770E+02
   0.731639734199400E-02
   0.224721129773912E+02
   0.730617989411560E-02
   0.219068704546083E+02
   0.724581639648333E-02
   0.210224693318567E+02
   0.713242546558665E-02
   0.197620651350795E+02
   0.696415016392897E-02
   0.180539556493396E+02
   0.673980111234408E-02
   0.158091459563396E+02
   0.646093726726616E-02
   0.129220042296477E+02
   0.613430594159257E-02
   0.927379824873113E+01
   0.577299093773496E-02
   0.644376071620215E+01
   0.539647325252949E-02
   0.436992289999376E+01
   0.502855315490367E-02
   0.296640832097385E+01
   0.469175649233165E-02
   0.217582471626206E+01
   0.440125284321579E-02
   0.494004308839513E+01
   0.523420790129626E-02
   0.552720675059099E+01
   0.504326674199239E-02
   0.531670740573588E+01
   0.487264038748682E-02
   0.449806346886230E+01
   0.469709373689255E-02
   0.291980846004548E+01
   0.456324641616410E-02
   0.219425486816859E+01
   0.450031477390482E-02
   0.195855907273877E+01
   0.450311938753170E-02
   0.218398910278663E+01
   0.457802693789139E-02
   0.292273472404707E+01
   0.471322885975632E-02
   0.435160539756528E+01
   0.489182692742096E-02
   0.461074391141378E+01
   0.514224040809935E-02
   0.548305486755190E+01
   0.544045789930848E-02
   0.705077550842067E+01
   0.589037913153928E-02
   0.921978635171696E+01
   0.641047311457541E-02
   0.121159563621348E+02
   0.691327068548394E-02
   0.160687100634724E+02
   0.737780239870361E-02
   0.187747228552279E+02
   0.779501322118746E-02
   0.205744167139869E+02
   0.814934476642926E-02
   0.217171342968635E+02
   0.840254006118303E-02
   0.223988892657030E+02
   0.854743840980474E-02
   0.227886477127852E+02
   0.867139603749146E-02
   0.230298328979084E+02
   0.880313527917733E-02
   0.232198942109836E+02
   0.894593493607156E-02
   0.233590923970964E+02
   0.909218396401753E-02
   0.233626759325924E+02
   0.917928186616000E-02
   0.231549736444754E+02
   0.915408154224072E-02
   0.226900047443374E+02
   0.905608810329041E-02
   0.219327324504992E+02
   0.889858811332609E-02
   0.208263017234918E+02
   0.866173148771169E-02
   0.192566870972450E+02
   0.832230301564665E-02
   0.170567200820762E+02
   0.787475548362076E-02
   0.140552349678977E+02
   0.734566320643004E-02
   0.101163922291915E+02
   0.675864327388897E-02
   0.756928046902566E+01
   0.620480037339499E-02
   0.599834175481737E+01
   0.576718156877691E-02
   0.514785806900616E+01
   0.546313725892238E-02
   0.742766527934609E+01
   0.690049713513876E-02
   0.705725837736882E+01
   0.671318144601888E-02
   0.657273555151271E+01
   0.651121165392161E-02
   0.591415294609794E+01
   0.615857925792647E-02
   0.519365175045734E+01
   0.582699715034304E-02
   0.476995013732366E+01
   0.575096749467138E-02
   0.464214443973881E+01
   0.581156345340019E-02
   0.482369173199028E+01
   0.597313341306575E-02
   0.531784235319948E+01
   0.618583780913191E-02
   0.618904172422813E+01
   0.644412662532625E-02
   0.757297572910013E+01
   0.665347388998842E-02
   0.793226173490595E+01
   0.646112978259493E-02
   0.950321784622538E+01
   0.701940050408037E-02
   0.116465460540127E+02
   0.767669453456002E-02
   0.143698472065303E+02
   0.814658421210920E-02
   0.180815170897577E+02
   0.861659967851086E-02
   0.203976016120878E+02
   0.912160234580268E-02
   0.217778626724066E+02
   0.965048014534536E-02
   0.224797439185839E+02
   0.995484185241424E-02
   0.227053712347729E+02
   0.982491641589129E-02
   0.226717912817392E+02
   0.986169681478445E-02
   0.226235537334385E+02
   0.100053704905089E-01
   0.228255074652891E+02
   0.102157163097385E-01
   0.232469985482704E+02
   0.106147914721599E-01
   0.235356050604492E+02
   0.109101603249224E-01
   0.235453291658132E+02
   0.107712679832662E-01
   0.232702699216000E+02
   0.106254370306603E-01
   0.227634494907847E+02
   0.105137211297669E-01
   0.220619301248331E+02
   0.103159105297728E-01
   0.210261701029947E+02
   0.994173083442795E-02
   0.193290759741792E+02
   0.936771698368720E-02
   0.166661380227077E+02
   0.879131077830868E-02
   0.127364382385602E+02
   0.806269786168790E-02
   0.103010192855866E+02
   0.748010680192032E-02
   0.886068216511956E+01
   0.719525668923007E-02
   0.798807218509823E+01
   0.709400550132705E-02
   0.102163644328730E+02
   0.900496173705898E-02
   0.966285068442428E+01
   0.868077747407749E-02
   0.909673263774587E+01
   0.834295547970939E-02
   0.850562611091112E+01
   0.800389303308901E-02
   0.793367717761713E+01
   0.762212371270053E-02
   0.755687019171760E+01
   0.744633667415509E-02
   0.740912473645337E+01
   0.748389681189691E-02
   0.747246376379859E+01
   0.760150464147688E-02
   0.773424544122981E+01
   0.770974402927066E-02
   0.821342292126225E+01
   0.770724472888219E-02
   0.896447073324160E+01
   0.775250944824735E-02
   0.100844424959109E+02
   0.751367333488916E-02
   0.128826075154554E+02
   0.831287630944178E-02
   0.153281766586224E+02
   0.868888687619864E-02
   0.177261281175345E+02
   0.894725532965185E-02
   0.200892186070654E+02
   0.932523704242722E-02
   0.217587886436949E+02
   0.979649177725289E-02
   0.226600792812409E+02
   0.102538990711952E-01
   0.229144407119212E+02
   0.105134166607823E-01
   0.226648066556991E+02
   0.105650404902052E-01
   0.221160967524001E+02
   0.106869076777757E-01
   0.215935185633320E+02
   0.107649488783569E-01
   0.218405340275206E+02
   0.109511539444503E-01
   0.228294778091977E+02
   0.117764526754109E-01
   0.234420814180953E+02
   0.120330009257537E-01
   0.235822840682442E+02
   0.117710834029059E-01
   0.233355900013947E+02
   0.118929644392417E-01
   0.228939757526197E+02
   0.116149951212795E-01
   0.225417934378471E+02
   0.113748271693129E-01
   0.221331276812832E+02
   0.111033001712818E-01
   0.209988813908255E+02
   0.106715733169203E-01
   0.187549136678343E+02
   0.101577303884137E-01
   0.151068163818142E+02
   0.962301482779791E-02
   0.129206992750796E+02
   0.930801650286720E-02
   0.116552891377826E+02
   0.923207903823608E-02
   0.108376540307547E+02
   0.915434370510489E-02
   0.127364316623580E+02
   0.111763122169849E-01
   0.121405031654513E+02
   0.106833802789591E-01
   0.115601060899876E+02
   0.101615917196606E-01
   0.110170016879253E+02
   0.974933520158646E-02
   0.105290153394631E+02
   0.938397836432223E-02
   0.101692656464483E+02
   0.914444137492481E-02
   0.996653124021778E+01
   0.905704402374979E-02
   0.991392521971258E+01
   0.904353242907166E-02
   0.100044461431291E+02
   0.901290587936197E-02
   0.102662922976628E+02
   0.892171875845655E-02
   0.107742608977510E+02
   0.868925926032169E-02
   0.118293419921352E+02
   0.853213520497202E-02
   0.145179590637679E+02
   0.924623190508755E-02
   0.170933840152550E+02
   0.941371305839052E-02
   0.193433589054781E+02
   0.955111459849203E-02
   0.213358399254747E+02
   0.992475338154833E-02
   0.226759459768756E+02
   0.104761981818534E-01
   0.231997121310513E+02
   0.109845518451950E-01
   0.230677318411020E+02
   0.111673835810328E-01
   0.223572227010552E+02
   0.111157827619145E-01
   0.212270643053427E+02
   0.113652032600901E-01
   0.198695399244284E+02
   0.112120387979924E-01
   0.201727651467290E+02
   0.116361831085699E-01
   0.222998906399980E+02
   0.127324671191613E-01
   0.232036443963882E+02
   0.124905073147290E-01
   0.233821292359600E+02
   0.126144584657342E-01
   0.230085129067216E+02
   0.127939805544008E-01
   0.224090955620524E+02
   0.124542090319050E-01
   0.223762300013106E+02
   0.120204099352425E-01
   0.228243104912918E+02
   0.118831315038604E-01
   0.222913752977826E+02
   0.115177762694265E-01
   0.204582625169584E+02
   0.111915479924150E-01
   0.170922217529772E+02
   0.110595982645074E-01
   0.151699976454631E+02
   0.109791469708943E-01
   0.140841830354542E+02
   0.112907736821893E-01
   0.133551526342110E+02
   0.114305252027603E-01
   0.148780713444433E+02
   0.129856608990475E-01
   0.142816651330526E+02
   0.122885835222400E-01
   0.137250697180231E+02
   0.116498915294983E-01
   0.132351220284371E+02
   0.112054110869998E-01
   0.128127382497960E+02
   0.108830304018035E-01
   0.124782354083533E+02
   0.106333730185862E-01
   0.122446801549157E+02
   0.104508407367435E-01
   0.121135100723493E+02
   0.103150052572422E-01
   0.120905326665769E+02
   0.101804753781280E-01
   0.122133046386473E+02
   0.100797559256376E-01
   0.125491309656994E+02
   0.994794937917576E-02
   0.133088974743113E+02
   0.965160562179669E-02
   0.150726975392805E+02
   0.976803477222445E-02
   0.179572854984003E+02
   0.101227338718130E-01
   0.201219632279637E+02
   0.101806734460859E-01
   0.220679951502642E+02
   0.106364094839608E-01
   0.232665588230727E+02
   0.113198643675276E-01
   0.234456279109294E+02
   0.118661890574259E-01
   0.229908241859706E+02
   0.117883828211353E-01
   0.218559937034408E+02
   0.119056297659962E-01
   0.201802026050046E+02
   0.120375424451901E-01
   0.193414302356494E+02
   0.120379904482199E-01
   0.197321524291431E+02
   0.123060534289740E-01
   0.219691096319173E+02
   0.131120867317891E-01
   0.228861813961379E+02
   0.130379756993640E-01
   0.230159531230849E+02
   0.133834913472280E-01
   0.223861286051192E+02
   0.133878500912098E-01
   0.212997134611939E+02
   0.129337219205149E-01
   0.215444917821435E+02
   0.123782050681833E-01
   0.232972527413523E+02
   0.123287488542861E-01
   0.233406943428296E+02
   0.121515274050491E-01
   0.218725701853111E+02
   0.120433612573068E-01
   0.187572480600304E+02
   0.124739983520688E-01
   0.170841772824391E+02
   0.127934854902147E-01
   0.161565148521421E+02
   0.134274470938282E-01
   0.154887277881553E+02
   0.134522248966270E-01
   0.166474576858552E+02
   0.142356891365120E-01
   0.160791196949832E+02
   0.134322538516571E-01
   0.155726489357534E+02
   0.128053002082793E-01
   0.151438082901643E+02
   0.124134468218770E-01
   0.147797253816137E+02
   0.121506189241930E-01
   0.144765647330819E+02
   0.119226318726065E-01
   0.142352484102911E+02
   0.116963733766254E-01
   0.140602198749547E+02
   0.114854275208026E-01
   0.139668728324057E+02
   0.113183566224789E-01
   0.139952743381800E+02
   0.112678332300650E-01
   0.141943357816106E+02
   0.112395800923604E-01
   0.146940926499444E+02
   0.108956505973123E-01
   0.158751792836773E+02
   0.104003429634845E-01
   0.183352012765499E+02
   0.104944860909661E-01
   0.203083306613045E+02
   0.108092090076114E-01
   0.224268835526457E+02
   0.112112979566082E-01
   0.236215955559763E+02
   0.123300042958476E-01
   0.233978096905732E+02
   0.129694288935579E-01
   0.227005157695106E+02
   0.127254497473811E-01
   0.211646913076725E+02
   0.128204274627155E-01
   0.200707683419078E+02
   0.131501922951201E-01
   0.195586233605118E+02
   0.133070852224458E-01
   0.198691582735324E+02
   0.130865543424605E-01
   0.216556214903056E+02
   0.134492997145770E-01
   0.224251705757547E+02
   0.136227499469817E-01
   0.225053535621779E+02
   0.137500354124408E-01
   0.215599159982241E+02
   0.138036581813191E-01
   0.210346820956190E+02
   0.134159517089705E-01
   0.215418018488657E+02
   0.128949693049917E-01
   0.237731910855313E+02
   0.123674654483749E-01
   0.242025336764239E+02
   0.125091607115953E-01
   0.230380780638520E+02
   0.127772536000520E-01
   0.201560450353197E+02
   0.138584354879941E-01
   0.187067650408749E+02
   0.147847061538620E-01
   0.178773752163596E+02
   0.152853013255235E-01
   0.172434203524879E+02
   0.149471932299551E-01
   0.180971633488371E+02
   0.151339907514562E-01
   0.175828096554129E+02
   0.144739368464383E-01
   0.171397399075971E+02
   0.140242327479971E-01
   0.167707212472771E+02
   0.137685568442468E-01
   0.164558532273989E+02
   0.135416323484711E-01
   0.161844769205593E+02
   0.133088918666365E-01
   0.159498711725768E+02
   0.130396193919651E-01
   0.157550720088688E+02
   0.127677961254406E-01
   0.156174159016301E+02
   0.125516013526935E-01
   0.155737037944375E+02
   0.124991103371845E-01
   0.156599375305651E+02
   0.125069701979408E-01
   0.159510221743199E+02
   0.120866498157111E-01
   0.166934775155010E+02
   0.113580080275528E-01
   0.182569080893976E+02
   0.109402292986831E-01
   0.199360705333457E+02
   0.115865261953791E-01
   0.225074694073258E+02
   0.118974407658140E-01
   0.238349340298952E+02
   0.133928886641325E-01
   0.230236676076872E+02
   0.144172341786185E-01
   0.222164598540016E+02
   0.140240471437484E-01
   0.212224738670846E+02
   0.138794589457411E-01
   0.204727678456343E+02
   0.147336007484169E-01
   0.201090379251597E+02
   0.147718412362136E-01
   0.202710866170888E+02
   0.141285347714695E-01
   0.211756033705299E+02
   0.137610613672259E-01
   0.217487504066185E+02
   0.138996589637819E-01
   0.218762202221131E+02
   0.142810316257759E-01
   0.214833728088511E+02
   0.144828041681884E-01
   0.212945030095521E+02
   0.144618827832991E-01
   0.218800058466373E+02
   0.136735788620499E-01
   0.241854438928528E+02
   0.122981031321992E-01
   0.248806929902086E+02
   0.128458122513350E-01
   0.239754520497871E+02
   0.135100562517901E-01
   0.213396780451459E+02
   0.154646417489059E-01
   0.200437514893745E+02
   0.164249030026284E-01
   0.192543983267609E+02
   0.162561025865559E-01
   0.186544431379945E+02
   0.158163037790223E-01
   0.192860302733694E+02
   0.162647363654733E-01
   0.188363001556158E+02
   0.158907022196718E-01
   0.184512953590477E+02
   0.155991249264736E-01
   0.181317190958520E+02
   0.154241030015362E-01
   0.178601248405342E+02
   0.152528709922791E-01
   0.176224333704585E+02
   0.150786258719285E-01
   0.174057516252343E+02
   0.148711203055269E-01
   0.172071298165659E+02
   0.146505174583439E-01
   0.170391742499676E+02
   0.144430212344376E-01
   0.169282924793221E+02
   0.142296789883859E-01
   0.169103655321717E+02
   0.139419817976279E-01
   0.170500524741143E+02
   0.132781892322392E-01
   0.175192053897670E+02
   0.125206084449137E-01
   0.186359484945879E+02
   0.119474058844016E-01
   0.199616767553672E+02
   0.119406375484810E-01
   0.223928752910502E+02
   0.119957298915358E-01
   0.240301839397445E+02
   0.140314480507509E-01
   0.232144494818627E+02
   0.158663639166381E-01
   0.223810788957168E+02
   0.153291096573160E-01
   0.217153309169422E+02
   0.148575573896638E-01
   0.210565514688728E+02
   0.158836484685083E-01
   0.207448037434727E+02
   0.157937963414258E-01
   0.208171155069658E+02
   0.151430067664064E-01
   0.213191585504562E+02
   0.148856602294681E-01
   0.217977176474103E+02
   0.148268397033714E-01
   0.219662305352945E+02
   0.152839025014935E-01
   0.218258098269897E+02
   0.155011291636496E-01
   0.217787809190949E+02
   0.154889753111264E-01
   0.223034365884830E+02
   0.144005274301729E-01
   0.244510238436836E+02
   0.125024317777693E-01
   0.253723700763606E+02
   0.133888119935644E-01
   0.246958299057299E+02
   0.143459536827299E-01
   0.222963409493488E+02
   0.169944115816343E-01
   0.210935101772258E+02
   0.173434936663686E-01
   0.203356152406014E+02
   0.168308378353527E-01
   0.197844385921156E+02
   0.166399769606231E-01
   0.202585575718257E+02
   0.174892537593960E-01
   0.198671550905184E+02
   0.172482701571362E-01
   0.195303679842896E+02
   0.170319054241969E-01
   0.192513425533928E+02
   0.168895607847595E-01
   0.190175297391680E+02
   0.167861281132261E-01
   0.188115814466940E+02
   0.166938238733749E-01
   0.186144348851842E+02
   0.165695061213001E-01
   0.184140211227728E+02
   0.163886974662709E-01
   0.182181275058470E+02
   0.161787830090906E-01
   0.180493520489040E+02
   0.158782295174319E-01
   0.179470462320035E+02
   0.154558352166113E-01
   0.179771662420636E+02
   0.147635316729768E-01
   0.182835595380537E+02
   0.136242881814169E-01
   0.192271200272937E+02
   0.130682618750078E-01
   0.201750060420310E+02
   0.129600880437088E-01
   0.220040889749706E+02
   0.124357736105392E-01
   0.242165659357925E+02
   0.144595788614846E-01
   0.236919865631725E+02
   0.168334977072758E-01
   0.228098074403686E+02
   0.170471583343631E-01
   0.224516965690366E+02
   0.156516588645446E-01
   0.216436314726096E+02
   0.169964901801176E-01
   0.213494939418876E+02
   0.167884585782605E-01
   0.213613751280688E+02
   0.164140855853025E-01
   0.216811978552254E+02
   0.160859816945780E-01
   0.221644947294922E+02
   0.160582281710193E-01
   0.223586104778867E+02
   0.165831520742204E-01
   0.223395673306437E+02
   0.166837000599319E-01
   0.223190091411367E+02
   0.164865393930949E-01
   0.226940838247520E+02
   0.152820882241104E-01
   0.244938316745534E+02
   0.133705687874360E-01
   0.256818708714537E+02
   0.142326423639684E-01
   0.252115399388652E+02
   0.153161767320180E-01
   0.230497524780585E+02
   0.184030300600984E-01
   0.219233006016515E+02
   0.184728257156220E-01
   0.212009392431822E+02
   0.177900677883612E-01
   0.206962199596077E+02
   0.176953142527261E-01
   0.210539787429464E+02
   0.186961826912071E-01
   0.207063627679156E+02
   0.184857941525825E-01
   0.204067144483775E+02
   0.183067949414511E-01
   0.201598342292349E+02
   0.181964270160154E-01
   0.199574434407009E+02
   0.181789244282199E-01
   0.197785463679274E+02
   0.181747436455125E-01
   0.195986599446165E+02
   0.181346042410972E-01
   0.193961285450664E+02
   0.179777846130427E-01
   0.191739179429059E+02
   0.177151666993233E-01
   0.189557497191932E+02
   0.172882481554279E-01
   0.187874069506986E+02
   0.167121668640121E-01
   0.187396174776116E+02
   0.159234294949567E-01
   0.189585725259548E+02
   0.148342441288087E-01
   0.199487559772487E+02
   0.141755311244789E-01
   0.205058395108797E+02
   0.148151408233824E-01
   0.219686067921993E+02
   0.134097228348443E-01
   0.244193754468305E+02
   0.146875234354406E-01
   0.244400373385071E+02
   0.169557230300512E-01
   0.232826051226924E+02
   0.185535810798289E-01
   0.226945298696970E+02
   0.173513481148643E-01
   0.221453112796827E+02
   0.181581652196189E-01
   0.219099822439822E+02
   0.180055527275688E-01
   0.218960870844803E+02
   0.175854398698047E-01
   0.221398077952539E+02
   0.170198564503922E-01
   0.227339924051536E+02
   0.166924787377127E-01
   0.229147382977560E+02
   0.178065663675218E-01
   0.229541551134652E+02
   0.177437401681319E-01
   0.229043322451205E+02
   0.175631841830721E-01
   0.230908144841746E+02
   0.164931703692024E-01
   0.242437140522109E+02
   0.153617206115661E-01
   0.258401004839140E+02
   0.154237331817110E-01
   0.255470329040900E+02
   0.165094899164643E-01
   0.236236439270727E+02
   0.198079882950553E-01
   0.225792883063897E+02
   0.196231026512430E-01
   0.219043430953833E+02
   0.189184477018283E-01
   0.214434683213806E+02
   0.188567057930758E-01
   0.216830176148633E+02
   0.197518843046800E-01
   0.213665110622245E+02
   0.195384173790085E-01
   0.210942745914446E+02
   0.193851009156261E-01
   0.208712410154323E+02
   0.193235546448859E-01
   0.206910025670422E+02
   0.193814199379922E-01
   0.205308732200524E+02
   0.194547232121420E-01
   0.203622762070775E+02
   0.194830272452675E-01
   0.201554368224410E+02
   0.193310282438132E-01
   0.199099656912351E+02
   0.189804083333458E-01
   0.196557175823683E+02
   0.184152999378304E-01
   0.194456495609506E+02
   0.176879124292409E-01
   0.193557265132888E+02
   0.168815951174150E-01
   0.195119891712062E+02
   0.161975760099083E-01
   0.201771502956857E+02
   0.157912164386742E-01
   0.208273142176809E+02
   0.165297201186611E-01
   0.221120078992924E+02
   0.150019819475033E-01
   0.245823209933015E+02
   0.153834912643479E-01
   0.248732511011322E+02
   0.169309408407661E-01
   0.237155708265973E+02
   0.191457854439893E-01
   0.230239264587256E+02
   0.186962729991416E-01
   0.225838447324792E+02
   0.188674751631727E-01
   0.224123174520083E+02
   0.191031028983697E-01
   0.224016894344200E+02
   0.186938678114608E-01
   0.226218750104626E+02
   0.179601937186342E-01
   0.234893011464405E+02
   0.166708988211921E-01
   0.235528260758647E+02
   0.180992441229614E-01
   0.236483630618305E+02
   0.182390600870087E-01
   0.235307655282574E+02
   0.187381833455013E-01
   0.235274481707409E+02
   0.179786278803601E-01
   0.242690344534424E+02
   0.169646782129464E-01
   0.258937640205640E+02
   0.164117002047897E-01
   0.257163825686793E+02
   0.177333451299678E-01
   0.240265856531400E+02
   0.210758016837788E-01
   0.230782006550373E+02
   0.206488605274696E-01
   0.224593559601497E+02
   0.199784609372289E-01
   0.220367416689430E+02
   0.199081056296792E-01
   0.221539643335083E+02
   0.206977111372663E-01
   0.218590808151986E+02
   0.204811477312582E-01
   0.216051423706640E+02
   0.203378067137280E-01
   0.213958054791517E+02
   0.202945479225236E-01
   0.212254420590772E+02
   0.203484714928977E-01
   0.210730438079724E+02
   0.204343167769355E-01
   0.209083515814498E+02
   0.204779134174849E-01
   0.206960867750753E+02
   0.203011849423803E-01
   0.204343200487683E+02
   0.198712284471185E-01
   0.201618936552219E+02
   0.192391069683932E-01
   0.199380591507537E+02
   0.185110258510349E-01
   0.198383845608834E+02
   0.179270544482382E-01
   0.199565075182043E+02
   0.175813491684391E-01
   0.204364611271703E+02
   0.168635753059867E-01
   0.211042116080948E+02
   0.173952707263984E-01
   0.223172389647791E+02
   0.169439930305802E-01
   0.246850460884654E+02
   0.168722497509544E-01
   0.251117640430763E+02
   0.172763208649192E-01
   0.241245876621316E+02
   0.188814238314647E-01
   0.233509927411171E+02
   0.199488889890369E-01
   0.229665875905106E+02
   0.198811633983459E-01
   0.228446531575228E+02
   0.201657403659066E-01
   0.228510735425911E+02
   0.198225781065301E-01
   0.230543910845428E+02
   0.191259932775246E-01
   0.238874923068492E+02
   0.173890938955359E-01
   0.242541118745757E+02
   0.182868006031175E-01
   0.244493813396255E+02
   0.180934061749031E-01
   0.241843463101127E+02
   0.194793752823967E-01
   0.239740594275630E+02
   0.195830497188252E-01
   0.244179567492094E+02
   0.184503481467013E-01
   0.258516983218371E+02
   0.171170087943080E-01
   0.257240885227518E+02
   0.187172085531289E-01
   0.242634397435486E+02
   0.216404608602568E-01
   0.234305681620096E+02
   0.213888878856989E-01
   0.228742283661481E+02
   0.209657076688076E-01
   0.224823799733478E+02
   0.208640885291629E-01
   0.224726140047561E+02
   0.215215942651951E-01
   0.221918613082021E+02
   0.213129331129696E-01
   0.219479391345746E+02
   0.211647249032948E-01
   0.217423927012503E+02
   0.210674450868878E-01
   0.215709876492813E+02
   0.210183004602331E-01
   0.214166511784152E+02
   0.210378530664667E-01
   0.212502933700726E+02
   0.210714667237853E-01
   0.210335884328505E+02
   0.209036067934182E-01
   0.207648364773311E+02
   0.204658643627402E-01
   0.204923381831799E+02
   0.199146936856170E-01
   0.202778134134946E+02
   0.193822825324851E-01
   0.201878921832803E+02
   0.190193915765203E-01
   0.202824363368408E+02
   0.186179153447222E-01
   0.206619667505715E+02
   0.179026244868831E-01
   0.213259021683783E+02
   0.183203925828165E-01
   0.224993627515962E+02
   0.188757235207545E-01
   0.247058895132925E+02
   0.178893328963319E-01
   0.251984768924191E+02
   0.173671139532317E-01
   0.245920575304325E+02
   0.180685007732708E-01
   0.236132299699236E+02
   0.205154375240828E-01
   0.232761828325399E+02
   0.209550516130046E-01
   0.231929003966649E+02
   0.211060335188619E-01
   0.232225394789672E+02
   0.208389767943173E-01
   0.234089480053621E+02
   0.205646217962892E-01
   0.239482436988643E+02
   0.188545282597749E-01
   0.245390648634386E+02
   0.188755638267153E-01
   0.248797763771833E+02
   0.185249550034701E-01
   0.248757778695243E+02
   0.193974270363939E-01
   0.243916328442718E+02
   0.211938094358949E-01
   0.245924482169578E+02
   0.200912853588482E-01
   0.257164525902772E+02
   0.180320953061450E-01
   0.255482603531113E+02
   0.198380232481907E-01
   0.243620769716399E+02
   0.221627046291064E-01
   0.236528276402729E+02
   0.221303921520256E-01
   0.231543508260008E+02
   0.218813903032078E-01
   0.227845993360120E+02
   0.217113070284681E-01
   0.226437424259272E+02
   0.221016928712777E-01
   0.223713530433888E+02
   0.219218907153213E-01
   0.221316612143397E+02
   0.217726641506233E-01
   0.219249202537697E+02
   0.216027335452516E-01
   0.217474162008702E+02
   0.214436950201515E-01
   0.215867698261512E+02
   0.214268729875446E-01
   0.214142742319171E+02
   0.214737877623048E-01
   0.211919425874014E+02
   0.213083754079943E-01
   0.209229581833119E+02
   0.208807116792702E-01
   0.206611953998712E+02
   0.204282452020647E-01
   0.204671297249899E+02
   0.200830500715923E-01
   0.203960483397294E+02
   0.198054926382497E-01
   0.204832202397550E+02
   0.192224241629234E-01
   0.208138987151065E+02
   0.185605757617628E-01
   0.214735379967849E+02
   0.191478150424169E-01
   0.226001305306086E+02
   0.200892331734598E-01
   0.246182202204641E+02
   0.179801699456336E-01
   0.251486608199693E+02
   0.173308986693049E-01
   0.247644039149894E+02
   0.177046045892939E-01
   0.237740382557742E+02
   0.207228031432132E-01
   0.234924264088512E+02
   0.216505254169584E-01
   0.234468729973636E+02
   0.218401388377878E-01
   0.235050555888188E+02
   0.216706826203398E-01
   0.236698407026821E+02
   0.215319940744788E-01
   0.240286719225897E+02
   0.197656167132077E-01
   0.244864421379214E+02
   0.196034796563769E-01
   0.250066193367024E+02
   0.191483253795853E-01
   0.252277497146767E+02
   0.195280509548307E-01
   0.247326573418377E+02
   0.224104735449592E-01
   0.247320487292748E+02
   0.218243036954249E-01
   0.254740198276874E+02
   0.193378631594306E-01
   0.251488749453772E+02
   0.214472862940574E-01
   0.243481596287700E+02
   0.226780764351731E-01
   0.237533708156188E+02
   0.227509499799358E-01
   0.232999764279872E+02
   0.225338327459388E-01
   0.229460218471746E+02
   0.223004840492704E-01
   0.226780841485242E+02
   0.220372465223077E-01
   0.224094697556599E+02
   0.218615327491682E-01
   0.221700465120108E+02
   0.216953290736900E-01
   0.219602429890606E+02
   0.215105280302058E-01
   0.217754433443586E+02
   0.213612610440142E-01
   0.216035804333919E+02
   0.213270192933778E-01
   0.214188780685868E+02
   0.213239062832013E-01
   0.211899614753542E+02
   0.211350344425320E-01
   0.209260076738291E+02
   0.207632494652732E-01
   0.206803262412448E+02
   0.204049869222643E-01
   0.205084430616257E+02
   0.201365254479650E-01
   0.204612611083046E+02
   0.199059892220383E-01
   0.205624850954799E+02
   0.193486195243963E-01
   0.208730019077598E+02
   0.187109862151912E-01
   0.215283646515789E+02
   0.195120858901771E-01
   0.225875247089377E+02
   0.203590201746909E-01
   0.244283562694893E+02
   0.176011224875774E-01
   0.249837338259656E+02
   0.172115528263297E-01
   0.247476377654083E+02
   0.175578999665440E-01
   0.238307262634778E+02
   0.207183883973166E-01
   0.236099707734094E+02
   0.221099357965830E-01
   0.236043907729334E+02
   0.225395893043008E-01
   0.236905579543887E+02
   0.223328083504272E-01
   0.238356880165009E+02
   0.220130972285945E-01
   0.240900474151335E+02
   0.206322251315805E-01
   0.244482135971632E+02
   0.202392404941455E-01
   0.248636438056768E+02
   0.203013324640931E-01
   0.253403137497329E+02
   0.199430865549983E-01
   0.249910588651658E+02
   0.226258532569155E-01
   0.247877414454929E+02
   0.229069713329113E-01
   0.250728055153754E+02
   0.209903149410764E-01
   0.248345190720322E+02
   0.222643580241654E-01
   0.242465609661646E+02
   0.228367409265923E-01
   0.237377779469238E+02
   0.228705871523081E-01
   0.233175564610654E+02
   0.225228043218386E-01
   0.229751748547250E+02
   0.222373278776106E-01
   0.226044961200319E+02
   0.210112989364294E-01
   0.223349020128892E+02
   0.207387463800649E-01
   0.220889376583687E+02
   0.204588553224151E-01
   0.218682558334813E+02
   0.201962884550388E-01
   0.216705171025203E+02
   0.200331595126873E-01
   0.214846346586706E+02
   0.199984023557727E-01
   0.212881889736514E+02
   0.200134633457557E-01
   0.210568934221487E+02
   0.199080154251026E-01
   0.208043579689517E+02
   0.197180860077983E-01
   0.205806501760613E+02
   0.195799955245704E-01
   0.204336226230070E+02
   0.194768873957905E-01
   0.204087210022708E+02
   0.193791832631903E-01
   0.205331698854980E+02
   0.191089182945477E-01
   0.208346596236593E+02
   0.184958692041052E-01
   0.214852675293241E+02
   0.195795666182294E-01
   0.224546788459621E+02
   0.201037705032525E-01
   0.241457563794309E+02
   0.173861048619681E-01
   0.247136226038936E+02
   0.172009175468320E-01
   0.245858595148316E+02
   0.174280400183885E-01
   0.237890448752756E+02
   0.212476027088873E-01
   0.236152629791995E+02
   0.223899258295519E-01
   0.236426839043222E+02
   0.228790105453777E-01
   0.237688724414207E+02
   0.228174230528563E-01
   0.239030324498152E+02
   0.223107476296163E-01
   0.241020606393089E+02
   0.213605697732267E-01
   0.244030706334987E+02
   0.213582616196958E-01
   0.247362699602181E+02
   0.213139886125753E-01
   0.252488389681001E+02
   0.206200811176355E-01
   0.252101385718247E+02
   0.216405549925102E-01
   0.247378557538056E+02
   0.229995140855737E-01
   0.247632140183087E+02
   0.217150327887066E-01
   0.245372605215208E+02
   0.222703105816665E-01
   0.240670608381290E+02
   0.223534907019118E-01
   0.236215045959202E+02
   0.221177979676397E-01
   0.232316542600414E+02
   0.216546875704977E-01
   0.228992097425673E+02
   0.212941178273923E-01
   0.224479953799193E+02
   0.196422746712876E-01
   0.221754052347505E+02
   0.193126143174588E-01
   0.219236584542945E+02
   0.190075662025515E-01
   0.216952445083106E+02
   0.187676430163394E-01
   0.214869157191646E+02
   0.186110272758650E-01
   0.212870306282509E+02
   0.185210413896721E-01
   0.210775490323643E+02
   0.184578617284757E-01
   0.208439226211073E+02
   0.183550337019752E-01
   0.206044686494888E+02
   0.182837299774399E-01
   0.204014942603495E+02
   0.182945008964163E-01
   0.202755202362687E+02
   0.183686368164956E-01
   0.202688220736853E+02
   0.185313137110075E-01
   0.204104111572119E+02
   0.186744563860351E-01
   0.207044992224214E+02
   0.182156709739432E-01
   0.213422719530324E+02
   0.196690899113418E-01
   0.222063594780738E+02
   0.197515099041173E-01
   0.237566706364965E+02
   0.173745832702641E-01
   0.243243876688664E+02
   0.173076006382998E-01
   0.242860500078642E+02
   0.173416413399648E-01
   0.236265588469459E+02
   0.214665784280353E-01
   0.234883651838421E+02
   0.220881227456244E-01
   0.235386555720467E+02
   0.223802970416926E-01
   0.237242595555617E+02
   0.227163082091679E-01
   0.238623799250840E+02
   0.224346300942216E-01
   0.240347801136136E+02
   0.218355037936270E-01
   0.242972111067889E+02
   0.221362185033451E-01
   0.245640104799151E+02
   0.221005502819983E-01
   0.249078408189971E+02
   0.218787559369822E-01
   0.251201397513389E+02
   0.212732888456918E-01
   0.245702272842669E+02
   0.225500078167881E-01
   0.244617617046513E+02
   0.218684409220454E-01
   0.242250016240350E+02
   0.217883370580323E-01
   0.238211521460954E+02
   0.213195590994566E-01
   0.234272272230839E+02
   0.208954831768639E-01
   0.230652366958097E+02
   0.203984125123384E-01
   0.227419988163930E+02
   0.199929815150579E-01
   0.222547792885464E+02
   0.188951909872692E-01
   0.219820928435142E+02
   0.185458885673940E-01
   0.217280710140030E+02
   0.182365961484300E-01
   0.214951758047370E+02
   0.180119130645792E-01
   0.212785692199817E+02
   0.178518448566169E-01
   0.210659689930787E+02
   0.177315525014707E-01
   0.208430707554196E+02
   0.176207044777747E-01
   0.206031035496731E+02
   0.174841985854711E-01
   0.203673176862239E+02
   0.173913411872958E-01
   0.201726437435857E+02
   0.173858731173111E-01
   0.200546614242908E+02
   0.174941309413426E-01
   0.200533759056473E+02
   0.177832701818285E-01
   0.202027722881003E+02
   0.183061996109216E-01
   0.205096142568907E+02
   0.187355506034561E-01
   0.210915486770443E+02
   0.198355166442892E-01
   0.218437749381214E+02
   0.191077776952126E-01
   0.232427512716493E+02
   0.173617626341827E-01
   0.237981514959488E+02
   0.173933194682281E-01
   0.238476711658935E+02
   0.174947464867299E-01
   0.233397196406990E+02
   0.219097075633854E-01
   0.232322152528591E+02
   0.218490138668556E-01
   0.232966140118151E+02
   0.214143955227545E-01
   0.235611566710656E+02
   0.221260930718330E-01
   0.237079643672154E+02
   0.224455847831163E-01
   0.238676248758173E+02
   0.219933845286669E-01
   0.241007456010537E+02
   0.225158796169188E-01
   0.243184631150658E+02
   0.228197026367356E-01
   0.245593562650430E+02
   0.231480731474730E-01
   0.247838486960923E+02
   0.214721623574838E-01
   0.242878030145810E+02
   0.222525090670916E-01
   0.241314961084480E+02
   0.218339086418549E-01
   0.238879903152969E+02
   0.212801960502022E-01
   0.235339414781271E+02
   0.205842875568484E-01
   0.231886862594719E+02
   0.201390997642454E-01
   0.228565290426814E+02
   0.196796077540226E-01
   0.225453790115840E+02
   0.192675928463599E-01
   0.220516116591059E+02
   0.193799572156405E-01
   0.217853320951793E+02
   0.189698315136653E-01
   0.215349821169306E+02
   0.186093500219857E-01
   0.213014492422587E+02
   0.183290468379542E-01
   0.210795663448931E+02
   0.181232720574561E-01
   0.208569167790964E+02
   0.179700072145496E-01
   0.206220600347135E+02
   0.178543210347802E-01
   0.203732926382019E+02
   0.177375149412446E-01
   0.201327852337312E+02
   0.176695658284787E-01
   0.199339506749783E+02
   0.176896743404741E-01
   0.198080441245948E+02
   0.178097984415175E-01
   0.197921352737780E+02
   0.180971604593144E-01
   0.199238656607660E+02
   0.186774032849963E-01
   0.202161557344908E+02
   0.194188867331087E-01
   0.207303636551334E+02
   0.201591734662902E-01
   0.213785577796884E+02
   0.187905153297963E-01
   0.225891270588953E+02
   0.173016645288487E-01
   0.231188805564502E+02
   0.172677110279788E-01
   0.232605917385146E+02
   0.180362432952391E-01
   0.229058370306446E+02
   0.221281972969682E-01
   0.228449819282503E+02
   0.217447830860743E-01
   0.229417004262013E+02
   0.208879565213501E-01
   0.232966590606702E+02
   0.210832896518292E-01
   0.234506874519258E+02
   0.228052095179429E-01
   0.236152705627914E+02
   0.227525669557914E-01
   0.238138060720088E+02
   0.231785632195184E-01
   0.239775695349110E+02
   0.233842126214343E-01
   0.241209590479865E+02
   0.234959924776382E-01
   0.241969951422445E+02
   0.226565882722321E-01
   0.239127762570969E+02
   0.229613054540451E-01
   0.237569499234507E+02
   0.226203735901904E-01
   0.235260582820187E+02
   0.219229960692661E-01
   0.232234004023131E+02
   0.212314813247579E-01
   0.229276289003135E+02
   0.207859167487561E-01
   0.226277483371081E+02
   0.203056790261605E-01
   0.223331935593854E+02
   0.198224490636022E-01
   0.218355818545123E+02
   0.211192019824098E-01
   0.215854180960896E+02
   0.206587884897469E-01
   0.213469763586400E+02
   0.202099202329980E-01
   0.211194927239465E+02
   0.198126484018707E-01
   0.208980447868040E+02
   0.195039357509714E-01
   0.206698664278419E+02
   0.192724578962653E-01
   0.204249725877700E+02
   0.191110434613970E-01
   0.201649706038247E+02
   0.189580012712076E-01
   0.199120644417175E+02
   0.188292885247786E-01
   0.196970136907286E+02
   0.187587621268736E-01
   0.195469235600465E+02
   0.187124087953063E-01
   0.194942974909880E+02
   0.187206360284275E-01
   0.195749970572876E+02
   0.188990136889676E-01
   0.198025791130025E+02
   0.192614332497354E-01
   0.202549777401926E+02
   0.203784458944230E-01
   0.208314354636335E+02
   0.197408450874685E-01
   0.217808852196999E+02
   0.170689640797601E-01
   0.222773333259213E+02
   0.175599506748118E-01
   0.224986514934633E+02
   0.190547873010069E-01
   0.223155582064233E+02
   0.221243124122145E-01
   0.223192059366787E+02
   0.213774605434869E-01
   0.224673872944351E+02
   0.202552272516014E-01
   0.229717289336998E+02
   0.197317018134045E-01
   0.230617981234348E+02
   0.227553082791924E-01
   0.232367632944505E+02
   0.232951730531221E-01
   0.234000809213464E+02
   0.234776525791781E-01
   0.235137323517349E+02
   0.234920645314615E-01
   0.235768156070772E+02
   0.232346230842697E-01
   0.235857017238565E+02
   0.230408757209677E-01
   0.234220765335214E+02
   0.235806811878570E-01
   0.232981658397918E+02
   0.236715015663535E-01
   0.231049579844179E+02
   0.232619082761480E-01
   0.228645471795856E+02
   0.228549720094390E-01
   0.226232593211454E+02
   0.225138045743009E-01
   0.223635433077851E+02
   0.220793603913604E-01
   0.220973801680849E+02
   0.216000179500317E-01
   0.215140830146011E+02
   0.229387684799517E-01
   0.212918214371867E+02
   0.226327347961591E-01
   0.210772416855544E+02
   0.222286806376387E-01
   0.208670763155732E+02
   0.217503112286742E-01
   0.206555335042514E+02
   0.212967306277455E-01
   0.204285244940603E+02
   0.208750760163946E-01
   0.201761277280199E+02
   0.204864815512916E-01
   0.199038658893732E+02
   0.201145691752990E-01
   0.196350510952820E+02
   0.197799196062349E-01
   0.193992219430111E+02
   0.195159769356044E-01
   0.192213481740197E+02
   0.192736884950547E-01
   0.191282062973500E+02
   0.190367100768845E-01
   0.191440747344478E+02
   0.187988973216512E-01
   0.192813419007825E+02
   0.185688945446923E-01
   0.196424328095896E+02
   0.192217845043459E-01
   0.201765294662492E+02
   0.204540000130653E-01
   0.208053970231655E+02
   0.177410461008944E-01
   0.212474333105550E+02
   0.182309364556266E-01
   0.215116336259991E+02
   0.197081601645081E-01
   0.215665467659779E+02
   0.216318178115796E-01
   0.216584839498853E+02
   0.208490214947374E-01
   0.218843551425866E+02
   0.190172658525298E-01
   0.224220607705662E+02
   0.197654262476762E-01
   0.225339993188241E+02
   0.224560688288704E-01
   0.227145529743965E+02
   0.234041908346871E-01
   0.228463197849678E+02
   0.232415902642229E-01
   0.229229071846596E+02
   0.231582891250764E-01
   0.229283388799074E+02
   0.228114933127500E-01
   0.228927771735401E+02
   0.227075623969367E-01
   0.227883675759995E+02
   0.232732086406775E-01
   0.226979523325797E+02
   0.236984272082944E-01
   0.225521528176170E+02
   0.237228957096563E-01
   0.223727875719090E+02
   0.237382110346324E-01
   0.221874428062966E+02
   0.237308933468065E-01
   0.219733589764260E+02
   0.235123185749596E-01
   0.217450551900812E+02
   0.232407071698597E-01
   0.209871715375475E+02
   0.229644529722182E-01
   0.207969726852906E+02
   0.229096510091721E-01
   0.206157954364215E+02
   0.227878320150821E-01
   0.204373337271467E+02
   0.225071321323045E-01
   0.202516917626361E+02
   0.221256241431748E-01
   0.200409325130236E+02
   0.216308554721080E-01
   0.197922835668902E+02
   0.210186534252789E-01
   0.195145664241594E+02
   0.204120197926434E-01
   0.192331542790191E+02
   0.199001329048854E-01
   0.189777047948859E+02
   0.195068348826718E-01
   0.187737935170926E+02
   0.191916830491596E-01
   0.186451875838354E+02
   0.189319682914731E-01
   0.186094428566039E+02
   0.186426415815734E-01
   0.186809714524496E+02
   0.182110091110518E-01
   0.189357455115842E+02
   0.178542179334125E-01
   0.193856108889604E+02
   0.186168086205870E-01
   0.198974998728807E+02
   0.185433603277032E-01
   0.202648459687400E+02
   0.186897402136824E-01
   0.204941125733350E+02
   0.188626933932645E-01
   0.206613457794143E+02
   0.203510218769319E-01
   0.208575596852198E+02
   0.203552877159026E-01
   0.212214392189037E+02
   0.172560921958436E-01
   0.216361050086208E+02
   0.204833919577720E-01
   0.218643156006142E+02
   0.223026987548721E-01
   0.220427931039942E+02
   0.227058168827158E-01
   0.221543757095988E+02
   0.225708074477168E-01
   0.222018638357131E+02
   0.224518180941711E-01
   0.221706783716979E+02
   0.220685660066278E-01
   0.220982661325494E+02
   0.217962589298411E-01
   0.220073093103988E+02
   0.220597865709449E-01
   0.219340869468791E+02
   0.224927720866516E-01
   0.218253616898827E+02
   0.227217225445147E-01
   0.216943888354586E+02
   0.229771433325043E-01
   0.215526653899211E+02
   0.232054940109429E-01
   0.213779752466740E+02
   0.231656010420265E-01
   0.211858960699123E+02
   0.230715411221016E-01
   0.202395113818698E+02
   0.215650468535920E-01
   0.200725866743645E+02
   0.215744432956320E-01
   0.199185797949818E+02
   0.216480893485428E-01
   0.197730107942007E+02
   0.217015770925696E-01
   0.196216741364325E+02
   0.216387302951435E-01
   0.194420680287705E+02
   0.213774985712349E-01
   0.192164712280826E+02
   0.208557174452650E-01
   0.189502789009597E+02
   0.202086182638624E-01
   0.186679100472987E+02
   0.195936351767347E-01
   0.183998465117371E+02
   0.190883136718107E-01
   0.181749880014974E+02
   0.187060203827299E-01
   0.180171966024410E+02
   0.184252885197373E-01
   0.179445439163813E+02
   0.181814180841125E-01
   0.179773210748513E+02
   0.179135775498301E-01
   0.181755632853507E+02
   0.177745674969032E-01
   0.185564225007951E+02
   0.183558231415908E-01
   0.189597173137944E+02
   0.183476590762541E-01
   0.192352990415778E+02
   0.182324477692959E-01
   0.194089152899282E+02
   0.182231724097806E-01
   0.196127709261216E+02
   0.189891771835475E-01
   0.198958727417185E+02
   0.194130268926342E-01
   0.203398788428408E+02
   0.166249798079840E-01
   0.207643346323234E+02
   0.199594988535381E-01
   0.210488470077074E+02
   0.210883041692003E-01
   0.212231679292016E+02
   0.213977399163291E-01
   0.213223728390100E+02
   0.215264291857368E-01
   0.213491676604200E+02
   0.214719914554500E-01
   0.212959167971118E+02
   0.211199438309999E-01
   0.212011320725448E+02
   0.207660588236719E-01
   0.211094529040296E+02
   0.208162614506483E-01
   0.210374188397143E+02
   0.210815795853351E-01
   0.209448649342878E+02
   0.212553100399262E-01
   0.208408325031684E+02
   0.214791352845409E-01
   0.207257624598945E+02
   0.216910236935202E-01
   0.205786731060036E+02
   0.217008170690819E-01
   0.204137786074921E+02
   0.216432389046186E-01
   0.192980521172594E+02
   0.199349527107355E-01
   0.191457479694580E+02
   0.198832576132797E-01
   0.190072380846943E+02
   0.199381445853567E-01
   0.188827420111388E+02
   0.201021042500885E-01
   0.187580972127714E+02
   0.202614625804382E-01
   0.186098515222474E+02
   0.203040332321241E-01
   0.184175531675130E+02
   0.201085105808348E-01
   0.181793839641818E+02
   0.196708803873435E-01
   0.179125651823179E+02
   0.190990584168418E-01
   0.176442720579957E+02
   0.185046335771605E-01
   0.174070547874362E+02
   0.180160158436639E-01
   0.172273480847411E+02
   0.176490626206428E-01
   0.171274949886314E+02
   0.173505849942835E-01
   0.171347074540423E+02
   0.170792657774090E-01
   0.172968370377203E+02
   0.170140183556892E-01
   0.176128568248717E+02
   0.174656502091633E-01
   0.179234303910069E+02
   0.175143861232296E-01
   0.181124073212041E+02
   0.172779634018533E-01
   0.182166675765069E+02
   0.170082685410097E-01
   0.184230926655569E+02
   0.174812776423165E-01
   0.187763762975794E+02
   0.180279602905553E-01
   0.192487187011779E+02
   0.172704518673375E-01
   0.197924901905799E+02
   0.190327006983865E-01
   0.201005902685321E+02
   0.196621358739107E-01
   0.202649778784085E+02
   0.199430549547994E-01
   0.203473402711718E+02
   0.201751986910240E-01
   0.203581667973312E+02
   0.202205108392552E-01
   0.202942524200967E+02
   0.199965008508055E-01
   0.201899638962049E+02
   0.196857211100425E-01
   0.200920609211429E+02
   0.196185288681831E-01
   0.200127940515610E+02
   0.197453195905902E-01
   0.199236486327271E+02
   0.198388625972509E-01
   0.198298570807247E+02
   0.199734158873796E-01
   0.197260727876531E+02
   0.200718062423141E-01
   0.195981263100795E+02
   0.200755408070533E-01
   0.194538111352363E+02
   0.200270047329717E-01
   0.181732917960063E+02
   0.183215029503777E-01
   0.180309318879456E+02
   0.182197817578343E-01
   0.179002099243882E+02
   0.181919724683470E-01
   0.177856977811410E+02
   0.182863237383254E-01
   0.176755274480339E+02
   0.184342517720477E-01
   0.175484956742391E+02
   0.185604187800645E-01
   0.173859925818539E+02
   0.186025239894352E-01
   0.171814238348921E+02
   0.184662353234358E-01
   0.169428152151029E+02
   0.181291636169423E-01
   0.166899378782274E+02
   0.176365713345751E-01
   0.164536007764731E+02
   0.171240057380883E-01
   0.162620425019818E+02
   0.166806757858079E-01
   0.161441698940967E+02
   0.163311081185538E-01
   0.161349318752222E+02
   0.160921827103341E-01
   0.162708036256897E+02
   0.160437322598032E-01
   0.165306854378080E+02
   0.162637250108387E-01
   0.167674326091419E+02
   0.162721514375741E-01
   0.168783731869677E+02
   0.160741674271572E-01
   0.168948935395868E+02
   0.155208081297923E-01
   0.170778499903939E+02
   0.157792018160942E-01
   0.175006608886014E+02
   0.162979021800008E-01
   0.181052340181025E+02
   0.169806682309843E-01
   0.187120800381808E+02
   0.179942342696547E-01
   0.190281355816949E+02
   0.182056691979497E-01
   0.191725948986401E+02
   0.184106151876658E-01
   0.192308429960610E+02
   0.186026127468607E-01
   0.192252241337388E+02
   0.187061194860912E-01
   0.191549477784584E+02
   0.186290974142420E-01
   0.190463317449763E+02
   0.184256991113269E-01
   0.189402101532241E+02
   0.183191350271583E-01
   0.188481706826281E+02
   0.183343803943153E-01
   0.187529094928484E+02
   0.183454602718206E-01
   0.186583022091553E+02
   0.184032685021342E-01
   0.185578012250894E+02
   0.184353858089701E-01
   0.184426534871491E+02
   0.184380107517545E-01
   0.183142565634629E+02
   0.184060856874111E-01
   0.168679110623548E+02
   0.167188963431773E-01
   0.167336532660209E+02
   0.166131726773810E-01
   0.166066478791168E+02
   0.165310640323471E-01
   0.164941722839663E+02
   0.165250285610748E-01
   0.163882663876430E+02
   0.165774836437062E-01
   0.162717169754242E+02
   0.166433079430503E-01
   0.161293498412145E+02
   0.167040776807676E-01
   0.159537267220655E+02
   0.166975965319941E-01
   0.157460119117854E+02
   0.165586931025919E-01
   0.155187212993947E+02
   0.162666556010710E-01
   0.152969035317413E+02
   0.158845956419480E-01
   0.151055263013698E+02
   0.154456600524756E-01
   0.149787414673603E+02
   0.150577168039844E-01
   0.149611204984960E+02
   0.148470492630824E-01
   0.150829977888573E+02
   0.148626749245373E-01
   0.153043908688381E+02
   0.149997708082397E-01
   0.154864686451464E+02
   0.149935797530580E-01
   0.155203722769811E+02
   0.147656612346159E-01
   0.154250066096357E+02
   0.139245268738823E-01
   0.155618863691749E+02
   0.139128049783362E-01
   0.160558176814639E+02
   0.146178626220230E-01
   0.168266967594650E+02
   0.158138661117911E-01
   0.175192543176008E+02
   0.170723753028123E-01
   0.178404821564311E+02
   0.170347129326689E-01
   0.179542816613905E+02
   0.170191063291386E-01
   0.179797920453227E+02
   0.170562865271617E-01
   0.179518220985766E+02
   0.171118858972955E-01
   0.178719100895639E+02
   0.170903828323380E-01
   0.177585910752537E+02
   0.169927808185707E-01
   0.176434103361748E+02
   0.169177159973170E-01
   0.175357469604142E+02
   0.168630459767904E-01
   0.174280563145991E+02
   0.168059053352311E-01
   0.173249089669020E+02
   0.167938141765739E-01
   0.172218316296172E+02
   0.167822466443971E-01
   0.171134469917783E+02
   0.167848373722493E-01
   0.169967820464303E+02
   0.167815164270997E-01
   0.153776612635409E+02
   0.150422421809027E-01
   0.152505738167528E+02
   0.149514724148093E-01
   0.151262456968354E+02
   0.148507181406485E-01
   0.150129546423220E+02
   0.147840910520895E-01
   0.149061255376502E+02
   0.147691857231467E-01
   0.147930840304642E+02
   0.147729016086850E-01
   0.146617565184633E+02
   0.147688210395438E-01
   0.145067420948226E+02
   0.147707958710539E-01
   0.143255994274537E+02
   0.147036771075326E-01
   0.141256776667547E+02
   0.145425589899909E-01
   0.139256134449790E+02
   0.143019413597549E-01
   0.137444489132908E+02
   0.139420129469177E-01
   0.136165310866233E+02
   0.135494731500516E-01
   0.135968349168600E+02
   0.133938877150135E-01
   0.137171469716237E+02
   0.135636633565961E-01
   0.139232962356021E+02
   0.138256872569268E-01
   0.140734880433526E+02
   0.139175356750640E-01
   0.140311893373980E+02
   0.136048890349276E-01
   0.137854973662254E+02
   0.122103583384424E-01
   0.138537147194572E+02
   0.117149404524762E-01
   0.144145848088798E+02
   0.127984229639522E-01
   0.154135710182936E+02
   0.154401918688178E-01
   0.162083823997923E+02
   0.169948661969564E-01
   0.165316321548471E+02
   0.165779679169341E-01
   0.166055374786140E+02
   0.160871278687871E-01
   0.165928924873400E+02
   0.158201355667324E-01
   0.165366548629634E+02
   0.156964049211679E-01
   0.164404072727577E+02
   0.155883150583052E-01
   0.163168632020366E+02
   0.154714138220570E-01
   0.161897801009338E+02
   0.154057108082669E-01
   0.160651928546759E+02
   0.153157058401777E-01
   0.159416049160640E+02
   0.152102455234739E-01
   0.158249076150605E+02
   0.151416627431543E-01
   0.157145613902950E+02
   0.151006040416322E-01
   0.156070867386565E+02
   0.150882102621481E-01
   0.154972444295571E+02
   0.150867718419389E-01
   0.136917831453075E+02
   0.136584760319627E-01
   0.135706012330295E+02
   0.135558292300170E-01
   0.134494032350596E+02
   0.134374616640972E-01
   0.133367543617997E+02
   0.133461550620964E-01
   0.132281074444497E+02
   0.132822399778026E-01
   0.131156776793448E+02
   0.132357104707866E-01
   0.129906794792310E+02
   0.131760994875850E-01
   0.128493038146650E+02
   0.131288125119807E-01
   0.126888841812960E+02
   0.130660489367596E-01
   0.125134042920412E+02
   0.129798622442806E-01
   0.123369632596059E+02
   0.129177450058854E-01
   0.121732992366989E+02
   0.128125152081434E-01
   0.120515285640395E+02
   0.126213774170209E-01
   0.120287230070450E+02
   0.125338637494663E-01
   0.121491497630023E+02
   0.127378898652909E-01
   0.123613144490788E+02
   0.131352100297706E-01
   0.125072311893324E+02
   0.133421082607804E-01
   0.124039105503854E+02
   0.129636174718898E-01
   0.119519080171068E+02
   0.960068117552105E-02
   0.119409103609967E+02
   0.898355515950840E-02
   0.125368520238611E+02
   0.103032830934883E-01
   0.137384033960371E+02
   0.146725616572436E-01
   0.146634927262758E+02
   0.169726830267952E-01
   0.150304327856098E+02
   0.168451475868342E-01
   0.150880669198423E+02
   0.161236328377204E-01
   0.150438116877866E+02
   0.156049407027426E-01
   0.149591025988463E+02
   0.152508034174042E-01
   0.148406461987084E+02
   0.149536246724806E-01
   0.147007792125545E+02
   0.146734135695261E-01
   0.145582447241330E+02
   0.144505059737478E-01
   0.144168329625666E+02
   0.142448739418298E-01
   0.142774104249867E+02
   0.140535390055865E-01
   0.141452007992938E+02
   0.139069056748681E-01
   0.140243307877168E+02
   0.138110773724344E-01
   0.139130371367695E+02
   0.137586741630200E-01
   0.138053148203260E+02
   0.137228272302177E-01
   0.117820796291154E+02
   0.126764184395447E-01
   0.116649615735831E+02
   0.125935574386202E-01
   0.115468212332931E+02
   0.124972816706705E-01
   0.114361010322560E+02
   0.123974581357536E-01
   0.113272583024879E+02
   0.123078230222759E-01
   0.112166144950244E+02
   0.122360116014733E-01
   0.110987138824441E+02
   0.121703839535433E-01
   0.109702120026572E+02
   0.121133040642944E-01
   0.108289166461586E+02
   0.120782014621008E-01
   0.106742560565135E+02
   0.120248344995616E-01
   0.105160648900102E+02
   0.119648924591331E-01
   0.103673394956147E+02
   0.118809349014589E-01
   0.102540482222312E+02
   0.117282917234872E-01
   0.102296028229552E+02
   0.116278594215744E-01
   0.103472423596518E+02
   0.117749017364115E-01
   0.105743829907091E+02
   0.122508933732927E-01
   0.107466739340929E+02
   0.127144507050732E-01
   0.106322054385356E+02
   0.124469829370660E-01
   0.100191467730534E+02
   0.865797561405078E-02
   0.992257375011824E+01
   0.776601301051331E-02
   0.104798784465521E+02
   0.864198329461171E-02
   0.117603441343770E+02
   0.136205954524077E-01
   0.127247851381395E+02
   0.158650504456121E-01
   0.131592668727811E+02
   0.162497610179424E-01
   0.132662249382732E+02
   0.158307299581577E-01
   0.132415303736243E+02
   0.154204655393085E-01
   0.131560251919529E+02
   0.149940843874052E-01
   0.130282990152657E+02
   0.145406341145419E-01
   0.128754003100683E+02
   0.141112952445044E-01
   0.127190983157162E+02
   0.137648852642130E-01
   0.125621784403849E+02
   0.134710554431314E-01
   0.124089803449050E+02
   0.132404869898030E-01
   0.122593723326432E+02
   0.130287419331970E-01
   0.121238806295031E+02
   0.128736736373757E-01
   0.120030768941205E+02
   0.127762506560444E-01
   0.118926860313206E+02
   0.127253323453836E-01
   0.962053051098405E+01
   0.116963465002220E-01
   0.950046220118294E+01
   0.115827167065271E-01
   0.938131196356083E+01
   0.114659119496602E-01
   0.927651285322226E+01
   0.113982563620076E-01
   0.916969996995723E+01
   0.113153815848170E-01
   0.906165269063203E+01
   0.112425654575423E-01
   0.895142181180213E+01
   0.111839743489287E-01
   0.883694921866757E+01
   0.111383744193103E-01
   0.871514678312491E+01
   0.111031753860745E-01
   0.858448804658963E+01
   0.110658641868085E-01
   0.845276781703411E+01
   0.110273056394513E-01
   0.833060293693485E+01
   0.109708783416050E-01
   0.823959691501464E+01
   0.108800953954921E-01
   0.822264459047069E+01
   0.108250964412443E-01
   0.833005570883208E+01
   0.109245392531486E-01
   0.855816199310194E+01
   0.113373659938628E-01
   0.875925410318871E+01
   0.119644404263240E-01
   0.870730546317823E+01
   0.122332602831742E-01
   0.804014014606127E+01
   0.840441391103224E-02
   0.787838084150166E+01
   0.758332074501825E-02
   0.831197934636274E+01
   0.815899372314360E-02
   0.941972941269150E+01
   0.115586673443593E-01
   0.102782210642792E+02
   0.132151434250141E-01
   0.107476632429113E+02
   0.139652442376183E-01
   0.109430774012108E+02
   0.140762464846607E-01
   0.109989858327578E+02
   0.140981539167425E-01
   0.109772104059253E+02
   0.140084131355879E-01
   0.108975542030973E+02
   0.137621018105217E-01
   0.107746243992950E+02
   0.134546847112903E-01
   0.106277399975625E+02
   0.131209538579381E-01
   0.104666981002464E+02
   0.127900206870604E-01
   0.103015351402075E+02
   0.125079568899209E-01
   0.101398171290500E+02
   0.122582749760207E-01
   0.999127842404440E+01
   0.120560230473372E-01
   0.985684544837629E+01
   0.119006657300977E-01
   0.973660562439713E+01
   0.117911055089251E-01
   0.719228348153851E+01
   0.106989713089227E-01
   0.707322235015736E+01
   0.105808197570598E-01
   0.695622093710247E+01
   0.104655349272731E-01
   0.684583013107423E+01
   0.103588008578104E-01
   0.673653773599685E+01
   0.102510353426759E-01
   0.663053563076894E+01
   0.101715286422037E-01
   0.652883973917730E+01
   0.101198624826779E-01
   0.643008472097332E+01
   0.100967536155368E-01
   0.633025282574929E+01
   0.100798995493756E-01
   0.622652795676584E+01
   0.100668034960930E-01
   0.612850528956711E+01
   0.100607106323006E-01
   0.604322509539727E+01
   0.100484348901928E-01
   0.598698275452841E+01
   0.100271140480752E-01
   0.598779949978416E+01
   0.100237355226778E-01
   0.607986420745986E+01
   0.100992430920752E-01
   0.627482804141265E+01
   0.103762095844893E-01
   0.647586542016337E+01
   0.109106850051409E-01
   0.651837907840414E+01
   0.116208721609646E-01
   0.607053029759128E+01
   0.958612047964021E-02
   0.587702364001790E+01
   0.905166736912642E-02
   0.607790523643036E+01
   0.870284282442810E-02
   0.671999651213496E+01
   0.946558291672429E-02
   0.732199506886696E+01
   0.100192786753104E-01
   0.775392375261491E+01
   0.106300449137582E-01
   0.801506389728926E+01
   0.110669273663449E-01
   0.815927071108173E+01
   0.114174510067794E-01
   0.823886950183833E+01
   0.117404185055953E-01
   0.825399461614246E+01
   0.119153190536965E-01
   0.820651362278220E+01
   0.119291451540774E-01
   0.811598328420569E+01
   0.118379616929025E-01
   0.799103845595999E+01
   0.116514260426902E-01
   0.784667546856136E+01
   0.114431559858214E-01
   0.769796143998127E+01
   0.112342803789938E-01
   0.755808512619657E+01
   0.110613183320798E-01
   0.742493362907283E+01
   0.109050316286260E-01
   0.730634323897370E+01
   0.107952884670921E-01
   0.433383627740851E+01
   0.930080126775116E-02
   0.422716556096512E+01
   0.921690107942340E-02
   0.412628471890854E+01
   0.914609187703943E-02
   0.402827801641908E+01
   0.907530404964314E-02
   0.393069749671780E+01
   0.899799585188070E-02
   0.383721027793268E+01
   0.893497142525492E-02
   0.375114516661194E+01
   0.889708685255768E-02
   0.367138110170629E+01
   0.888397273029365E-02
   0.359435743431498E+01
   0.887867986426407E-02
   0.351458612432817E+01
   0.885146080007889E-02
   0.345328108515967E+01
   0.885896774690972E-02
   0.341037767753090E+01
   0.887435867407621E-02
   0.339367977571533E+01
   0.889540376826720E-02
   0.341756539868136E+01
   0.893044053020267E-02
   0.349545195614068E+01
   0.899184293185117E-02
   0.363056006870426E+01
   0.915168213590899E-02
   0.377707117726877E+01
   0.946537452605324E-02
   0.381192508040447E+01
   0.984167771239186E-02
   0.357157638874545E+01
   0.911357681140849E-02
   0.339026172045722E+01
   0.853069337771402E-02
   0.341591732566131E+01
   0.801551315718136E-02
   0.369021237031927E+01
   0.791144973412319E-02
   0.403158922811516E+01
   0.796741595951280E-02
   0.434237943028932E+01
   0.821844487601826E-02
   0.457639899799382E+01
   0.847963853689849E-02
   0.474880717089568E+01
   0.875016924748737E-02
   0.488550782530718E+01
   0.908394786740368E-02
   0.497709913437619E+01
   0.938673166995585E-02
   0.501400530639998E+01
   0.959625162870109E-02
   0.499677221521415E+01
   0.968467195446253E-02
   0.493310637126551E+01
   0.966516023963988E-02
   0.483748391695963E+01
   0.958266059181754E-02
   0.472913178257651E+01
   0.948567224768441E-02
   0.462777762471918E+01
   0.943140680666948E-02
   0.452828721803662E+01
   0.938752321033136E-02
   0.443077532256607E+01
   0.934354054234454E-02
   0.785950058030804E+00
   0.728270291373012E-02
   0.719217294892591E+00
   0.727888709431652E-02
   0.649406126832377E+00
   0.726030692646644E-02
   0.576877868508356E+00
   0.723043460732437E-02
   0.502342435350876E+00
   0.718578982660301E-02
   0.431651131658183E+00
   0.713929146476584E-02
   0.369266181241236E+00
   0.710487821157053E-02
   0.313393829535399E+00
   0.708106984963229E-02
   0.262270120789591E+00
   0.705991599213997E-02
   0.222445446158444E+00
   0.704741740637068E-02
   0.203633299474263E+00
   0.706095824576442E-02
   0.202304411991118E+00
   0.708039964156696E-02
   0.219801467042616E+00
   0.710483931458807E-02
   0.259907174485664E+00
   0.713563088702866E-02
   0.323459777183580E+00
   0.717998942353988E-02
   0.403407219987866E+00
   0.726826407024034E-02
   0.484251927778784E+00
   0.747031472318201E-02
   0.501447657864923E+00
   0.768312202674228E-02
   0.376441939371824E+00
   0.741660511365414E-02
   0.229908469873047E+00
   0.703952348234470E-02
   0.158351725717076E+00
   0.667355678061262E-02
   0.220398570024574E+00
   0.646636180342568E-02
   0.353462266651203E+00
   0.635858422335777E-02
   0.510047493422753E+00
   0.634362879691023E-02
   0.657463926193922E+00
   0.637451129980077E-02
   0.791305920463224E+00
   0.644777470781205E-02
   0.916294210070575E+00
   0.659706167309418E-02
   0.102498506922147E+01
   0.680424640716471E-02
   0.110265871855033E+01
   0.701276307250467E-02
   0.113847381066808E+01
   0.716013879155086E-02
   0.113369434833283E+01
   0.723740263305929E-02
   0.109742999286998E+01
   0.726494744350495E-02
   0.104157768418027E+01
   0.726067859636930E-02
   0.982154498566241E+00
   0.726762375892333E-02
   0.920452531068624E+00
   0.727918451771744E-02
   0.851750474342138E+00
   0.727642880249400E-02
  -0.376253941455307E+01
   0.489557944592474E-02
  -0.379129640103176E+01
   0.490960709048515E-02
  -0.382504103393196E+01
   0.490295689257059E-02
  -0.386257585482596E+01
   0.487790706468043E-02
  -0.390153065874881E+01
   0.483828792823417E-02
  -0.393297918665022E+01
   0.479651515613142E-02
  -0.395328237971669E+01
   0.476285117221082E-02
  -0.396103101829712E+01
   0.474441496721434E-02
  -0.395720494676253E+01
   0.473813456775231E-02
  -0.394158582225023E+01
   0.474181960950842E-02
  -0.391501285388008E+01
   0.474751413335686E-02
  -0.388129522954346E+01
   0.475445579406214E-02
  -0.384194825789497E+01
   0.476886929829556E-02
  -0.379716084087542E+01
   0.479828868574422E-02
  -0.375228870339853E+01
   0.484471622420159E-02
  -0.371553765173891E+01
   0.491979476581238E-02
  -0.369988165869913E+01
   0.503071139218497E-02
  -0.372705679007166E+01
   0.513717250104802E-02
  -0.380773541997901E+01
   0.514151212108284E-02
  -0.391382487412034E+01
   0.504000068700022E-02
  -0.400695175634577E+01
   0.487389839673783E-02
  -0.406105098649970E+01
   0.469388090083173E-02
  -0.407416371465921E+01
   0.453510508746901E-02
  -0.405063467488776E+01
   0.442350122286030E-02
  -0.399945652343814E+01
   0.437219249182855E-02
  -0.392784878076724E+01
   0.438780282598717E-02
  -0.384408498967414E+01
   0.446142135484155E-02
  -0.376254949702929E+01
   0.456828340825539E-02
  -0.369646602341247E+01
   0.468129004988884E-02
  -0.365505582991351E+01
   0.477086406854051E-02
  -0.364058889208334E+01
   0.481956499276546E-02
  -0.364793539780957E+01
   0.483462244556027E-02
  -0.366795932652907E+01
   0.483485281104902E-02
  -0.369174166809668E+01
   0.483984050367660E-02
  -0.371504239382334E+01
   0.485262163484538E-02
  -0.373782062342812E+01
   0.487177550121780E-02
  -0.998818483649381E+01
   0.274348132104752E-02
  -0.993108672432203E+01
   0.276870815343418E-02
  -0.988162887329956E+01
   0.278025363636958E-02
  -0.983473727433491E+01
   0.278260871467673E-02
  -0.977425493109156E+01
   0.279489556733542E-02
  -0.969388178606979E+01
   0.282316458170255E-02
  -0.958801373873179E+01
   0.287300241651554E-02
  -0.945192635130457E+01
   0.294957305673399E-02
  -0.930771251006924E+01
   0.303247861636082E-02
  -0.916080605060523E+01
   0.311843384712274E-02
  -0.902025805777836E+01
   0.320145288077531E-02
  -0.889812298185271E+01
   0.327647740596651E-02
  -0.878494435614494E+01
   0.336149792112568E-02
  -0.872470953272631E+01
   0.340476950152037E-02
  -0.871741887465756E+01
   0.341208202114340E-02
  -0.876738976548515E+01
   0.338276748494646E-02
  -0.888325273063348E+01
   0.330907715539379E-02
  -0.907750093355921E+01
   0.317494927284601E-02
  -0.928884536605549E+01
   0.304982724890966E-02
  -0.951141461966740E+01
   0.292894480666534E-02
  -0.973278690389357E+01
   0.281303255103708E-02
  -0.994908485209370E+01
   0.269366399494053E-02
  -0.101508439214837E+02
   0.257506703429803E-02
  -0.102882998141513E+02
   0.249901976434455E-02
  -0.103688200210253E+02
   0.245889163541982E-02
  -0.104032384289108E+02
   0.244691742074709E-02
  -0.104051956417502E+02
   0.245392978843992E-02
  -0.103894258960539E+02
   0.247011888121856E-02
  -0.103662175502209E+02
   0.248877582434030E-02
  -0.103429478443002E+02
   0.250495342720384E-02
  -0.103208847915903E+02
   0.251831913146125E-02
  -0.102964961218547E+02
   0.253242293493769E-02
  -0.102658530917824E+02
   0.255114758605801E-02
  -0.102219354540266E+02
   0.258069298930704E-02
  -0.101565156563509E+02
   0.262756129237875E-02
  -0.100605787122987E+02
   0.269851238990818E-02
