   0.198209152391251E+01
   0.416402951750874E-02
   0.882874073220867E+00
   0.397634752165948E-02
   0.165253585519309E+00
   0.383381356286711E-02
  -0.247286282377864E+00
   0.373052003255816E-02
  -0.333992321381181E+00
   0.366647626057626E-02
   0.359176900529024E-01
   0.364634545873761E-02
  -0.450748324552956E+00
   0.368972909088463E-02
  -0.418086235588624E+00
   0.378361729891916E-02
   0.109478568067433E+00
   0.392899398709214E-02
   0.113232317466109E+01
   0.412733721489348E-02
   0.265881815746784E+01
   0.437879395334551E-02
   0.491574982839296E+01
   0.467567300872509E-02
   0.816315071294659E+01
   0.500666413226714E-02
   0.110140837851913E+02
   0.535310924373729E-02
   0.135834764124394E+02
   0.569603254331024E-02
   0.158956985860856E+02
   0.602008843622210E-02
   0.178588408119482E+02
   0.631441732454639E-02
   0.194511346802508E+02
   0.657211021804441E-02
   0.206891454511291E+02
   0.678927346161736E-02
   0.216079095713071E+02
   0.696601989525878E-02
   0.222476318944433E+02
   0.710624174039430E-02
   0.226432666515756E+02
   0.721248582243625E-02
   0.228158450711986E+02
   0.728439520214546E-02
   0.227663673979713E+02
   0.731851099046854E-02
   0.224759532158398E+02
   0.730849530332219E-02
   0.219112195245783E+02
   0.724833074746331E-02
   0.210273763923389E+02
   0.713512934044448E-02
   0.197675715217251E+02
   0.696702592897282E-02
   0.180600852690152E+02
   0.674282074134634E-02
   0.158158893608799E+02
   0.646406032562661E-02
   0.129292939257296E+02
   0.613747747913533E-02
   0.928147491339379E+01
   0.577613981114671E-02
   0.645163348134297E+01
   0.539951466960878E-02
   0.437764363805770E+01
   0.503139847831769E-02
   0.297373467164850E+01
   0.469433437473562E-02
   0.218255355872948E+01
   0.440351221476491E-02
   0.494811301707361E+01
   0.523755421930536E-02
   0.553342392039852E+01
   0.504562601047697E-02
   0.532146347103112E+01
   0.487430913490093E-02
   0.450173898575684E+01
   0.469832034879325E-02
   0.292270473040558E+01
   0.456419414636854E-02
   0.219654605261839E+01
   0.450104994352884E-02
   0.196037147896582E+01
   0.450368208605113E-02
   0.218543521244366E+01
   0.457846365214402E-02
   0.292391577250996E+01
   0.471358835775569E-02
   0.435261362545481E+01
   0.489215692942502E-02
   0.461163969354198E+01
   0.514257037504390E-02
   0.548389243115839E+01
   0.544080505386569E-02
   0.705159233129050E+01
   0.589076635842310E-02
   0.922061542086407E+01
   0.641092425631899E-02
   0.121168261059543E+02
   0.691380682589771E-02
   0.160696604684503E+02
   0.737844100992778E-02
   0.187757796207231E+02
   0.779576891608370E-02
   0.205756084723757E+02
   0.815023130404060E-02
   0.217184931341706E+02
   0.840357033138262E-02
   0.224004518015727E+02
   0.854862710315157E-02
   0.227904563376497E+02
   0.867276779725439E-02
   0.230319369509747E+02
   0.880471997353461E-02
   0.232223514088126E+02
   0.894776473900554E-02
   0.233619711289275E+02
   0.909429257425118E-02
   0.233660592893637E+02
   0.918169653147262E-02
   0.231589655768147E+02
   0.915682204957372E-02
   0.226947388516335E+02
   0.905918526866093E-02
   0.219383834099218E+02
   0.890208055231694E-02
   0.208330985115663E+02
   0.866565774664056E-02
   0.192649205473614E+02
   0.832669655150236E-02
   0.170667159793834E+02
   0.787962962511302E-02
   0.140672011755383E+02
   0.735096872908936E-02
   0.101298457360228E+02
   0.676416203157939E-02
   0.758162933461982E+01
   0.621009667664449E-02
   0.600968100405676E+01
   0.577203934990531E-02
   0.515772910689135E+01
   0.546742527718812E-02
   0.743565551996704E+01
   0.690518366124243E-02
   0.706301483365693E+01
   0.671588376618992E-02
   0.657684222522237E+01
   0.651276428808610E-02
   0.591719590724357E+01
   0.615963864485005E-02
   0.519600683225860E+01
   0.582785873519209E-02
   0.477177802647658E+01
   0.575164235164821E-02
   0.464355645578483E+01
   0.581204923850557E-02
   0.482478874959652E+01
   0.597346665522403E-02
   0.531872635538058E+01
   0.618609206129445E-02
   0.618979346104659E+01
   0.644435817253422E-02
   0.757366578091411E+01
   0.665374803078571E-02
   0.793291595887875E+01
   0.646141055198958E-02
   0.950386139969736E+01
   0.701971638543672E-02
   0.116472004975511E+02
   0.767706607101924E-02
   0.143705409650517E+02
   0.814702524190634E-02
   0.180822756693654E+02
   0.861712938821434E-02
   0.203984508354118E+02
   0.912224021011060E-02
   0.217788287586255E+02
   0.965124799455103E-02
   0.224808559028718E+02
   0.995574669163292E-02
   0.227066632238672E+02
   0.982594865714933E-02
   0.226733046001008E+02
   0.986290080503630E-02
   0.226253380242362E+02
   0.100067933425914E-01
   0.228276213740317E+02
   0.102174033404421E-01
   0.232495108510958E+02
   0.106168139734823E-01
   0.235385995896232E+02
   0.109125612448907E-01
   0.235489126939519E+02
   0.107740239800418E-01
   0.232745851773483E+02
   0.106286129599285E-01
   0.227686956018879E+02
   0.105174130382937E-01
   0.220684040107142E+02
   0.103202077398652E-01
   0.210343569913515E+02
   0.994673652148049E-02
   0.193398563733677E+02
   0.937358923616522E-02
   0.166813403829848E+02
   0.879842629275407E-02
   0.127604699267676E+02
   0.807126251024655E-02
   0.103134263641065E+02
   0.748851709255532E-02
   0.887265025954199E+01
   0.720345218192254E-02
   0.799839245326297E+01
   0.710092121344195E-02
   0.102234366356229E+02
   0.900980765939078E-02
   0.966779441288303E+01
   0.868327510327515E-02
   0.910011694814363E+01
   0.834410040123279E-02
   0.850804372306500E+01
   0.800455015752803E-02
   0.793553147839176E+01
   0.762273036496470E-02
   0.755832918153918E+01
   0.744689888193494E-02
   0.741026232687342E+01
   0.748432043496035E-02
   0.747338033679063E+01
   0.760187195002418E-02
   0.773499060858095E+01
   0.771003672510736E-02
   0.821404343051016E+01
   0.770746438549575E-02
   0.896502909306409E+01
   0.775273856730488E-02
   0.100849705912492E+02
   0.751391328804597E-02
   0.128831269272554E+02
   0.831315492698474E-02
   0.153287109647634E+02
   0.868920371565952E-02
   0.177267004897139E+02
   0.894762448784236E-02
   0.200898503413033E+02
   0.932567765757450E-02
   0.217595009374752E+02
   0.979702100732332E-02
   0.226608943745161E+02
   0.102545312131026E-01
   0.229153840264779E+02
   0.105141590920161E-01
   0.226659094003674E+02
   0.105659108558733E-01
   0.221173982931711E+02
   0.106879414520398E-01
   0.215950681610247E+02
   0.107661800342481E-01
   0.218423909546073E+02
   0.109526314870984E-01
   0.228317068667157E+02
   0.117783146245435E-01
   0.234447598071441E+02
   0.120352395488366E-01
   0.235855095746633E+02
   0.117736781859385E-01
   0.233394903613589E+02
   0.118960669077952E-01
   0.228987212307658E+02
   0.116185828448315E-01
   0.225476238211290E+02
   0.113790255838876E-01
   0.221404125540030E+02
   0.111082970882886E-01
   0.210082009622760E+02
   0.106776801110608E-01
   0.187671658569732E+02
   0.101659211292587E-01
   0.151231654072652E+02
   0.963690252543570E-02
   0.129343210185019E+02
   0.932099570578625E-02
   0.116668542502440E+02
   0.924239083486410E-02
   0.108470410086211E+02
   0.916188416491530E-02
   0.127423642802171E+02
   0.111804547030673E-01
   0.121447301382666E+02
   0.106857197391555E-01
   0.115630156467928E+02
   0.101627353518764E-01
   0.110190531567818E+02
   0.974996321268835E-02
   0.105305354042308E+02
   0.938441364126477E-02
   0.101704598522207E+02
   0.914487271890946E-02
   0.996748823783590E+01
   0.905744293872661E-02
   0.991471471172089E+01
   0.904391810796385E-02
   0.100051011956496E+02
   0.901324518032681E-02
   0.102668375810587E+02
   0.892198351258404E-02
   0.107747303853319E+02
   0.868946222886603E-02
   0.118297757927683E+02
   0.853233328922051E-02
   0.145183863493058E+02
   0.924646569870005E-02
   0.170938303474494E+02
   0.941398149756529E-02
   0.193438432836106E+02
   0.955142826843551E-02
   0.213363797386229E+02
   0.992512866193461E-02
   0.226765587985905E+02
   0.104766503477948E-01
   0.232004163678598E+02
   0.109850899055275E-01
   0.230685491617341E+02
   0.111680082794152E-01
   0.223581807909863E+02
   0.111165099176797E-01
   0.212282002082920E+02
   0.113660802090708E-01
   0.198709030542928E+02
   0.112130725348133E-01
   0.201744192909490E+02
   0.116374803773155E-01
   0.223018926601103E+02
   0.127341708532841E-01
   0.232060635865613E+02
   0.124925124352794E-01
   0.233850533670029E+02
   0.126168873426786E-01
   0.230120524131376E+02
   0.127969097771664E-01
   0.224133886131740E+02
   0.124575875881562E-01
   0.223814418460839E+02
   0.120243014991673E-01
   0.228306871596867E+02
   0.118877940367254E-01
   0.222992366411083E+02
   0.115233561754908E-01
   0.204679301176320E+02
   0.111984646196810E-01
   0.171036303639012E+02
   0.110685328975239E-01
   0.151807446435876E+02
   0.109881355018722E-01
   0.140935908884007E+02
   0.112985199705711E-01
   0.133629110575443E+02
   0.114366462576111E-01
   0.148830613745175E+02
   0.129892284305285E-01
   0.142853204283048E+02
   0.122908567760158E-01
   0.137276438422124E+02
   0.116511926440582E-01
   0.132369460770825E+02
   0.112061906336065E-01
   0.128140736585436E+02
   0.108835433754484E-01
   0.124792666687538E+02
   0.106337986649838E-01
   0.122455086067622E+02
   0.104512305127387E-01
   0.121141991011315E+02
   0.103153849853479E-01
   0.120911121965628E+02
   0.101808276540110E-01
   0.122137898215872E+02
   0.100800486046722E-01
   0.125495393816059E+02
   0.994816187869245E-02
   0.133092597603835E+02
   0.965176480883999E-02
   0.150730517541735E+02
   0.976820834083673E-02
   0.179576636687349E+02
   0.101229619025117E-01
   0.201223800090930E+02
   0.101809473506158E-01
   0.220684643687414E+02
   0.106367409043951E-01
   0.232670952610451E+02
   0.113202655726575E-01
   0.234462462629862E+02
   0.118666613623247E-01
   0.229915423825720E+02
   0.117889138129651E-01
   0.218568354004266E+02
   0.119062490121105E-01
   0.201812017407018E+02
   0.120382766213032E-01
   0.193426378218893E+02
   0.120388813185193E-01
   0.197336418834762E+02
   0.123072054776593E-01
   0.219709241146252E+02
   0.131136005539892E-01
   0.228883840656920E+02
   0.130398039934704E-01
   0.230186228971856E+02
   0.133857532418614E-01
   0.223893621357396E+02
   0.133905501698103E-01
   0.213036287382868E+02
   0.129368114598466E-01
   0.215491773509164E+02
   0.123817217564438E-01
   0.233028699101132E+02
   0.123329880197035E-01
   0.233474102299915E+02
   0.121565579503421E-01
   0.218804630735642E+02
   0.120492520218879E-01
   0.187660456477671E+02
   0.124807337392812E-01
   0.170927484135017E+02
   0.128003073226351E-01
   0.161641726381528E+02
   0.134335815913126E-01
   0.154951253824468E+02
   0.134571796978122E-01
   0.166516839960454E+02
   0.142386826713679E-01
   0.160822878503888E+02
   0.134343142170020E-01
   0.155749378780306E+02
   0.128066442996898E-01
   0.151454526889922E+02
   0.124143326795809E-01
   0.147809290025799E+02
   0.121512222879514E-01
   0.144774827356415E+02
   0.119230902606922E-01
   0.142359797232899E+02
   0.116967628599193E-01
   0.140608260145797E+02
   0.114857905023302E-01
   0.139673841982147E+02
   0.113186952159492E-01
   0.139957036462962E+02
   0.112681235939873E-01
   0.141946943300536E+02
   0.112397963209311E-01
   0.146944038648953E+02
   0.108958006729462E-01
   0.158754787397107E+02
   0.104004803350193E-01
   0.183355247870986E+02
   0.104946739888813E-01
   0.203086934761304E+02
   0.108094537905777E-01
   0.224272961879175E+02
   0.112115922849673E-01
   0.236220711518339E+02
   0.123303727507648E-01
   0.233983590861395E+02
   0.129698568895304E-01
   0.227011534245442E+02
   0.127259159586824E-01
   0.211654361544166E+02
   0.128209486496544E-01
   0.200716591162155E+02
   0.131508076062511E-01
   0.195597123503015E+02
   0.133078603042134E-01
   0.198705103838821E+02
   0.130875916570407E-01
   0.216572771231977E+02
   0.134506427256198E-01
   0.224271887082922E+02
   0.136244182416935E-01
   0.225078056674371E+02
   0.137520732453285E-01
   0.215628878062809E+02
   0.138061127527915E-01
   0.210382641059953E+02
   0.134187872634044E-01
   0.215460569331305E+02
   0.128982210375084E-01
   0.237781934731102E+02
   0.123712614703739E-01
   0.242083721809505E+02
   0.125136832623515E-01
   0.230447306082504E+02
   0.127824339138090E-01
   0.201632320185807E+02
   0.138641321902338E-01
   0.187138195083830E+02
   0.147905213277338E-01
   0.178837300098873E+02
   0.152904707115199E-01
   0.172487638707177E+02
   0.149512683377808E-01
   0.181007943822396E+02
   0.151365665394863E-01
   0.175855765238044E+02
   0.144757954190256E-01
   0.171417762033776E+02
   0.140255288681679E-01
   0.167722021155188E+02
   0.137694549355249E-01
   0.164569409581996E+02
   0.135422609908765E-01
   0.161853016507518E+02
   0.133093613943166E-01
   0.159505223592396E+02
   0.130400018601873E-01
   0.157556070217670E+02
   0.127681355953701E-01
   0.156178649483572E+02
   0.125519085509268E-01
   0.155740803013172E+02
   0.124993746332538E-01
   0.156602513893821E+02
   0.125071730893492E-01
   0.159512926110297E+02
   0.120867925679362E-01
   0.166937350974231E+02
   0.113581283526895E-01
   0.182571855586988E+02
   0.109403785592985E-01
   0.199363890395545E+02
   0.115867525462682E-01
   0.225078350706868E+02
   0.118977064894838E-01
   0.238353599517574E+02
   0.133932343169060E-01
   0.230241601763153E+02
   0.144176346240877E-01
   0.222170306807432E+02
   0.140244658311140E-01
   0.212231428039914E+02
   0.138799158846698E-01
   0.204735765411469E+02
   0.147341757155946E-01
   0.201100332967259E+02
   0.147725731554266E-01
   0.202723236369426E+02
   0.141294827517383E-01
   0.211771215375513E+02
   0.137622320272988E-01
   0.217506083687955E+02
   0.139011329579913E-01
   0.218784833561865E+02
   0.142828715587734E-01
   0.214861169334468E+02
   0.144850688942809E-01
   0.212977951984249E+02
   0.144646115087824E-01
   0.218838793454188E+02
   0.136766834384009E-01
   0.241899456211395E+02
   0.123015181937878E-01
   0.248858500992127E+02
   0.128499280226861E-01
   0.239812003921845E+02
   0.135147423030539E-01
   0.213457722264077E+02
   0.154698430089547E-01
   0.200497104690772E+02
   0.164300192252741E-01
   0.192597751508811E+02
   0.162604696869446E-01
   0.186589899782424E+02
   0.158197644801276E-01
   0.192891935045489E+02
   0.162670446594493E-01
   0.188387364836709E+02
   0.158924081449454E-01
   0.184531092564589E+02
   0.156003367400368E-01
   0.181330506200474E+02
   0.154249615374049E-01
   0.178611067428294E+02
   0.152534821403651E-01
   0.176231754856670E+02
   0.150790823911764E-01
   0.174063324539088E+02
   0.148714827058460E-01
   0.172076016569923E+02
   0.146508276650079E-01
   0.170395663758318E+02
   0.144432930098474E-01
   0.169286196998242E+02
   0.142299084493380E-01
   0.169106388491281E+02
   0.139421609148238E-01
   0.170502888691240E+02
   0.132783232778776E-01
   0.175194300569997E+02
   0.125207220761028E-01
   0.186361892588429E+02
   0.119475354623904E-01
   0.199619580902277E+02
   0.119408474815266E-01
   0.223932005295081E+02
   0.119959550215109E-01
   0.240305687518628E+02
   0.140317671896362E-01
   0.232148966795036E+02
   0.158667514284863E-01
   0.223815984541948E+02
   0.153295064128058E-01
   0.217159442553413E+02
   0.148579986535925E-01
   0.210572972775125E+02
   0.158842103387655E-01
   0.207457242936913E+02
   0.157945043953555E-01
   0.208182611743321E+02
   0.151439238106910E-01
   0.213205696864001E+02
   0.148868109511551E-01
   0.217994488817069E+02
   0.148282769519223E-01
   0.219683404377006E+02
   0.152856850814333E-01
   0.218283621543544E+02
   0.155033080907196E-01
   0.217818352313026E+02
   0.154916528756694E-01
   0.223069985812585E+02
   0.144035280446486E-01
   0.244551158453979E+02
   0.125055913927767E-01
   0.253769865300219E+02
   0.133926488539216E-01
   0.247008918284483E+02
   0.143503007754484E-01
   0.223016437715947E+02
   0.169993162289349E-01
   0.210986677808111E+02
   0.173481374232725E-01
   0.203402582170293E+02
   0.168346847431069E-01
   0.197883743404276E+02
   0.166430420501407E-01
   0.202613470852069E+02
   0.174913660973847E-01
   0.198693183969089E+02
   0.172498329257285E-01
   0.195319919888772E+02
   0.170330217653127E-01
   0.192525426011655E+02
   0.168903539440491E-01
   0.190184176185974E+02
   0.167866974832846E-01
   0.188122507582170E+02
   0.166942476501207E-01
   0.186149546010572E+02
   0.165698369056932E-01
   0.184144382973966E+02
   0.163889710896664E-01
   0.182184703214596E+02
   0.161790163150250E-01
   0.180496364358998E+02
   0.158784247509126E-01
   0.179472843641171E+02
   0.154559918424010E-01
   0.179773736567724E+02
   0.147636562051246E-01
   0.182837573350113E+02
   0.136243963882730E-01
   0.192273317764358E+02
   0.130683841864157E-01
   0.201752501078008E+02
   0.129602441074646E-01
   0.220043780323733E+02
   0.124359556540454E-01
   0.242169163782023E+02
   0.144598728226994E-01
   0.236923980305733E+02
   0.168338741221131E-01
   0.228102886564517E+02
   0.170475654221793E-01
   0.224522676233191E+02
   0.156521046406112E-01
   0.216443276978760E+02
   0.169970583205675E-01
   0.213503526209207E+02
   0.167891514890150E-01
   0.213624423522643E+02
   0.164149747602894E-01
   0.216825153505547E+02
   0.160871059173102E-01
   0.221661164535488E+02
   0.160596611171496E-01
   0.223605907702927E+02
   0.165849395383773E-01
   0.223419581189617E+02
   0.166858654725550E-01
   0.223218636741970E+02
   0.164892019286702E-01
   0.226973938311326E+02
   0.152850720654154E-01
   0.244975842691382E+02
   0.133736404190592E-01
   0.256860485891869E+02
   0.142363137111812E-01
   0.252160617618440E+02
   0.153202854326186E-01
   0.230544449755723E+02
   0.184076505127313E-01
   0.219278277492460E+02
   0.184770534066299E-01
   0.212049987204055E+02
   0.177934806678906E-01
   0.206996708978551E+02
   0.176980749053200E-01
   0.210564659533394E+02
   0.186981512083345E-01
   0.207083019596510E+02
   0.184872511680986E-01
   0.204081797314279E+02
   0.183078419589358E-01
   0.201609227571428E+02
   0.181971731380058E-01
   0.199582509594631E+02
   0.181794629712217E-01
   0.197791538528531E+02
   0.181751439081777E-01
   0.195991283353028E+02
   0.181349132336675E-01
   0.193965001739661E+02
   0.179780327933315E-01
   0.191742194962789E+02
   0.177153707380578E-01
   0.189559979003428E+02
   0.172884156699063E-01
   0.187876150255612E+02
   0.167123042578320E-01
   0.187397999758168E+02
   0.159235432805332E-01
   0.189587475792611E+02
   0.148343470738847E-01
   0.199489444507917E+02
   0.141756545186475E-01
   0.205060549617238E+02
   0.148152778231650E-01
   0.219688662525985E+02
   0.134098869971727E-01
   0.244196969826649E+02
   0.146877956621097E-01
   0.244404200858378E+02
   0.169560895662213E-01
   0.232830548512906E+02
   0.185539952474029E-01
   0.226950631941152E+02
   0.173517831991782E-01
   0.221459647565269E+02
   0.181587283974231E-01
   0.219107882667884E+02
   0.180062403466866E-01
   0.218970872499389E+02
   0.175863093025355E-01
   0.221410424190332E+02
   0.170209370528399E-01
   0.227355171317484E+02
   0.166938802256071E-01
   0.229166054327919E+02
   0.178083848299577E-01
   0.229564066366789E+02
   0.177459261572077E-01
   0.229070080067701E+02
   0.175658029177213E-01
   0.230939054800426E+02
   0.164961482098433E-01
   0.242471805115979E+02
   0.153649011882155E-01
   0.258439143516041E+02
   0.154273317584763E-01
   0.255511173250159E+02
   0.165134512260147E-01
   0.236278471319253E+02
   0.198123522857341E-01
   0.225833089423020E+02
   0.196269697215839E-01
   0.219079400027375E+02
   0.189215768383147E-01
   0.214465314888830E+02
   0.188592542583442E-01
   0.216852548817335E+02
   0.197537150171580E-01
   0.213682632716218E+02
   0.195397767491094E-01
   0.210956057637320E+02
   0.193860846659352E-01
   0.208722344612264E+02
   0.193242606819390E-01
   0.206917412940327E+02
   0.193819332967034E-01
   0.205314280111663E+02
   0.194551054466201E-01
   0.203627012409290E+02
   0.194833204415394E-01
   0.201557703658523E+02
   0.193312587521430E-01
   0.199102328084891E+02
   0.189805912100142E-01
   0.196559352457954E+02
   0.184154454893259E-01
   0.194458317743882E+02
   0.176880318404323E-01
   0.193558873220545E+02
   0.168816972241462E-01
   0.195121446468749E+02
   0.161976740888312E-01
   0.201773177659145E+02
   0.157913292413856E-01
   0.208275066755347E+02
   0.165298467944398E-01
   0.221122422424832E+02
   0.150021338731318E-01
   0.245826178548014E+02
   0.153837533915817E-01
   0.248736087934336E+02
   0.169312898476392E-01
   0.237159932905690E+02
   0.191461885241152E-01
   0.230244287484274E+02
   0.186967071374004E-01
   0.225844610274401E+02
   0.188680243854622E-01
   0.224130781687333E+02
   0.191037910265350E-01
   0.224026309428240E+02
   0.186947199828516E-01
   0.226230359134444E+02
   0.179612320003907E-01
   0.234907386551680E+02
   0.166722466088320E-01
   0.235545890793904E+02
   0.181010249847866E-01
   0.236504888943091E+02
   0.182412424200945E-01
   0.235332838308775E+02
   0.187408130969077E-01
   0.235303448618748E+02
   0.179815997827822E-01
   0.242722546008544E+02
   0.169678430194677E-01
   0.258972699564503E+02
   0.164151770046494E-01
   0.257201044530501E+02
   0.177371799252519E-01
   0.240303854021970E+02
   0.210799266586481E-01
   0.230818065847059E+02
   0.206524130195022E-01
   0.224625760068674E+02
   0.199813474871592E-01
   0.220394872803342E+02
   0.199104619302125E-01
   0.221559932078852E+02
   0.206994273492328E-01
   0.218606762349937E+02
   0.204824311455394E-01
   0.216063601622860E+02
   0.203387443602579E-01
   0.213967180257107E+02
   0.202952276912384E-01
   0.212261220381327E+02
   0.203489695664491E-01
   0.210735536302559E+02
   0.204346883124515E-01
   0.209087397547428E+02
   0.204781963105246E-01
   0.206963881099570E+02
   0.203014024133552E-01
   0.204345580560848E+02
   0.198713941528167E-01
   0.201620853616380E+02
   0.192392339315652E-01
   0.199382189464394E+02
   0.185111282930468E-01
   0.198385263455007E+02
   0.179271455294766E-01
   0.199566458200372E+02
   0.175814412860857E-01
   0.204366105673218E+02
   0.168636760670335E-01
   0.211043850984736E+02
   0.173953876462474E-01
   0.223174530929362E+02
   0.169441440677952E-01
   0.246853216587981E+02
   0.168725157777610E-01
   0.251120997871197E+02
   0.172766590713777E-01
   0.241249863376410E+02
   0.188818081179991E-01
   0.233514680010832E+02
   0.199493256572078E-01
   0.229671706179810E+02
   0.198817052613234E-01
   0.228453726464479E+02
   0.201664198407881E-01
   0.228519623150966E+02
   0.198234121564433E-01
   0.230554861821734E+02
   0.191270060199745E-01
   0.238888467862795E+02
   0.173903856422763E-01
   0.242557748098201E+02
   0.182885207741836E-01
   0.244513858865270E+02
   0.180954975731736E-01
   0.241867184329604E+02
   0.194819668506120E-01
   0.239767794472184E+02
   0.195859915012034E-01
   0.244209631648188E+02
   0.184534660105812E-01
   0.258549389968741E+02
   0.171202999915220E-01
   0.257275055409511E+02
   0.187208592071702E-01
   0.242668972595732E+02
   0.216442586102644E-01
   0.234338277267864E+02
   0.213921375974102E-01
   0.228771365905952E+02
   0.209683928804173E-01
   0.224848624835812E+02
   0.208662855537661E-01
   0.224744676155502E+02
   0.215232292319676E-01
   0.221933242269193E+02
   0.213141683013841E-01
   0.219490604572434E+02
   0.211656380423127E-01
   0.217432359953207E+02
   0.210681144528083E-01
   0.215716170978350E+02
   0.210187946178660E-01
   0.214171221651057E+02
   0.210382209825200E-01
   0.212506496510870E+02
   0.210717432766408E-01
   0.210338619687176E+02
   0.209038138650163E-01
   0.207650494632252E+02
   0.204660156900306E-01
   0.204925075857640E+02
   0.199148054486280E-01
   0.202779538039344E+02
   0.193823715501814E-01
   0.201880172360622E+02
   0.190194726514007E-01
   0.202825593782878E+02
   0.186179988842136E-01
   0.206621005727490E+02
   0.179027153950468E-01
   0.213260595169303E+02
   0.183205025467238E-01
   0.224995598632023E+02
   0.188758756508132E-01
   0.247061466150848E+02
   0.178895944751099E-01
   0.251987929830693E+02
   0.173674369077821E-01
   0.245924357166119E+02
   0.180688733114644E-01
   0.236136807379624E+02
   0.205158665490232E-01
   0.232767353437242E+02
   0.209555853509871E-01
   0.231935815676389E+02
   0.211066938660271E-01
   0.232233799009461E+02
   0.208397861330333E-01
   0.234099834970716E+02
   0.205656275205739E-01
   0.239495181310682E+02
   0.188557529935658E-01
   0.245406296349534E+02
   0.188771869871370E-01
   0.248816635615804E+02
   0.185269574724835E-01
   0.248780128383075E+02
   0.193999152091994E-01
   0.243941912457436E+02
   0.211967304834813E-01
   0.245952628171427E+02
   0.200943626893761E-01
   0.257194606972531E+02
   0.180352229935303E-01
   0.255514126531775E+02
   0.198414849844392E-01
   0.243652390893173E+02
   0.221662138803506E-01
   0.236557942493936E+02
   0.221334037119171E-01
   0.231569973859133E+02
   0.218839193580035E-01
   0.227868613928694E+02
   0.217133854331179E-01
   0.226454459118791E+02
   0.221032673374925E-01
   0.223727017376047E+02
   0.219230937944905E-01
   0.221326986330242E+02
   0.217735642161073E-01
   0.219257027222190E+02
   0.216033995350529E-01
   0.217480007068155E+02
   0.214441872345953E-01
   0.215872058776743E+02
   0.214272356568420E-01
   0.214146017335164E+02
   0.214740555601446E-01
   0.211921913006174E+02
   0.213085714041821E-01
   0.209231492004887E+02
   0.208808503916797E-01
   0.206613454102306E+02
   0.204283444471490E-01
   0.204672531837277E+02
   0.200831275217395E-01
   0.203961586021188E+02
   0.198055636149725E-01
   0.204833296782762E+02
   0.192224977413206E-01
   0.208140188656660E+02
   0.185606569336798E-01
   0.214736811785975E+02
   0.191479168996386E-01
   0.226003125819622E+02
   0.200893797415807E-01
   0.246184605409005E+02
   0.179804139220770E-01
   0.251489589057865E+02
   0.173312042723290E-01
   0.247647627114692E+02
   0.177049626987923E-01
   0.237744660078814E+02
   0.207232142544055E-01
   0.234929501482423E+02
   0.216510383699978E-01
   0.234475181294767E+02
   0.218407692516852E-01
   0.235058510795463E+02
   0.216714582274136E-01
   0.236708202187217E+02
   0.215329652687243E-01
   0.240298729797123E+02
   0.197667691751027E-01
   0.244879105099956E+02
   0.196049532001410E-01
   0.250083920949154E+02
   0.191501930078346E-01
   0.252298518826469E+02
   0.195304061678332E-01
   0.247350646180181E+02
   0.224133523795959E-01
   0.247346861706320E+02
   0.218273396824414E-01
   0.254768205152995E+02
   0.193408556740393E-01
   0.251517900171995E+02
   0.214505825432163E-01
   0.243510604867313E+02
   0.226813115634306E-01
   0.237560857193815E+02
   0.227537709961141E-01
   0.233023995523556E+02
   0.225362308377942E-01
   0.229480959532396E+02
   0.223024701580514E-01
   0.226796544735896E+02
   0.220387241081673E-01
   0.224107158904860E+02
   0.218626657042964E-01
   0.221710072833941E+02
   0.216961773154775E-01
   0.219609686723496E+02
   0.215111533135778E-01
   0.217759850165229E+02
   0.213617190406904E-01
   0.216039829423443E+02
   0.213273522344594E-01
   0.214191781450806E+02
   0.213241482245027E-01
   0.211901871101348E+02
   0.211352100421274E-01
   0.209261788531229E+02
   0.207633721443530E-01
   0.206804590657869E+02
   0.204050726752087E-01
   0.205085515668796E+02
   0.201365904303857E-01
   0.204613582159839E+02
   0.199060489255885E-01
   0.205625824191798E+02
   0.193486828837611E-01
   0.208731100169756E+02
   0.187110577165500E-01
   0.215284951858924E+02
   0.195121766452735E-01
   0.225876930000032E+02
   0.203591533103646E-01
   0.244285810878238E+02
   0.176013445305007E-01
   0.249840151530572E+02
   0.172118400347860E-01
   0.247479781385895E+02
   0.175582418382302E-01
   0.238311321805525E+02
   0.207187757322408E-01
   0.236104673240037E+02
   0.221104229696945E-01
   0.236050023801525E+02
   0.225401930206059E-01
   0.236913116280202E+02
   0.223335453692120E-01
   0.238366148241772E+02
   0.220140123750220E-01
   0.240911809055327E+02
   0.206333218200476E-01
   0.244495944065482E+02
   0.202406068624654E-01
   0.248653048934985E+02
   0.203030443181837E-01
   0.253422871711307E+02
   0.199452952111578E-01
   0.249933201885039E+02
   0.226285970973843E-01
   0.247902101107018E+02
   0.229098767427408E-01
   0.250754145000197E+02
   0.209931699138258E-01
   0.248372178986658E+02
   0.222674245853132E-01
   0.242492268754388E+02
   0.228396833016092E-01
   0.237402718592151E+02
   0.228732091840876E-01
   0.233197845377412E+02
   0.225250488578303E-01
   0.229770837670591E+02
   0.222391876378929E-01
   0.226059444787428E+02
   0.210126069936671E-01
   0.223360529444436E+02
   0.207397407360804E-01
   0.220898260731105E+02
   0.204595910887793E-01
   0.218689269617253E+02
   0.201968232402681E-01
   0.216710170749531E+02
   0.200335446953311E-01
   0.214850044936739E+02
   0.199986781516411E-01
   0.212884626607473E+02
   0.200136619133599E-01
   0.210570973396237E+02
   0.199081609836520E-01
   0.208045109385618E+02
   0.197181877392378E-01
   0.205807676081511E+02
   0.195800664523607E-01
   0.204337179517459E+02
   0.194769408309894E-01
   0.204088064459274E+02
   0.193792319811758E-01
   0.205332564222876E+02
   0.191089717373403E-01
   0.208347570975415E+02
   0.184959318253098E-01
   0.214853867652218E+02
   0.195796456641795E-01
   0.224548345492828E+02
   0.201038879276506E-01
   0.241459668299563E+02
   0.173863088232869E-01
   0.247138881433784E+02
   0.172011881571834E-01
   0.245861822373523E+02
   0.174283627351635E-01
   0.237894301587849E+02
   0.212479752319596E-01
   0.236157337936085E+02
   0.223903854013950E-01
   0.236432641281996E+02
   0.228795843083935E-01
   0.237695878513596E+02
   0.228181293715304E-01
   0.239039104681936E+02
   0.223116103458864E-01
   0.241031319533266E+02
   0.213616158317688E-01
   0.244043714323443E+02
   0.213595655787338E-01
   0.247378289835510E+02
   0.213155823937655E-01
   0.252506870106918E+02
   0.206221211098443E-01
   0.252122576552354E+02
   0.216430634935226E-01
   0.247401610720085E+02
   0.230021798444204E-01
   0.247656450500439E+02
   0.217176947655305E-01
   0.245397580204967E+02
   0.222730748411285E-01
   0.240695130609529E+02
   0.223560949311464E-01
   0.236237990313145E+02
   0.221201393165843E-01
   0.232337063462987E+02
   0.216566987957772E-01
   0.229009687134090E+02
   0.212957751033956E-01
   0.224493318580344E+02
   0.196434043949170E-01
   0.221764686186502E+02
   0.193134712384632E-01
   0.219244800089768E+02
   0.190081973215149E-01
   0.216958649668966E+02
   0.187680985668660E-01
   0.214873768972001E+02
   0.186113513841497E-01
   0.212873700945984E+02
   0.185212693355951E-01
   0.210777982002504E+02
   0.184580219803716E-01
   0.208441061517429E+02
   0.183551474013624E-01
   0.206046047482846E+02
   0.182838089367690E-01
   0.204015977124706E+02
   0.182945562756087E-01
   0.202756037659353E+02
   0.183686787221933E-01
   0.202688971133738E+02
   0.185313518146570E-01
   0.204104880364162E+02
   0.186744995344267E-01
   0.207045872928081E+02
   0.182157257111967E-01
   0.213423812189352E+02
   0.196691601001259E-01
   0.222065038074321E+02
   0.197516141805059E-01
   0.237568676309643E+02
   0.173747721330822E-01
   0.243246380863375E+02
   0.173078555629850E-01
   0.242863556804627E+02
   0.173419432159536E-01
   0.236269243966645E+02
   0.214669304657202E-01
   0.234888115783117E+02
   0.220885464400532E-01
   0.235392064690921E+02
   0.223808316280637E-01
   0.237249401156064E+02
   0.227169857517524E-01
   0.238632134222210E+02
   0.224354537037449E-01
   0.240357941876671E+02
   0.218365036890516E-01
   0.242984383435266E+02
   0.221374639173387E-01
   0.245654757742790E+02
   0.221020543199753E-01
   0.249095658198862E+02
   0.218806110278445E-01
   0.251221188838571E+02
   0.212755656143244E-01
   0.245723765135846E+02
   0.225524025455978E-01
   0.244640252996257E+02
   0.218708826261036E-01
   0.242273125369716E+02
   0.217907860765925E-01
   0.238234102513213E+02
   0.213218106075095E-01
   0.234293403402002E+02
   0.208975162222379E-01
   0.230671282782318E+02
   0.204001650437342E-01
   0.227436206238378E+02
   0.199944184712377E-01
   0.222560154826787E+02
   0.188962168412930E-01
   0.219830774070707E+02
   0.185466681623875E-01
   0.217288320416054E+02
   0.182371689744051E-01
   0.214957501578107E+02
   0.180123238306456E-01
   0.212789950216168E+02
   0.178521334948529E-01
   0.210662807622306E+02
   0.177317514387576E-01
   0.208432975529326E+02
   0.176208396140761E-01
   0.206032684905828E+02
   0.174842895613514E-01
   0.203674383910833E+02
   0.173914016929385E-01
   0.201727344596947E+02
   0.173859140310070E-01
   0.200547342569901E+02
   0.174941610833382E-01
   0.200534416014641E+02
   0.177832976745465E-01
   0.202028405645521E+02
   0.183062327615753E-01
   0.205096938743688E+02
   0.187355960918981E-01
   0.210916490421378E+02
   0.198355792670800E-01
   0.218439088144635E+02
   0.191078693311374E-01
   0.232429354241257E+02
   0.173619363552253E-01
   0.237983871123108E+02
   0.173935560001895E-01
   0.238479602202852E+02
   0.174950278722212E-01
   0.233400660160317E+02
   0.219100368502633E-01
   0.232326384895240E+02
   0.218494040099231E-01
   0.232971372244270E+02
   0.214148834058040E-01
   0.235618045975775E+02
   0.221267310930187E-01
   0.237087566977538E+02
   0.224463748712398E-01
   0.238685857652967E+02
   0.219943384784425E-01
   0.241019042818512E+02
   0.225170613348461E-01
   0.243198412688192E+02
   0.228211314480021E-01
   0.245609687753260E+02
   0.231498043226135E-01
   0.247856914720195E+02
   0.214742114888247E-01
   0.242898044213709E+02
   0.222546706329975E-01
   0.241336026885532E+02
   0.218361443144625E-01
   0.238901302662579E+02
   0.212823801936226E-01
   0.235360263614340E+02
   0.205862874082016E-01
   0.231906380328760E+02
   0.201409290100349E-01
   0.228582774226429E+02
   0.196811979184144E-01
   0.225468782103766E+02
   0.192688960661232E-01
   0.220527561562558E+02
   0.193809515229310E-01
   0.217862438529955E+02
   0.189705814240678E-01
   0.215356868912273E+02
   0.186098970765329E-01
   0.213019806520285E+02
   0.183294353555006E-01
   0.210799592717817E+02
   0.181235414333767E-01
   0.208572029778190E+02
   0.179701894179454E-01
   0.206222663874353E+02
   0.178544411920585E-01
   0.203734407873583E+02
   0.177375919579290E-01
   0.201328920960714E+02
   0.176696138805684E-01
   0.199340299666856E+02
   0.176897043191180E-01
   0.198081074156117E+02
   0.178098189380760E-01
   0.197921927304727E+02
   0.180971793106785E-01
   0.199239264523095E+02
   0.186774289414357E-01
   0.202162280110447E+02
   0.194189254174025E-01
   0.207304561383130E+02
   0.201592301356058E-01
   0.213786820290304E+02
   0.187905965604964E-01
   0.225892987134343E+02
   0.173018203399483E-01
   0.231191014036398E+02
   0.172679213523219E-01
   0.232608643957711E+02
   0.180365040766448E-01
   0.229061649116366E+02
   0.221285017185532E-01
   0.228453832462232E+02
   0.217451451320727E-01
   0.229421973858950E+02
   0.208884049793251E-01
   0.232972763629169E+02
   0.210838864058242E-01
   0.234514403578448E+02
   0.228059640560586E-01
   0.236161805250062E+02
   0.227534737192052E-01
   0.238148994384136E+02
   0.231796800052826E-01
   0.239788652335469E+02
   0.233855597470205E-01
   0.241224664120238E+02
   0.234975941892627E-01
   0.241987045765814E+02
   0.226584361723197E-01
   0.239146374454523E+02
   0.229633244841565E-01
   0.237589088708388E+02
   0.226224976182319E-01
   0.235280419754045E+02
   0.219250634494796E-01
   0.232253310312791E+02
   0.212334094886282E-01
   0.229294363881256E+02
   0.207877019884700E-01
   0.226293677232657E+02
   0.203072402655337E-01
   0.223345816809455E+02
   0.198237222283557E-01
   0.218366384586396E+02
   0.211201962998002E-01
   0.215862605601036E+02
   0.206595420993173E-01
   0.213476279439807E+02
   0.202104715829383E-01
   0.211199838663009E+02
   0.198130401272684E-01
   0.208984072753373E+02
   0.195042073307658E-01
   0.206701293181971E+02
   0.192726411799392E-01
   0.204251606224269E+02
   0.191111632497625E-01
   0.201651039821235E+02
   0.189580763788727E-01
   0.199121593058213E+02
   0.188293336826283E-01
   0.196970832247929E+02
   0.187587887776720E-01
   0.195469788356087E+02
   0.187124257968619E-01
   0.194943481347371E+02
   0.187206512725168E-01
   0.195750516684315E+02
   0.188990354651537E-01
   0.198026451430408E+02
   0.192614660880130E-01
   0.202550632579390E+02
   0.203784961468263E-01
   0.208315510052902E+02
   0.197409210157073E-01
   0.217810445438030E+02
   0.170690943126323E-01
   0.222775393770171E+02
   0.175601316901929E-01
   0.224989076987163E+02
   0.190550245650155E-01
   0.223158681951973E+02
   0.221245906090047E-01
   0.223195863589519E+02
   0.213777936822125E-01
   0.224678594478102E+02
   0.202556436854623E-01
   0.229723174036933E+02
   0.197322670111119E-01
   0.230625128362869E+02
   0.227560226357126E-01
   0.232376249274961E+02
   0.232960442059112E-01
   0.234011123665940E+02
   0.234787154540303E-01
   0.235149497139522E+02
   0.234933388157245E-01
   0.235782227186587E+02
   0.232360937651525E-01
   0.235872872889759E+02
   0.230425551485549E-01
   0.234238031605005E+02
   0.235825689695966E-01
   0.232999820322849E+02
   0.236735257253905E-01
   0.231067940304147E+02
   0.232639135048840E-01
   0.228663335152071E+02
   0.228568944524104E-01
   0.226249291222954E+02
   0.225155820621786E-01
   0.223650374084933E+02
   0.220809063700670E-01
   0.220986608964592E+02
   0.216012843272169E-01
   0.215150512501363E+02
   0.229397194940293E-01
   0.212925944264588E+02
   0.226334665808474E-01
   0.210778402018696E+02
   0.222292229002723E-01
   0.208675275876145E+02
   0.217506996328093E-01
   0.206558662090066E+02
   0.212970015751719E-01
   0.204287649205744E+02
   0.208752589507488E-01
   0.201762984238095E+02
   0.204865997878698E-01
   0.199039855947932E+02
   0.201146417733161E-01
   0.196351351118622E+02
   0.197799621598537E-01
   0.193992829068234E+02
   0.195160017660177E-01
   0.192213966870260E+02
   0.192737050339951E-01
   0.191282514480274E+02
   0.190367259278927E-01
   0.191441243993894E+02
   0.187989185155360E-01
   0.192814027449450E+02
   0.185689227000254E-01
   0.196425123371484E+02
   0.192218270515696E-01
   0.201766372176247E+02
   0.204540691231219E-01
   0.208055442590763E+02
   0.177411479290494E-01
   0.212476245536201E+02
   0.182310816964977E-01
   0.215118730317341E+02
   0.197083579765345E-01
   0.215668394508677E+02
   0.216320656054981E-01
   0.216588442808330E+02
   0.208493244194062E-01
   0.218848036309450E+02
   0.190176497107768E-01
   0.224226190699578E+02
   0.197659651141735E-01
   0.225346759009730E+02
   0.224567372314111E-01
   0.227153668976286E+02
   0.234050240375924E-01
   0.228472902338999E+02
   0.232425915687479E-01
   0.229240473996068E+02
   0.231594792842445E-01
   0.229296484741815E+02
   0.228128404085179E-01
   0.228942438285798E+02
   0.227090700677662E-01
   0.227899615173378E+02
   0.232749049267460E-01
   0.226996260831695E+02
   0.237002582654304E-01
   0.225538423753148E+02
   0.237247427454443E-01
   0.223744299033358E+02
   0.237400179587842E-01
   0.221889738859957E+02
   0.237325566227674E-01
   0.219747267315967E+02
   0.235137629418321E-01
   0.217462277323217E+02
   0.232419021932442E-01
   0.209880489579529E+02
   0.229652567597061E-01
   0.207976738780394E+02
   0.229102761396163E-01
   0.206163389982787E+02
   0.227883032418186E-01
   0.204377438497297E+02
   0.225074757296655E-01
   0.202519939857114E+02
   0.221258678398692E-01
   0.200411503059599E+02
   0.216310217400829E-01
   0.197924371816652E+02
   0.210187603364069E-01
   0.195146730206967E+02
   0.204120843464702E-01
   0.192332281611906E+02
   0.199001697701125E-01
   0.189777579597807E+02
   0.195068561619074E-01
   0.187738360661635E+02
   0.191916981453941E-01
   0.186452280788498E+02
   0.189319844044550E-01
   0.186094885192983E+02
   0.186426634947651E-01
   0.186810283276594E+02
   0.182110376477067E-01
   0.189358201143053E+02
   0.178542544779233E-01
   0.193857119880661E+02
   0.186168655214768E-01
   0.198976376054893E+02
   0.185434546931521E-01
   0.202650250532190E+02
   0.186898711877500E-01
   0.204943373126164E+02
   0.188628598819397E-01
   0.206616222206239E+02
   0.203512370730457E-01
   0.208579006817872E+02
   0.203555619304013E-01
   0.212218651118827E+02
   0.172564463309875E-01
   0.216366308411455E+02
   0.204838879241450E-01
   0.218649534768066E+02
   0.223033292566957E-01
   0.220435581497217E+02
   0.227065899082696E-01
   0.221552841598024E+02
   0.225717349658619E-01
   0.222029260886811E+02
   0.224529086264455E-01
   0.221718916468120E+02
   0.220697850571126E-01
   0.220996167499286E+02
   0.217975872705664E-01
   0.220087712045021E+02
   0.220612404971176E-01
   0.219356173289225E+02
   0.224943234394248E-01
   0.218269028182246E+02
   0.227232909210063E-01
   0.216958828934306E+02
   0.229786716146629E-01
   0.215540540949263E+02
   0.232068892909066E-01
   0.213792138756809E+02
   0.231668093782424E-01
   0.211869579489472E+02
   0.230725452770995E-01
   0.202402985671727E+02
   0.215656755383190E-01
   0.200732159721710E+02
   0.215749300016131E-01
   0.199190677546482E+02
   0.216484568865199E-01
   0.197733789424050E+02
   0.217018480194524E-01
   0.196219451136189E+02
   0.216389249781516E-01
   0.194422626889807E+02
   0.213776329472462E-01
   0.192166077056517E+02
   0.208558045958632E-01
   0.189503726934552E+02
   0.202086705702845E-01
   0.186679743059709E+02
   0.195936642561811E-01
   0.183998924734764E+02
   0.190883301983498E-01
   0.181750251968484E+02
   0.187060329838067E-01
   0.180172330591311E+02
   0.184253038287776E-01
   0.179445862838548E+02
   0.181814405112282E-01
   0.179773749050000E+02
   0.179136085990152E-01
   0.181756344242968E+02
   0.177746084453993E-01
   0.185565188886823E+02
   0.183558848836147E-01
   0.189598474996675E+02
   0.183477513699422E-01
   0.192354678526127E+02
   0.182325683078076E-01
   0.194091273573224E+02
   0.182233212642701E-01
   0.196130325096984E+02
   0.189893649501751E-01
   0.198961952121310E+02
   0.194132693332007E-01
   0.203402806339115E+02
   0.166252976022593E-01
   0.207648281130631E+02
   0.199599418964177E-01
   0.210494449149151E+02
   0.210888760989033E-01
   0.212238818476352E+02
   0.213984360701962E-01
   0.213232166573276E+02
   0.215272688520234E-01
   0.213501497388980E+02
   0.214729726429959E-01
   0.212970332997136E+02
   0.211210343332723E-01
   0.212023686302201E+02
   0.207672274665324E-01
   0.211107854203891E+02
   0.208175088477417E-01
   0.210388081172381E+02
   0.210828777883069E-01
   0.209462586293914E+02
   0.212565981444182E-01
   0.208421784781691E+02
   0.214803652952064E-01
   0.207270099117157E+02
   0.216921319607211E-01
   0.205797840811525E+02
   0.217017699188478E-01
   0.204147309511706E+02
   0.216440280713371E-01
   0.192987533740874E+02
   0.199354517210001E-01
   0.191463085926047E+02
   0.198836401349671E-01
   0.190076725382585E+02
   0.199384296214674E-01
   0.188830693651565E+02
   0.201023121246316E-01
   0.187583375461118E+02
   0.202616109469255E-01
   0.186100233750948E+02
   0.203041351911941E-01
   0.184176727825309E+02
   0.201085764979806E-01
   0.181794653390577E+02
   0.196709195338554E-01
   0.179126203420678E+02
   0.190990796813797E-01
   0.176443113878122E+02
   0.185046454115789E-01
   0.174070871858698E+02
   0.180160256530968E-01
   0.172273810251969E+02
   0.176490762678781E-01
   0.171275345687076E+02
   0.173506064780506E-01
   0.171347587385170E+02
   0.170792967982353E-01
   0.172969053260606E+02
   0.170140604526157E-01
   0.176129491472221E+02
   0.174657122402060E-01
   0.179235538981076E+02
   0.175144723236882E-01
   0.181125670268361E+02
   0.172780716594965E-01
   0.182168686291774E+02
   0.170083998613274E-01
   0.184233410298228E+02
   0.174814419690199E-01
   0.187766814773613E+02
   0.180281710350436E-01
   0.192490947433915E+02
   0.172707266772511E-01
   0.197929511365700E+02
   0.190330924608205E-01
   0.201011459649238E+02
   0.196626420073166E-01
   0.202656373610439E+02
   0.199436671291604E-01
   0.203481151039385E+02
   0.201759325162590E-01
   0.203590646000768E+02
   0.202213669912918E-01
   0.202952694654831E+02
   0.199974552952393E-01
   0.201910863317939E+02
   0.196867423594325E-01
   0.200932659976854E+02
   0.196196017453447E-01
   0.200140458437858E+02
   0.197464149844743E-01
   0.199248992383934E+02
   0.198399300646479E-01
   0.198310601181761E+02
   0.199744167089961E-01
   0.197271848975401E+02
   0.200726970080056E-01
   0.195991156314738E+02
   0.200763025328230E-01
   0.194546592003111E+02
   0.200276337552091E-01
   0.181739117950035E+02
   0.183219116083978E-01
   0.180314275642937E+02
   0.182200936906479E-01
   0.179005937188587E+02
   0.181922024709617E-01
   0.177859864347379E+02
   0.182864891066711E-01
   0.176757386219005E+02
   0.184343677430375E-01
   0.175486457681456E+02
   0.185604968376561E-01
   0.173860961066291E+02
   0.186025732950779E-01
   0.171814934391062E+02
   0.184662637625876E-01
   0.169428618864923E+02
   0.181291784947497E-01
   0.166899711807703E+02
   0.176365794316583E-01
   0.164536289509247E+02
   0.171240130692858E-01
   0.162620724529293E+02
   0.166806872795630E-01
   0.161442071386601E+02
   0.163311272182066E-01
   0.161349809630881E+02
   0.160922112702067E-01
   0.162708693797193E+02
   0.160437722216398E-01
   0.165307738764663E+02
   0.162637817559626E-01
   0.167675499191490E+02
   0.162722271437038E-01
   0.168785247005591E+02
   0.160742614059209E-01
   0.168950851210924E+02
   0.155209216938231E-01
   0.170780866993163E+02
   0.157793418739262E-01
   0.175009502305809E+02
   0.162980804792210E-01
   0.181055875133897E+02
   0.169809200267870E-01
   0.187125080448685E+02
   0.179945788067362E-01
   0.190286456254422E+02
   0.182060956975110E-01
   0.191731950677606E+02
   0.184111252625360E-01
   0.192315430305484E+02
   0.186032188068118E-01
   0.192260318754860E+02
   0.187068289652512E-01
   0.191558604056750E+02
   0.186298958070132E-01
   0.190473369263285E+02
   0.184265599731060E-01
   0.189412871760236E+02
   0.183200365789252E-01
   0.188492871416707E+02
   0.183352945501931E-01
   0.187540206747109E+02
   0.183463409812142E-01
   0.186593674138505E+02
   0.184040864415649E-01
   0.185587840375718E+02
   0.184361115184265E-01
   0.184435273408842E+02
   0.184386322425067E-01
   0.183150059215242E+02
   0.184066000028901E-01
   0.168684530373386E+02
   0.167192351990642E-01
   0.167340866140721E+02
   0.166134325421187E-01
   0.166069830627731E+02
   0.165312552459274E-01
   0.164944237996914E+02
   0.165251646186701E-01
   0.163884495764845E+02
   0.165775773361346E-01
   0.162718462177150E+02
   0.166433695143239E-01
   0.161294380298781E+02
   0.167041155208933E-01
   0.159537852312566E+02
   0.166976176699612E-01
   0.157460507235494E+02
   0.165587036521833E-01
   0.155187491906877E+02
   0.162666611319406E-01
   0.152969281119061E+02
   0.158846010445882E-01
   0.151055539071846E+02
   0.154456692464522E-01
   0.149787769664624E+02
   0.150577325367934E-01
   0.149611678194771E+02
   0.148470732326308E-01
   0.150830612763536E+02
   0.148627094377570E-01
   0.153044755990635E+02
   0.149998186931886E-01
   0.154865801472045E+02
   0.149936421818995E-01
   0.155205163746703E+02
   0.147657384033719E-01
   0.154251904378849E+02
   0.139246235104650E-01
   0.155621134750229E+02
   0.139129220822567E-01
   0.160560930100688E+02
   0.146180106786904E-01
   0.168270283815146E+02
   0.158140819635219E-01
   0.175196473242434E+02
   0.170726587525400E-01
   0.178409425639328E+02
   0.170350452102989E-01
   0.179548173927054E+02
   0.170194982356377E-01
   0.179804110925799E+02
   0.170567470814127E-01
   0.179525332494213E+02
   0.171124294263411E-01
   0.178727120214222E+02
   0.170910034105690E-01
   0.177594739593927E+02
   0.169934620915208E-01
   0.176443567507600E+02
   0.169184399764736E-01
   0.175367287536031E+02
   0.168637902648530E-01
   0.174290300069114E+02
   0.168066173151554E-01
   0.173258395622808E+02
   0.167944737337113E-01
   0.172226891842966E+02
   0.167828341466166E-01
   0.171142095648836E+02
   0.167853441239878E-01
   0.169974365289557E+02
   0.167819393921426E-01
   0.153781259763508E+02
   0.150425136832396E-01
   0.152509453826042E+02
   0.149516831620043E-01
   0.151265326966631E+02
   0.148508743168622E-01
   0.150131694415543E+02
   0.147842021333055E-01
   0.149062811573553E+02
   0.147692613984810E-01
   0.147931928207057E+02
   0.147729502934063E-01
   0.146618297608128E+02
   0.147688499417045E-01
   0.145067899196298E+02
   0.147708112370984E-01
   0.143256308475294E+02
   0.147036841532242E-01
   0.141257007124919E+02
   0.145425623900117E-01
   0.139256351383804E+02
   0.143019450137908E-01
   0.137444750480107E+02
   0.139420197810130E-01
   0.136165657976301E+02
   0.135494853518754E-01
   0.135968812672971E+02
   0.133939061474763E-01
   0.137172087845901E+02
   0.135636904571132E-01
   0.139233776868201E+02
   0.138257237343970E-01
   0.140735941949428E+02
   0.139175818817296E-01
   0.140313268043711E+02
   0.136049464852345E-01
   0.137856757582481E+02
   0.122104408051279E-01
   0.138539352524853E+02
   0.117150382979891E-01
   0.144148489791176E+02
   0.127985442604661E-01
   0.154138807596573E+02
   0.154403650573130E-01
   0.162087377686563E+02
   0.169950693844737E-01
   0.165320393400562E+02
   0.165781861572561E-01
   0.166060048607280E+02
   0.160873865386774E-01
   0.165934252181568E+02
   0.158204311515697E-01
   0.165372633353376E+02
   0.156967608232250E-01
   0.164410920691050E+02
   0.155887332661006E-01
   0.163176179089373E+02
   0.154718901065322E-01
   0.161905919934604E+02
   0.154062395945885E-01
   0.160660395742212E+02
   0.153162835878897E-01
   0.159424407260040E+02
   0.152107892627507E-01
   0.158257039177158E+02
   0.151421658803624E-01
   0.157152945861332E+02
   0.151010565081766E-01
   0.156077391289230E+02
   0.150886052062229E-01
   0.154978050317810E+02
   0.150871058521359E-01
   0.136921683009445E+02
   0.136586702936807E-01
   0.135709088998304E+02
   0.135559825534289E-01
   0.134496402918396E+02
   0.134375767288748E-01
   0.133369312756778E+02
   0.133462380736240E-01
   0.132282348390829E+02
   0.132822965770436E-01
   0.131157657374257E+02
   0.132357462110711E-01
   0.129907377640324E+02
   0.131761196973638E-01
   0.128493411497362E+02
   0.131288221922253E-01
   0.126889086035574E+02
   0.130660524394108E-01
   0.125134231067242E+02
   0.129798634270938E-01
   0.123369829658207E+02
   0.129177468392906E-01
   0.121733251798177E+02
   0.128125197081618E-01
   0.120515640242439E+02
   0.126213868117094E-01
   0.120287698227981E+02
   0.125338775139975E-01
   0.121492112088709E+02
   0.127379102810404E-01
   0.123613937114415E+02
   0.131352342921647E-01
   0.125073329979035E+02
   0.133421361203536E-01
   0.124040424818744E+02
   0.129636522430263E-01
   0.119520844407617E+02
   0.960075104294455E-02
   0.119411294694067E+02
   0.898364645420584E-02
   0.125371116709845E+02
   0.103034002514290E-01
   0.137386955995671E+02
   0.146726990941074E-01
   0.146638120128137E+02
   0.169727872152025E-01
   0.150307895102963E+02
   0.168452537333963E-01
   0.150884672686302E+02
   0.161237548352305E-01
   0.150442573347111E+02
   0.156050592167512E-01
   0.149596062328704E+02
   0.152509591967330E-01
   0.148412102445310E+02
   0.149538258988600E-01
   0.147014013621296E+02
   0.146736700512926E-01
   0.145589183412511E+02
   0.144508282192166E-01
   0.144175450403298E+02
   0.142453057605477E-01
   0.142781057709472E+02
   0.140539105141132E-01
   0.141458600512494E+02
   0.139072425058230E-01
   0.140249370647693E+02
   0.138113835971992E-01
   0.139135769512112E+02
   0.137589464158330E-01
   0.138057792085578E+02
   0.137230617503522E-01
   0.117823815567748E+02
   0.126765149735464E-01
   0.116652016763591E+02
   0.125936354238456E-01
   0.115470051049524E+02
   0.124973412071463E-01
   0.114362377700318E+02
   0.123975036426692E-01
   0.113273560376369E+02
   0.123078550298848E-01
   0.112166810991296E+02
   0.122360315742499E-01
   0.110987570575969E+02
   0.121703944290317E-01
   0.109702391313568E+02
   0.121133080547305E-01
   0.108289347014875E+02
   0.120782019183435E-01
   0.106742715664025E+02
   0.120248340041004E-01
   0.105160839321135E+02
   0.119648929631472E-01
   0.103673673406816E+02
   0.118809384319684E-01
   0.102540872937443E+02
   0.117283030116728E-01
   0.102296529497602E+02
   0.116278739111877E-01
   0.103473062558422E+02
   0.117749202653444E-01
   0.105744632694882E+02
   0.122509114715044E-01
   0.107467749355859E+02
   0.127144676155581E-01
   0.106323346966394E+02
   0.124469971125557E-01
   0.100193232623832E+02
   0.865803437841253E-02
   0.992279369224743E+01
   0.776609628748281E-02
   0.104801366883001E+02
   0.864208591526468E-02
   0.117606263088518E+02
   0.136206999734208E-01
   0.127250833339132E+02
   0.158651025780407E-01
   0.131595893090399E+02
   0.162497991579541E-01
   0.132665774907948E+02
   0.158307865682847E-01
   0.132419072956636E+02
   0.154204674875891E-01
   0.131564397542726E+02
   0.149940886321502E-01
   0.130287546707171E+02
   0.145406518143031E-01
   0.128758970141035E+02
   0.141113372533047E-01
   0.127196372083935E+02
   0.137649938727163E-01
   0.125627655442523E+02
   0.134714072490970E-01
   0.124095349472637E+02
   0.132406730861673E-01
   0.122598930096495E+02
   0.130288899043061E-01
   0.121243576801454E+02
   0.128738090563512E-01
   0.120035012414641E+02
   0.127763763748461E-01
   0.118930508723849E+02
   0.127254452215009E-01
   0.962075308080813E+01
   0.116963540797107E-01
   0.950063632750942E+01
   0.115827189495994E-01
   0.938144289341283E+01
   0.114659108232462E-01
   0.927660955847854E+01
   0.113982617365112E-01
   0.916976813350327E+01
   0.113153875560119E-01
   0.906169803785025E+01
   0.112425688788495E-01
   0.895145031601344E+01
   0.111839751404320E-01
   0.883696680321728E+01
   0.111383733652225E-01
   0.871515938292426E+01
   0.111031740464740E-01
   0.858450149280596E+01
   0.110658638244245E-01
   0.845278804776076E+01
   0.110273073326620E-01
   0.833063583154063E+01
   0.109708856081662E-01
   0.823964413970558E+01
   0.108801195289305E-01
   0.822270190944726E+01
   0.108251190531373E-01
   0.833012634580901E+01
   0.109245637321449E-01
   0.855824871470649E+01
   0.113373875263326E-01
   0.875936044419002E+01
   0.119644562936019E-01
   0.870743886814668E+01
   0.122332694955684E-01
   0.804031990187982E+01
   0.840445689914142E-02
   0.787860490995983E+01
   0.758338575774834E-02
   0.831224223908869E+01
   0.815907611424925E-02
   0.942001510604207E+01
   0.115587416970184E-01
   0.102785204436962E+02
   0.132151774398238E-01
   0.107479781271885E+02
   0.139652574686897E-01
   0.109434085265831E+02
   0.140762501079887E-01
   0.109993294675391E+02
   0.140981193088847E-01
   0.109775727218554E+02
   0.140083608077301E-01
   0.108979385860302E+02
   0.137620447859899E-01
   0.107750311559095E+02
   0.134546312926738E-01
   0.106281699864335E+02
   0.131209288232304E-01
   0.104671482939504E+02
   0.127900868303477E-01
   0.103019639562590E+02
   0.125079766707469E-01
   0.101402147773090E+02
   0.122582746451897E-01
   0.999163865618730E+01
   0.120560207706401E-01
   0.985716367956230E+01
   0.119006710830876E-01
   0.973687753144404E+01
   0.117911156772200E-01
   0.719244289872177E+01
   0.106989281170188E-01
   0.707334405932590E+01
   0.105807827814371E-01
   0.695630962045402E+01
   0.104655044142565E-01
   0.684589276900880E+01
   0.103587793490420E-01
   0.673657979122191E+01
   0.102510203000647E-01
   0.663056219696506E+01
   0.101715186393074E-01
   0.652885552291958E+01
   0.101198560550719E-01
   0.643009443929602E+01
   0.100967502437564E-01
   0.633026148845387E+01
   0.100798995300196E-01
   0.622654091312748E+01
   0.100668070241320E-01
   0.612852859157366E+01
   0.100607175734425E-01
   0.604326541661316E+01
   0.100484476158593E-01
   0.598704432769420E+01
   0.100271729668614E-01
   0.598786798213150E+01
   0.100237726070611E-01
   0.607994531661984E+01
   0.100992714493387E-01
   0.627492760052371E+01
   0.103762349617116E-01
   0.647598489541224E+01
   0.109106977843689E-01
   0.651852493299527E+01
   0.116208706153537E-01
   0.607071761863282E+01
   0.958612832211665E-02
   0.587725701160002E+01
   0.905168885110007E-02
   0.607818286140431E+01
   0.870288070695440E-02
   0.672030892338115E+01
   0.946563303136059E-02
   0.732232876171801E+01
   0.100193185000527E-01
   0.775427045314855E+01
   0.106300656335985E-01
   0.801541911060632E+01
   0.110669302463631E-01
   0.815962931846327E+01
   0.114174257794314E-01
   0.823923058531888E+01
   0.117403667308659E-01
   0.825435893687663E+01
   0.119152483424173E-01
   0.820688044246340E+01
   0.119290655089765E-01
   0.811635287665093E+01
   0.118378906273956E-01
   0.799140601035736E+01
   0.116513844228159E-01
   0.784702130394896E+01
   0.114431080332827E-01
   0.769827462186066E+01
   0.112342226362587E-01
   0.755836147674471E+01
   0.110612586570790E-01
   0.742517087416447E+01
   0.109049728039348E-01
   0.730654194926458E+01
   0.107952393676199E-01
   0.433396320948207E+01
   0.930075746264634E-02
   0.422725917230330E+01
   0.921686543707481E-02
   0.412635061880678E+01
   0.914606707240733E-02
   0.402832257297013E+01
   0.907528977742195E-02
   0.393072614100793E+01
   0.899798945403751E-02
   0.383722773920455E+01
   0.893497084269362E-02
   0.375115561340249E+01
   0.889709077182944E-02
   0.367138823362454E+01
   0.888397998791332E-02
   0.359436569052952E+01
   0.887869105125879E-02
   0.351460080390495E+01
   0.885147654930807E-02
   0.345330893179152E+01
   0.885898960290957E-02
   0.341042433908183E+01
   0.887438859445370E-02
   0.339374633253051E+01
   0.889545131507130E-02
   0.341764645833959E+01
   0.893048268388021E-02
   0.349554606346337E+01
   0.899185816292914E-02
   0.363068270660486E+01
   0.915170900207872E-02
   0.377721874265830E+01
   0.946538285690761E-02
   0.381210325161235E+01
   0.984166184902085E-02
   0.357179753302237E+01
   0.911354894223637E-02
   0.339053832775020E+01
   0.853067958906508E-02
   0.341625099479449E+01
   0.801552254264949E-02
   0.369059657476881E+01
   0.791148665490793E-02
   0.403200789318511E+01
   0.796746373273566E-02
   0.434281816768626E+01
   0.821848912297962E-02
   0.457684685750841E+01
   0.847967087437451E-02
   0.474925339496787E+01
   0.875017789369194E-02
   0.488594178271820E+01
   0.908391600193528E-02
   0.497752100384730E+01
   0.938668544242733E-02
   0.501440793871463E+01
   0.959619120957800E-02
   0.499715504309122E+01
   0.968461469276464E-02
   0.493346444648447E+01
   0.966510925864894E-02
   0.483781065051103E+01
   0.958261589761306E-02
   0.472941554937077E+01
   0.948561243535658E-02
   0.462801867483390E+01
   0.943134468971456E-02
   0.452848705701746E+01
   0.938746314755975E-02
   0.443093713265294E+01
   0.934348750157099E-02
   0.786087371268374E+00
   0.728267935644058E-02
   0.719317602141972E+00
   0.727887464028224E-02
   0.649476497280475E+00
   0.726030570084886E-02
   0.576926708471769E+00
   0.723044508990406E-02
   0.502376930101359E+00
   0.718581048915687E-02
   0.431676606302099E+00
   0.713931930597573E-02
   0.369286738558918E+00
   0.710491201298648E-02
   0.313410945237825E+00
   0.708110516528409E-02
   0.262286774727422E+00
   0.705995281189709E-02
   0.222465896985676E+00
   0.704745285757950E-02
   0.203668065988494E+00
   0.706100136854861E-02
   0.202359976949402E+00
   0.708045167910703E-02
   0.219879008015962E+00
   0.710489546540412E-02
   0.260007927029482E+00
   0.713568209734362E-02
   0.323589599028137E+00
   0.718003047344046E-02
   0.403575177023975E+00
   0.726829648654503E-02
   0.484462390677370E+00
   0.747032675931218E-02
   0.501708854835132E+00
   0.768311006116190E-02
   0.376766794037742E+00
   0.741657957230794E-02
   0.230308923940116E+00
   0.703950515129073E-02
   0.158836956320448E+00
   0.667357848050915E-02
   0.220953124327014E+00
   0.646640992117946E-02
   0.354068049244731E+00
   0.635864506905469E-02
   0.510687950774615E+00
   0.634369234083024E-02
   0.658124541817573E+00
   0.637457244199894E-02
   0.791971461680394E+00
   0.644782919417923E-02
   0.916946959017432E+00
   0.659710341366363E-02
   0.102560713464399E+01
   0.680427327028453E-02
   0.110323382931489E+01
   0.701277081175380E-02
   0.113899302819589E+01
   0.716012907814499E-02
   0.113415526285383E+01
   0.723738419296341E-02
   0.109784806668123E+01
   0.726498146642645E-02
   0.104192352638223E+01
   0.726066631506256E-02
   0.982437150488102E+00
   0.726759814702041E-02
   0.920679672262302E+00
   0.727915712114098E-02
   0.851928444140917E+00
   0.727640039985620E-02
  -0.376231231397290E+01
   0.489560103480050E-02
  -0.379112597928983E+01
   0.490963080788120E-02
  -0.382491412248357E+01
   0.490298551026913E-02
  -0.386247799514610E+01
   0.487794442308924E-02
  -0.390144784144022E+01
   0.483833803958607E-02
  -0.393289992250454E+01
   0.479658126856710E-02
  -0.395320260559396E+01
   0.476292964559108E-02
  -0.396095755240408E+01
   0.474448904213854E-02
  -0.395714454104604E+01
   0.473819897496791E-02
  -0.394153495145981E+01
   0.474187578650122E-02
  -0.391495380552498E+01
   0.474757452745362E-02
  -0.388121625049956E+01
   0.475452105070677E-02
  -0.384185029491008E+01
   0.476891956261439E-02
  -0.379703456454337E+01
   0.479831813886387E-02
  -0.375210510550924E+01
   0.484474793462263E-02
  -0.371527109719404E+01
   0.491984134001839E-02
  -0.369951762085186E+01
   0.503076533347512E-02
  -0.372657568826313E+01
   0.513723904025795E-02
  -0.380711631414678E+01
   0.514160754737850E-02
  -0.391306221649862E+01
   0.504013099429405E-02
  -0.400606203033553E+01
   0.487405181365402E-02
  -0.406006069638433E+01
   0.469403917127781E-02
  -0.407309245520193E+01
   0.453526084425979E-02
  -0.404949610782783E+01
   0.442365759613170E-02
  -0.399826557637771E+01
   0.437235534238083E-02
  -0.392662835463619E+01
   0.438797493597523E-02
  -0.384287264070455E+01
   0.446159524622749E-02
  -0.376139579634050E+01
   0.456844109235193E-02
  -0.369541023432865E+01
   0.468142103973463E-02
  -0.365411778155451E+01
   0.477096806185574E-02
  -0.363977368545995E+01
   0.481964811270678E-02
  -0.364723930717477E+01
   0.483469390339002E-02
  -0.366737898693676E+01
   0.483490593815656E-02
  -0.369126803465120E+01
   0.483987962755756E-02
  -0.371466383295687E+01
   0.485265126480742E-02
  -0.373752446770907E+01
   0.487179896118010E-02
  -0.998756106189180E+01
   0.274363922449508E-02
  -0.993057158994365E+01
   0.276886299467622E-02
  -0.988117973705366E+01
   0.278042731879385E-02
  -0.983430223866240E+01
   0.278283614128254E-02
  -0.977377331179555E+01
   0.279522374658153E-02
  -0.969328957725325E+01
   0.282365120853310E-02
  -0.958725586976114E+01
   0.287370350816410E-02
  -0.945091602760876E+01
   0.295057576956972E-02
  -0.930683700606885E+01
   0.303336025601276E-02
  -0.916021415673728E+01
   0.311901306090415E-02
  -0.901979527980954E+01
   0.320187928467767E-02
  -0.889770866528040E+01
   0.327682068939242E-02
  -0.878460163704316E+01
   0.336170877407909E-02
  -0.872440710953920E+01
   0.340485352912649E-02
  -0.871709358303983E+01
   0.341207574451281E-02
  -0.876692965402640E+01
   0.338275784594193E-02
  -0.888255029577038E+01
   0.330914468945896E-02
  -0.907646272252518E+01
   0.317516030159888E-02
  -0.928738891466288E+01
   0.305023825985794E-02
  -0.950953324298442E+01
   0.292954481911573E-02
  -0.973058807957277E+01
   0.281371823365108E-02
  -0.994669690354849E+01
   0.269433899739037E-02
  -0.101482574298901E+02
   0.257576044429577E-02
  -0.102854830093268E+02
   0.249978645595087E-02
  -0.103657567582293E+02
   0.245977799934918E-02
  -0.103999478168175E+02
   0.244794726169425E-02
  -0.104017867566184E+02
   0.245506221702592E-02
  -0.103861978559580E+02
   0.247116802652711E-02
  -0.103633549916482E+02
   0.248963721294602E-02
  -0.103404831707091E+02
   0.250562962875558E-02
  -0.103187983764981E+02
   0.251884234421740E-02
  -0.102947550566361E+02
   0.253282589176007E-02
  -0.102644155904837E+02
   0.255146116026975E-02
  -0.102207604189662E+02
   0.258094151484349E-02
  -0.101555628108070E+02
   0.262776455710521E-02
  -0.100598080096378E+02
   0.269868795981993E-02
