   0.197464288641535E+01
   0.416164468561191E-02
   0.876614343955586E+00
   0.397445013495341E-02
   0.160044289117340E+00
   0.383232075004388E-02
  -0.251604879436229E+00
   0.372934361058606E-02
  -0.337569622226308E+00
   0.366553555319554E-02
   0.329373107197631E-01
   0.364557311221451E-02
  -0.453202814798182E+00
   0.368909926820957E-02
  -0.420119505850300E+00
   0.378307997023503E-02
   0.107772496755410E+00
   0.392850490129776E-02
   0.113084551479932E+01
   0.412685699676049E-02
   0.265746956108881E+01
   0.437829247585548E-02
   0.491447207668132E+01
   0.467512768251250E-02
   0.816188853288439E+01
   0.500605263927066E-02
   0.110127926744246E+02
   0.535240955839161E-02
   0.135821128078893E+02
   0.569522426518899E-02
   0.158942190664556E+02
   0.601915254369651E-02
   0.178572021473270E+02
   0.631333599635715E-02
   0.194492924228830E+02
   0.657086624851668E-02
   0.206870526846201E+02
   0.678784961600402E-02
   0.216055158511043E+02
   0.696439862684501E-02
   0.222448824205443E+02
   0.710440521052512E-02
   0.226401017133683E+02
   0.721041666477473E-02
   0.228121998216372E+02
   0.728207775696059E-02
   0.227621720761536E+02
   0.731593280491668E-02
   0.224711340752193E+02
   0.730564893246930E-02
   0.219057010125224E+02
   0.724521545862291E-02
   0.210210855454995E+02
   0.713175256335252E-02
   0.197604461428964E+02
   0.696340560069083E-02
   0.180520882832675E+02
   0.673898849151358E-02
   0.158070328034426E+02
   0.646006486597861E-02
   0.129196766531015E+02
   0.613338877119256E-02
   0.927133594612329E+01
   0.577205341442314E-02
   0.644125630885955E+01
   0.539555056384432E-02
   0.436752282904594E+01
   0.502768833874620E-02
   0.296427822041624E+01
   0.469099361606412E-02
   0.217404321264997E+01
   0.440062930335258E-02
   0.493876188701203E+01
   0.523390757929819E-02
   0.552649862163951E+01
   0.504315161005826E-02
   0.531633912866820E+01
   0.487259397848584E-02
   0.449790162606043E+01
   0.469709314600151E-02
   0.291977420771526E+01
   0.456327542148351E-02
   0.219428333892537E+01
   0.450035475442211E-02
   0.195861622058167E+01
   0.450316067268851E-02
   0.218405567628195E+01
   0.457806353089148E-02
   0.292280009682082E+01
   0.471325815665424E-02
   0.435166424106784E+01
   0.489184825859791E-02
   0.461079696492707E+01
   0.514225561863071E-02
   0.548309892092077E+01
   0.544046633625002E-02
   0.705080616292345E+01
   0.589037934852966E-02
   0.921980088560706E+01
   0.641046220747231E-02
   0.121159535274237E+02
   0.691324520900275E-02
   0.160686857880554E+02
   0.737775926844099E-02
   0.187746732029511E+02
   0.779494958021882E-02
   0.205743362966678E+02
   0.814925743471324E-02
   0.217170159193839E+02
   0.840242518217682E-02
   0.223987234685359E+02
   0.854729121053794E-02
   0.227884221772444E+02
   0.867121038398226E-02
   0.230295317074939E+02
   0.880290368782417E-02
   0.232194970223295E+02
   0.894564863305699E-02
   0.233585734151344E+02
   0.909183249769778E-02
   0.233620020619685E+02
   0.917885324887798E-02
   0.231541013389689E+02
   0.915356250063464E-02
   0.226888753359728E+02
   0.905546199440012E-02
   0.219312655659339E+02
   0.889783449935583E-02
   0.208243866001559E+02
   0.866082561321602E-02
   0.192541730962396E+02
   0.832121444260057E-02
   0.170534136895460E+02
   0.787345332724314E-02
   0.140509335910234E+02
   0.734414147432411E-02
   0.101110737589078E+02
   0.675696849323375E-02
   0.756417716478534E+01
   0.620310182997701E-02
   0.599446649421983E+01
   0.576563252480923E-02
   0.514545258287643E+01
   0.546226111690764E-02
   0.742702873027247E+01
   0.690093631134502E-02
   0.705723996361894E+01
   0.671379481041625E-02
   0.657286101077356E+01
   0.651156836738886E-02
   0.591435927089105E+01
   0.615888316179533E-02
   0.519383209396417E+01
   0.582716826337519E-02
   0.477011738414802E+01
   0.575109294961329E-02
   0.464230286420585E+01
   0.581167088146223E-02
   0.482383682863591E+01
   0.597322094236705E-02
   0.531797415603157E+01
   0.618591005471141E-02
   0.618916097799910E+01
   0.644418906056220E-02
   0.757308176675511E+01
   0.665352601781658E-02
   0.793235601304055E+01
   0.646116937828859E-02
   0.950329551534882E+01
   0.701943280868422E-02
   0.116466050008357E+02
   0.767671831160224E-02
   0.143698899864327E+02
   0.814659662010857E-02
   0.180815439855249E+02
   0.861659919936346E-02
   0.203976114525964E+02
   0.912158753985772E-02
   0.217778528503786E+02
   0.965044868046303E-02
   0.224797101226993E+02
   0.995479090322526E-02
   0.227053070005581E+02
   0.982484304502863E-02
   0.226716871917973E+02
   0.986159498018120E-02
   0.226233962817496E+02
   0.100052321589460E-01
   0.228252781433490E+02
   0.102155329068972E-01
   0.232466739799181E+02
   0.106145501989429E-01
   0.235351555489383E+02
   0.109098454308190E-01
   0.235447144564622E+02
   0.107708680601372E-01
   0.232694328971538E+02
   0.106249290606861E-01
   0.227623062041638E+02
   0.105130746735511E-01
   0.220603524325992E+02
   0.103150929444002E-01
   0.210239508394490E+02
   0.994070147477316E-02
   0.193258422889748E+02
   0.936642474952372E-02
   0.166610860203976E+02
   0.878969512899657E-02
   0.127275100519196E+02
   0.806082268516030E-02
   0.102926913097116E+02
   0.747791033939735E-02
   0.885550972704780E+01
   0.719190579915103E-02
   0.798568288924122E+01
   0.709278938022637E-02
   0.102164278213587E+02
   0.900629093587341E-02
   0.966322909012534E+01
   0.868186663796651E-02
   0.909706141752632E+01
   0.834346089385755E-02
   0.850588215813392E+01
   0.800410696093004E-02
   0.793388236547076E+01
   0.762223519419256E-02
   0.755705499552924E+01
   0.744643974913724E-02
   0.740929970577039E+01
   0.748400511590912E-02
   0.747263082198439E+01
   0.760161368225462E-02
   0.773440267282380E+01
   0.770984599189367E-02
   0.821356697828470E+01
   0.770733170796188E-02
   0.896460181964994E+01
   0.775258817803087E-02
   0.100845584810132E+02
   0.751373478179435E-02
   0.128827041610172E+02
   0.831293022019215E-02
   0.153282567900719E+02
   0.868893111562289E-02
   0.177261949943109E+02
   0.894728981525460E-02
   0.200892741615876E+02
   0.932526290857870E-02
   0.217588335302421E+02
   0.979650967099517E-02
   0.226601128635932E+02
   0.102539084791684E-01
   0.229144609166338E+02
   0.105134158900497E-01
   0.226648097149048E+02
   0.105650253919615E-01
   0.221160762457053E+02
   0.106868744640583E-01
   0.215934633835878E+02
   0.107648910776030E-01
   0.218404262775675E+02
   0.109510647461963E-01
   0.228292967395751E+02
   0.117763183922384E-01
   0.234418037082354E+02
   0.120328086219785E-01
   0.235818776454260E+02
   0.117708175016792E-01
   0.233350087229155E+02
   0.118925937908673E-01
   0.228931511492431E+02
   0.116145071131126E-01
   0.225406230938545E+02
   0.113741893801761E-01
   0.221314651754137E+02
   0.111024715917906E-01
   0.209965461781069E+02
   0.106705203878662E-01
   0.187516900117425E+02
   0.101564643217457E-01
   0.151026915942429E+02
   0.962184922329291E-02
   0.129169180676767E+02
   0.930708373916909E-02
   0.116528799434010E+02
   0.923157690832817E-02
   0.108366827437061E+02
   0.915482654847876E-02
   0.127366742709802E+02
   0.111773873458288E-01
   0.121409436961588E+02
   0.106842800892110E-01
   0.115604847229819E+02
   0.101620530796848E-01
   0.110172768372673E+02
   0.974950285767781E-02
   0.105292138713151E+02
   0.938400640464296E-02
   0.101694355072044E+02
   0.914446789015073E-02
   0.996669420404954E+01
   0.905710159164428E-02
   0.991408809200234E+01
   0.904361914093377E-02
   0.100046080625359E+02
   0.901301130503742E-02
   0.102664472808111E+02
   0.892182629090376E-02
   0.107744020588281E+02
   0.868935211036243E-02
   0.118294669515316E+02
   0.853221444910677E-02
   0.145180654601128E+02
   0.924629949245467E-02
   0.170934755089719E+02
   0.941376932320897E-02
   0.193434398277763E+02
   0.955116252618718E-02
   0.213359133665351E+02
   0.992479659325943E-02
   0.226760138920979E+02
   0.104762393444396E-01
   0.231997753741298E+02
   0.109845915972845E-01
   0.230677900796378E+02
   0.111674204213063E-01
   0.223572747204227E+02
   0.111158138977965E-01
   0.212271070895825E+02
   0.113652278857295E-01
   0.198695653756338E+02
   0.112120501945863E-01
   0.201727528656788E+02
   0.116361719448001E-01
   0.222998212395104E+02
   0.127324255662391E-01
   0.232035027897189E+02
   0.124904259496336E-01
   0.233818920667800E+02
   0.126143143349951E-01
   0.230081463526350E+02
   0.127937510612567E-01
   0.224085475067959E+02
   0.124538844395349E-01
   0.223754193029751E+02
   0.120199651889445E-01
   0.228231198734732E+02
   0.118825187497851E-01
   0.222897462115425E+02
   0.115169908841498E-01
   0.204561980967190E+02
   0.111906365837505E-01
   0.170899695200459E+02
   0.110589213273657E-01
   0.151680504139629E+02
   0.109788544480299E-01
   0.140829139578086E+02
   0.112905779533582E-01
   0.133547667307565E+02
   0.114311250794894E-01
   0.148783593730394E+02
   0.129863611124740E-01
   0.142820870433013E+02
   0.122891995140834E-01
   0.137254499574862E+02
   0.116502674346245E-01
   0.132354141402288E+02
   0.112055947410086E-01
   0.128129548288487E+02
   0.108830980991342E-01
   0.124784118344901E+02
   0.106334101750374E-01
   0.122448413244546E+02
   0.104508882935905E-01
   0.121136688331135E+02
   0.103150782473285E-01
   0.120906926558487E+02
   0.101805752589572E-01
   0.122134616952259E+02
   0.100798714915531E-01
   0.125492761422444E+02
   0.994805716201059E-02
   0.133090252917098E+02
   0.965169269570623E-02
   0.150728084129403E+02
   0.976810821169951E-02
   0.179573830747100E+02
   0.101227978058070E-01
   0.201220526636090E+02
   0.101807303207075E-01
   0.220680803866946E+02
   0.106364654561975E-01
   0.232666428049534E+02
   0.113199239072436E-01
   0.234457126894706E+02
   0.118662533389282E-01
   0.229909106429326E+02
   0.117884488721623E-01
   0.218560830033729E+02
   0.119057004340531E-01
   0.201802957516510E+02
   0.120376191321624E-01
   0.193415180762748E+02
   0.120380652457099E-01
   0.197322154598979E+02
   0.123061084842859E-01
   0.219691295381929E+02
   0.131121250004449E-01
   0.228861506127538E+02
   0.130379900239581E-01
   0.230158556780303E+02
   0.133834638214924E-01
   0.223859430469339E+02
   0.133877606661010E-01
   0.212994036625913E+02
   0.129335635506229E-01
   0.215439938934522E+02
   0.123779451785989E-01
   0.232964250533314E+02
   0.123283297527387E-01
   0.233395644412267E+02
   0.121509623583874E-01
   0.218712166537682E+02
   0.120427222954751E-01
   0.187559167251573E+02
   0.124735904642502E-01
   0.170830870983789E+02
   0.127933083026319E-01
   0.161558623512153E+02
   0.134274370229298E-01
   0.154886235572581E+02
   0.134526809139667E-01
   0.166477812865674E+02
   0.142362351153953E-01
   0.160795297399754E+02
   0.134327371430857E-01
   0.155730277854352E+02
   0.128056478491450E-01
   0.151441150743648E+02
   0.124136730661534E-01
   0.147799632349957E+02
   0.121507550146793E-01
   0.144767567953652E+02
   0.119227199717828E-01
   0.142354167001422E+02
   0.116964462678670E-01
   0.140603794573431E+02
   0.114855081217284E-01
   0.139670308454683E+02
   0.113184574015569E-01
   0.139954294460962E+02
   0.112679513246697E-01
   0.141944802784972E+02
   0.112396955184552E-01
   0.146942202088795E+02
   0.108957437159109E-01
   0.158752907702041E+02
   0.104004166686881E-01
   0.183353017196506E+02
   0.104945524030470E-01
   0.203084252144005E+02
   0.108092717426620E-01
   0.224269767552149E+02
   0.112113626653855E-01
   0.236216911328695E+02
   0.123300795641057E-01
   0.233979107790176E+02
   0.129695150419496E-01
   0.227006237971078E+02
   0.127255411281919E-01
   0.211648094772610E+02
   0.128205346417148E-01
   0.200708978907678E+02
   0.131503228724938E-01
   0.195587564911615E+02
   0.133072289327841E-01
   0.198692788356494E+02
   0.130866704348898E-01
   0.216557143039297E+02
   0.134494105719508E-01
   0.224252322414931E+02
   0.136228586385194E-01
   0.225053729606364E+02
   0.137501267114057E-01
   0.215598844579659E+02
   0.138037127136210E-01
   0.210345549645995E+02
   0.134159647268510E-01
   0.215415111847999E+02
   0.128948755465396E-01
   0.237726331139778E+02
   0.123672079963335E-01
   0.242017594117694E+02
   0.125087744691363E-01
   0.230371859905591E+02
   0.127768235766105E-01
   0.201552437261070E+02
   0.138582181717571E-01
   0.187061635458338E+02
   0.147846554391386E-01
   0.178770850863972E+02
   0.152854393927200E-01
   0.172434906156742E+02
   0.149476172723241E-01
   0.180975161045174E+02
   0.151344834878439E-01
   0.175832155236923E+02
   0.144743763876713E-01
   0.171401168754585E+02
   0.140245814359356E-01
   0.167710358973774E+02
   0.137688154766392E-01
   0.164561052182122E+02
   0.135418156726511E-01
   0.161846823441424E+02
   0.133090245744962E-01
   0.159500482313428E+02
   0.130397260030004E-01
   0.157552349133886E+02
   0.127678972410229E-01
   0.156175727389452E+02
   0.125517105666930E-01
   0.155738552182069E+02
   0.124992288446776E-01
   0.156600782069209E+02
   0.125070851725573E-01
   0.159511469779130E+02
   0.120867433827164E-01
   0.166935877785204E+02
   0.113580820446694E-01
   0.182570094526734E+02
   0.109402964990480E-01
   0.199361679604690E+02
   0.115865933030558E-01
   0.225075679951548E+02
   0.118975125123886E-01
   0.238350380852078E+02
   0.133929774288482E-01
   0.230237815250619E+02
   0.144173424040575E-01
   0.222165846719573E+02
   0.140241622256540E-01
   0.212226130806013E+02
   0.138795917888560E-01
   0.204729233774762E+02
   0.147337650248285E-01
   0.201092037537005E+02
   0.147720253518982E-01
   0.202712507669612E+02
   0.141287110742093E-01
   0.211757572464297E+02
   0.137612454879333E-01
   0.217488910531864E+02
   0.138998670299993E-01
   0.218763378907731E+02
   0.142812545034868E-01
   0.214834515623893E+02
   0.144830172300991E-01
   0.212945081785663E+02
   0.144620926246034E-01
   0.218798650504296E+02
   0.136736497322482E-01
   0.241850907698144E+02
   0.122979734885992E-01
   0.248801796679265E+02
   0.128455678992207E-01
   0.239748770289029E+02
   0.135097889493563E-01
   0.213392139528431E+02
   0.154645744770011E-01
   0.200434581130768E+02
   0.164249915186707E-01
   0.192543375186889E+02
   0.162563638927651E-01
   0.186546289743211E+02
   0.158167416618118E-01
   0.192864047540481E+02
   0.162652194927295E-01
   0.188367038801520E+02
   0.158911382100385E-01
   0.184516687738023E+02
   0.155994855284358E-01
   0.181320359193201E+02
   0.154243846933864E-01
   0.178603843139207E+02
   0.152530867230903E-01
   0.176226475832609E+02
   0.150787936874392E-01
   0.174059354982751E+02
   0.148712591011710E-01
   0.172072956227131E+02
   0.146506425294244E-01
   0.170393295749029E+02
   0.144431431648326E-01
   0.169284390866302E+02
   0.142297990970922E-01
   0.169105005945212E+02
   0.139420921806351E-01
   0.170501731188742E+02
   0.132782799158282E-01
   0.175193135052651E+02
   0.125206833172689E-01
   0.186360495571968E+02
   0.119474755077957E-01
   0.199617758652758E+02
   0.119407072227667E-01
   0.223929774174424E+02
   0.119958033634686E-01
   0.240302941061211E+02
   0.140315451530106E-01
   0.232145728110737E+02
   0.158664894901410E-01
   0.223812163134903E+02
   0.153292430162201E-01
   0.217154850360994E+02
   0.148577049211456E-01
   0.210567255137309E+02
   0.158838309612497E-01
   0.207449930944532E+02
   0.157940017140064E-01
   0.208173117789774E+02
   0.151432183562045E-01
   0.213193557110283E+02
   0.148858914158563E-01
   0.217979128592738E+02
   0.148270980741999E-01
   0.219664156268331E+02
   0.152841886033394E-01
   0.218259681182720E+02
   0.155014238210683E-01
   0.217788789321938E+02
   0.154892490035309E-01
   0.223034158736061E+02
   0.144006768435484E-01
   0.244508317140509E+02
   0.125024013929858E-01
   0.253720544167058E+02
   0.133886812232845E-01
   0.246954833598835E+02
   0.143458149191515E-01
   0.222961057621072E+02
   0.169944607048107E-01
   0.210934203030701E+02
   0.173436787121166E-01
   0.203357038752821E+02
   0.168311700677189E-01
   0.197847023860782E+02
   0.166404378756518E-01
   0.202589470428892E+02
   0.174897371370617E-01
   0.198675556688282E+02
   0.172486997929966E-01
   0.195307356230693E+02
   0.170322640390782E-01
   0.192516573091519E+02
   0.168898476053746E-01
   0.190177912287081E+02
   0.167863555226733E-01
   0.188117994515112E+02
   0.166940072853529E-01
   0.186146217859206E+02
   0.165696604950819E-01
   0.184141874435016E+02
   0.163888344743686E-01
   0.182182800978565E+02
   0.161789104525367E-01
   0.180494933360062E+02
   0.158783482730025E-01
   0.179471753900428E+02
   0.154559413203839E-01
   0.179772823695550E+02
   0.147636208228430E-01
   0.182836650627052E+02
   0.136243632538671E-01
   0.192272202140685E+02
   0.130683346386191E-01
   0.201751056065546E+02
   0.129601607182200E-01
   0.220041932324966E+02
   0.124358489110547E-01
   0.242166804170773E+02
   0.144596810567216E-01
   0.236921163243480E+02
   0.168336340692972E-01
   0.228099542831138E+02
   0.170473119224422E-01
   0.224518615694187E+02
   0.156518170849653E-01
   0.216438191446044E+02
   0.169966890655774E-01
   0.213497005209888E+02
   0.167886818698121E-01
   0.213615948318801E+02
   0.164143303100169E-01
   0.216814256489691E+02
   0.160862507950589E-01
   0.221647280154149E+02
   0.160585331535140E-01
   0.223588427285560E+02
   0.165834899329481E-01
   0.223397821992999E+02
   0.166840490634490E-01
   0.223191761616801E+02
   0.164868551092645E-01
   0.226941593444063E+02
   0.152823195426763E-01
   0.244937703398504E+02
   0.133706359543193E-01
   0.256817093052432E+02
   0.142326079825611E-01
   0.252113648485363E+02
   0.153161446229393E-01
   0.230496819601300E+02
   0.184031849697780E-01
   0.219233524006566E+02
   0.184730988134257E-01
   0.212011292717997E+02
   0.177904553373528E-01
   0.206965362915123E+02
   0.176957933006867E-01
   0.210543777584738E+02
   0.186966615305544E-01
   0.207067598014627E+02
   0.184862170328206E-01
   0.204070759020734E+02
   0.183071490774722E-01
   0.201601451398441E+02
   0.181967139531235E-01
   0.199577041730634E+02
   0.181791567920711E-01
   0.197787653069566E+02
   0.181749353122918E-01
   0.195988475785116E+02
   0.181347676060929E-01
   0.193962938910824E+02
   0.179779283317150E-01
   0.191740671136908E+02
   0.177152959674319E-01
   0.189558856883524E+02
   0.172883642890986E-01
   0.187875305205620E+02
   0.167122694108820E-01
   0.187397292550835E+02
   0.159235171173901E-01
   0.189586753122099E+02
   0.148343199268909E-01
   0.199488549114166E+02
   0.141756070801398E-01
   0.205059389764769E+02
   0.148152195974123E-01
   0.219687122442167E+02
   0.134098026446276E-01
   0.244194929352600E+02
   0.146876284140122E-01
   0.244401713537145E+02
   0.169558621947459E-01
   0.232827586263190E+02
   0.185537504727075E-01
   0.226947033207902E+02
   0.173515241590401E-01
   0.221455088756659E+02
   0.181583786644405E-01
   0.219102014779453E+02
   0.180057938638066E-01
   0.218963234038715E+02
   0.175857049351051E-01
   0.221400565748385E+02
   0.170201423953653E-01
   0.227342510090710E+02
   0.166927989860671E-01
   0.229150028982138E+02
   0.178069373583839E-01
   0.229544099663262E+02
   0.177441239307817E-01
   0.229045527127380E+02
   0.175635450423084E-01
   0.230909668076993E+02
   0.164934727364277E-01
   0.242437630647595E+02
   0.153619148647824E-01
   0.258400618688488E+02
   0.154237861088717E-01
   0.255469909963088E+02
   0.165095498304606E-01
   0.236236963323486E+02
   0.198082374440958E-01
   0.225794429142272E+02
   0.196234499640269E-01
   0.219046048030021E+02
   0.189188770821589E-01
   0.214438207909133E+02
   0.188571937111158E-01
   0.216834232639008E+02
   0.197523627362066E-01
   0.213669047605743E+02
   0.195388369696322E-01
   0.210946302745127E+02
   0.193854526623144E-01
   0.208715476251411E+02
   0.193238424660389E-01
   0.206912613121072E+02
   0.193816567887723E-01
   0.205310915929840E+02
   0.194549218345979E-01
   0.203624632634028E+02
   0.194831980072543E-01
   0.201556003479132E+02
   0.193311772131266E-01
   0.199101111614612E+02
   0.189805383463213E-01
   0.196558484157332E+02
   0.184154128842894E-01
   0.194457678355374E+02
   0.176880106620571E-01
   0.193558341278927E+02
   0.168816807506621E-01
   0.195120892695068E+02
   0.161976536208495E-01
   0.201772474983868E+02
   0.157912938869633E-01
   0.208274130792802E+02
   0.165298027329755E-01
   0.221121138048136E+02
   0.150020669545017E-01
   0.245824405819182E+02
   0.153836016741638E-01
   0.248733881098220E+02
   0.169310811625528E-01
   0.237157286909887E+02
   0.191459606226684E-01
   0.230241060124538E+02
   0.186964625110648E-01
   0.225840494918698E+02
   0.188676969430096E-01
   0.224125458483000E+02
   0.191033577055973E-01
   0.224019375686776E+02
   0.186941458418381E-01
   0.226221383788092E+02
   0.179604862013159E-01
   0.234895759366661E+02
   0.166712026457341E-01
   0.235531122193903E+02
   0.180996155510914E-01
   0.236486455286434E+02
   0.182394522289791E-01
   0.235310262240868E+02
   0.187385783084271E-01
   0.235276606813399E+02
   0.179789836358914E-01
   0.242691711597183E+02
   0.169649654341462E-01
   0.258938249249064E+02
   0.164118311065147E-01
   0.257164474698156E+02
   0.177334893033078E-01
   0.240267321033489E+02
   0.210761321665991E-01
   0.230784319270085E+02
   0.206492695996371E-01
   0.224596703005549E+02
   0.199789275774801E-01
   0.220371204514129E+02
   0.199086053030351E-01
   0.221543745049703E+02
   0.206981936773768E-01
   0.218594713688712E+02
   0.204815687929508E-01
   0.216054928350304E+02
   0.203381603252092E-01
   0.213961078227370E+02
   0.202948398274391E-01
   0.212256982671929E+02
   0.203487146878574E-01
   0.210732607465311E+02
   0.204345230413157E-01
   0.209085371864530E+02
   0.204780911258027E-01
   0.206962478636302E+02
   0.203013378945105E-01
   0.204344616313855E+02
   0.198713579518835E-01
   0.201620195795649E+02
   0.192392163396694E-01
   0.199381724732361E+02
   0.185111198207460E-01
   0.198384882349071E+02
   0.179271387858683E-01
   0.199566049889645E+02
   0.175814290047500E-01
   0.204365564965213E+02
   0.168636526640149E-01
   0.211043095626589E+02
   0.173953535250519E-01
   0.223173450497560E+02
   0.169440847305038E-01
   0.246851671612278E+02
   0.168723706769889E-01
   0.251119031832794E+02
   0.172764650224104E-01
   0.241247482388878E+02
   0.188815972204587E-01
   0.233511764652364E+02
   0.199490891481967E-01
   0.229667973784107E+02
   0.198813944172009E-01
   0.228448879818523E+02
   0.201660052141688E-01
   0.228513302250949E+02
   0.198228671525697E-01
   0.230546655986149E+02
   0.191262977397360E-01
   0.238877802205985E+02
   0.173894023688631E-01
   0.242544121203191E+02
   0.182871556464791E-01
   0.244496820618779E+02
   0.180937719293777E-01
   0.241846370125967E+02
   0.194797868979790E-01
   0.239743196018316E+02
   0.195834528591848E-01
   0.244181614433120E+02
   0.184506932625839E-01
   0.258518408826270E+02
   0.171172085205101E-01
   0.257242386036751E+02
   0.187174326702083E-01
   0.242636590018681E+02
   0.216408524518225E-01
   0.234308573635035E+02
   0.213893447059079E-01
   0.228745819182197E+02
   0.209662073723517E-01
   0.224827781273884E+02
   0.208646023165850E-01
   0.224730269221554E+02
   0.215220850987923E-01
   0.221922487071553E+02
   0.213133605870220E-01
   0.219482847617816E+02
   0.211650851493654E-01
   0.217426908352097E+02
   0.210677444807179E-01
   0.215712409227423E+02
   0.210185520104614E-01
   0.214168659541053E+02
   0.210380672913155E-01
   0.212504767022131E+02
   0.210716501483190E-01
   0.210337464614786E+02
   0.209037619646355E-01
   0.207649739755678E+02
   0.204659923995964E-01
   0.204924594119573E+02
   0.199148000283079E-01
   0.202779221751549E+02
   0.193823740263229E-01
   0.201879921567705E+02
   0.190194754753272E-01
   0.202825311795698E+02
   0.186179959798633E-01
   0.206620602265189E+02
   0.179027024379977E-01
   0.213259989858461E+02
   0.183204759952974E-01
   0.224994686530627E+02
   0.188758210361012E-01
   0.247060115251466E+02
   0.178894602065411E-01
   0.251986174504775E+02
   0.173672596265703E-01
   0.245922198510976E+02
   0.180686705800372E-01
   0.236134163283699E+02
   0.205156409739587E-01
   0.232763959455770E+02
   0.209552904531607E-01
   0.231931395378426E+02
   0.211063045748502E-01
   0.232228023475087E+02
   0.208392747193863E-01
   0.234092314621156E+02
   0.205649470396571E-01
   0.239485429225001E+02
   0.188548583452953E-01
   0.245393773003834E+02
   0.188759213888556E-01
   0.248800926921166E+02
   0.185253203890116E-01
   0.248760902368409E+02
   0.193978228520812E-01
   0.243919308976878E+02
   0.211942565013208E-01
   0.245927077327246E+02
   0.200916889771604E-01
   0.257166635702275E+02
   0.180323640350108E-01
   0.255484801327473E+02
   0.198383305550515E-01
   0.243623528584604E+02
   0.221631452098600E-01
   0.236531608289342E+02
   0.221308896890439E-01
   0.231547336522300E+02
   0.218819205097326E-01
   0.227850115778160E+02
   0.217118369742304E-01
   0.226441561747877E+02
   0.221021918608758E-01
   0.223717367547524E+02
   0.219223256544675E-01
   0.221320018470199E+02
   0.217730322987568E-01
   0.219252138210517E+02
   0.216030408154196E-01
   0.217476657801291E+02
   0.214439536388005E-01
   0.215869813770952E+02
   0.214270923939280E-01
   0.214144542052746E+02
   0.214739735050848E-01
   0.211920967951002E+02
   0.213085302801978E-01
   0.209230913539186E+02
   0.208808376463464E-01
   0.206613120979033E+02
   0.204283491685761E-01
   0.204672342332276E+02
   0.200831398607607E-01
   0.203961447984792E+02
   0.198055757888822E-01
   0.204833124361346E+02
   0.192225042404648E-01
   0.208139902337016E+02
   0.185606534968594E-01
   0.214736334602842E+02
   0.191478984952301E-01
   0.226002358160070E+02
   0.200893322307750E-01
   0.246183425364013E+02
   0.179802965585903E-01
   0.251488022191135E+02
   0.173310444962871E-01
   0.247645672932167E+02
   0.177047730544928E-01
   0.237742261151046E+02
   0.207230059319822E-01
   0.234926414027843E+02
   0.216507659331115E-01
   0.234471147851763E+02
   0.218404114202040E-01
   0.235053227984850E+02
   0.216709861424231E-01
   0.236701307937458E+02
   0.215323313738440E-01
   0.240289800559408E+02
   0.197659599383124E-01
   0.244867654723957E+02
   0.196038471362496E-01
   0.250069496828032E+02
   0.191487020795339E-01
   0.252280806751506E+02
   0.195284483828526E-01
   0.247329855047536E+02
   0.224109584564876E-01
   0.247323524591147E+02
   0.218247652670352E-01
   0.254742876263562E+02
   0.193382072611828E-01
   0.251491524806162E+02
   0.214476882835270E-01
   0.243484793019784E+02
   0.226785552658236E-01
   0.237537369369910E+02
   0.227514780227065E-01
   0.233003805987384E+02
   0.225343869305439E-01
   0.229464436778433E+02
   0.223010279569004E-01
   0.226784962971351E+02
   0.220377389338736E-01
   0.224098484210359E+02
   0.218619611651692E-01
   0.221703811093483E+02
   0.216956913751585E-01
   0.219605307809540E+02
   0.215108293260660E-01
   0.217756877038508E+02
   0.213615131387867E-01
   0.216037871190349E+02
   0.213272310927882E-01
   0.214190532645854E+02
   0.213240835103633E-01
   0.211901109612231E+02
   0.211351819524615E-01
   0.209261361623933E+02
   0.207633696482848E-01
   0.206804384229827E+02
   0.204050863493873E-01
   0.205085434666480E+02
   0.201366115557824E-01
   0.204613541395972E+02
   0.199060696901472E-01
   0.205625745718388E+02
   0.193486971615096E-01
   0.208730913761044E+02
   0.187110622057307E-01
   0.215284585447765E+02
   0.195121670811606E-01
   0.225876289663365E+02
   0.203591159772329E-01
   0.244284783752452E+02
   0.176012450440245E-01
   0.249838756035946E+02
   0.172116977668942E-01
   0.247478017110342E+02
   0.175580677812513E-01
   0.238309147709982E+02
   0.207185873629603E-01
   0.236101866117506E+02
   0.221101750475343E-01
   0.236046340966173E+02
   0.225398635917965E-01
   0.236908280681211E+02
   0.223331144756709E-01
   0.238359827720020E+02
   0.220134370031436E-01
   0.240903624018221E+02
   0.206325795196681E-01
   0.244485460138173E+02
   0.202396180338623E-01
   0.248639869429897E+02
   0.203017327767450E-01
   0.253406608917861E+02
   0.199434962915664E-01
   0.249914101103826E+02
   0.226263509260131E-01
   0.247880801779294E+02
   0.229074725992637E-01
   0.250731206154124E+02
   0.209907408865252E-01
   0.248348413272617E+02
   0.222648156619053E-01
   0.242469133916913E+02
   0.228372329628999E-01
   0.237381679028462E+02
   0.228711268392873E-01
   0.233179751627602E+02
   0.225233639982655E-01
   0.229756019038022E+02
   0.222378692424354E-01
   0.226049041292100E+02
   0.210117591968567E-01
   0.223352739886154E+02
   0.207391439801570E-01
   0.220892649383384E+02
   0.204591892902318E-01
   0.218685366050607E+02
   0.201965634621679E-01
   0.216707548615527E+02
   0.200333860445345E-01
   0.214848351146954E+02
   0.199985898719769E-01
   0.212883583134106E+02
   0.200136196859841E-01
   0.210570375061755E+02
   0.199081474515015E-01
   0.208044814768325E+02
   0.197181952016721E-01
   0.205807578348643E+02
   0.195800873523049E-01
   0.204337190540806E+02
   0.194769681126815E-01
   0.204088106289012E+02
   0.193792589829486E-01
   0.205332565957605E+02
   0.191089923435171E-01
   0.208347469634872E+02
   0.184959424430113E-01
   0.214853597413601E+02
   0.195796447102170E-01
   0.224547818254919E+02
   0.201038613042627E-01
   0.241458779301377E+02
   0.173862244183577E-01
   0.247137643865557E+02
   0.172010619455045E-01
   0.245860236313048E+02
   0.174282062521322E-01
   0.237892335657226E+02
   0.212478026651973E-01
   0.236154789163228E+02
   0.223901621142073E-01
   0.236429278649479E+02
   0.228792832964079E-01
   0.237691445035680E+02
   0.228177316642093E-01
   0.239033304729057E+02
   0.223110871181033E-01
   0.241023808049699E+02
   0.213609321675129E-01
   0.244034104593184E+02
   0.213586564003590E-01
   0.247366235977268E+02
   0.213144071297101E-01
   0.252492000909194E+02
   0.206205072551350E-01
   0.252105069205762E+02
   0.216410319470883E-01
   0.247382214220746E+02
   0.230000258502335E-01
   0.247635660102880E+02
   0.217155052997968E-01
   0.245376167538498E+02
   0.222707884466561E-01
   0.240674375379546E+02
   0.223539736790869E-01
   0.236219107663591E+02
   0.221183179714751E-01
   0.232320815159679E+02
   0.216552233398715E-01
   0.228996379466578E+02
   0.212946298408726E-01
   0.224483979505399E+02
   0.196426996479070E-01
   0.221757698523562E+02
   0.193129799050934E-01
   0.219239778868123E+02
   0.190078709609667E-01
   0.216955177836806E+02
   0.187678922919221E-01
   0.214871464877609E+02
   0.186112302631288E-01
   0.212872245550039E+02
   0.185212069558047E-01
   0.210777122507743E+02
   0.184579980273471E-01
   0.208440609472495E+02
   0.183551477112362E-01
   0.206045869874906E+02
   0.182838256979658E-01
   0.204015973804315E+02
   0.182945831696774E-01
   0.202756127303957E+02
   0.183687104312322E-01
   0.202689082882013E+02
   0.185313832891079E-01
   0.204104950244527E+02
   0.186745254948288E-01
   0.207045843769100E+02
   0.182157410950748E-01
   0.213423624445724E+02
   0.196691654936727E-01
   0.222064610747487E+02
   0.197515961782184E-01
   0.237567913518058E+02
   0.173747007277839E-01
   0.243245290964241E+02
   0.173077444768385E-01
   0.242862139609830E+02
   0.173418051568293E-01
   0.236267473414958E+02
   0.214667764860222E-01
   0.234885806869362E+02
   0.220883508651446E-01
   0.235388995430790E+02
   0.223805615766620E-01
   0.237245329041044E+02
   0.227166160447181E-01
   0.238626803382774E+02
   0.224349697577932E-01
   0.240351040699234E+02
   0.218358702627412E-01
   0.242975566407151E+02
   0.221366235014904E-01
   0.245643726284028E+02
   0.221009824704482E-01
   0.249082138692175E+02
   0.218792049687121E-01
   0.251205223460222E+02
   0.212737617687790E-01
   0.245706140495451E+02
   0.225505195896621E-01
   0.244621422172638E+02
   0.218689379894337E-01
   0.242253838281144E+02
   0.217888167599365E-01
   0.238215471521800E+02
   0.213200198145224E-01
   0.234276447212293E+02
   0.208959725124567E-01
   0.230656687005066E+02
   0.203989149889487E-01
   0.227424256587880E+02
   0.199934570159530E-01
   0.222551760676578E+02
   0.188956010151318E-01
   0.219824500664473E+02
   0.185462398746871E-01
   0.217283826601203E+02
   0.182368864596756E-01
   0.214954416611630E+02
   0.180121486525782E-01
   0.212787931347022E+02
   0.178520348440603E-01
   0.210661565852646E+02
   0.177317055832795E-01
   0.208432280429247E+02
   0.176208285431254E-01
   0.206032362693392E+02
   0.174843004153327E-01
   0.203674309275783E+02
   0.173914263130851E-01
   0.201727423498446E+02
   0.173859466064819E-01
   0.200547499706826E+02
   0.174941971173372E-01
   0.200534586765373E+02
   0.177833329538230E-01
   0.202028532534525E+02
   0.183062630538217E-01
   0.205096970956471E+02
   0.187356177084311E-01
   0.210916374278450E+02
   0.198355903564370E-01
   0.218438750475001E+02
   0.191078586819485E-01
   0.232428708450606E+02
   0.173618771826761E-01
   0.237982921534124E+02
   0.173934607796353E-01
   0.238478346573011E+02
   0.174949080596732E-01
   0.233399076028925E+02
   0.219099035956629E-01
   0.232324300203623E+02
   0.218492345210722E-01
   0.232968575355589E+02
   0.214146472238839E-01
   0.235614306390341E+02
   0.221263944222062E-01
   0.237082664731226E+02
   0.224459248236336E-01
   0.238679514436065E+02
   0.219937505562381E-01
   0.241010951865987E+02
   0.225162869119554E-01
   0.243188317459788E+02
   0.228201458297199E-01
   0.245597391069276E+02
   0.231485485158209E-01
   0.247842431129415E+02
   0.214726423735028E-01
   0.242882063595438E+02
   0.222530250950251E-01
   0.241318986769114E+02
   0.218344226337855E-01
   0.238883928927635E+02
   0.212806775861535E-01
   0.235343511987428E+02
   0.205847384966613E-01
   0.231891125255208E+02
   0.201395773432947E-01
   0.228569639809669E+02
   0.196800984620447E-01
   0.225458034878043E+02
   0.192680534067971E-01
   0.220520014927369E+02
   0.193803703124065E-01
   0.217856809968133E+02
   0.189701804078223E-01
   0.215352854418022E+02
   0.186096364487000E-01
   0.213017074385330E+02
   0.183292782613744E-01
   0.210797833874763E+02
   0.181234577247778E-01
   0.208570981922554E+02
   0.179701558998075E-01
   0.206222116542213E+02
   0.178544404946861E-01
   0.203734200651840E+02
   0.177376117099568E-01
   0.201328936187877E+02
   0.176696459189912E-01
   0.199340449065938E+02
   0.176897430744246E-01
   0.198081287886693E+02
   0.178098601402442E-01
   0.197922146437432E+02
   0.180972188834792E-01
   0.199239437581410E+02
   0.186774629442833E-01
   0.202162362466312E+02
   0.194189511654226E-01
   0.207304505966745E+02
   0.201592450517562E-01
   0.213786563675896E+02
   0.187905924805761E-01
   0.225892451349105E+02
   0.173017738582595E-01
   0.231190199681014E+02
   0.172678448141269E-01
   0.232607544522874E+02
   0.180364026119192E-01
   0.229060242224888E+02
   0.221283889004413E-01
   0.228451958139241E+02
   0.217449977847249E-01
   0.229419432546065E+02
   0.208881991026862E-01
   0.232969331766899E+02
   0.210835807215478E-01
   0.234509905030297E+02
   0.228055519710751E-01
   0.236155987003875E+02
   0.227529369223368E-01
   0.238141582035290E+02
   0.231789742678675E-01
   0.239779425796669E+02
   0.233846622193639E-01
   0.241213488818109E+02
   0.234964770303989E-01
   0.241973987836977E+02
   0.226570911472795E-01
   0.239131920855791E+02
   0.229618449252450E-01
   0.237573691255149E+02
   0.226209199678015E-01
   0.235264770803519E+02
   0.219235089483743E-01
   0.232238227265153E+02
   0.212319651762484E-01
   0.229280622117560E+02
   0.207864240746259E-01
   0.226281845237659E+02
   0.203061936361431E-01
   0.223336143112775E+02
   0.198229223515185E-01
   0.218359628333714E+02
   0.211196318745731E-01
   0.215857576713765E+02
   0.206591514402469E-01
   0.213472708805147E+02
   0.202102182753586E-01
   0.211197430773071E+02
   0.198128890164117E-01
   0.208982550159569E+02
   0.195041288116698E-01
   0.206700419032004E+02
   0.192726124994470E-01
   0.204251188921073E+02
   0.191111672537804E-01
   0.201650931578563E+02
   0.189581006640502E-01
   0.199121683591824E+02
   0.188293696542654E-01
   0.196971038665133E+02
   0.187588306038093E-01
   0.195470045938218E+02
   0.187124690817296E-01
   0.194943736806065E+02
   0.187206920227240E-01
   0.195750724601560E+02
   0.188990700195086E-01
   0.198026573446481E+02
   0.192614928016274E-01
   0.202550627810928E+02
   0.203785133368530E-01
   0.208315325486979E+02
   0.197409222730642E-01
   0.217810014140704E+02
   0.170690628740825E-01
   0.222774710617746E+02
   0.175600748485246E-01
   0.224988130363427E+02
   0.190549427834510E-01
   0.223157444388106E+02
   0.221244967561911E-01
   0.223194188585887E+02
   0.213776666071820E-01
   0.224676293082887E+02
   0.202554609077278E-01
   0.229720029352725E+02
   0.197319824810943E-01
   0.230621012640717E+02
   0.227556475080069E-01
   0.232370920715020E+02
   0.232955466779919E-01
   0.234004341988224E+02
   0.234780646042269E-01
   0.235141077242253E+02
   0.234925145533660E-01
   0.235772092701523E+02
   0.232351023072125E-01
   0.235861110827148E+02
   0.230413851031896E-01
   0.234225002557292E+02
   0.235812373719765E-01
   0.232985958971420E+02
   0.236720790489020E-01
   0.231053882249082E+02
   0.232624656670138E-01
   0.228649785271998E+02
   0.228555087857753E-01
   0.226236956086709E+02
   0.225143511681086E-01
   0.223639762610530E+02
   0.220798982650439E-01
   0.220977939645329E+02
   0.216005108503673E-01
   0.215144520361475E+02
   0.229392019320962E-01
   0.212921494648364E+02
   0.226331051082794E-01
   0.210775258513539E+02
   0.222289877226172E-01
   0.208673177473362E+02
   0.217505602343098E-01
   0.206557362144010E+02
   0.212969310235016E-01
   0.204286936114197E+02
   0.208752364379932E-01
   0.201762684981484E+02
   0.204866089158200E-01
   0.199039835091513E+02
   0.201146700312939E-01
   0.196351505664595E+02
   0.197800004130968E-01
   0.193993081275021E+02
   0.195160438256095E-01
   0.192214256912025E+02
   0.192737465266905E-01
   0.191282794920594E+02
   0.190367636579251E-01
   0.191441476344594E+02
   0.187989503557061E-01
   0.192814179822213E+02
   0.185689481279828E-01
   0.196425160134223E+02
   0.192218438082658E-01
   0.201766250651797E+02
   0.204540747298546E-01
   0.208055110520663E+02
   0.177411330234856E-01
   0.212475689889187E+02
   0.182310465914474E-01
   0.215117934882876E+02
   0.197083013311497E-01
   0.215667319779330E+02
   0.216319896691226E-01
   0.216586959664696E+02
   0.208492163290207E-01
   0.218845964180924E+02
   0.190174867595938E-01
   0.224223340501466E+02
   0.197657048763790E-01
   0.225343015375154E+02
   0.224563992936029E-01
   0.227148811283971E+02
   0.234045634391911E-01
   0.228466724765147E+02
   0.232419958883991E-01
   0.229232824575783E+02
   0.231587304995043E-01
   0.229287331511888E+02
   0.228119600577188E-01
   0.228931881588006E+02
   0.227080593379168E-01
   0.227887938298504E+02
   0.232737519831806E-01
   0.226983866078455E+02
   0.236989999568552E-01
   0.225525880996804E+02
   0.237234664754925E-01
   0.223732222848801E+02
   0.237387746180695E-01
   0.221878765265665E+02
   0.237314514067898E-01
   0.219737837039101E+02
   0.235128541650309E-01
   0.217454579079418E+02
   0.232411991282360E-01
   0.209875247774213E+02
   0.229648459013241E-01
   0.207972859734038E+02
   0.229099898879226E-01
   0.206160666837616E+02
   0.227881174812652E-01
   0.204375642599057E+02
   0.225073669408549E-01
   0.202518854685693E+02
   0.221258155110130E-01
   0.200410942235181E+02
   0.216310101151343E-01
   0.197924181172008E+02
   0.210187759517692E-01
   0.195146787191577E+02
   0.204121161117803E-01
   0.192332491011518E+02
   0.199002090496091E-01
   0.189777869034263E+02
   0.195068970216044E-01
   0.187738675198868E+02
   0.191917366206068E-01
   0.186452578545200E+02
   0.189320181046929E-01
   0.186095133965042E+02
   0.186426912690675E-01
   0.186810457039919E+02
   0.182110594007332E-01
   0.189358271646018E+02
   0.178542695034427E-01
   0.193857051702757E+02
   0.186168719157310E-01
   0.198976126482491E+02
   0.185434442265847E-01
   0.202649805716672E+02
   0.186898444833156E-01
   0.204942715191694E+02
   0.188628185177922E-01
   0.206615303960049E+02
   0.203511765222681E-01
   0.208577711567909E+02
   0.203554707825364E-01
   0.212216802505692E+02
   0.172562999787030E-01
   0.216363767106902E+02
   0.204836652338203E-01
   0.218646159218861E+02
   0.223030214086246E-01
   0.220431190832541E+02
   0.227061765086032E-01
   0.221547259153869E+02
   0.225712000684526E-01
   0.222022364703528E+02
   0.224522425689350E-01
   0.221710702152013E+02
   0.220690129467042E-01
   0.220986747383810E+02
   0.217967279108859E-01
   0.220077328100691E+02
   0.220602887921385E-01
   0.219345188485967E+02
   0.224933002439554E-01
   0.218257947783129E+02
   0.227222567843116E-01
   0.216948195538001E+02
   0.229776753613015E-01
   0.215530902031983E+02
   0.232060102433756E-01
   0.213783865557122E+02
   0.231660870496159E-01
   0.211862832353024E+02
   0.230719856616970E-01
   0.202398461253957E+02
   0.215653790257755E-01
   0.200728828372123E+02
   0.215747285864288E-01
   0.199188359769039E+02
   0.216483305530157E-01
   0.197732285988182E+02
   0.217017782467507E-01
   0.196218573036503E+02
   0.216388968742150E-01
   0.194422210769364E+02
   0.213776352499127E-01
   0.192165986576662E+02
   0.208558270651521E-01
   0.189503853227090E+02
   0.202087053142910E-01
   0.186679999298385E+02
   0.195937038210342E-01
   0.183999244317952E+02
   0.190883693401993E-01
   0.181750584916598E+02
   0.187060683043152E-01
   0.180172640170626E+02
   0.184253334171855E-01
   0.179446122313905E+02
   0.181814635703466E-01
   0.179773937645804E+02
   0.179136252094508E-01
   0.181756440078176E+02
   0.177746186887311E-01
   0.185565163061198E+02
   0.183558863255155E-01
   0.189598295736351E+02
   0.183477395468835E-01
   0.192354333636731E+02
   0.182325447851394E-01
   0.194090743763207E+02
   0.182232871329794E-01
   0.196129559252073E+02
   0.189893155681044E-01
   0.198960844320777E+02
   0.194131943667291E-01
   0.203401195031112E+02
   0.166251744833408E-01
   0.207646045303870E+02
   0.199597543635321E-01
   0.210491445449104E+02
   0.210886061573623E-01
   0.212234901227840E+02
   0.213980768909304E-01
   0.213227184547990E+02
   0.215268017237274E-01
   0.213495351535205E+02
   0.214723943732843E-01
   0.212963032615084E+02
   0.211203672011206E-01
   0.212015348361794E+02
   0.207664981721387E-01
   0.211098695277465E+02
   0.208167224189476E-01
   0.210378432184375E+02
   0.210820566885070E-01
   0.209452896817911E+02
   0.212557889183093E-01
   0.208412527420014E+02
   0.214796071433668E-01
   0.207261730770003E+02
   0.216914736486772E-01
   0.205790670246597E+02
   0.217012348010873E-01
   0.204141470051345E+02
   0.216436173457994E-01
   0.192983673382699E+02
   0.199352352207229E-01
   0.191460262401529E+02
   0.198834981406412E-01
   0.190074784907181E+02
   0.199383461331185E-01
   0.188829463569185E+02
   0.201022718339539E-01
   0.187582691043988E+02
   0.202616016949755E-01
   0.186099952005867E+02
   0.203041481438590E-01
   0.184176728896947E+02
   0.201086039995848E-01
   0.181794840711653E+02
   0.196709555775887E-01
   0.179126498995267E+02
   0.190991183106626E-01
   0.176443457255239E+02
   0.185046821640236E-01
   0.174071218057989E+02
   0.180160576356728E-01
   0.172274127431319E+02
   0.176491018660890E-01
   0.171275612234350E+02
   0.173506250620360E-01
   0.171347787553859E+02
   0.170793085775990E-01
   0.172969170756058E+02
   0.170140658982534E-01
   0.176129504116992E+02
   0.174657092769396E-01
   0.179235425247177E+02
   0.175144592995272E-01
   0.181125420941544E+02
   0.172780503872057E-01
   0.182168281299059E+02
   0.170083708899349E-01
   0.184232796941922E+02
   0.174814009858247E-01
   0.187765897557053E+02
   0.180281111090165E-01
   0.192489590760601E+02
   0.172706326395993E-01
   0.197927584149423E+02
   0.190329351851488E-01
   0.201008842316126E+02
   0.196624130785756E-01
   0.202652947221186E+02
   0.199433648755059E-01
   0.203476788984431E+02
   0.201755419689716E-01
   0.203585262737892E+02
   0.202208838539470E-01
   0.202946303048126E+02
   0.199968951855511E-01
   0.201903574170770E+02
   0.196861299118827E-01
   0.200924670488520E+02
   0.196189513657383E-01
   0.200132068666500E+02
   0.197457502612392E-01
   0.199240604772044E+02
   0.198392893732656E-01
   0.198302623243868E+02
   0.199738306644142E-01
   0.197264657883421E+02
   0.200721970483761E-01
   0.195985005799670E+02
   0.200759007402276E-01
   0.194541592537341E+02
   0.200273285471534E-01
   0.181735870045363E+02
   0.183217472754628E-01
   0.180311920575399E+02
   0.182199888048930E-01
   0.179004344884219E+02
   0.181921445654764E-01
   0.177858886473130E+02
   0.182864656456098E-01
   0.176756880271923E+02
   0.184343685501127E-01
   0.175486299107195E+02
   0.185605144837328E-01
   0.173861044916062E+02
   0.186026017248919E-01
   0.171815175188595E+02
   0.184662981151194E-01
   0.169428947170591E+02
   0.181292141122222E-01
   0.166900073321337E+02
   0.176366125060257E-01
   0.164536644338964E+02
   0.171240410741702E-01
   0.162621045709440E+02
   0.166807087915216E-01
   0.161442342497791E+02
   0.163311418026925E-01
   0.161350019976125E+02
   0.160922192550088E-01
   0.162708831970469E+02
   0.160437739242765E-01
   0.165307789690515E+02
   0.162637760885115E-01
   0.167675450316574E+02
   0.162722137624349E-01
   0.168785093739856E+02
   0.160742422203870E-01
   0.168950574326048E+02
   0.155208974965950E-01
   0.170780413381622E+02
   0.157793093544978E-01
   0.175008783871727E+02
   0.162980346567872E-01
   0.181054768052814E+02
   0.169808403505573E-01
   0.187123473878248E+02
   0.179944489191563E-01
   0.190284252739559E+02
   0.182059156037779E-01
   0.191729047181172E+02
   0.184108896234970E-01
   0.192311720741330E+02
   0.186029156825269E-01
   0.192255724199286E+02
   0.187064508241930E-01
   0.191553134190022E+02
   0.186294511363573E-01
   0.190467121103284E+02
   0.184260678446804E-01
   0.189406019698466E+02
   0.183195141885705E-01
   0.188485682164704E+02
   0.183347638761066E-01
   0.187533045873806E+02
   0.183458362698543E-01
   0.186586889344169E+02
   0.184036305966492E-01
   0.185581739924596E+02
   0.184357254240034E-01
   0.184430064555304E+02
   0.184383229415795E-01
   0.183145834542383E+02
   0.184063660436724E-01
   0.168681856267393E+02
   0.167191085167822E-01
   0.167338950208081E+02
   0.166133527738051E-01
   0.166068564872149E+02
   0.165312132651550E-01
   0.164943496654237E+02
   0.165251506043642E-01
   0.163884157047945E+02
   0.165775828264805E-01
   0.162718418595625E+02
   0.166433880517950E-01
   0.161294540551932E+02
   0.167041419902942E-01
   0.159538141220852E+02
   0.166976480398327E-01
   0.157460863417230E+02
   0.165587343131992E-01
   0.155187867070174E+02
   0.162666889776033E-01
   0.152969640432765E+02
   0.158846239095103E-01
   0.151055860646881E+02
   0.154456858633866E-01
   0.149788042769892E+02
   0.150577427202948E-01
   0.149611897600775E+02
   0.148470774905049E-01
   0.150830771763173E+02
   0.148627078183967E-01
   0.153044846447090E+02
   0.149998108564790E-01
   0.154865819490899E+02
   0.149936284454806E-01
   0.155205111857209E+02
   0.147657213217488E-01
   0.154251766064294E+02
   0.139246044875163E-01
   0.155620855310446E+02
   0.139128982535320E-01
   0.160560426722511E+02
   0.146179787534714E-01
   0.168269443450055E+02
   0.158140209467643E-01
   0.175195216422229E+02
   0.170725641041834E-01
   0.178407673350346E+02
   0.170349228899560E-01
   0.179545832479118E+02
   0.170193377669959E-01
   0.179801093313588E+02
   0.170565395486490E-01
   0.179521561571039E+02
   0.171121643490201E-01
   0.178722597783733E+02
   0.170906832209559E-01
   0.177589542499087E+02
   0.169930979207891E-01
   0.176437839893373E+02
   0.169180448523831E-01
   0.175361257652379E+02
   0.168633806994041E-01
   0.174284311518979E+02
   0.168062308378083E-01
   0.173252739893455E+02
   0.167941259591907E-01
   0.172221816817436E+02
   0.167825389518007E-01
   0.171137769398048E+02
   0.167851065549652E-01
   0.169970866251609E+02
   0.167817589659769E-01
   0.153779139346631E+02
   0.150424214814280E-01
   0.152507962694923E+02
   0.149516255864324E-01
   0.151264377631533E+02
   0.148508453599073E-01
   0.150131182222377E+02
   0.147841947674562E-01
   0.149062634792307E+02
   0.147692692101375E-01
   0.147931995950999E+02
   0.147729680390167E-01
   0.146618531596492E+02
   0.147688733106348E-01
   0.145068233993590E+02
   0.147708368300447E-01
   0.143256690182660E+02
   0.147037090126323E-01
   0.141257393060977E+02
   0.145425838681793E-01
   0.139256711644873E+02
   0.143019612773514E-01
   0.137445068616940E+02
   0.139420299229354E-01
   0.136165929868413E+02
   0.135494896152154E-01
   0.135969039546525E+02
   0.133939054613689E-01
   0.137172267587844E+02
   0.135636842437509E-01
   0.139233908198932E+02
   0.138257121616120E-01
   0.140736030390222E+02
   0.139175658936916E-01
   0.140313327379963E+02
   0.136049306364569E-01
   0.137856776685575E+02
   0.122104278099400E-01
   0.138539270855281E+02
   0.117150239533949E-01
   0.144148226707755E+02
   0.127985264413047E-01
   0.154138263376025E+02
   0.154403247165828E-01
   0.162086510686342E+02
   0.169950196249260E-01
   0.165319134840645E+02
   0.165781328791939E-01
   0.166058307359956E+02
   0.160873080576440E-01
   0.165931966271045E+02
   0.158203275370072E-01
   0.165369723676309E+02
   0.156966180354751E-01
   0.164407377798919E+02
   0.155885479978598E-01
   0.163172054016135E+02
   0.154716647062013E-01
   0.161901318365337E+02
   0.154059777316637E-01
   0.160655497750166E+02
   0.153159875336618E-01
   0.159419559855808E+02
   0.152105159530168E-01
   0.158252475875597E+02
   0.151419207195344E-01
   0.157148858834713E+02
   0.151008466263077E-01
   0.156073914172584E+02
   0.150884346224887E-01
   0.154975249962133E+02
   0.150869752082541E-01
   0.136920116262802E+02
   0.136586164871228E-01
   0.135708024997987E+02
   0.135559500766442E-01
   0.134495772984892E+02
   0.134375624190307E-01
   0.133369031758262E+02
   0.133462375382929E-01
   0.132282334668375E+02
   0.132823059376494E-01
   0.131157837043646E+02
   0.132357619733174E-01
   0.129907685587499E+02
   0.131761386602999E-01
   0.128493791987153E+02
   0.131288416325873E-01
   0.126889492344576E+02
   0.130660699177084E-01
   0.125134625704875E+02
   0.129798764632347E-01
   0.123370187219617E+02
   0.129177535987223E-01
   0.121733561299976E+02
   0.128125194576039E-01
   0.120515905213183E+02
   0.126213800555837E-01
   0.120287927478434E+02
   0.125338656011580E-01
   0.121492308814317E+02
   0.127378921095957E-01
   0.123614107435048E+02
   0.131352109781924E-01
   0.125073490607240E+02
   0.133421097939312E-01
   0.124040607729700E+02
   0.129636324621672E-01
   0.119521052285713E+02
   0.960074705609556E-02
   0.119411447894240E+02
   0.898364421539715E-02
   0.125371126585058E+02
   0.103033931965520E-01
   0.137386736207299E+02
   0.146726753155343E-01
   0.146637674098022E+02
   0.169727863320532E-01
   0.150307142457014E+02
   0.168452584932985E-01
   0.150883546502290E+02
   0.161237537509573E-01
   0.150441037538795E+02
   0.156050602953132E-01
   0.149594033078015E+02
   0.152509406989091E-01
   0.148409559232483E+02
   0.149537795168756E-01
   0.147010977567551E+02
   0.146735877747789E-01
   0.145585713633949E+02
   0.144507014172552E-01
   0.144171655925700E+02
   0.142451033623068E-01
   0.142777339954399E+02
   0.140537477506030E-01
   0.141455118469867E+02
   0.139071021808671E-01
   0.140246261149537E+02
   0.138112628857432E-01
   0.139133133540425E+02
   0.137588469760432E-01
   0.138055686412933E+02
   0.137229851137146E-01
   0.117822813766857E+02
   0.126765073790177E-01
   0.116651393653113E+02
   0.125936341053118E-01
   0.115469753575021E+02
   0.124973451367527E-01
   0.114362337592646E+02
   0.123975105262399E-01
   0.113273716456085E+02
   0.123078642349279E-01
   0.112167107089059E+02
   0.122360420580433E-01
   0.110987955358645E+02
   0.121704046705530E-01
   0.109702819171834E+02
   0.121133163838657E-01
   0.108289778458420E+02
   0.120782065122532E-01
   0.106743118739327E+02
   0.120248326733312E-01
   0.105161193242580E+02
   0.119648837989456E-01
   0.103673971788675E+02
   0.118809202100967E-01
   0.102541126807839E+02
   0.117282752143090E-01
   0.102296755739451E+02
   0.116278375482971E-01
   0.103473272184386E+02
   0.117748748644879E-01
   0.105744838681540E+02
   0.122508589515655E-01
   0.107467983278893E+02
   0.127144130115618E-01
   0.106323668626827E+02
   0.124469606950765E-01
   0.100193655759699E+02
   0.865802666155912E-02
   0.992283640012286E+01
   0.776609650867422E-02
   0.104801697542201E+02
   0.864208394435538E-02
   0.117606404854165E+02
   0.136206845283005E-01
   0.127250794986878E+02
   0.158651090655833E-01
   0.131595611571996E+02
   0.162498170827396E-01
   0.132665198272646E+02
   0.158308033086506E-01
   0.132418206957492E+02
   0.154205149845446E-01
   0.131563170069782E+02
   0.149941435969513E-01
   0.130285934628452E+02
   0.145407051815358E-01
   0.128756978099200E+02
   0.141113795126889E-01
   0.127194004485323E+02
   0.137649947269839E-01
   0.125624886883813E+02
   0.134712441224793E-01
   0.124092746733075E+02
   0.132406221692430E-01
   0.122596519994801E+02
   0.130288628945962E-01
   0.121241440527269E+02
   0.128737879506554E-01
   0.120033217973086E+02
   0.127763579037221E-01
   0.118929103625979E+02
   0.127254313446145E-01
   0.962070745696175E+01
   0.116963790371036E-01
   0.950061805699876E+01
   0.115827423241946E-01
   0.938144749063107E+01
   0.114659299967679E-01
   0.927663115606405E+01
   0.113982726013075E-01
   0.916980255443699E+01
   0.113153928022616E-01
   0.906174133712020E+01
   0.112425698786181E-01
   0.895149866720839E+01
   0.111839719714873E-01
   0.883701659306885E+01
   0.111383653336411E-01
   0.871520732069697E+01
   0.111031599109087E-01
   0.858454486711566E+01
   0.110658414790718E-01
   0.845282512209230E+01
   0.110272741578962E-01
   0.833066629451414E+01
   0.109708390278489E-01
   0.823967009446243E+01
   0.108800575522726E-01
   0.822272622800307E+01
   0.108250428819367E-01
   0.833015129310725E+01
   0.109244748338432E-01
   0.855827588232640E+01
   0.113372882895761E-01
   0.875939436022832E+01
   0.119643526298325E-01
   0.870748729960794E+01
   0.122331847689360E-01
   0.804038746069300E+01
   0.840441956800713E-02
   0.787868041219448E+01
   0.758336540569590E-02
   0.831231416456570E+01
   0.815906090424049E-02
   0.942007165418217E+01
   0.115587157838527E-01
   0.102785602229287E+02
   0.132151633743292E-01
   0.107479965099056E+02
   0.139652553048256E-01
   0.109434027096263E+02
   0.140762589276231E-01
   0.109992999864463E+02
   0.140981546542459E-01
   0.109775164955017E+02
   0.140084172884397E-01
   0.108978540078891E+02
   0.137621150765958E-01
   0.107749185916348E+02
   0.134547081046430E-01
   0.106280301870531E+02
   0.131209936341742E-01
   0.104669849462258E+02
   0.127900944184868E-01
   0.103018068680980E+02
   0.125080177481166E-01
   0.101400714928859E+02
   0.122583273554169E-01
   0.999151461986771E+01
   0.120560712100369E-01
   0.985706228848285E+01
   0.119007079654669E-01
   0.973680290047564E+01
   0.117911431109587E-01
   0.719244762790904E+01
   0.106989604596348E-01
   0.707336742667061E+01
   0.105808064837166E-01
   0.695634827907372E+01
   0.104655181375997E-01
   0.684594242590394E+01
   0.103587813264022E-01
   0.673663709017884E+01
   0.102510113172711E-01
   0.663062433822550E+01
   0.101715004129050E-01
   0.652891973639224E+01
   0.101198296683365E-01
   0.643015785674359E+01
   0.100967155583877E-01
   0.633032108318746E+01
   0.100798545169274E-01
   0.622659435773954E+01
   0.100667496279199E-01
   0.612857465246594E+01
   0.100606456419480E-01
   0.604330426625792E+01
   0.100483579152584E-01
   0.598707916569087E+01
   0.100270595908130E-01
   0.598790386658197E+01
   0.100236403216985E-01
   0.607998670768468E+01
   0.100991272657909E-01
   0.627497414008187E+01
   0.103760729419793E-01
   0.647604279539090E+01
   0.109105246294717E-01
   0.651860228381242E+01
   0.116207063022966E-01
   0.607081710448821E+01
   0.958599425209187E-02
   0.587737429873991E+01
   0.905158552287072E-02
   0.607830526054879E+01
   0.870280302770914E-02
   0.672042271466315E+01
   0.946556866895688E-02
   0.732242524764850E+01
   0.100192659285164E-01
   0.775434447215407E+01
   0.106300264476094E-01
   0.801546877091640E+01
   0.110669063258733E-01
   0.815965557271297E+01
   0.114174238613936E-01
   0.823923368044290E+01
   0.117403885232786E-01
   0.825433917753275E+01
   0.119152913487001E-01
   0.820683914245659E+01
   0.119291235944621E-01
   0.811629171911011E+01
   0.118379520181234E-01
   0.799133063860600E+01
   0.116514330853952E-01
   0.784694744344427E+01
   0.114431665080627E-01
   0.769821023565698E+01
   0.112342864861831E-01
   0.755831118137004E+01
   0.110613213258228E-01
   0.742513717600522E+01
   0.109050267835267E-01
   0.730652677045785E+01
   0.107952809448339E-01
   0.433401604594829E+01
   0.930076710379805E-02
   0.422732568048741E+01
   0.921686440394125E-02
   0.412642846538226E+01
   0.914605435679524E-02
   0.402840879344634E+01
   0.907526476407420E-02
   0.393081843738980E+01
   0.899795335742107E-02
   0.383732413147696E+01
   0.893492536416778E-02
   0.375125388887276E+01
   0.889703672688511E-02
   0.367148597371287E+01
   0.888391695683993E-02
   0.359445964318274E+01
   0.887861482791627E-02
   0.351468824937705E+01
   0.885138210131294E-02
   0.345338895820883E+01
   0.885887437097815E-02
   0.341049870622820E+01
   0.887425010442384E-02
   0.339382012732014E+01
   0.889528658442593E-02
   0.341772682113779E+01
   0.893029530054088E-02
   0.349564354034825E+01
   0.899167346856232E-02
   0.363078731771617E+01
   0.915147641884990E-02
   0.377734503693133E+01
   0.946513543395897E-02
   0.381225858392251E+01
   0.984141570781859E-02
   0.357198475903020E+01
   0.911332756046371E-02
   0.339075306471212E+01
   0.853050306769327E-02
   0.341647736487657E+01
   0.801538887273648E-02
   0.369081539795759E+01
   0.791138337578413E-02
   0.403220320725438E+01
   0.796737861534402E-02
   0.434298184289579E+01
   0.821841835355873E-02
   0.457697754163134E+01
   0.847961672790673E-02
   0.474935339168053E+01
   0.875014395585675E-02
   0.488601453677914E+01
   0.908390589714269E-02
   0.497756785417661E+01
   0.938669098299653E-02
   0.501443368273937E+01
   0.959621318261126E-02
   0.499716163453167E+01
   0.968463851034107E-02
   0.493345956549228E+01
   0.966513415293138E-02
   0.483780401054439E+01
   0.958264506792554E-02
   0.472941513237653E+01
   0.948564686859805E-02
   0.462802856112219E+01
   0.943137813571679E-02
   0.452851016924548E+01
   0.938749164248684E-02
   0.443097524077135E+01
   0.934350796537897E-02
   0.786205672598357E+00
   0.728266516431147E-02
   0.719450272125920E+00
   0.727885121224526E-02
   0.649622560649676E+00
   0.726027214328167E-02
   0.577083547227438E+00
   0.723039834033563E-02
   0.502542971285503E+00
   0.718575169436743E-02
   0.431850757237280E+00
   0.713925196156218E-02
   0.369466812158698E+00
   0.710483614783303E-02
   0.313595517914368E+00
   0.708102162225411E-02
   0.262472577949872E+00
   0.705985530010078E-02
   0.222650946095023E+00
   0.704733820550602E-02
   0.203849593192924E+00
   0.706086117721775E-02
   0.202542287550620E+00
   0.708028645403917E-02
   0.220072549030101E+00
   0.710471093586700E-02
   0.260223168797237E+00
   0.713548133574232E-02
   0.323835042125957E+00
   0.717981473579808E-02
   0.403857333016790E+00
   0.726805909329789E-02
   0.484794163515941E+00
   0.747007956580213E-02
   0.502096625219610E+00
   0.768286415942700E-02
   0.377207251657423E+00
   0.741635915951149E-02
   0.230782177638842E+00
   0.703932120388332E-02
   0.159318792018445E+00
   0.667344477513206E-02
   0.221408968473901E+00
   0.646630636381369E-02
   0.354474933934587E+00
   0.635855963975870E-02
   0.511035512065281E+00
   0.634362031626767E-02
   0.658412875384962E+00
   0.637451541605533E-02
   0.792205909922402E+00
   0.644778870856909E-02
   0.917134226997524E+00
   0.659707784122086E-02
   0.102575382002796E+01
   0.680425768128240E-02
   0.110334781871983E+01
   0.701276296547366E-02
   0.113908214392355E+01
   0.716012567431557E-02
   0.113422834364057E+01
   0.723738380177409E-02
   0.109791106095989E+01
   0.726497278334954E-02
   0.104198973538159E+01
   0.726066652648868E-02
   0.982511777632745E+00
   0.726759994667030E-02
   0.920767086227383E+00
   0.727915686989862E-02
   0.852031985790664E+00
   0.727639635328749E-02
  -0.376205620053138E+01
   0.489560949439684E-02
  -0.379084279808182E+01
   0.490963659663505E-02
  -0.382460331509726E+01
   0.490298757654663E-02
  -0.386214097178635E+01
   0.487794116179116E-02
  -0.390108725159233E+01
   0.483832879962625E-02
  -0.393252013695366E+01
   0.479656435899653E-02
  -0.395280600939748E+01
   0.476290667604530E-02
  -0.396054114435927E+01
   0.474446897425654E-02
  -0.395670627508447E+01
   0.473817635424812E-02
  -0.394107622817556E+01
   0.474184329332061E-02
  -0.391448259148852E+01
   0.474751776337939E-02
  -0.388072591812762E+01
   0.475444181362728E-02
  -0.384131323028114E+01
   0.476884405846007E-02
  -0.379642598506090E+01
   0.479825912118807E-02
  -0.375141341193809E+01
   0.484469227731266E-02
  -0.371447118327709E+01
   0.491980083927994E-02
  -0.369857003896044E+01
   0.503078573177991E-02
  -0.372546149778752E+01
   0.513735395609592E-02
  -0.380587235810558E+01
   0.514180167906750E-02
  -0.391177578050491E+01
   0.504034286766107E-02
  -0.400483443516432E+01
   0.487422131302891E-02
  -0.405895586692029E+01
   0.469414865740047E-02
  -0.407213731969401E+01
   0.453531850319046E-02
  -0.404869310205422E+01
   0.442367939817873E-02
  -0.399760265756203E+01
   0.437235751339802E-02
  -0.392608635776392E+01
   0.438797004600455E-02
  -0.384243131058061E+01
   0.446159006177109E-02
  -0.376103616019561E+01
   0.456843801119251E-02
  -0.369511506051097E+01
   0.468142013785156E-02
  -0.365387124377874E+01
   0.477096839668350E-02
  -0.363956080681077E+01
   0.481964885586772E-02
  -0.364704611728909E+01
   0.483469422657694E-02
  -0.366719178706451E+01
   0.483490815719128E-02
  -0.369107517403794E+01
   0.483988412910315E-02
  -0.371445564522930E+01
   0.485265831647301E-02
  -0.373729378844723E+01
   0.487180831975917E-02
  -0.998693003050747E+01
   0.274374672879652E-02
  -0.992988913783703E+01
   0.276897435552052E-02
  -0.988044662231226E+01
   0.278053358321686E-02
  -0.983352890893095E+01
   0.278292007601928E-02
  -0.977298375802587E+01
   0.279525802063741E-02
  -0.969252341892771E+01
   0.282359254828143E-02
  -0.958656455025724E+01
   0.287349622659622E-02
  -0.945041067687939E+01
   0.295010934662988E-02
  -0.930618130020885E+01
   0.303299745781581E-02
  -0.915927486307844E+01
   0.311890225202867E-02
  -0.901872657308128E+01
   0.320184153257662E-02
  -0.889655672492631E+01
   0.327678240279684E-02
  -0.878330751685689E+01
   0.336170710451074E-02
  -0.872286285183680E+01
   0.340497912117021E-02
  -0.871519734458386E+01
   0.341241110972460E-02
  -0.876457938234117E+01
   0.338339109057092E-02
  -0.887959419999927E+01
   0.331022668563333E-02
  -0.907268789218508E+01
   0.317691303878256E-02
  -0.928307227397207E+01
   0.305238358553941E-02
  -0.950507407351850E+01
   0.293173057997729E-02
  -0.972653205529878E+01
   0.281551294303599E-02
  -0.994326177476323E+01
   0.269563095270688E-02
  -0.101454389654178E+02
   0.257662333568091E-02
  -0.102831838146198E+02
   0.250035636310195E-02
  -0.103638914509424E+02
   0.246015374665774E-02
  -0.103984311848621E+02
   0.244820359287326E-02
  -0.104005441662180E+02
   0.245524906930910E-02
  -0.103851713178519E+02
   0.247131344742754E-02
  -0.103625001422580E+02
   0.248975433600620E-02
  -0.103397608448366E+02
   0.250572623049818E-02
  -0.103181719456882E+02
   0.251892503323873E-02
  -0.102941914647075E+02
   0.253290027156525E-02
  -0.102638846000399E+02
   0.255153283601804E-02
  -0.102202351807089E+02
   0.258101587842492E-02
  -0.101550194861175E+02
   0.262784718982191E-02
  -0.100592246016878E+02
   0.269878551504233E-02
