   0.198429510599365E+01
   0.416474185855144E-02
   0.884683449164736E+00
   0.397690011488004E-02
   0.166725948608112E+00
   0.383423815811639E-02
  -0.246094400009652E+00
   0.373084649863754E-02
  -0.333028904294510E+00
   0.366673067011270E-02
   0.367021844636399E-01
   0.364654939149657E-02
  -0.450114070996692E+00
   0.368989264138627E-02
  -0.417567452484826E+00
   0.378375578905124E-02
   0.109911866015021E+00
   0.392912060865165E-02
   0.113269986477293E+01
   0.412746350744354E-02
   0.265916461832425E+01
   0.437892882730936E-02
   0.491608474411476E+01
   0.467582362195090E-02
   0.816349098094738E+01
   0.500683749350222E-02
   0.110144423651195E+02
   0.535331226963187E-02
   0.135838658300450E+02
   0.569627166964807E-02
   0.158961313435687E+02
   0.602036970593633E-02
   0.178593294981762E+02
   0.631474643767550E-02
   0.194516924612115E+02
   0.657249270273827E-02
   0.206897864933913E+02
   0.678971486864592E-02
   0.216086493937414E+02
   0.696652587713402E-02
   0.222484876359647E+02
   0.710681803619224E-02
   0.226442572389257E+02
   0.721313802987393E-02
   0.228169912634972E+02
   0.728512840183880E-02
   0.227676916689318E+02
   0.731932927689573E-02
   0.224774793959607E+02
   0.730940120205540E-02
   0.219129720270755E+02
   0.724932461782350E-02
   0.210293787002028E+02
   0.713620883010442E-02
   0.197698434126572E+02
   0.696818517413327E-02
   0.180626379736678E+02
   0.674404932234915E-02
   0.158187174769060E+02
   0.646534216869928E-02
   0.129323625880063E+02
   0.613878942542055E-02
   0.928470109122634E+01
   0.577744995527278E-02
   0.645492175498506E+01
   0.540078232866640E-02
   0.438083351143879E+01
   0.503257769915360E-02
   0.297666344345046E+01
   0.469538274198899E-02
   0.218512591955691E+01
   0.440439671903203E-02
   0.495055632283817E+01
   0.523840717897061E-02
   0.553511372540141E+01
   0.504616225815320E-02
   0.532263105730219E+01
   0.487466132045627E-02
   0.450254898100257E+01
   0.469855175018117E-02
   0.292326973662400E+01
   0.456434675404918E-02
   0.219695140845458E+01
   0.450115385523934E-02
   0.196066997729505E+01
   0.450375470733556E-02
   0.218566395307322E+01
   0.457851886166501E-02
   0.292410225336892E+01
   0.471363734654296E-02
   0.435277976879482E+01
   0.489220993755722E-02
   0.461179510162292E+01
   0.514263137806000E-02
   0.548404967654483E+01
   0.544087802066150E-02
   0.705176200686958E+01
   0.589085721982460E-02
   0.922080581155640E+01
   0.641104022495970E-02
   0.121170432567638E+02
   0.691395496393049E-02
   0.160699149720023E+02
   0.737862743193593E-02
   0.187760783671837E+02
   0.779599889101472E-02
   0.205759600247215E+02
   0.815050994936994E-02
   0.217189080397535E+02
   0.840390278899118E-02
   0.224009431153988E+02
   0.854901937585950E-02
   0.227910402508704E+02
   0.867322906376569E-02
   0.230326334507362E+02
   0.880526145725039E-02
   0.232231849849873E+02
   0.894839895495507E-02
   0.233629717249176E+02
   0.909503338555123E-02
   0.233672641132533E+02
   0.918255709278144E-02
   0.231604221373130E+02
   0.915781423140934E-02
   0.226965094108524E+02
   0.906032511877128E-02
   0.219405510719666E+02
   0.890338747123238E-02
   0.208357749701154E+02
   0.866715247320452E-02
   0.192682535354937E+02
   0.832840051483446E-02
   0.170708870783456E+02
   0.788155925289038E-02
   0.140723801474729E+02
   0.735311391074442E-02
   0.101359814817159E+02
   0.676643561948647E-02
   0.758750125060617E+01
   0.621231923339518E-02
   0.601452731219186E+01
   0.577404213715618E-02
   0.516128767126091E+01
   0.546885036110357E-02
   0.743763664785343E+01
   0.690579244461802E-02
   0.706413116689906E+01
   0.671598963901789E-02
   0.657752516421384E+01
   0.651280607418555E-02
   0.591760927641692E+01
   0.615961489931657E-02
   0.519630079802154E+01
   0.582788284369343E-02
   0.477198367944608E+01
   0.575166564739970E-02
   0.464369744407388E+01
   0.581205682846470E-02
   0.482488800320087E+01
   0.597346537582929E-02
   0.531880145422205E+01
   0.618608879723976E-02
   0.618985863038638E+01
   0.644435952114651E-02
   0.757373452645379E+01
   0.665376780220456E-02
   0.793299121877213E+01
   0.646144381251307E-02
   0.950395301604336E+01
   0.701976533194464E-02
   0.116473146204089E+02
   0.767713552986280E-02
   0.143706805303988E+02
   0.814712009692825E-02
   0.180824445660916E+02
   0.861725569113104E-02
   0.203986541951165E+02
   0.912240393707001E-02
   0.217790727004288E+02
   0.965145577293550E-02
   0.224811483113251E+02
   0.995600139135527E-02
   0.227070146197679E+02
   0.982624895052011E-02
   0.226737291777388E+02
   0.986326036537838E-02
   0.226258545856724E+02
   0.100072277803300E-01
   0.228282539137110E+02
   0.102179280653222E-01
   0.232502883856870E+02
   0.106174533861855E-01
   0.235395578987031E+02
   0.109133350742876E-01
   0.235500984561994E+02
   0.107749332977604E-01
   0.232760622838358E+02
   0.106296865530543E-01
   0.227705548617744E+02
   0.105186910452223E-01
   0.220707809624065E+02
   0.103217285218572E-01
   0.210374692807587E+02
   0.994854385603445E-02
   0.193440923635667E+02
   0.937574434921358E-02
   0.166875098845763E+02
   0.880105451931185E-02
   0.127705529251359E+02
   0.807439556278825E-02
   0.103215777281188E+02
   0.749180111401945E-02
   0.887849573606531E+01
   0.720728586479015E-02
   0.800202349987815E+01
   0.710307315143142E-02
   0.102247576192196E+02
   0.900984992179834E-02
   0.966846718107589E+01
   0.868300543321049E-02
   0.910050447908832E+01
   0.834394508650774E-02
   0.850828493063217E+01
   0.800448791653098E-02
   0.793569822236445E+01
   0.762272817209881E-02
   0.755844135469430E+01
   0.744690294159754E-02
   0.741033243798475E+01
   0.748431119745184E-02
   0.747342295664563E+01
   0.760185669497900E-02
   0.773501529803863E+01
   0.771001583779127E-02
   0.821406028101871E+01
   0.770744318006358E-02
   0.896504828702106E+01
   0.775272571091583E-02
   0.100849999012646E+02
   0.751391914258339E-02
   0.128831749199549E+02
   0.831317726236607E-02
   0.153287794517174E+02
   0.868924198413402E-02
   0.177267908640773E+02
   0.894768129079695E-02
   0.200899651058286E+02
   0.932575880060652E-02
   0.217596430786904E+02
   0.979713106340865E-02
   0.226610676649094E+02
   0.102546735075230E-01
   0.229155939152172E+02
   0.105143354409210E-01
   0.226661639139707E+02
   0.105661271799127E-01
   0.221177092948505E+02
   0.106882074408786E-01
   0.215954530812373E+02
   0.107665070022609E-01
   0.218428740993161E+02
   0.109530344491065E-01
   0.228323152044227E+02
   0.117788341796468E-01
   0.234455241305105E+02
   0.120358822071474E-01
   0.235864702511882E+02
   0.117744492344515E-01
   0.233407024658444E+02
   0.118970208401010E-01
   0.229002618432458E+02
   0.116197224593526E-01
   0.225496033391877E+02
   0.113804005952002E-01
   0.221429928578248E+02
   0.111099744790150E-01
   0.210116100400451E+02
   0.106797504135980E-01
   0.187717302090189E+02
   0.101686207729595E-01
   0.151292106570462E+02
   0.964099130430686E-02
   0.129397496667021E+02
   0.932475789987324E-02
   0.116708063501822E+02
   0.924484607439259E-02
   0.108495531454226E+02
   0.916308408834469E-02
   0.127433175562022E+02
   0.111804786155925E-01
   0.121452033684284E+02
   0.106855172950597E-01
   0.115632641759549E+02
   0.101625897976621E-01
   0.110192012774726E+02
   0.974991251262605E-02
   0.105306349353487E+02
   0.938442122326669E-02
   0.101705251146095E+02
   0.914489122636728E-02
   0.996752565969324E+01
   0.905745115356087E-02
   0.991473102689861E+01
   0.904391408441191E-02
   0.100051013152774E+02
   0.901322617001211E-02
   0.102668284693017E+02
   0.892195295517331E-02
   0.107747218751738E+02
   0.868943246949627E-02
   0.118297767763482E+02
   0.853231460270509E-02
   0.145184046744129E+02
   0.924646585428789E-02
   0.170938677107243E+02
   0.941399604054841E-02
   0.193438993846230E+02
   0.955145557892305E-02
   0.213364564634393E+02
   0.992517607417123E-02
   0.226766574538617E+02
   0.104767209508870E-01
   0.232005385581501E+02
   0.109851841797142E-01
   0.230686981479539E+02
   0.111681257742240E-01
   0.223583619915336E+02
   0.111166548110160E-01
   0.212284227451588E+02
   0.113662626878758E-01
   0.198711826254398E+02
   0.112132979616076E-01
   0.201747836029321E+02
   0.116377786008331E-01
   0.223023664384659E+02
   0.127345794695962E-01
   0.232066709089770E+02
   0.124930142410142E-01
   0.233858275588038E+02
   0.126175249888540E-01
   0.230130382754859E+02
   0.127977149932275E-01
   0.224146486019283E+02
   0.124585565273712E-01
   0.223830596454452E+02
   0.120254690073771E-01
   0.228327818795404E+02
   0.118892496285489E-01
   0.223019138726397E+02
   0.115251345342573E-01
   0.204712694228057E+02
   0.112006455917277E-01
   0.171075109657448E+02
   0.110711305103524E-01
   0.151842974199139E+02
   0.109903756305864E-01
   0.140962966808403E+02
   0.113000552914597E-01
   0.133646673013671E+02
   0.114373599138256E-01
   0.148837893188444E+02
   0.129893904146294E-01
   0.142856836595320E+02
   0.122908159881348E-01
   0.137278184121767E+02
   0.116511215023012E-01
   0.132370349528430E+02
   0.112061516168288E-01
   0.128141242735200E+02
   0.108835372650346E-01
   0.124792955205904E+02
   0.106338074434026E-01
   0.122455209224570E+02
   0.104512397272154E-01
   0.121141971541678E+02
   0.103153860483885E-01
   0.120910971996970E+02
   0.101808126066031E-01
   0.122137656065384E+02
   0.100800160696368E-01
   0.125495141240569E+02
   0.994812256598139E-02
   0.133092424466484E+02
   0.965173255703814E-02
   0.150730488465440E+02
   0.976818950932443E-02
   0.179576784223641E+02
   0.101229580579707E-01
   0.201224102499099E+02
   0.101809494343858E-01
   0.220685126704804E+02
   0.106367624779838E-01
   0.232671612651802E+02
   0.113203068427995E-01
   0.234463293801231E+02
   0.118667188991967E-01
   0.229916440673801E+02
   0.117889845135721E-01
   0.218569584043466E+02
   0.119063353794680E-01
   0.201813518208394E+02
   0.120383828392934E-01
   0.193428332032685E+02
   0.120390219203627E-01
   0.197339105056572E+02
   0.123074150947681E-01
   0.219712877671342E+02
   0.131139001525759E-01
   0.228888610694123E+02
   0.130401880449233E-01
   0.230192404562455E+02
   0.133862598867980E-01
   0.223901550882798E+02
   0.133911937382479E-01
   0.213046483529328E+02
   0.129375870148395E-01
   0.215504825252883E+02
   0.123826688935396E-01
   0.233045726131139E+02
   0.123342115282011E-01
   0.233495344192819E+02
   0.121580614761679E-01
   0.218829883758165E+02
   0.120510135459190E-01
   0.187687910213599E+02
   0.124826365484640E-01
   0.170952656891222E+02
   0.128019756733687E-01
   0.161661295324882E+02
   0.134347941242988E-01
   0.154964191333621E+02
   0.134577928837396E-01
   0.166522286094057E+02
   0.142388177280167E-01
   0.160825567416317E+02
   0.134343066893253E-01
   0.155750547430562E+02
   0.128065953475685E-01
   0.151454969192087E+02
   0.124142864172751E-01
   0.147809417103387E+02
   0.121511914642192E-01
   0.144774812557845E+02
   0.119230748588586E-01
   0.142359695490954E+02
   0.116967564743956E-01
   0.140608077214171E+02
   0.114857835092866E-01
   0.139673569110230E+02
   0.113186765333195E-01
   0.139956690099823E+02
   0.112680882829403E-01
   0.141946585684397E+02
   0.112397519179877E-01
   0.146943750115548E+02
   0.108957618254817E-01
   0.158754620636672E+02
   0.104004533048380E-01
   0.183355226254920E+02
   0.104946571127398E-01
   0.203087027863946E+02
   0.108094304659817E-01
   0.224273224794341E+02
   0.112115929813832E-01
   0.236221118528231E+02
   0.123303917600608E-01
   0.233984111608320E+02
   0.129698850483106E-01
   0.227012172035111E+02
   0.127259496824879E-01
   0.211655117053464E+02
   0.128209806161132E-01
   0.200717535946566E+02
   0.131508414059990E-01
   0.195598430066830E+02
   0.133079185465756E-01
   0.198707015310928E+02
   0.130877229817080E-01
   0.216575484833339E+02
   0.134508430509676E-01
   0.224275550269779E+02
   0.136246892623325E-01
   0.225082897641103E+02
   0.137524356786524E-01
   0.215635139905650E+02
   0.138065899239853E-01
   0.210390833473147E+02
   0.134193725491093E-01
   0.215471264742475E+02
   0.128989848759107E-01
   0.237795887867478E+02
   0.123722687764585E-01
   0.242100816807848E+02
   0.125149440505492E-01
   0.230466956056999E+02
   0.127838793171528E-01
   0.201652782403112E+02
   0.138656147135247E-01
   0.187156779380205E+02
   0.147918383366637E-01
   0.178851768808676E+02
   0.152914043730764E-01
   0.172497234066813E+02
   0.149517235309409E-01
   0.181011966240339E+02
   0.151366481156779E-01
   0.175857669047230E+02
   0.144757755852552E-01
   0.171418450878847E+02
   0.140254711414008E-01
   0.167722112923254E+02
   0.137693925020912E-01
   0.164569247168630E+02
   0.135422075747440E-01
   0.161852761004230E+02
   0.133093224565652E-01
   0.159504928427818E+02
   0.130399742377048E-01
   0.157555737771903E+02
   0.127681113841370E-01
   0.156178266175072E+02
   0.125518781545971E-01
   0.155740375898385E+02
   0.124993336822783E-01
   0.156602087964058E+02
   0.125071260994232E-01
   0.159512564860184E+02
   0.120867516098710E-01
   0.166937092671371E+02
   0.113580978284460E-01
   0.182571703506724E+02
   0.109403527531027E-01
   0.199363799637324E+02
   0.115866976492766E-01
   0.225078441192556E+02
   0.118976908271060E-01
   0.238353807659801E+02
   0.133932363827957E-01
   0.230241867763147E+02
   0.144176370683925E-01
   0.222170634615214E+02
   0.140244676942824E-01
   0.212231819305614E+02
   0.138799100430424E-01
   0.204736292208267E+02
   0.147341697350521E-01
   0.201101141162984E+02
   0.147725839413353E-01
   0.202724523548733E+02
   0.141295408151528E-01
   0.211773137300994E+02
   0.137623324330257E-01
   0.217508786477376E+02
   0.139012805542509E-01
   0.218788527270915E+02
   0.142830876345360E-01
   0.214866129626144E+02
   0.144853845392006E-01
   0.212984550870233E+02
   0.144650190588890E-01
   0.218847624470486E+02
   0.136772937950351E-01
   0.241910971167921E+02
   0.123023468249690E-01
   0.248872422229495E+02
   0.128509913710899E-01
   0.239827616018237E+02
   0.135159486162889E-01
   0.213473492379277E+02
   0.154710662700616E-01
   0.200511162093918E+02
   0.164310379132897E-01
   0.192608586857798E+02
   0.162611313988202E-01
   0.186597053944492E+02
   0.158200752700285E-01
   0.192894859707544E+02
   0.162670790591701E-01
   0.188388630138365E+02
   0.158923612047436E-01
   0.184531384936471E+02
   0.156002559199643E-01
   0.181330320502411E+02
   0.154248792545957E-01
   0.178610682514599E+02
   0.152534071782089E-01
   0.176231311404879E+02
   0.150790208599652E-01
   0.174062870418295E+02
   0.148714318643862E-01
   0.172075555939967E+02
   0.146507823734892E-01
   0.170395186291140E+02
   0.144432468913303E-01
   0.169285707135493E+02
   0.142298591725825E-01
   0.169105917628382E+02
   0.139421119893493E-01
   0.170502481190788E+02
   0.132782822624692E-01
   0.175193980388063E+02
   0.125206896408616E-01
   0.186361646370959E+02
   0.119475002027001E-01
   0.199619367429267E+02
   0.119407755562642E-01
   0.223931964198636E+02
   0.119959310721405E-01
   0.240305740035973E+02
   0.140317574022745E-01
   0.232149036184386E+02
   0.158667361905463E-01
   0.223816073021277E+02
   0.153294856233283E-01
   0.217159566867483E+02
   0.148579748773854E-01
   0.210573182339459E+02
   0.158841808056635E-01
   0.207457666408554E+02
   0.157944855633472E-01
   0.208183415546064E+02
   0.151439404631716E-01
   0.213207021938019E+02
   0.148868616655637E-01
   0.217996473894198E+02
   0.148283678741433E-01
   0.219686234665886E+02
   0.152858288833086E-01
   0.218287551465019E+02
   0.155035283176444E-01
   0.217823742106719E+02
   0.154919892576511E-01
   0.223077296945394E+02
   0.144040516110424E-01
   0.244560701473241E+02
   0.125062895021352E-01
   0.253781294666439E+02
   0.133935610370521E-01
   0.247021496269366E+02
   0.143513245468388E-01
   0.223028851306882E+02
   0.170003489504786E-01
   0.210997537889413E+02
   0.173489479625320E-01
   0.203410816308610E+02
   0.168351725847317E-01
   0.197889092930728E+02
   0.166432512350812E-01
   0.202615537971769E+02
   0.174913605529778E-01
   0.198693937966268E+02
   0.172497631159359E-01
   0.195319898169623E+02
   0.170329255622850E-01
   0.192525024606296E+02
   0.168902576671168E-01
   0.190183625639043E+02
   0.167866096943928E-01
   0.188121925459694E+02
   0.166941720408377E-01
   0.186148974532028E+02
   0.165697713365318E-01
   0.184143827345221E+02
   0.163889118664988E-01
   0.182184156672528E+02
   0.161789595625975E-01
   0.180495830295670E+02
   0.158783699778120E-01
   0.179472342953607E+02
   0.154559414789188E-01
   0.179773298421044E+02
   0.147636144706302E-01
   0.182837211284079E+02
   0.136243634473794E-01
   0.192273016310862E+02
   0.130683490798174E-01
   0.201752246116124E+02
   0.129601983437057E-01
   0.220043639487887E+02
   0.124359305831852E-01
   0.242169094524358E+02
   0.144598553556939E-01
   0.236923906097122E+02
   0.168338481170301E-01
   0.228102796074837E+02
   0.170475285106197E-01
   0.224522599642090E+02
   0.156520714169126E-01
   0.216443242175524E+02
   0.169970120341089E-01
   0.213503650009700E+02
   0.167891102931635E-01
   0.213624848726668E+02
   0.164149557537525E-01
   0.216826016187984E+02
   0.160871181887165E-01
   0.221662601601046E+02
   0.160597116512593E-01
   0.223608079706611E+02
   0.165850391536657E-01
   0.223422717695327E+02
   0.166860332576694E-01
   0.223223067970726E+02
   0.164894913147254E-01
   0.226980023166889E+02
   0.152855352244725E-01
   0.244983756725814E+02
   0.133742480508675E-01
   0.256869909641157E+02
   0.142371103922925E-01
   0.252170831788699E+02
   0.153211636224131E-01
   0.230554324870171E+02
   0.184085108712767E-01
   0.219286743728785E+02
   0.184776936352941E-01
   0.212056266799320E+02
   0.177938322633541E-01
   0.207000689626309E+02
   0.176982076398650E-01
   0.210566050167723E+02
   0.186981171237252E-01
   0.207083362457480E+02
   0.184871642141767E-01
   0.204081524355505E+02
   0.183077355375714E-01
   0.201608658339040E+02
   0.181970683566215E-01
   0.199581833927415E+02
   0.181793671515431E-01
   0.197790853623404E+02
   0.181750591554236E-01
   0.195990625738352E+02
   0.181348378639449E-01
   0.193964377505724E+02
   0.179779645258082E-01
   0.191741600150863E+02
   0.177153077149111E-01
   0.189559415008363E+02
   0.172883579064019E-01
   0.187875629273397E+02
   0.167122529954339E-01
   0.187397539661577E+02
   0.159235010032923E-01
   0.189587083507375E+02
   0.148343135541775E-01
   0.199489106411836E+02
   0.141756217926889E-01
   0.205060253723951E+02
   0.148152395145926E-01
   0.219688444526328E+02
   0.134098597774394E-01
   0.244196803837766E+02
   0.146877730232973E-01
   0.244404020812497E+02
   0.169560605123446E-01
   0.232830321469293E+02
   0.185539458191293E-01
   0.226950386127907E+02
   0.173517303388238E-01
   0.221459418902358E+02
   0.181586660169684E-01
   0.219107768615887E+02
   0.180061802005385E-01
   0.218971000419851E+02
   0.175862672347324E-01
   0.221410923474301E+02
   0.170209240562628E-01
   0.227356184100680E+02
   0.166939094274654E-01
   0.229167710897132E+02
   0.178084574454295E-01
   0.229566583028665E+02
   0.177460681410767E-01
   0.229073725546430E+02
   0.175660546183021E-01
   0.230944105911422E+02
   0.164965578569362E-01
   0.242478338224857E+02
   0.153654445526095E-01
   0.258446916497959E+02
   0.154280382981231E-01
   0.255519489419214E+02
   0.165142136711829E-01
   0.236286355856868E+02
   0.198130606037061E-01
   0.225839696421270E+02
   0.196274642821481E-01
   0.219084176698934E+02
   0.189218291721663E-01
   0.214468233499587E+02
   0.188593310435321E-01
   0.216853390679512E+02
   0.197536517044042E-01
   0.213682638506096E+02
   0.195396727788591E-01
   0.210955579086775E+02
   0.193859683831576E-01
   0.208721641193846E+02
   0.193241485069847E-01
   0.206916640060449E+02
   0.193818306035556E-01
   0.205313517505513E+02
   0.194550131984292E-01
   0.203626291258578E+02
   0.194832373904714E-01
   0.201557030413418E+02
   0.193311839169015E-01
   0.199101700370407E+02
   0.189805242416732E-01
   0.196558769148001E+02
   0.184153863704839E-01
   0.194457783707574E+02
   0.176879806209597E-01
   0.193558397031736E+02
   0.168816544619759E-01
   0.195121030403120E+02
   0.161976389752460E-01
   0.201772811086730E+02
   0.157912977367998E-01
   0.208274734680193E+02
   0.165298103575486E-01
   0.221122142120616E+02
   0.150021024115562E-01
   0.245825933599607E+02
   0.153837254337519E-01
   0.248735821552666E+02
   0.169312565302661E-01
   0.237159601227424E+02
   0.191461314457243E-01
   0.230243909427864E+02
   0.186966402270486E-01
   0.225844226389726E+02
   0.188679495859243E-01
   0.224130477088014E+02
   0.191037158792046E-01
   0.224026197414521E+02
   0.186946594534493E-01
   0.226230563975107E+02
   0.179611997799528E-01
   0.234908064144351E+02
   0.166722723487100E-01
   0.235547133156164E+02
   0.181010814128717E-01
   0.236506902480204E+02
   0.182413688929616E-01
   0.235335827942847E+02
   0.187410366972511E-01
   0.235307615682713E+02
   0.179819569191243E-01
   0.242727918670920E+02
   0.169683153090525E-01
   0.258979088374635E+02
   0.164157885400561E-01
   0.257207796213300E+02
   0.177378370153289E-01
   0.240310135672459E+02
   0.210804986930289E-01
   0.230823193428823E+02
   0.206527810265686E-01
   0.224629346040403E+02
   0.199815131945651E-01
   0.220396942704847E+02
   0.199104859862863E-01
   0.221560325870341E+02
   0.206993369684637E-01
   0.218606490969431E+02
   0.204823113986181E-01
   0.216062954184446E+02
   0.203386186036073E-01
   0.213966368629583E+02
   0.202951084328851E-01
   0.212260371290234E+02
   0.203488603322034E-01
   0.210734714880507E+02
   0.204345893048142E-01
   0.209086630273889E+02
   0.204781069393012E-01
   0.206963174156794E+02
   0.203013228723419E-01
   0.204344931824778E+02
   0.198713249342121E-01
   0.201620258882621E+02
   0.192391743676750E-01
   0.199381647458962E+02
   0.185110772346715E-01
   0.198384775192001E+02
   0.179271015229148E-01
   0.199566022161412E+02
   0.175814031639927E-01
   0.204365713169463E+02
   0.168636428536803E-01
   0.211043487756758E+02
   0.173953523372650E-01
   0.223174200775328E+02
   0.169441087640800E-01
   0.246852905642256E+02
   0.168724810071534E-01
   0.251120659861068E+02
   0.172766204256147E-01
   0.241249451309685E+02
   0.188817486195555E-01
   0.233514197794905E+02
   0.199492481610102E-01
   0.229671197182872E+02
   0.198816191506982E-01
   0.228453267066282E+02
   0.201663316228579E-01
   0.228519313670412E+02
   0.198233348875196E-01
   0.230554818207024E+02
   0.191269533275114E-01
   0.238888843329190E+02
   0.173903902832132E-01
   0.242558647859490E+02
   0.182885748319643E-01
   0.244515453223754E+02
   0.180956222354178E-01
   0.241869611901594E+02
   0.194821618575864E-01
   0.239771191744813E+02
   0.195862885194721E-01
   0.244214017172188E+02
   0.184538660962640E-01
   0.258554597922224E+02
   0.171208081748311E-01
   0.257280505063052E+02
   0.187214032805372E-01
   0.242673937703871E+02
   0.216446954624355E-01
   0.234342207316524E+02
   0.213923933180205E-01
   0.228773994317670E+02
   0.209684844002105E-01
   0.224850008885983E+02
   0.208662629109829E-01
   0.224744703273642E+02
   0.215231154437862E-01
   0.221932742942099E+02
   0.213140343749580E-01
   0.219489818487360E+02
   0.211655031130495E-01
   0.217431461214571E+02
   0.210679882756071E-01
   0.215715262696751E+02
   0.210186791641129E-01
   0.214170356979064E+02
   0.210381161281956E-01
   0.212505697796304E+02
   0.210716491972709E-01
   0.210337891921821E+02
   0.209037314051336E-01
   0.207649834568412E+02
   0.204659453922926E-01
   0.204924475902278E+02
   0.199147455373806E-01
   0.202778991762702E+02
   0.193823197214833E-01
   0.201879675159972E+02
   0.190194265157620E-01
   0.202825141163058E+02
   0.186179574324341E-01
   0.206620590234329E+02
   0.179026786875383E-01
   0.213260203787564E+02
   0.183204655143830E-01
   0.224995226838521E+02
   0.188758358390346E-01
   0.247061100355763E+02
   0.178895535812260E-01
   0.251987531648350E+02
   0.173673934532686E-01
   0.245923882715698E+02
   0.180688154293440E-01
   0.236136242846494E+02
   0.205157833212125E-01
   0.232766743422059E+02
   0.209554894977266E-01
   0.231935229860842E+02
   0.211065945672477E-01
   0.232233325152269E+02
   0.208396936178384E-01
   0.234099577463014E+02
   0.205655518596137E-01
   0.239495275876226E+02
   0.188557191990221E-01
   0.245406871609103E+02
   0.188772144968538E-01
   0.248817838172621E+02
   0.185270593409343E-01
   0.248782075642769E+02
   0.194000959792853E-01
   0.243944638589558E+02
   0.211969706973139E-01
   0.245956150158512E+02
   0.200946834628774E-01
   0.257198788739537E+02
   0.180356310075440E-01
   0.255518464122312E+02
   0.198419132784357E-01
   0.243656263033367E+02
   0.221665368515148E-01
   0.236560893917444E+02
   0.221335665789436E-01
   0.231571824463272E+02
   0.218839484900721E-01
   0.227869440171477E+02
   0.217133233070291E-01
   0.226454186554187E+02
   0.221031347209165E-01
   0.223726331572101E+02
   0.219229480316342E-01
   0.221326087717498E+02
   0.217734211844802E-01
   0.219256059938476E+02
   0.216032672841366E-01
   0.217479055166254E+02
   0.214440667888641E-01
   0.215871165523417E+02
   0.214271267525578E-01
   0.214145200949396E+02
   0.214739589271176E-01
   0.211921175994027E+02
   0.213084878008855E-01
   0.209230828926984E+02
   0.208807797829060E-01
   0.206612854239147E+02
   0.204282841515734E-01
   0.204671984770884E+02
   0.200830745381625E-01
   0.203961083079135E+02
   0.198055152730214E-01
   0.204832831231724E+02
   0.192224532110415E-01
   0.208139753608324E+02
   0.185606165152999E-01
   0.214736395442503E+02
   0.191478766736053E-01
   0.226002718984485E+02
   0.200893359037288E-01
   0.246184193692755E+02
   0.179803689125279E-01
   0.251489139448014E+02
   0.173311563019807E-01
   0.247647099043942E+02
   0.177049031210725E-01
   0.237744029263887E+02
   0.207231270996707E-01
   0.234928810258718E+02
   0.216509359640676E-01
   0.234474492387011E+02
   0.218406614332423E-01
   0.235057899825678E+02
   0.216713526379397E-01
   0.236707762123818E+02
   0.215328700014321E-01
   0.240298582100116E+02
   0.197667059310513E-01
   0.244879369589613E+02
   0.196049359696910E-01
   0.250084748776816E+02
   0.191502523571254E-01
   0.252300016560179E+02
   0.195305526008656E-01
   0.247352782009291E+02
   0.224135378584899E-01
   0.247349625037909E+02
   0.218275820985286E-01
   0.254771488999943E+02
   0.193411637814901E-01
   0.251521269016681E+02
   0.214508908474661E-01
   0.243513559546133E+02
   0.226815360581023E-01
   0.237563005329511E+02
   0.227538604820863E-01
   0.233025211068359E+02
   0.225362091034994E-01
   0.229481330957516E+02
   0.223023763765814E-01
   0.226796028029077E+02
   0.220385785580774E-01
   0.224106322180888E+02
   0.218625128872391E-01
   0.221709085219546E+02
   0.216960305781984E-01
   0.219608668743774E+02
   0.215110196458903E-01
   0.217758870654636E+02
   0.213615988157846E-01
   0.216038922901412E+02
   0.213272450946200E-01
   0.214190961084827E+02
   0.213240545057882E-01
   0.211901135656532E+02
   0.211351291882917E-01
   0.209261130174022E+02
   0.207633035741268E-01
   0.206803996230039E+02
   0.204050135562618E-01
   0.205084971835637E+02
   0.201365376771965E-01
   0.204613077292930E+02
   0.199059996053995E-01
   0.205625350196201E+02
   0.193486365579644E-01
   0.208730649831843E+02
   0.187110145165894E-01
   0.215284514640585E+02
   0.195121337027915E-01
   0.225876494201243E+02
   0.203591069708557E-01
   0.244285360493006E+02
   0.176012967190008E-01
   0.249839657533107E+02
   0.172117879072814E-01
   0.247479206714560E+02
   0.175581791221296E-01
   0.238310637396347E+02
   0.207186864711468E-01
   0.236103916815312E+02
   0.221103161472055E-01
   0.236049250798789E+02
   0.225400779246283E-01
   0.236912391318436E+02
   0.223334292587254E-01
   0.238365553517628E+02
   0.220139026532167E-01
   0.240911453052029E+02
   0.206332360272025E-01
   0.244495935185380E+02
   0.202405558725070E-01
   0.248653517150794E+02
   0.203030452092055E-01
   0.253423946820916E+02
   0.199453959677358E-01
   0.249934817521709E+02
   0.226287342800735E-01
   0.247904196642028E+02
   0.229100420518940E-01
   0.250756631789951E+02
   0.209933722419495E-01
   0.248374723959859E+02
   0.222676330810016E-01
   0.242494452984119E+02
   0.228398287863595E-01
   0.237404204798349E+02
   0.228732421387589E-01
   0.233198541884031E+02
   0.225249888345928E-01
   0.229770837970819E+02
   0.222390703961101E-01
   0.226058729319876E+02
   0.210124566768199E-01
   0.223359571647518E+02
   0.207395888234373E-01
   0.220897204414516E+02
   0.204594486091969E-01
   0.218688216380303E+02
   0.201966962388340E-01
   0.216709177453241E+02
   0.200334333506685E-01
   0.214849138030541E+02
   0.199985811640204E-01
   0.212883813295562E+02
   0.200135777112575E-01
   0.210570248261967E+02
   0.199080874754052E-01
   0.208044462283982E+02
   0.197181243404782E-01
   0.205807091914057E+02
   0.195800106287713E-01
   0.204336642880138E+02
   0.194768898537870E-01
   0.204087562059077E+02
   0.193791834481203E-01
   0.205332086486043E+02
   0.191089248230285E-01
   0.208347110088887E+02
   0.184958868956517E-01
   0.214853413959748E+02
   0.195796004973997E-01
   0.224547886296850E+02
   0.201038401441304E-01
   0.241459185297873E+02
   0.173862580722239E-01
   0.247138349077544E+02
   0.172011318342579E-01
   0.245861207274708E+02
   0.174282967743500E-01
   0.237893573103027E+02
   0.212478820878382E-01
   0.236156529442904E+02
   0.223902757191807E-01
   0.236431800526441E+02
   0.228794647023046E-01
   0.237695059292355E+02
   0.228180052178921E-01
   0.239038379335187E+02
   0.223114901591487E-01
   0.241030784526706E+02
   0.213615120623140E-01
   0.244043465500245E+02
   0.213594845842842E-01
   0.247378441117864E+02
   0.213155392384796E-01
   0.252507547867812E+02
   0.206221681376268E-01
   0.252123732942487E+02
   0.216431645485670E-01
   0.247403119652914E+02
   0.230022763230112E-01
   0.247658252301381E+02
   0.217178122615544E-01
   0.245399419116109E+02
   0.222731989483608E-01
   0.240696662059323E+02
   0.223561734886656E-01
   0.236238926401829E+02
   0.221201282573390E-01
   0.232337332526475E+02
   0.216566109355240E-01
   0.229009383213196E+02
   0.212956430974677E-01
   0.224492438224991E+02
   0.196432520959005E-01
   0.221763629970095E+02
   0.193133224731992E-01
   0.219243691303505E+02
   0.190080615246083E-01
   0.216957573228387E+02
   0.187679797426871E-01
   0.214872771109365E+02
   0.186112492524751E-01
   0.212872801015769E+02
   0.185211821403330E-01
   0.210777182122332E+02
   0.184579472900434E-01
   0.208440352901317E+02
   0.183550825365397E-01
   0.206045416763965E+02
   0.182837519958461E-01
   0.204015407394020E+02
   0.182945049174373E-01
   0.202755512199255E+02
   0.183686307626269E-01
   0.202688475642518E+02
   0.185313053326549E-01
   0.204104403932900E+02
   0.186744533233669E-01
   0.207045406631381E+02
   0.182156798964659E-01
   0.213423346970884E+02
   0.196691130543732E-01
   0.222064560825455E+02
   0.197515654629713E-01
   0.237568166336391E+02
   0.173747183056660E-01
   0.243245815865370E+02
   0.173077951078633E-01
   0.242862907040873E+02
   0.173418741574811E-01
   0.236268479648519E+02
   0.214668349946621E-01
   0.234887266214415E+02
   0.220884368498816E-01
   0.235391170036129E+02
   0.223807119441159E-01
   0.237248504447670E+02
   0.227168573054669E-01
   0.238631298134774E+02
   0.224353258029771E-01
   0.240357253421842E+02
   0.218363867154502E-01
   0.242983926267267E+02
   0.221373608512068E-01
   0.245654630022183E+02
   0.221019785215591E-01
   0.249095961418058E+02
   0.218805943759213E-01
   0.251221916926706E+02
   0.212756180234436E-01
   0.245724755600437E+02
   0.225524369126887E-01
   0.244641461982998E+02
   0.218709302020940E-01
   0.242274357204988E+02
   0.217908407695599E-01
   0.238235076185885E+02
   0.213218334351888E-01
   0.234293873534049E+02
   0.208974686077545E-01
   0.230671193023518E+02
   0.204000557739975E-01
   0.227435648715462E+02
   0.199942767507029E-01
   0.222559137186411E+02
   0.188960596442164E-01
   0.219829637905685E+02
   0.185465187702393E-01
   0.217287171628396E+02
   0.182370358378027E-01
   0.214956410612967E+02
   0.180122091894008E-01
   0.212788953809013E+02
   0.178520363135294E-01
   0.210661918946089E+02
   0.177316695469977E-01
   0.208432192537134E+02
   0.176207703000032E-01
   0.206031995993410E+02
   0.174842299981940E-01
   0.203673772858063E+02
   0.173913492329015E-01
   0.201726792721477E+02
   0.173858662196363E-01
   0.200546832037296E+02
   0.174941159469544E-01
   0.200533931733359E+02
   0.177832535707076E-01
   0.202027935579537E+02
   0.183061879911038E-01
   0.205096472968023E+02
   0.187355495389249E-01
   0.210916018838538E+02
   0.198355303020261E-01
   0.218438598260936E+02
   0.191078206004836E-01
   0.232428823209476E+02
   0.173618800303706E-01
   0.237983279509993E+02
   0.173934921759184E-01
   0.238478923494611E+02
   0.174949553420597E-01
   0.233399867221228E+02
   0.219099381181782E-01
   0.232325503353274E+02
   0.218492941889715E-01
   0.232970435280545E+02
   0.214147660856634E-01
   0.235617086042470E+02
   0.221266010103161E-01
   0.237086636348961E+02
   0.224462401229357E-01
   0.238685037571163E+02
   0.219942125058829E-01
   0.241018405475407E+02
   0.225169425731100E-01
   0.243198040736696E+02
   0.228210288188393E-01
   0.245609660236456E+02
   0.231497343832639E-01
   0.247857245073591E+02
   0.214742067092832E-01
   0.242898576959918E+02
   0.222546505551201E-01
   0.241336722118303E+02
   0.218361337740874E-01
   0.238902010763316E+02
   0.212823784267829E-01
   0.235360758409099E+02
   0.205862666369829E-01
   0.231906452714831E+02
   0.201408516317562E-01
   0.228582380193101E+02
   0.196810691005786E-01
   0.225468011206568E+02
   0.192687435683551E-01
   0.220526434180678E+02
   0.193807868107306E-01
   0.217861242446016E+02
   0.189704292843493E-01
   0.215355693449369E+02
   0.186097631012742E-01
   0.213018709833913E+02
   0.183293206407835E-01
   0.210798603588700E+02
   0.181234445965854E-01
   0.208571156180724E+02
   0.179701080546218E-01
   0.206221900416116E+02
   0.178543724768480E-01
   0.203733740699135E+02
   0.177375330670172E-01
   0.201328331738678E+02
   0.176695619131030E-01
   0.199339768259168E+02
   0.176896567320796E-01
   0.198080581723826E+02
   0.178097738796150E-01
   0.197921457995403E+02
   0.180971353580337E-01
   0.199238805364974E+02
   0.186773842315925E-01
   0.202161820498769E+02
   0.194188784257498E-01
   0.207304089705356E+02
   0.201591800042082E-01
   0.213786323305849E+02
   0.187905473007654E-01
   0.225892441615592E+02
   0.173017626590567E-01
   0.231190402551529E+02
   0.172678560978233E-01
   0.232607942618414E+02
   0.180364274578296E-01
   0.229060835267026E+02
   0.221284009963715E-01
   0.228452927417988E+02
   0.217450346066212E-01
   0.229421004381863E+02
   0.208882878444559E-01
   0.232971753268185E+02
   0.210837578766992E-01
   0.234513391669578E+02
   0.228058192834850E-01
   0.236160870084080E+02
   0.227533333279712E-01
   0.238148199764825E+02
   0.231795430119050E-01
   0.239788067440645E+02
   0.233854326182431E-01
   0.241224350386296E+02
   0.234974868772017E-01
   0.241987009872204E+02
   0.226583651043558E-01
   0.239146504666749E+02
   0.229632523609534E-01
   0.237589339636542E+02
   0.226224360219972E-01
   0.235280674664253E+02
   0.219250113896206E-01
   0.232253389758349E+02
   0.212333465378138E-01
   0.229294093856382E+02
   0.207875922346471E-01
   0.226293025422963E+02
   0.203070874823186E-01
   0.223344868861980E+02
   0.198235546564537E-01
   0.218365173019236E+02
   0.211200187651603E-01
   0.215861366575745E+02
   0.206593800602295E-01
   0.213475088776528E+02
   0.202103296636166E-01
   0.211198744359979E+02
   0.198129188999901E-01
   0.208983096549899E+02
   0.195041047922223E-01
   0.206700438486622E+02
   0.192725545730287E-01
   0.204250864888842E+02
   0.191110897136266E-01
   0.201650396149333E+02
   0.189580131566174E-01
   0.199121027273379E+02
   0.188292779222231E-01
   0.196970323181207E+02
   0.187587379632397E-01
   0.195469316393988E+02
   0.187123782749832E-01
   0.194943029941600E+02
   0.187206058486566E-01
   0.195750072222442E+02
   0.188989904431625E-01
   0.198026003195564E+02
   0.192614203133569E-01
   0.202550167703702E+02
   0.203784466165040E-01
   0.208315012047845E+02
   0.197408689006683E-01
   0.217809892902737E+02
   0.170690376434380E-01
   0.222774769872310E+02
   0.175600652213773E-01
   0.224988360726308E+02
   0.190549433911470E-01
   0.223157855756189E+02
   0.221244893336472E-01
   0.223194943889612E+02
   0.213776841723582E-01
   0.224677602613648E+02
   0.202555282105607E-01
   0.229722124871231E+02
   0.197321429734388E-01
   0.230624049540360E+02
   0.227558717205855E-01
   0.232375216599684E+02
   0.232958917959171E-01
   0.234010195261591E+02
   0.234785649519304E-01
   0.235148730812386E+02
   0.234931948771292E-01
   0.235781670533061E+02
   0.232359629440155E-01
   0.235872526698403E+02
   0.230424411343375E-01
   0.234237815642053E+02
   0.235824541780416E-01
   0.232999690492394E+02
   0.236734170309439E-01
   0.231067805427107E+02
   0.232638115632597E-01
   0.228663056359594E+02
   0.228567860997216E-01
   0.226248731918635E+02
   0.225154388205087E-01
   0.223649513132325E+02
   0.220807319312473E-01
   0.220985521022503E+02
   0.216011001033314E-01
   0.215149244478834E+02
   0.229395330261550E-01
   0.212924682869452E+02
   0.226332962922625E-01
   0.210777211616999E+02
   0.222290733024804E-01
   0.208674195996319E+02
   0.217505715710176E-01
   0.206557708292507E+02
   0.212968926480878E-01
   0.204286820857766E+02
   0.208751662834502E-01
   0.201762270850518E+02
   0.204865208078058E-01
   0.199039240204568E+02
   0.201145737255149E-01
   0.196350812273333E+02
   0.197799022085335E-01
   0.193992345328587E+02
   0.195159473615787E-01
   0.192213518082711E+02
   0.192736545068833E-01
   0.191282083571485E+02
   0.190366781305044E-01
   0.191440817323893E+02
   0.187988724298200E-01
   0.192813594765789E+02
   0.185688782715584E-01
   0.196424671080254E+02
   0.192217809641587E-01
   0.201765880089889E+02
   0.204540156424294E-01
   0.208054891153479E+02
   0.177410918926749E-01
   0.212475618036392E+02
   0.182310149337547E-01
   0.215118009247292E+02
   0.197082759220021E-01
   0.215667565703141E+02
   0.216319663110037E-01
   0.216587517760611E+02
   0.208492171533989E-01
   0.218847031992159E+02
   0.190175396291742E-01
   0.224225109638445E+02
   0.197658372772501E-01
   0.225345627783101E+02
   0.224565834494141E-01
   0.227152556873672E+02
   0.234048634829676E-01
   0.228471862992761E+02
   0.232424329736459E-01
   0.229239555808343E+02
   0.231593248066312E-01
   0.229295725029783E+02
   0.228126945116491E-01
   0.228941834238422E+02
   0.227089308213382E-01
   0.227899109015895E+02
   0.232747625020579E-01
   0.226995812585479E+02
   0.237001159372473E-01
   0.225537961610914E+02
   0.237246005466186E-01
   0.223743717878610E+02
   0.237398681845471E-01
   0.221888941148781E+02
   0.237323849645367E-01
   0.219746241659956E+02
   0.235135732959736E-01
   0.217461085796143E+02
   0.232417074499099E-01
   0.209879195374880E+02
   0.229650801331352E-01
   0.207975479934064E+02
   0.229101151075163E-01
   0.206162220308779E+02
   0.227881605254313E-01
   0.204376389899753E+02
   0.225073519730978E-01
   0.202519022430346E+02
   0.221257606895248E-01
   0.200410712387870E+02
   0.216309286834478E-01
   0.197923695276262E+02
   0.210186798664392E-01
   0.195146149062429E+02
   0.204120141501700E-01
   0.192331774705830E+02
   0.199001074321117E-01
   0.189777125053029E+02
   0.195067993343588E-01
   0.187737938205719E+02
   0.191916451591643E-01
   0.186451873203007E+02
   0.189319340691735E-01
   0.186094479180441E+02
   0.186426151544084E-01
   0.186809868912901E+02
   0.182109918012679E-01
   0.189357765373471E+02
   0.178542107659720E-01
   0.193856640190698E+02
   0.186168165504667E-01
   0.198975831260012E+02
   0.185433959056701E-01
   0.202649626921611E+02
   0.186898023100184E-01
   0.204942657672123E+02
   0.188627814715475E-01
   0.206615401489983E+02
   0.203511430306128E-01
   0.208578086387251E+02
   0.203554568242750E-01
   0.212217643688159E+02
   0.172563436681978E-01
   0.216365204151377E+02
   0.204837526754252E-01
   0.218648366003002E+02
   0.223031727617058E-01
   0.220434408783699E+02
   0.227064273330627E-01
   0.221551713260892E+02
   0.225715719624596E-01
   0.222028218566026E+02
   0.224527481377729E-01
   0.221717989659784E+02
   0.220696300389118E-01
   0.220995353345937E+02
   0.217974357686232E-01
   0.220086968735853E+02
   0.220610857398863E-01
   0.219355466273392E+02
   0.224941654812630E-01
   0.218268301672517E+02
   0.227231288310745E-01
   0.216958005478777E+02
   0.229785008855808E-01
   0.215539556838894E+02
   0.232067074454798E-01
   0.213790991378611E+02
   0.231666212824409E-01
   0.211868320760144E+02
   0.230723583572315E-01
   0.202401690930327E+02
   0.215655200911291E-01
   0.200730924901802E+02
   0.215747901882923E-01
   0.199189547190522E+02
   0.216483330534404E-01
   0.197732788180595E+02
   0.217017388421005E-01
   0.196218584168830E+02
   0.216388277960411E-01
   0.194421886140295E+02
   0.213775455148736E-01
   0.192165447238339E+02
   0.208557261648162E-01
   0.189503187694685E+02
   0.202085997996539E-01
   0.186679273282137E+02
   0.195936001250714E-01
   0.183998503040687E+02
   0.190882710745736E-01
   0.181749858572231E+02
   0.187059774708828E-01
   0.180171948756194E+02
   0.184252508874267E-01
   0.179445480087467E+02
   0.181813895724626E-01
   0.179773355860933E+02
   0.179135597367067E-01
   0.181755927185957E+02
   0.177745608611936E-01
   0.185564724918496E+02
   0.183558323211034E-01
   0.189597944284077E+02
   0.183476905386219E-01
   0.192354069331652E+02
   0.182324994009086E-01
   0.194090575375152E+02
   0.182232446913736E-01
   0.196129524353158E+02
   0.189892761760043E-01
   0.198961047854034E+02
   0.194131683217056E-01
   0.203401805120158E+02
   0.166251977530807E-01
   0.207647168515277E+02
   0.199598084896442E-01
   0.210493259245198E+02
   0.210887242000172E-01
   0.212237604874649E+02
   0.213982766862514E-01
   0.213230971836841E+02
   0.215271051213061E-01
   0.213500357438218E+02
   0.214728088416332E-01
   0.212969272475331E+02
   0.211208739181899E-01
   0.212022703972019E+02
   0.207670695036109E-01
   0.211106920789203E+02
   0.208173487115063E-01
   0.210387168702885E+02
   0.210827144671502E-01
   0.209461653536096E+02
   0.212564310508351E-01
   0.208420777439395E+02
   0.214801926614464E-01
   0.207268978333747E+02
   0.216919561399966E-01
   0.205796610749732E+02
   0.217015953551854E-01
   0.204146014940646E+02
   0.216438599861510E-01
   0.192986256252781E+02
   0.199353154293187E-01
   0.191461888744684E+02
   0.198835193635507E-01
   0.190075645563393E+02
   0.199383236017903E-01
   0.188829749701530E+02
   0.201022180646343E-01
   0.187582568053178E+02
   0.202615252406425E-01
   0.186099551236322E+02
   0.203040550570400E-01
   0.184176151767121E+02
   0.201085009507687E-01
   0.181794161673917E+02
   0.196708482539901E-01
   0.179125774603313E+02
   0.190990130243674E-01
   0.176442727530965E+02
   0.185045831556044E-01
   0.174070509260142E+02
   0.180159670314751E-01
   0.172273455784377E+02
   0.176490205107922E-01
   0.171274988290307E+02
   0.173505530506673E-01
   0.171347218698004E+02
   0.170792455064383E-01
   0.172968659662398E+02
   0.170140099552573E-01
   0.176129050696610E+02
   0.174656573514838E-01
   0.179235033316688E+02
   0.175144110852963E-01
   0.181125089136222E+02
   0.172780044180658E-01
   0.182168019960793E+02
   0.170083270729366E-01
   0.184232643811072E+02
   0.174813585387448E-01
   0.187765940382436E+02
   0.180280753966193E-01
   0.192489964361564E+02
   0.172706243906749E-01
   0.197928406320965E+02
   0.190329639007239E-01
   0.201010266615226E+02
   0.196624970630814E-01
   0.202655140058388E+02
   0.199435135333606E-01
   0.203479914651597E+02
   0.201757727354069E-01
   0.203589436848030E+02
   0.202212044908686E-01
   0.202951533630517E+02
   0.199972933974755E-01
   0.201909751755939E+02
   0.196865817123844E-01
   0.200931579211254E+02
   0.196194403195135E-01
   0.200139388044561E+02
   0.197462519283103E-01
   0.199247904641447E+02
   0.198397656451517E-01
   0.198309460485883E+02
   0.199742507832295E-01
   0.197270633588706E+02
   0.200725326837451E-01
   0.195989875549613E+02
   0.200761433936713E-01
   0.194545285451585E+02
   0.200274838714710E-01
   0.181737871846941E+02
   0.183217911087655E-01
   0.180313126066987E+02
   0.182199876844239E-01
   0.179004915030348E+02
   0.181921097853564E-01
   0.177858982965682E+02
   0.182864063923928E-01
   0.176756642430487E+02
   0.184342909487981E-01
   0.175485836570099E+02
   0.185604227335466E-01
   0.173860441228819E+02
   0.186025003179191E-01
   0.171814491991367E+02
   0.184661919061747E-01
   0.169428232012994E+02
   0.181291089499615E-01
   0.166899361170448E+02
   0.176365133450360E-01
   0.164535957862114E+02
   0.171239507645870E-01
   0.162620397739035E+02
   0.166806284255217E-01
   0.161441740736932E+02
   0.163310710968909E-01
   0.161349469044969E+02
   0.160921571475594E-01
   0.162708330077074E+02
   0.160437186276470E-01
   0.165307331521386E+02
   0.162637254674339E-01
   0.167675032557106E+02
   0.162721667889686E-01
   0.168784710908489E+02
   0.160741968539551E-01
   0.168950235556315E+02
   0.155208541438424E-01
   0.170780154631260E+02
   0.157792657100124E-01
   0.175008677285480E+02
   0.162979928839194E-01
   0.181054925551514E+02
   0.169808176476776E-01
   0.187124001250127E+02
   0.179944558167191E-01
   0.190285281240113E+02
   0.182059602090175E-01
   0.191730721377084E+02
   0.184109813181057E-01
   0.192314179989715E+02
   0.186030684343717E-01
   0.192259071704318E+02
   0.187066740389043E-01
   0.191557378169503E+02
   0.186297390391678E-01
   0.190472168288382E+02
   0.184264030311411E-01
   0.189411685464853E+02
   0.183198794350943E-01
   0.188491687244530E+02
   0.183351372619785E-01
   0.187539009746587E+02
   0.183461848058294E-01
   0.186592443532941E+02
   0.184039318124470E-01
   0.185586566558141E+02
   0.184359610234745E-01
   0.184433969397997E+02
   0.184384886052589E-01
   0.183148760567878E+02
   0.184064663828524E-01
   0.168683329171670E+02
   0.167191285579828E-01
   0.167339773767956E+02
   0.166133385293283E-01
   0.166068872781609E+02
   0.165311726825832E-01
   0.164943423570443E+02
   0.165250902483513E-01
   0.163883818099503E+02
   0.165775070602127E-01
   0.162717903270478E+02
   0.166432998914617E-01
   0.161293916033850E+02
   0.167040446398696E-01
   0.159537457488462E+02
   0.166975455332467E-01
   0.157460160124747E+02
   0.165586318761021E-01
   0.155187174764142E+02
   0.162665916219985E-01
   0.152968978549698E+02
   0.158845350253032E-01
   0.151055238627367E+02
   0.154456071343468E-01
   0.149787466462472E+02
   0.150576734882644E-01
   0.149611370445274E+02
   0.148470160644824E-01
   0.150830288153697E+02
   0.148626525173934E-01
   0.153044395887918E+02
   0.149997606349513E-01
   0.154865391613311E+02
   0.149935825123580E-01
   0.155204694307237E+02
   0.147656770415402E-01
   0.154251364296611E+02
   0.139245626197566E-01
   0.155620503293004E+02
   0.139128553097067E-01
   0.160560181565495E+02
   0.146179327999022E-01
   0.168269393705935E+02
   0.158139862874068E-01
   0.175195444498720E+02
   0.170725426693026E-01
   0.178408293769563E+02
   0.170349199157583E-01
   0.179546976335926E+02
   0.170193664293905E-01
   0.179802877404291E+02
   0.170566102585061E-01
   0.179524081592997E+02
   0.171122876940105E-01
   0.178725867283552E+02
   0.170908585898881E-01
   0.177593489926320E+02
   0.169933155487083E-01
   0.176442317097293E+02
   0.169182925907291E-01
   0.175366031179152E+02
   0.168636430913138E-01
   0.174289035472239E+02
   0.168064731235665E-01
   0.173257113860551E+02
   0.167943331451228E-01
   0.172225592123836E+02
   0.167826990021707E-01
   0.171140793641298E+02
   0.167852162972857E-01
   0.169973093210240E+02
   0.167818210511534E-01
   0.153780119220764E+02
   0.150424216311191E-01
   0.152508430954996E+02
   0.149516012758155E-01
   0.151264442697566E+02
   0.148508014490487E-01
   0.150130953211319E+02
   0.147841353183892E-01
   0.149062203441160E+02
   0.147691968025580E-01
   0.147931432233837E+02
   0.147728845477030E-01
   0.146617887373932E+02
   0.147687811736617E-01
   0.145067548672064E+02
   0.147707393407760E-01
   0.143255996954022E+02
   0.147036109052803E-01
   0.141256719320565E+02
   0.145424899065839E-01
   0.139256074109807E+02
   0.143018749537860E-01
   0.137444473072365E+02
   0.139419531076422E-01
   0.136165381353297E+02
   0.135494210483929E-01
   0.135968543307579E+02
   0.133938433338390E-01
   0.137171814280826E+02
   0.135636274160186E-01
   0.139233481315088E+02
   0.138256609325457E-01
   0.140735611487518E+02
   0.139175205383415E-01
   0.140312892792351E+02
   0.136048868858102E-01
   0.137856326279500E+02
   0.122103878485889E-01
   0.138538838625652E+02
   0.117149840163681E-01
   0.144147855354800E+02
   0.127984787598239E-01
   0.154138010419596E+02
   0.154402717135551E-01
   0.162086431247659E+02
   0.169949560276731E-01
   0.165319335515283E+02
   0.165780682612830E-01
   0.166058914448771E+02
   0.160872664978627E-01
   0.165933069926297E+02
   0.158203100688729E-01
   0.165371415585924E+02
   0.156966362925317E-01
   0.164409680776675E+02
   0.155886061725432E-01
   0.163174922973256E+02
   0.154717607927787E-01
   0.161904647630627E+02
   0.154061083822973E-01
   0.160659107798689E+02
   0.153161512323162E-01
   0.159423115108042E+02
   0.152106614074084E-01
   0.158255743184984E+02
   0.151420428795850E-01
   0.157151651793241E+02
   0.151009393765421E-01
   0.156076116826556E+02
   0.150884951422881E-01
   0.154976824922379E+02
   0.150870041394038E-01
   0.136920625212644E+02
   0.136585968996579E-01
   0.135708154807306E+02
   0.135559165772502E-01
   0.134495608198419E+02
   0.134375165518535E-01
   0.133368656389027E+02
   0.133461803599626E-01
   0.132281816638594E+02
   0.132822377835109E-01
   0.131157226415251E+02
   0.132356831955051E-01
   0.129907019211054E+02
   0.131760507583973E-01
   0.128493099623522E+02
   0.131287473129539E-01
   0.126888802312151E+02
   0.130659733300680E-01
   0.125133963925749E+02
   0.129797820260633E-01
   0.123369568344681E+02
   0.129176643469101E-01
   0.121732986687461E+02
   0.128124369507824E-01
   0.120515381761012E+02
   0.126213023891490E-01
   0.120287469176402E+02
   0.125337946488570E-01
   0.121491900779899E+02
   0.127378282653817E-01
   0.123613724757787E+02
   0.131351554748369E-01
   0.125073104840165E+02
   0.133420642356970E-01
   0.124040177681968E+02
   0.129635879949502E-01
   0.119520568338812E+02
   0.960071075976753E-02
   0.119410949431915E+02
   0.898360912016228E-02
   0.125370648624796E+02
   0.103033514415708E-01
   0.137386299619569E+02
   0.146726098872045E-01
   0.146637301458553E+02
   0.169726767619256E-01
   0.150306951661761E+02
   0.168451386121860E-01
   0.150883639744415E+02
   0.161236405712150E-01
   0.150441481572631E+02
   0.156049500891475E-01
   0.149594917794966E+02
   0.152508493646716E-01
   0.148410917504449E+02
   0.149537155378323E-01
   0.147012794574456E+02
   0.146735585110605E-01
   0.145587932698087E+02
   0.144507152465969E-01
   0.144174171400997E+02
   0.142451894231399E-01
   0.142779779227489E+02
   0.140538024412910E-01
   0.141457328881031E+02
   0.139071411020074E-01
   0.140248116497888E+02
   0.138112885768321E-01
   0.139134552198029E+02
   0.137588581418720E-01
   0.138056638826751E+02
   0.137229807291065E-01
   0.117822864261222E+02
   0.126764678963335E-01
   0.116651192886089E+02
   0.125935929387428E-01
   0.115469364379836E+02
   0.124973002541625E-01
   0.114361818360287E+02
   0.123974586490830E-01
   0.113273109621079E+02
   0.123078019373706E-01
   0.112166441315456E+02
   0.122359669445916E-01
   0.110987251995710E+02
   0.121703163408412E-01
   0.109702099202758E+02
   0.121132166565719E-01
   0.108289067595211E+02
   0.120780991844190E-01
   0.106742444532069E+02
   0.120247235961651E-01
   0.105160570357320E+02
   0.119647787849059E-01
   0.103673395733550E+02
   0.118808222090039E-01
   0.102540610925795E+02
   0.117281791549518E-01
   0.102296338471145E+02
   0.116277547636673E-01
   0.103472925283888E+02
   0.117748048957286E-01
   0.105744522342084E+02
   0.122508011955793E-01
   0.107467655360904E+02
   0.127143680948660E-01
   0.106323271096359E+02
   0.124469183932861E-01
   0.100193164374070E+02
   0.865799287878601E-02
   0.992278201916763E+01
   0.776606426273109E-02
   0.104801131196529E+02
   0.864204627367145E-02
   0.117605818153197E+02
   0.136206145578074E-01
   0.127250207191673E+02
   0.158649965414320E-01
   0.131595122598098E+02
   0.162496887099821E-01
   0.132664890051251E+02
   0.158306735838723E-01
   0.132418117539615E+02
   0.154203698010031E-01
   0.131563369740001E+02
   0.149939938434202E-01
   0.130286459934434E+02
   0.145405603622648E-01
   0.128757832853721E+02
   0.141112482721430E-01
   0.127195186060274E+02
   0.137649037656377E-01
   0.125626419903211E+02
   0.134713055697346E-01
   0.124094121493065E+02
   0.132405880468253E-01
   0.122597717023292E+02
   0.130288145019986E-01
   0.121242393850143E+02
   0.128737416718374E-01
   0.120033880954494E+02
   0.127763165448074E-01
   0.118929453623195E+02
   0.127253921891491E-01
   0.962066811508565E+01
   0.116963353081463E-01
   0.950056402383183E+01
   0.115827021794111E-01
   0.938138367966753E+01
   0.114658918243118E-01
   0.927656133364862E+01
   0.113982306208555E-01
   0.916972858949099E+01
   0.113153401094799E-01
   0.906166410304597E+01
   0.112425014342135E-01
   0.895141894634840E+01
   0.111838853259620E-01
   0.883693593684763E+01
   0.111382614173176E-01
   0.871512841408615E+01
   0.111030423982845E-01
   0.858447101089230E+01
   0.110657180000050E-01
   0.845275781515215E+01
   0.110271537806186E-01
   0.833060371943940E+01
   0.109707245014596E-01
   0.823961409110764E+01
   0.108799318251845E-01
   0.822268695899031E+01
   0.108249453435967E-01
   0.833012271207579E+01
   0.109243989462046E-01
   0.855825174320112E+01
   0.113372295663191E-01
   0.875936903642886E+01
   0.119643100959481E-01
   0.870745378199434E+01
   0.122331485409794E-01
   0.804034136068515E+01
   0.840439329339968E-02
   0.787862498477322E+01
   0.758333961450741E-02
   0.831225191799516E+01
   0.815902901131148E-02
   0.942000284788499E+01
   0.115586574894952E-01
   0.102784877023966E+02
   0.132150772488357E-01
   0.107479276886169E+02
   0.139651541137668E-01
   0.109433434267442E+02
   0.140761493275885E-01
   0.109992531105413E+02
   0.140980286386243E-01
   0.109774861314019E+02
   0.140082754871101E-01
   0.108978432772641E+02
   0.137619647988782E-01
   0.107749285027474E+02
   0.134545565767603E-01
   0.106280608100668E+02
   0.131208570516686E-01
   0.104670337627009E+02
   0.127900140174804E-01
   0.103018481991012E+02
   0.125079133341972E-01
   0.101401004712113E+02
   0.122582220680156E-01
   0.999152813734619E+01
   0.120559787041082E-01
   0.985705951885035E+01
   0.119006396746944E-01
   0.973678185027770E+01
   0.117910921016942E-01
   0.719236196509468E+01
   0.106989335798455E-01
   0.707327455107779E+01
   0.105807874356213E-01
   0.695625143122480E+01
   0.104655023646955E-01
   0.684584395677237E+01
   0.103587631676701E-01
   0.673653757649389E+01
   0.102509840225544E-01
   0.663052316731148E+01
   0.101714558438465E-01
   0.652881710772734E+01
   0.101197634627997E-01
   0.643005553322951E+01
   0.100966273627599E-01
   0.633022294524667E+01
   0.100797494831462E-01
   0.622650468403331E+01
   0.100666362817767E-01
   0.612849458524391E+01
   0.100605334218314E-01
   0.604323068471253E+01
   0.100482535690540E-01
   0.598700757033297E+01
   0.100268862020315E-01
   0.598786251507556E+01
   0.100235347816503E-01
   0.607996140013419E+01
   0.100990545112390E-01
   0.627495611910868E+01
   0.103760236340338E-01
   0.647602525513478E+01
   0.109104972925019E-01
   0.651857710412818E+01
   0.116206888719321E-01
   0.607077929467924E+01
   0.958598808231648E-02
   0.587732329588001E+01
   0.905157812153186E-02
   0.607824255392743E+01
   0.870278888025682E-02
   0.672034946419649E+01
   0.946553801278424E-02
   0.732234563512359E+01
   0.100192211734040E-01
   0.775426373884307E+01
   0.106299698032267E-01
   0.801539099317200E+01
   0.110668388519462E-01
   0.815958296127367E+01
   0.114173419892866E-01
   0.823916849642433E+01
   0.117402904721591E-01
   0.825428323366928E+01
   0.119151795424705E-01
   0.820679318895188E+01
   0.119290034727286E-01
   0.811625587307590E+01
   0.118378340398450E-01
   0.799130148812185E+01
   0.116513323842318E-01
   0.784691278587393E+01
   0.114430636144234E-01
   0.769816621448895E+01
   0.112341900173628E-01
   0.755825622313766E+01
   0.110612378282466E-01
   0.742507195035352E+01
   0.109049654289452E-01
   0.730645111109634E+01
   0.107952406872334E-01
   0.433386941882795E+01
   0.930078119718061E-02
   0.422717344582884E+01
   0.921688766087599E-02
   0.412627241501963E+01
   0.914607961704947E-02
   0.402825038926269E+01
   0.907528555907173E-02
   0.393065779498914E+01
   0.899796167066413E-02
   0.383716132626968E+01
   0.893491326487633E-02
   0.375109064821839E+01
   0.889699947110508E-02
   0.367132597398244E+01
   0.888385327238665E-02
   0.359430954252185E+01
   0.887853196194473E-02
   0.351455575037160E+01
   0.885129645010842E-02
   0.345327462407111E+01
   0.885878931459217E-02
   0.341040163652384E+01
   0.887416954218656E-02
   0.339374177661201E+01
   0.889519390786303E-02
   0.341767558787897E+01
   0.893022954210122E-02
   0.349561242932386E+01
   0.899163427522380E-02
   0.363076715473877E+01
   0.915145891113709E-02
   0.377732811293479E+01
   0.946513835217196E-02
   0.381223668711357E+01
   0.984143123461125E-02
   0.357195128198907E+01
   0.911335011528972E-02
   0.339070386619390E+01
   0.853051921043542E-02
   0.341641292562967E+01
   0.801539513514036E-02
   0.369073762105072E+01
   0.791137663600864E-02
   0.403211643675381E+01
   0.796736169403618E-02
   0.434289033178083E+01
   0.821839282967326E-02
   0.457688438568313E+01
   0.847958326727239E-02
   0.474926026434950E+01
   0.875010160118359E-02
   0.488592227424450E+01
   0.908385255456496E-02
   0.497747731334655E+01
   0.938662841425486E-02
   0.501434395754953E+01
   0.959614078578414E-02
   0.499707426659202E+01
   0.968457106255138E-02
   0.493337055503924E+01
   0.966507352545948E-02
   0.483770710155909E+01
   0.958258741543865E-02
   0.472930838967607E+01
   0.948559892465334E-02
   0.462791123745547E+01
   0.943134406826158E-02
   0.452838232888183E+01
   0.938747460319060E-02
   0.443083708916681E+01
   0.934350762126972E-02
   0.785940054641964E+00
   0.728270996321319E-02
   0.719168950067418E+00
   0.727890142370317E-02
   0.649327247070489E+00
   0.726032268735772E-02
   0.576777801451519E+00
   0.723044740930028E-02
   0.502229477397346E+00
   0.718579151406208E-02
   0.431533789577007E+00
   0.713927335516258E-02
   0.369154345108369E+00
   0.710483532831624E-02
   0.313296054244827E+00
   0.708099465910879E-02
   0.262197294118811E+00
   0.705981080800911E-02
   0.222411306877193E+00
   0.704729765634467E-02
   0.203644706895429E+00
   0.706082473691600E-02
   0.202371499450004E+00
   0.708025371988245E-02
   0.219935845748669E+00
   0.710467964806031E-02
   0.260119973024440E+00
   0.713546090412043E-02
   0.323759076848952E+00
   0.717980889472184E-02
   0.403799822893429E+00
   0.726806834494739E-02
   0.484746305565942E+00
   0.747010273342161E-02
   0.502050192808657E+00
   0.768289782669835E-02
   0.377154599023990E+00
   0.741639641634597E-02
   0.230717940036691E+00
   0.703935343719417E-02
   0.159238993569350E+00
   0.667346255359243E-02
   0.221315938350914E+00
   0.646631271257688E-02
   0.354371624141312E+00
   0.635855698343942E-02
   0.510924797680407E+00
   0.634361057901537E-02
   0.658296795463565E+00
   0.637449999347831E-02
   0.792085325388353E+00
   0.644776819228756E-02
   0.917009104623810E+00
   0.659705243874596E-02
   0.102562369317966E+01
   0.680422875478969E-02
   0.110321142334506E+01
   0.701273218459247E-02
   0.113893813931194E+01
   0.716009779328521E-02
   0.113407333418785E+01
   0.723736032215822E-02
   0.109774023940630E+01
   0.726495156402936E-02
   0.104180259464387E+01
   0.726065761940899E-02
   0.982305882567926E+00
   0.726760282965012E-02
   0.920540832767490E+00
   0.727917244898019E-02
   0.851784611072505E+00
   0.727642566439684E-02
  -0.376261765122605E+01
   0.489558585599715E-02
  -0.379145842214857E+01
   0.490960721259567E-02
  -0.382526880841276E+01
   0.490294912448518E-02
  -0.386284786374268E+01
   0.487789035982816E-02
  -0.390182193102034E+01
   0.483826132972838E-02
  -0.393325978943413E+01
   0.479648189762785E-02
  -0.395352307200312E+01
   0.476281259651692E-02
  -0.396121117063361E+01
   0.474436197038229E-02
  -0.395731134193801E+01
   0.473806714338428E-02
  -0.394161266389265E+01
   0.474173571400020E-02
  -0.391496205263955E+01
   0.474741195956266E-02
  -0.388114156980056E+01
   0.475435051626967E-02
  -0.384166044520883E+01
   0.476877283080213E-02
  -0.379670949244385E+01
   0.479820905722495E-02
  -0.375164430649499E+01
   0.484465992019654E-02
  -0.371466292657359E+01
   0.491978158464808E-02
  -0.369873571960799E+01
   0.503077533034111E-02
  -0.372561213202543E+01
   0.513734875593532E-02
  -0.380601405786853E+01
   0.514180130867097E-02
  -0.391191355522659E+01
   0.504034537707553E-02
  -0.400497315737248E+01
   0.487422314148051E-02
  -0.405909919366099E+01
   0.469414743695302E-02
  -0.407228747235074E+01
   0.453531319247168E-02
  -0.404885124801179E+01
   0.442367023432786E-02
  -0.399776966846776E+01
   0.437234530590342E-02
  -0.392626371477805E+01
   0.438795521781606E-02
  -0.384262135946620E+01
   0.446157265201195E-02
  -0.376124196582656E+01
   0.456841821801619E-02
  -0.369534032566712E+01
   0.468139852513541E-02
  -0.365412035871230E+01
   0.477094593277358E-02
  -0.363983903767723E+01
   0.481962618217861E-02
  -0.364735927254351E+01
   0.483467166674569E-02
  -0.366754543018876E+01
   0.483488682406814E-02
  -0.369147487528336E+01
   0.483986377117074E-02
  -0.371490646785225E+01
   0.485263813674065E-02
  -0.373779955707810E+01
   0.487178693835042E-02
  -0.998833626358262E+01
   0.274345240596727E-02
  -0.993144688223062E+01
   0.276863595976331E-02
  -0.988213966607069E+01
   0.278015606787757E-02
  -0.983532788922153E+01
   0.278251356324345E-02
  -0.977483292530508E+01
   0.279484731889214E-02
  -0.969433164103307E+01
   0.282323099008891E-02
  -0.958819525518989E+01
   0.287327734302160E-02
  -0.945160849193326E+01
   0.295023432651296E-02
  -0.930717519753146E+01
   0.303316358879002E-02
  -0.916016015610506E+01
   0.311896664031515E-02
  -0.901982331200977E+01
   0.320155039538247E-02
  -0.889764609169469E+01
   0.327639627969609E-02
  -0.878418498778705E+01
   0.336146065960438E-02
  -0.872357812042388E+01
   0.340482076962231E-02
  -0.871579333961860E+01
   0.341230233579661E-02
  -0.876509086831685E+01
   0.338330341722730E-02
  -0.888005375676457E+01
   0.331013603076523E-02
  -0.907312900923957E+01
   0.317679636800393E-02
  -0.928346656921086E+01
   0.305228278378889E-02
  -0.950541486346074E+01
   0.293166183700387E-02
  -0.972683290844687E+01
   0.281547023843561E-02
  -0.994354500282280E+01
   0.269560004606649E-02
  -0.101457211696622E+02
   0.257659510116995E-02
  -0.102834798362058E+02
   0.250032338047581E-02
  -0.103642115578597E+02
   0.246011238779264E-02
  -0.103987833075225E+02
   0.244815233825499E-02
  -0.104009355609266E+02
   0.245518738106579E-02
  -0.103856098035442E+02
   0.247124099077792E-02
  -0.103629937059583E+02
   0.248967133667743E-02
  -0.103403192091131E+02
   0.250563230275256E-02
  -0.103188068319204E+02
   0.251881877246671E-02
  -0.102949164262214E+02
   0.253277904208113E-02
  -0.102647156134633E+02
   0.255139187344583E-02
  -0.102211888967476E+02
   0.258084874874434E-02
  -0.101561126074626E+02
   0.262764525220207E-02
  -0.100604730856666E+02
   0.269853733352979E-02
