   0.199109699666062E+01
   0.416678237879465E-02
   0.891981594195959E+00
   0.397894197836678E-02
   0.174663153730089E+00
   0.383632431153184E-02
  -0.237516748079098E+00
   0.373300475555890E-02
  -0.323877925685651E+00
   0.366898909567066E-02
   0.463547964847586E-01
   0.364894556623853E-02
  -0.440228192462749E+00
   0.369237290905646E-02
  -0.407588230768734E+00
   0.378637230881612E-02
   0.119844070200248E+00
   0.393192772873938E-02
   0.114255794930731E+01
   0.413051639042979E-02
   0.266905111875499E+01
   0.438225095053010E-02
   0.492589090773477E+01
   0.467940329118478E-02
   0.817320318710080E+01
   0.501067256571102E-02
   0.110239917662603E+02
   0.535739745927270E-02
   0.135932182382281E+02
   0.570058901341994E-02
   0.159052729034846E+02
   0.602488894772604E-02
   0.178682508878709E+02
   0.631942719461426E-02
   0.194603880926448E+02
   0.657728869550138E-02
   0.206982531037359E+02
   0.679457842429675E-02
   0.216168846710074E+02
   0.697141206437780E-02
   0.222564889978159E+02
   0.711168790154173E-02
   0.226520207968804E+02
   0.721795741051897E-02
   0.228245111210512E+02
   0.728986532592499E-02
   0.227749595998130E+02
   0.732395134242273E-02
   0.224844849472489E+02
   0.731387341532748E-02
   0.219197031918957E+02
   0.725360989176390E-02
   0.210358233420446E+02
   0.714027094888188E-02
   0.197759917010299E+02
   0.697199083302755E-02
   0.180684863384247E+02
   0.674757049844019E-02
   0.158242746667383E+02
   0.646856096162561E-02
   0.129376581290407E+02
   0.614170413988575E-02
   0.928979485586550E+01
   0.578008061231138E-02
   0.646003971146044E+01
   0.540317474395173E-02
   0.438619945481592E+01
   0.503479571125399E-02
   0.298240315713549E+01
   0.469749186739457E-02
   0.219135246252912E+01
   0.440645036657771E-02
   0.495891647196280E+01
   0.524114917870647E-02
   0.554485620895834E+01
   0.504948741336528E-02
   0.533361583533332E+01
   0.487843586071966E-02
   0.451458180827447E+01
   0.470257860191852E-02
   0.293617250697977E+01
   0.456851807437206E-02
   0.221058366204451E+01
   0.450552103613229E-02
   0.197483487090818E+01
   0.450834270225131E-02
   0.220017357951534E+01
   0.458338581026662E-02
   0.293866377813607E+01
   0.471874803459857E-02
   0.436694082253267E+01
   0.489736924765568E-02
   0.462524942183681E+01
   0.514770771798280E-02
   0.549680413077625E+01
   0.544590966021122E-02
   0.706383095657712E+01
   0.589603508692225E-02
   0.923225637579945E+01
   0.641647853886312E-02
   0.121279754719521E+02
   0.691967510975276E-02
   0.160804980987088E+02
   0.738460719817079E-02
   0.187863253977894E+02
   0.780218712825462E-02
   0.205858987469664E+02
   0.815683657755024E-02
   0.217285657911693E+02
   0.841027181800992E-02
   0.224103415477826E+02
   0.855533639668772E-02
   0.228001938910558E+02
   0.867947171205308E-02
   0.230415481699859E+02
   0.881143065942241E-02
   0.232318578624550E+02
   0.895449788691634E-02
   0.233713912037355E+02
   0.910105723775785E-02
   0.233754095008259E+02
   0.918845294503024E-02
   0.231682630798774E+02
   0.916348965279524E-02
   0.227040049279878E+02
   0.906571173442934E-02
   0.219476466977092E+02
   0.890842272382651E-02
   0.208423999904104E+02
   0.867175854970710E-02
   0.192743226264882E+02
   0.833248610040148E-02
   0.170763226556051E+02
   0.788504447229225E-02
   0.140772007890833E+02
   0.735598069662839E-02
   0.101405832352997E+02
   0.676878960792106E-02
   0.759308194715161E+01
   0.621450830324038E-02
   0.602076795726231E+01
   0.577630131981847E-02
   0.516844039228400E+01
   0.547118804143759E-02
   0.744729036224649E+01
   0.690937673592404E-02
   0.707551101107525E+01
   0.672089057370804E-02
   0.659049625793071E+01
   0.651880833324047E-02
   0.593171527628154E+01
   0.616589110846924E-02
   0.521116467679506E+01
   0.583395360088330E-02
   0.478759347273729E+01
   0.575799148497151E-02
   0.465998760220005E+01
   0.581891345843966E-02
   0.484174907073170E+01
   0.598110996024651E-02
   0.533586968234159E+01
   0.619438270979957E-02
   0.620659866346469E+01
   0.645293224202499E-02
   0.758936460837082E+01
   0.666136234426756E-02
   0.794763443969492E+01
   0.646808972602387E-02
   0.951764432235808E+01
   0.702646246190051E-02
   0.116600965278375E+02
   0.768408637910066E-02
   0.143827646128253E+02
   0.815422463104204E-02
   0.180939716598780E+02
   0.862454361937594E-02
   0.204097455744568E+02
   0.912990175821866E-02
   0.217898108579899E+02
   0.965916996645945E-02
   0.224915896897712E+02
   0.996374657450073E-02
   0.227171976165757E+02
   0.983369140736468E-02
   0.226836794246311E+02
   0.987053535377820E-02
   0.226355814576388E+02
   0.100144183311506E-01
   0.228377542010234E+02
   0.102250857826945E-01
   0.232595491861280E+02
   0.106247068979663E-01
   0.235485558555283E+02
   0.109205895746021E-01
   0.235587997467300E+02
   0.107818669631944E-01
   0.232844221190280E+02
   0.106362650096917E-01
   0.227785086203567E+02
   0.105248956562449E-01
   0.220782289601882E+02
   0.103274484987423E-01
   0.210442345480664E+02
   0.995358353835827E-02
   0.193498303478560E+02
   0.937983994816172E-02
   0.166915012078606E+02
   0.880392845449872E-02
   0.127711233644543E+02
   0.807569861191898E-02
   0.103296527722519E+02
   0.749309786813838E-02
   0.888608582932933E+01
   0.720942078180113E-02
   0.801025551016573E+01
   0.710564983224472E-02
   0.102353162529374E+02
   0.901440517250713E-02
   0.968078736192893E+01
   0.868916077079642E-02
   0.911443584891507E+01
   0.835145584402823E-02
   0.852343670376571E+01
   0.801270672899561E-02
   0.795165260392081E+01
   0.763091505629938E-02
   0.757506192776187E+01
   0.745521837517793E-02
   0.742758062726258E+01
   0.749321435052156E-02
   0.749104210171173E+01
   0.761112434718079E-02
   0.775281667229102E+01
   0.771981698783549E-02
   0.823163059286338E+01
   0.771745821692364E-02
   0.898164170478019E+01
   0.776167738710358E-02
   0.101006352151844E+02
   0.752201114780363E-02
   0.128977373864416E+02
   0.832148386810061E-02
   0.153423309724706E+02
   0.869740903580796E-02
   0.177395614675693E+02
   0.895570489019955E-02
   0.201021364263655E+02
   0.933380679777048E-02
   0.217713542583705E+02
   0.980530507333626E-02
   0.226724173294860E+02
   0.102629670833398E-01
   0.229266519691509E+02
   0.105226036183345E-01
   0.226769806300440E+02
   0.105742212475009E-01
   0.221283167030086E+02
   0.106961937686901E-01
   0.216058560912284E+02
   0.107743609989381E-01
   0.218530666522287E+02
   0.109608536763257E-01
   0.228422815666843E+02
   0.117870704571079E-01
   0.234552390864556E+02
   0.120440980659738E-01
   0.235959038433340E+02
   0.117822503794824E-01
   0.233498156119323E+02
   0.119046307811152E-01
   0.229089999460093E+02
   0.116268514953241E-01
   0.225578993011079E+02
   0.113870201704464E-01
   0.221507214090750E+02
   0.111159555905117E-01
   0.210185126694820E+02
   0.106847213718002E-01
   0.187773294551031E+02
   0.101716571214832E-01
   0.151326382905977E+02
   0.963877946701772E-02
   0.129454416270211E+02
   0.932325890869914E-02
   0.116781340132928E+02
   0.924585978665398E-02
   0.108584350276631E+02
   0.916599849536111E-02
   0.127549853037165E+02
   0.111870344753136E-01
   0.121583529481316E+02
   0.106931795041373E-01
   0.115777999113149E+02
   0.101712508792444E-01
   0.110348621098530E+02
   0.975926331472797E-02
   0.105471286198598E+02
   0.939411216245590E-02
   0.101876210313567E+02
   0.915469108422451E-02
   0.998511143439394E+01
   0.906754286217857E-02
   0.993260869555063E+01
   0.905419684072271E-02
   0.100231075734438E+02
   0.902381896689160E-02
   0.102846564661545E+02
   0.893272813472814E-02
   0.107918432964305E+02
   0.869943242220057E-02
   0.118460568140691E+02
   0.854188460424141E-02
   0.145335889334834E+02
   0.925601779355317E-02
   0.171079786142413E+02
   0.942302979529440E-02
   0.193571958840272E+02
   0.956012219386450E-02
   0.213491441213831E+02
   0.993380423367765E-02
   0.226888873508895E+02
   0.104855102697173E-01
   0.232124136410994E+02
   0.109941013303619E-01
   0.230802944438619E+02
   0.111769399987950E-01
   0.223697379842642E+02
   0.111252107471638E-01
   0.212396206039680E+02
   0.113748134682427E-01
   0.198821947336482E+02
   0.112215526764450E-01
   0.201856018010300E+02
   0.116462029970405E-01
   0.223129639203664E+02
   0.127436405055758E-01
   0.232170241759300E+02
   0.125017114177345E-01
   0.233959157550414E+02
   0.126260722384913E-01
   0.230228262574421E+02
   0.128061184456716E-01
   0.224240895650968E+02
   0.124664546195182E-01
   0.223921369058113E+02
   0.120327769272047E-01
   0.228414546731503E+02
   0.118960894775892E-01
   0.223100379682904E+02
   0.115311904983740E-01
   0.204786501344284E+02
   0.112054690926542E-01
   0.171140797492331E+02
   0.110737720752124E-01
   0.151917871938774E+02
   0.109929445159554E-01
   0.141051507217541E+02
   0.113042066511943E-01
   0.133748972779421E+02
   0.114428008632255E-01
   0.148964805861787E+02
   0.129978632589557E-01
   0.142995822627444E+02
   0.122998645620597E-01
   0.137428785570189E+02
   0.116608336494138E-01
   0.132530797353119E+02
   0.112164295776933E-01
   0.128309288009825E+02
   0.108942021926110E-01
   0.124966474708472E+02
   0.106446403360782E-01
   0.122632697501008E+02
   0.104622029424007E-01
   0.121321765026340E+02
   0.103264164700355E-01
   0.121091533896716E+02
   0.101919589339026E-01
   0.122316712286680E+02
   0.100913176076501E-01
   0.125668981014519E+02
   0.995910473141561E-02
   0.133259641419496E+02
   0.966264626348021E-02
   0.150887214905691E+02
   0.977850514028536E-02
   0.179722361366691E+02
   0.101327451135813E-01
   0.201361468625670E+02
   0.101901854191731E-01
   0.220816517934543E+02
   0.106460052238440E-01
   0.232798597067706E+02
   0.113298125704158E-01
   0.234586847700060E+02
   0.118763372987157E-01
   0.230037351953110E+02
   0.117982781397041E-01
   0.218688512381739E+02
   0.119154947578483E-01
   0.201931091817817E+02
   0.120474460844817E-01
   0.193544241629563E+02
   0.120479017681307E-01
   0.197453225096492E+02
   0.123164130580029E-01
   0.219824699400401E+02
   0.131233559990818E-01
   0.228998042992737E+02
   0.130494025198700E-01
   0.230299358137763E+02
   0.133954838615220E-01
   0.224005673882668E+02
   0.134001602405639E-01
   0.213147194591542E+02
   0.129459903884893E-01
   0.215602580730798E+02
   0.123904574695251E-01
   0.233141087278373E+02
   0.123417073948613E-01
   0.233587465788683E+02
   0.121650911620018E-01
   0.218918099413600E+02
   0.120573495001758E-01
   0.187773029791621E+02
   0.124879619734940E-01
   0.171044457740839E+02
   0.128074730944527E-01
   0.161764566733515E+02
   0.134417174479215E-01
   0.155079198758131E+02
   0.134656411922714E-01
   0.166658178359334E+02
   0.142488169008647E-01
   0.160971554423736E+02
   0.134446009414804E-01
   0.155906330674097E+02
   0.128173547395339E-01
   0.151619200243232E+02
   0.124254888819607E-01
   0.147980258502822E+02
   0.121627135358975E-01
   0.144950439753789E+02
   0.119347504106054E-01
   0.142538592852910E+02
   0.117084781113151E-01
   0.140788762984935E+02
   0.114974905551621E-01
   0.139854628430504E+02
   0.113304179785013E-01
   0.140136256143967E+02
   0.112799606266666E-01
   0.142121820711647E+02
   0.112514885798797E-01
   0.147112978218832E+02
   0.109073497270886E-01
   0.158914679636315E+02
   0.104112570552881E-01
   0.183504544226891E+02
   0.105047228681872E-01
   0.203228299946250E+02
   0.108191322603247E-01
   0.224408775661695E+02
   0.112212853644742E-01
   0.236352543398927E+02
   0.123407434549954E-01
   0.234112220075515E+02
   0.129803343590355E-01
   0.227137788281046E+02
   0.127359239888750E-01
   0.211778916761891E+02
   0.128307674379523E-01
   0.200840407151151E+02
   0.131606441214840E-01
   0.195719969973724E+02
   0.133176153046243E-01
   0.198826734133431E+02
   0.130973208867164E-01
   0.216692845353821E+02
   0.134606134712581E-01
   0.224390572161310E+02
   0.136343945349279E-01
   0.225195645081650E+02
   0.137619945948596E-01
   0.215745249785369E+02
   0.138159125305802E-01
   0.210497859747295E+02
   0.134281809140477E-01
   0.215575713686920E+02
   0.129072647149258E-01
   0.237899182108839E+02
   0.123801158511308E-01
   0.242202569353057E+02
   0.125227382552680E-01
   0.230567072094234E+02
   0.127914720893593E-01
   0.201752255250235E+02
   0.138728245327748E-01
   0.187262698461460E+02
   0.147997652368657E-01
   0.178967560487203E+02
   0.153005443928790E-01
   0.172623055654591E+02
   0.149614179860870E-01
   0.181155811678258E+02
   0.151478661462094E-01
   0.176010223075648E+02
   0.144872604430583E-01
   0.171579354145410E+02
   0.140373529718014E-01
   0.167890217647031E+02
   0.137816434222341E-01
   0.164743028646917E+02
   0.135546887764095E-01
   0.162030667287235E+02
   0.133219001267544E-01
   0.159685571893379E+02
   0.130525423957345E-01
   0.157737759406241E+02
   0.127806108494760E-01
   0.156360317940890E+02
   0.125643353180681E-01
   0.155920723643812E+02
   0.125118005746791E-01
   0.156778483489507E+02
   0.125194921107405E-01
   0.159683306133678E+02
   0.120988245857804E-01
   0.167099873375324E+02
   0.113695042924464E-01
   0.182724433724189E+02
   0.109506149919975E-01
   0.199508694497157E+02
   0.115968774571284E-01
   0.225217978087719E+02
   0.119078999737637E-01
   0.238489585386681E+02
   0.134045018120279E-01
   0.230374397390747E+02
   0.144291125485848E-01
   0.222300832141803E+02
   0.140353157147544E-01
   0.212360307148293E+02
   0.138903970287522E-01
   0.204864224692096E+02
   0.147449923060095E-01
   0.201228040380440E+02
   0.147832809887446E-01
   0.202849624131822E+02
   0.141398007571623E-01
   0.211895861031094E+02
   0.137722690152037E-01
   0.217629193358199E+02
   0.139111214023749E-01
   0.218906930349821E+02
   0.142929460017674E-01
   0.214982239546846E+02
   0.144950604100554E-01
   0.213097934474532E+02
   0.144743981616628E-01
   0.218958670994347E+02
   0.136860741632093E-01
   0.242021676889481E+02
   0.123104321042684E-01
   0.248982896716232E+02
   0.128595188664724E-01
   0.239938026445816E+02
   0.135247186374683E-01
   0.213584771292756E+02
   0.154800141369399E-01
   0.200628925084927E+02
   0.164409689898906E-01
   0.192734945639204E+02
   0.162717746691503E-01
   0.186732050753631E+02
   0.158310135304883E-01
   0.193045957956424E+02
   0.162795390608103E-01
   0.188547369402895E+02
   0.159051487237007E-01
   0.184697338862786E+02
   0.156134101339448E-01
   0.181502460624376E+02
   0.154383329624700E-01
   0.178787728746314E+02
   0.152670509076181E-01
   0.176411917241603E+02
   0.150927529087984E-01
   0.174245776494456E+02
   0.148851750665014E-01
   0.172259448762269E+02
   0.146644509404381E-01
   0.170578740547469E+02
   0.144568104506247E-01
   0.169467313454724E+02
   0.142432356182958E-01
   0.169283672777000E+02
   0.139551419141933E-01
   0.170674869705805E+02
   0.132908170378754E-01
   0.175359294139019E+02
   0.125327121816618E-01
   0.186517705226861E+02
   0.119583592160011E-01
   0.199767811990788E+02
   0.119510112577642E-01
   0.224075404508689E+02
   0.120061087870908E-01
   0.240445902263005E+02
   0.140436534793823E-01
   0.232286202665705E+02
   0.158794167209783E-01
   0.223950974929566E+02
   0.153412439400534E-01
   0.217292741124632E+02
   0.148691902560935E-01
   0.210705909339306E+02
   0.158957559823632E-01
   0.207589547283897E+02
   0.158058665439499E-01
   0.208313728850829E+02
   0.151548963334520E-01
   0.213335099914423E+02
   0.148975014833783E-01
   0.218122461156314E+02
   0.148388519721100E-01
   0.219810544141928E+02
   0.152964011220755E-01
   0.218409844598809E+02
   0.155139738821646E-01
   0.217943419236315E+02
   0.155020774118254E-01
   0.223194567613737E+02
   0.144133241462559E-01
   0.244678431941654E+02
   0.125147741409428E-01
   0.253899870500777E+02
   0.134029734594934E-01
   0.247141170274522E+02
   0.143613395500298E-01
   0.223150443688267E+02
   0.170109292031378E-01
   0.211125413936067E+02
   0.173602495212070E-01
   0.203546221677322E+02
   0.168467949319554E-01
   0.198032232155381E+02
   0.166552763050250E-01
   0.202773493471666E+02
   0.175050530407308E-01
   0.198858748389796E+02
   0.172638264234269E-01
   0.195491052021727E+02
   0.170473205116043E-01
   0.192701596441366E+02
   0.169049081373706E-01
   0.190364501948739E+02
   0.168014471714101E-01
   0.188305916472338E+02
   0.167091256404400E-01
   0.186334902332904E+02
   0.165847643676123E-01
   0.184330423199948E+02
   0.164038281448440E-01
   0.182370086530717E+02
   0.161937024050260E-01
   0.180679555427690E+02
   0.158927782660329E-01
   0.179652161832692E+02
   0.154698177354393E-01
   0.179947819117714E+02
   0.147768282301485E-01
   0.183005120142908E+02
   0.136367433356059E-01
   0.192432713527407E+02
   0.130799238454194E-01
   0.201904455263133E+02
   0.129709584259613E-01
   0.220190976463905E+02
   0.124462610179196E-01
   0.242313749791551E+02
   0.144722992858674E-01
   0.237065843445749E+02
   0.168475610321026E-01
   0.228242610803794E+02
   0.170606300807958E-01
   0.224660568074638E+02
   0.156640606348013E-01
   0.216580682666019E+02
   0.170093790892240E-01
   0.213640387317152E+02
   0.168011563163824E-01
   0.213760238081534E+02
   0.164266531769751E-01
   0.216959533055510E+02
   0.160985227167642E-01
   0.221794302749388E+02
   0.160710727269491E-01
   0.223738454925147E+02
   0.165965750520984E-01
   0.223551326053159E+02
   0.166974411180771E-01
   0.223349153802095E+02
   0.165003245167798E-01
   0.227103604190932E+02
   0.152952951412089E-01
   0.245108258295741E+02
   0.133835314107287E-01
   0.256996181822498E+02
   0.142476552516215E-01
   0.252299103370436E+02
   0.153325642874827E-01
   0.230685418738319E+02
   0.184207337614509E-01
   0.219423828373533E+02
   0.184904075691284E-01
   0.212200101412633E+02
   0.178066824778532E-01
   0.207151419802631E+02
   0.177114014079449E-01
   0.210730733848787E+02
   0.187131004651822E-01
   0.207254239073800E+02
   0.185024941655290E-01
   0.204258057365161E+02
   0.183233678154350E-01
   0.201790015888644E+02
   0.182129466631133E-01
   0.199767031775776E+02
   0.181954764523303E-01
   0.197978806512797E+02
   0.181913312949643E-01
   0.196180210409728E+02
   0.181511827917485E-01
   0.194154349607797E+02
   0.179942147036536E-01
   0.191930638446699E+02
   0.177312956777554E-01
   0.189746039996388E+02
   0.173038430019468E-01
   0.188058303591715E+02
   0.167270126195589E-01
   0.187575039436185E+02
   0.159374318557473E-01
   0.189758404924220E+02
   0.148474272036488E-01
   0.199653173526626E+02
   0.141882867704943E-01
   0.205217081612603E+02
   0.148274086707936E-01
   0.219840040288066E+02
   0.134209177153197E-01
   0.244346133105371E+02
   0.147007163116887E-01
   0.244550853767404E+02
   0.169705599813114E-01
   0.232975063635289E+02
   0.185683631889977E-01
   0.227093084073087E+02
   0.173647667492419E-01
   0.221601566695148E+02
   0.181718429115628E-01
   0.219249485161459E+02
   0.180191365000624E-01
   0.219111739289712E+02
   0.175988794852770E-01
   0.221550185797913E+02
   0.170331856055889E-01
   0.227493927637840E+02
   0.167061486898084E-01
   0.229304441234338E+02
   0.178211959292245E-01
   0.229701735661072E+02
   0.177585581937486E-01
   0.229206634087471E+02
   0.175779281629800E-01
   0.231074585062829E+02
   0.165073199738303E-01
   0.242609413342964E+02
   0.153761538210035E-01
   0.258580638268279E+02
   0.154400192219734E-01
   0.255655914835094E+02
   0.165272253762594E-01
   0.236426421877065E+02
   0.198270171694963E-01
   0.225985409455024E+02
   0.196416112901672E-01
   0.219235995663166E+02
   0.189359983755855E-01
   0.214626304936933E+02
   0.188738085282085E-01
   0.217024753841032E+02
   0.197699487923171E-01
   0.213859629730355E+02
   0.195562796949220E-01
   0.211137675376390E+02
   0.194028697034401E-01
   0.208908090859634E+02
   0.193413299512202E-01
   0.207106548895859E+02
   0.193993067594684E-01
   0.205505870473006E+02
   0.194727043590108E-01
   0.203820003621633E+02
   0.195010226470897E-01
   0.201750870420825E+02
   0.193488200173786E-01
   0.199294372378878E+02
   0.189977537643086E-01
   0.196748886996691E+02
   0.184319209023369E-01
   0.194643981730864E+02
   0.177035996156394E-01
   0.193739629249499E+02
   0.168963668610671E-01
   0.195296521288065E+02
   0.162118252794780E-01
   0.201941469049310E+02
   0.158050675613382E-01
   0.208436681653194E+02
   0.165434454652248E-01
   0.221278450033519E+02
   0.150143521927016E-01
   0.245980171271814E+02
   0.153976718528708E-01
   0.248887494441380E+02
   0.169463241529341E-01
   0.237309146988549E+02
   0.191613445062899E-01
   0.230391446329114E+02
   0.187106568992633E-01
   0.225991151176167E+02
   0.188817064876305E-01
   0.224277301487085E+02
   0.191175794590545E-01
   0.224172509111262E+02
   0.187082806086641E-01
   0.226375844389272E+02
   0.179744916765520E-01
   0.235052256285738E+02
   0.166854563211825E-01
   0.235690502261575E+02
   0.181148247357500E-01
   0.236648913370941E+02
   0.182549507221534E-01
   0.235475963083545E+02
   0.187542857332828E-01
   0.235445522175331E+02
   0.179941150725815E-01
   0.242865782307563E+02
   0.169801986317125E-01
   0.259120146360846E+02
   0.164291036116375E-01
   0.257352069188043E+02
   0.177524994404406E-01
   0.240458713670705E+02
   0.210961607678082E-01
   0.230977105407420E+02
   0.206683142936127E-01
   0.224788871858885E+02
   0.199970152587678E-01
   0.220562237127723E+02
   0.199263006927242E-01
   0.221738314734750E+02
   0.207170446266252E-01
   0.218789621380732E+02
   0.205003124475715E-01
   0.216250730750205E+02
   0.203569253998836E-01
   0.214158097364277E+02
   0.203137375051145E-01
   0.212455205629566E+02
   0.203678021125804E-01
   0.210931689657568E+02
   0.204537429107417E-01
   0.209284696026225E+02
   0.204973045159337E-01
   0.207161125271876E+02
   0.203202447660661E-01
   0.204541542291769E+02
   0.198896698141623E-01
   0.201814295003378E+02
   0.192566922283472E-01
   0.199571943859243E+02
   0.185276488881497E-01
   0.198570427843125E+02
   0.179429298556476E-01
   0.199746258388050E+02
   0.175968865438406E-01
   0.204539350554467E+02
   0.168782924755447E-01
   0.211210759776795E+02
   0.174098772777182E-01
   0.223335972773282E+02
   0.169580916261142E-01
   0.247012333009839E+02
   0.168882523845262E-01
   0.251277287184521E+02
   0.172925892275769E-01
   0.241403768295490E+02
   0.188974088538840E-01
   0.233666682389688E+02
   0.199644062954743E-01
   0.229823101937456E+02
   0.198963217159605E-01
   0.228605389281656E+02
   0.201812284421909E-01
   0.228671418650310E+02
   0.198381279245132E-01
   0.230706349303778E+02
   0.191415141651937E-01
   0.239039555750094E+02
   0.174047478845721E-01
   0.242709033503570E+02
   0.183037380545666E-01
   0.244664765429783E+02
   0.181104959929341E-01
   0.242017375939840E+02
   0.194969783086168E-01
   0.239916986882118E+02
   0.196001773474616E-01
   0.244359373857878E+02
   0.184671724048872E-01
   0.258702975955933E+02
   0.171352487880272E-01
   0.257432557035275E+02
   0.187374229556264E-01
   0.242830544208283E+02
   0.216615279058663E-01
   0.234503980520499E+02
   0.214091816762525E-01
   0.228941027890917E+02
   0.209853956788331E-01
   0.225022419957968E+02
   0.208835163321053E-01
   0.224929155208866E+02
   0.215423174406208E-01
   0.222121899904703E+02
   0.213335383606344E-01
   0.219683205656779E+02
   0.211853260684814E-01
   0.217628403454274E+02
   0.210881074771391E-01
   0.215914929645351E+02
   0.210390119521292E-01
   0.214371840116477E+02
   0.210585494453232E-01
   0.212708015377621E+02
   0.210920162283847E-01
   0.210539927668561E+02
   0.209237230756790E-01
   0.207850495660160E+02
   0.204852918920242E-01
   0.205122720770093E+02
   0.199333243227843E-01
   0.202973827420023E+02
   0.194001365405594E-01
   0.202070231262253E+02
   0.190366806927010E-01
   0.203010513798024E+02
   0.186347310777057E-01
   0.206799584540892E+02
   0.179185111140827E-01
   0.213433021796245E+02
   0.183361043088486E-01
   0.225162809732475E+02
   0.188917723283337E-01
   0.247225943898060E+02
   0.179067886741939E-01
   0.252149168650434E+02
   0.173840497635744E-01
   0.246083146065297E+02
   0.180849429152229E-01
   0.236293731327566E+02
   0.205318440384689E-01
   0.232923781369022E+02
   0.209713328814965E-01
   0.232092786679593E+02
   0.211225825115936E-01
   0.232391359201448E+02
   0.208557078804442E-01
   0.234257492935247E+02
   0.205816292858487E-01
   0.239652492207895E+02
   0.188713812578240E-01
   0.245564110472144E+02
   0.188936017715765E-01
   0.248974380159625E+02
   0.185433167415321E-01
   0.248937761770884E+02
   0.194164370288053E-01
   0.244098635331358E+02
   0.212128984093503E-01
   0.246109455943011E+02
   0.201097738022379E-01
   0.257354479813070E+02
   0.180512802559179E-01
   0.255678101590993E+02
   0.198591375596759E-01
   0.243820532667993E+02
   0.221844617668610E-01
   0.236730273961765E+02
   0.221517359012223E-01
   0.231746150953492E+02
   0.219023798942242E-01
   0.228048775957744E+02
   0.217321052816180E-01
   0.226644712108676E+02
   0.221236744249475E-01
   0.223921130159400E+02
   0.219437970869268E-01
   0.221524683887535E+02
   0.217945595479481E-01
   0.219457767323719E+02
   0.216245719938815E-01
   0.217683067090433E+02
   0.214653891891134E-01
   0.216076671058041E+02
   0.214484123641622E-01
   0.214351363963745E+02
   0.214951304769799E-01
   0.212127048541313E+02
   0.213293093560907E-01
   0.209435473022820E+02
   0.209010331233571E-01
   0.206815400444661E+02
   0.204479551199638E-01
   0.204871550550259E+02
   0.201022379052447E-01
   0.204156734373664E+02
   0.198242069159174E-01
   0.205023502899347E+02
   0.192404401790453E-01
   0.208324296228030E+02
   0.185776266751042E-01
   0.214914822959459E+02
   0.191646868870882E-01
   0.226176040318824E+02
   0.201067656680683E-01
   0.246354324646827E+02
   0.179982062831730E-01
   0.251655806528851E+02
   0.173483553060714E-01
   0.247811265174657E+02
   0.177215630825940E-01
   0.237906475021018E+02
   0.207398177254397E-01
   0.235090994585772E+02
   0.216677300090126E-01
   0.234637521882284E+02
   0.218576952368145E-01
   0.235221890138741E+02
   0.216885448248544E-01
   0.236872088952315E+02
   0.215502693592465E-01
   0.240462316320331E+02
   0.197833638106552E-01
   0.245043245157937E+02
   0.196221197349965E-01
   0.250248362328603E+02
   0.191676055619583E-01
   0.252463427462546E+02
   0.195482184855233E-01
   0.247515002215960E+02
   0.224314089773707E-01
   0.247511094437892E+02
   0.218447129558497E-01
   0.254934662581043E+02
   0.193581013920460E-01
   0.251688187451038E+02
   0.214692419856474E-01
   0.243685197010574E+02
   0.227004954577680E-01
   0.237739686465838E+02
   0.227734061883372E-01
   0.233206482221195E+02
   0.225560598949257E-01
   0.229667201801524E+02
   0.223225349670908E-01
   0.226991958993980E+02
   0.220595688255773E-01
   0.224306050726961E+02
   0.218837170488671E-01
   0.221912125297526E+02
   0.217173708014098E-01
   0.219814343876148E+02
   0.215323370493804E-01
   0.217966456085555E+02
   0.213827965298923E-01
   0.216247780872260E+02
   0.213483741003126E-01
   0.214400440457654E+02
   0.213451360170097E-01
   0.212110453193966E+02
   0.211560179563431E-01
   0.209469487689448E+02
   0.207838619669928E-01
   0.207010647352213E+02
   0.204252612207357E-01
   0.205289091284795E+02
   0.201565114161070E-01
   0.204813632547984E+02
   0.199255878592006E-01
   0.205821135409845E+02
   0.193674459690082E-01
   0.208920648070144E+02
   0.187288808941077E-01
   0.215468461506746E+02
   0.195298288918131E-01
   0.226055269097915E+02
   0.203772823353944E-01
   0.244460633515018E+02
   0.176192685792476E-01
   0.250011386911307E+02
   0.172294189393800E-01
   0.247648312253801E+02
   0.175753742070789E-01
   0.238478080773308E+02
   0.207358831410067E-01
   0.236271199826158E+02
   0.221279280679718E-01
   0.236217693004114E+02
   0.225581695991065E-01
   0.237082294034184E+02
   0.223517624976254E-01
   0.238536196338686E+02
   0.220323316336629E-01
   0.241081747942129E+02
   0.206510483836771E-01
   0.244666420927070E+02
   0.202585552218742E-01
   0.248824001641458E+02
   0.203214352866205E-01
   0.253594906952332E+02
   0.199642998178989E-01
   0.250105155091626E+02
   0.226480658325910E-01
   0.248073767465315E+02
   0.229288512399221E-01
   0.250927183923240E+02
   0.210114533846647E-01
   0.248548874710091E+02
   0.222867406932418E-01
   0.242673236579661E+02
   0.228595979430587E-01
   0.237587732355103E+02
   0.228936387651854E-01
   0.233386167043663E+02
   0.225454806621660E-01
   0.229962603639842E+02
   0.222597661163636E-01
   0.226259525127900E+02
   0.210325591844667E-01
   0.223563672206263E+02
   0.207596642895671E-01
   0.221104164976872E+02
   0.204794273975389E-01
   0.218897465505015E+02
   0.202165367195658E-01
   0.216920101192187E+02
   0.200531659594130E-01
   0.215061192822190E+02
   0.200183052495464E-01
   0.213096450478666E+02
   0.200333598002988E-01
   0.210782815062775E+02
   0.199278738486156E-01
   0.208256274033708E+02
   0.197378628552239E-01
   0.206017483235479E+02
   0.195997476728160E-01
   0.204544829751412E+02
   0.194966084241532E-01
   0.204292521462315E+02
   0.193987412273964E-01
   0.205532602630851E+02
   0.191279942792014E-01
   0.208542341025836E+02
   0.185142423698295E-01
   0.215042625196388E+02
   0.195977907757782E-01
   0.224731791278358E+02
   0.201222048581332E-01
   0.241639580049550E+02
   0.174044997601792E-01
   0.247315209876581E+02
   0.172192748845612E-01
   0.246035301157711E+02
   0.174459208660526E-01
   0.238066092563519E+02
   0.212660286561414E-01
   0.236328834520183E+02
   0.224085994956107E-01
   0.236605530438257E+02
   0.228984209993388E-01
   0.237870756535066E+02
   0.228374233997630E-01
   0.239215218629552E+02
   0.223308550202618E-01
   0.241207587741222E+02
   0.213804342396674E-01
   0.244220483446259E+02
   0.213786345698632E-01
   0.247555666637743E+02
   0.213348629806594E-01
   0.252685845749796E+02
   0.206421869228535E-01
   0.252302156812626E+02
   0.216634827070194E-01
   0.247580612102969E+02
   0.230220951561021E-01
   0.247836298127157E+02
   0.217366203427607E-01
   0.245580829852107E+02
   0.222926895579061E-01
   0.240882401195113E+02
   0.223761446048758E-01
   0.236428879401037E+02
   0.221403348562660E-01
   0.232530824564093E+02
   0.216766134618998E-01
   0.229206526775664E+02
   0.213156665646388E-01
   0.224698323179747E+02
   0.196621362474430E-01
   0.221972449445411E+02
   0.193320791393014E-01
   0.219455071695335E+02
   0.190266988119788E-01
   0.217171008149656E+02
   0.187865229352812E-01
   0.215087696211367E+02
   0.186297210517140E-01
   0.213088703349434E+02
   0.185396180632999E-01
   0.210993553019920E+02
   0.184763799675387E-01
   0.208656593406997E+02
   0.183735000234217E-01
   0.206260920855600E+02
   0.183022018344342E-01
   0.204229558555957E+02
   0.183130585296220E-01
   0.202967575264808E+02
   0.183873203140294E-01
   0.202897511211188E+02
   0.185501215487083E-01
   0.204309347027467E+02
   0.186932775068252E-01
   0.207245628490405E+02
   0.182342349944555E-01
   0.213617680383811E+02
   0.196877014079739E-01
   0.222253335438418E+02
   0.197697711546412E-01
   0.237753711302566E+02
   0.173933792241935E-01
   0.243427855880698E+02
   0.173265146413378E-01
   0.243042042906654E+02
   0.173598611484785E-01
   0.236446033607560E+02
   0.214856238460356E-01
   0.235064466799339E+02
   0.221069775580192E-01
   0.235569997416100E+02
   0.223999300545863E-01
   0.237429805525796E+02
   0.227369464621142E-01
   0.238814226211495E+02
   0.224555525562517E-01
   0.240540523192676E+02
   0.218563397527641E-01
   0.243167485695847E+02
   0.221575739312518E-01
   0.245838634154985E+02
   0.221223318275795E-01
   0.249281294464694E+02
   0.219017043612976E-01
   0.251407991232713E+02
   0.212967358704642E-01
   0.245910000149040E+02
   0.225727245149515E-01
   0.244827186993968E+02
   0.218902868528944E-01
   0.242463200407658E+02
   0.218104731240905E-01
   0.238427848180994E+02
   0.213414917708332E-01
   0.234490308684174E+02
   0.209169802339071E-01
   0.230870679269557E+02
   0.204191725683652E-01
   0.227638329801203E+02
   0.200132503940851E-01
   0.222771131818932E+02
   0.189145888554017E-01
   0.220044311933186E+02
   0.185649096047065E-01
   0.217504196613676E+02
   0.182553333896299E-01
   0.215175298561413E+02
   0.180304455307258E-01
   0.213009152593346E+02
   0.178702066110562E-01
   0.210882920636766E+02
   0.177497759464671E-01
   0.208653493931424E+02
   0.176388099416538E-01
   0.206253001160859E+02
   0.175021634388845E-01
   0.203893896348715E+02
   0.174092142869460E-01
   0.201945434750587E+02
   0.174037376124934E-01
   0.200763286542746E+02
   0.175120842319791E-01
   0.200747334374400E+02
   0.178014231844552E-01
   0.202237361804313E+02
   0.183246848722572E-01
   0.205301430953194E+02
   0.187544959327200E-01
   0.211115581869337E+02
   0.198547028850387E-01
   0.218632408876741E+02
   0.191257797967162E-01
   0.232619520723402E+02
   0.173808794026725E-01
   0.238170457911040E+02
   0.174126267852991E-01
   0.238663149621231E+02
   0.175133769925662E-01
   0.233582281120516E+02
   0.219292125706241E-01
   0.232507536005706E+02
   0.218679680373922E-01
   0.233154162329231E+02
   0.214337021704268E-01
   0.235803734335618E+02
   0.221467715673020E-01
   0.237275469645039E+02
   0.224671094602844E-01
   0.238874670989580E+02
   0.220149593037327E-01
   0.241208433048696E+02
   0.225379620799711E-01
   0.243388671117838E+02
   0.228422908123896E-01
   0.245801731263822E+02
   0.231717508965852E-01
   0.248050648185046E+02
   0.214959308848942E-01
   0.243091588867011E+02
   0.222754123669250E-01
   0.241530448435318E+02
   0.218560950636462E-01
   0.239098694723236E+02
   0.213022634794259E-01
   0.235561068062954E+02
   0.206059619857778E-01
   0.232110028409661E+02
   0.201602394654969E-01
   0.228788658378628E+02
   0.196999821468999E-01
   0.225677133595985E+02
   0.192874265116842E-01
   0.220745890266881E+02
   0.194003537991676E-01
   0.218083220496587E+02
   0.189898478425881E-01
   0.215579852577244E+02
   0.186290599303073E-01
   0.213244544456304E+02
   0.183485010826224E-01
   0.211025555839991E+02
   0.181425027341943E-01
   0.208798708208038E+02
   0.179890480782140E-01
   0.206449540552508E+02
   0.178732064223555E-01
   0.203960855412745E+02
   0.177562216074063E-01
   0.201554319552591E+02
   0.176881330198569E-01
   0.199564010287483E+02
   0.177081786326303E-01
   0.198302357497741E+02
   0.178283147781351E-01
   0.198139928793485E+02
   0.181157806691304E-01
   0.199453113563875E+02
   0.186962680934201E-01
   0.202371551639555E+02
   0.194382156118379E-01
   0.207508888873232E+02
   0.201789375683418E-01
   0.213985551615045E+02
   0.188087573637372E-01
   0.226088239414750E+02
   0.173208443967850E-01
   0.231382584300320E+02
   0.172868806125496E-01
   0.232797255268940E+02
   0.180553900571747E-01
   0.229248083620326E+02
   0.221479214973207E-01
   0.228639900653687E+02
   0.217639605105554E-01
   0.229609585744442E+02
   0.209070293773590E-01
   0.233163778032390E+02
   0.211037037530465E-01
   0.234707852554752E+02
   0.228271483882987E-01
   0.236356528751580E+02
   0.227747934370070E-01
   0.238344409164822E+02
   0.232011341792333E-01
   0.239985054409003E+02
   0.234071211364544E-01
   0.241423001127308E+02
   0.235196864860292E-01
   0.242187461965797E+02
   0.226808530626234E-01
   0.239347366322631E+02
   0.229850770847309E-01
   0.237791477931696E+02
   0.226438045586840E-01
   0.235485760227589E+02
   0.219462211843677E-01
   0.232461931019671E+02
   0.212543395963068E-01
   0.229505708395307E+02
   0.208082175227788E-01
   0.226507189835378E+02
   0.203271853475860E-01
   0.223561661262914E+02
   0.198433262649890E-01
   0.218593303991079E+02
   0.211418476926803E-01
   0.216091895793179E+02
   0.206810130422985E-01
   0.213707649429346E+02
   0.202317486941678E-01
   0.211432803358108E+02
   0.198340940557377E-01
   0.209218075999247E+02
   0.195250328127291E-01
   0.206935793231907E+02
   0.192932473732435E-01
   0.204486054305080E+02
   0.191315757396453E-01
   0.201884767378757E+02
   0.189782412162086E-01
   0.199353933289148E+02
   0.188492373554052E-01
   0.197201096336563E+02
   0.187784602090678E-01
   0.195697191982190E+02
   0.187318510304183E-01
   0.195167165497765E+02
   0.187398132211594E-01
   0.195969644728131E+02
   0.189179469986592E-01
   0.198240718461967E+02
   0.192803824093745E-01
   0.202760015294544E+02
   0.203982120617724E-01
   0.208519893761402E+02
   0.197602753025928E-01
   0.218010686734445E+02
   0.170875542282868E-01
   0.222971843895324E+02
   0.175789325602937E-01
   0.225182611908280E+02
   0.190744274835879E-01
   0.223349981202331E+02
   0.221440763264115E-01
   0.223387074830757E+02
   0.213967479647263E-01
   0.224871358575880E+02
   0.202742018702683E-01
   0.229919990325651E+02
   0.197521324859050E-01
   0.230824204102710E+02
   0.227774107474790E-01
   0.232576852510024E+02
   0.233178117660873E-01
   0.234212587109351E+02
   0.235004020971136E-01
   0.235352146432562E+02
   0.235150260454215E-01
   0.235986995924794E+02
   0.232580272777443E-01
   0.236080079994927E+02
   0.230651176695209E-01
   0.234446657347589E+02
   0.236052351205767E-01
   0.233210472719603E+02
   0.236963423730337E-01
   0.231281636528561E+02
   0.232867999936688E-01
   0.228880299824128E+02
   0.228797535458984E-01
   0.226469120689641E+02
   0.225382256159826E-01
   0.223872575804547E+02
   0.221031787589464E-01
   0.221211129492642E+02
   0.216231983118739E-01
   0.215386900500465E+02
   0.229637378215852E-01
   0.213164683466996E+02
   0.226574368961544E-01
   0.211019149722349E+02
   0.222530212102567E-01
   0.208917510078000E+02
   0.217741842418813E-01
   0.206801789481105E+02
   0.213200997401147E-01
   0.204531080839388E+02
   0.208979190111209E-01
   0.202006116469544E+02
   0.205087907700947E-01
   0.199281956400427E+02
   0.201362891343409E-01
   0.196591679078694E+02
   0.198010389616265E-01
   0.194230612838896E+02
   0.195365280513830E-01
   0.192448356168760E+02
   0.192936542943641E-01
   0.191512637657593E+02
   0.190560602833057E-01
   0.191666342710141E+02
   0.188176027963571E-01
   0.193033925976202E+02
   0.185871698421513E-01
   0.196639858152772E+02
   0.192403983983202E-01
   0.201976372475866E+02
   0.204739236579374E-01
   0.208260687929242E+02
   0.177593057113269E-01
   0.212677435819154E+02
   0.182494285529753E-01
   0.215316799687090E+02
   0.197271875544282E-01
   0.215864649234488E+02
   0.216511685481132E-01
   0.216785056714016E+02
   0.208682621034137E-01
   0.219046459669355E+02
   0.190359561415364E-01
   0.224428834260159E+02
   0.197863965562847E-01
   0.225551614292030E+02
   0.224781286793271E-01
   0.227360396027002E+02
   0.234271266573017E-01
   0.228680755837129E+02
   0.232643236845904E-01
   0.229449744113189E+02
   0.231811057835580E-01
   0.229508097879454E+02
   0.228346716933797E-01
   0.229156794948854E+02
   0.227314593819197E-01
   0.228116109632725E+02
   0.232977740423503E-01
   0.227215381237141E+02
   0.237237293135525E-01
   0.225760727048074E+02
   0.237485215390662E-01
   0.223969922009739E+02
   0.237639998267562E-01
   0.222118528502556E+02
   0.237567877478436E-01
   0.219978753708634E+02
   0.235379945205379E-01
   0.217696238811439E+02
   0.232660226360709E-01
   0.210126817561450E+02
   0.229898162921875E-01
   0.208225428878492E+02
   0.229349688711470E-01
   0.206414060047033E+02
   0.228130309597665E-01
   0.204629558843648E+02
   0.225320526775107E-01
   0.202772893792535E+02
   0.221501155423790E-01
   0.200664663215963E+02
   0.216547491333145E-01
   0.198177089409693E+02
   0.210417984878391E-01
   0.195398203629619E+02
   0.204343335112981E-01
   0.192581678630452E+02
   0.199216351906588E-01
   0.190024013456182E+02
   0.195275746380700E-01
   0.187980897984351E+02
   0.192116882986235E-01
   0.186690021281040E+02
   0.189512746899179E-01
   0.186327110128199E+02
   0.186612465340574E-01
   0.187036801458428E+02
   0.182289548977905E-01
   0.189579147993556E+02
   0.178716505651124E-01
   0.194073213417945E+02
   0.186350826519377E-01
   0.199187200053967E+02
   0.185616208053714E-01
   0.202856610521744E+02
   0.187077983070085E-01
   0.205146383409210E+02
   0.188802726708536E-01
   0.206817796451295E+02
   0.203693844810609E-01
   0.208781368754423E+02
   0.203744117762078E-01
   0.212423459425984E+02
   0.172744364088550E-01
   0.216574678035599E+02
   0.205045884121099E-01
   0.218860436180700E+02
   0.223248244647321E-01
   0.220648704173514E+02
   0.227283634506500E-01
   0.221767584790280E+02
   0.225932421012762E-01
   0.222245798933162E+02
   0.224742950589929E-01
   0.221938020550379E+02
   0.220912949838124E-01
   0.221218294691667E+02
   0.218194888346339E-01
   0.220312560986768E+02
   0.220836543650507E-01
   0.219584123192746E+02
   0.225174682212635E-01
   0.218500314609167E+02
   0.227467523969311E-01
   0.217193596484401E+02
   0.230024666739178E-01
   0.215778710962501E+02
   0.232311326527271E-01
   0.214033272397897E+02
   0.231912317979139E-01
   0.212113393864868E+02
   0.230970469233447E-01
   0.202660014537728E+02
   0.215893221709001E-01
   0.200991588177820E+02
   0.215987384966800E-01
   0.199452092837672E+02
   0.216724521724566E-01
   0.197996644347695E+02
   0.217259680576892E-01
   0.196483120202285E+02
   0.216629740954831E-01
   0.194686498580116E+02
   0.214013696898297E-01
   0.192429510759937E+02
   0.208789703429779E-01
   0.189765859635590E+02
   0.202310391533927E-01
   0.186939645005106E+02
   0.196151837477750E-01
   0.184255556142925E+02
   0.191089959627545E-01
   0.182002552351483E+02
   0.187258858620195E-01
   0.180419317270879E+02
   0.184444067362342E-01
   0.179686794767002E+02
   0.181998400911405E-01
   0.180008381881796E+02
   0.179313815397764E-01
   0.181984817791157E+02
   0.177919495614641E-01
   0.185788193307647E+02
   0.183736456656411E-01
   0.189815726851020E+02
   0.183652495357080E-01
   0.192567107747903E+02
   0.182496808299780E-01
   0.194300285651930E+02
   0.182400325510532E-01
   0.196337995954866E+02
   0.190065514876004E-01
   0.199170592284998E+02
   0.194315434371672E-01
   0.203614290398656E+02
   0.166431689168186E-01
   0.207862908010810E+02
   0.199800753128667E-01
   0.210711787431368E+02
   0.211094551031573E-01
   0.212458875761188E+02
   0.214192890628847E-01
   0.213454607204868E+02
   0.215482599014041E-01
   0.213726316681929E+02
   0.214939853662770E-01
   0.213197979179404E+02
   0.211421054762257E-01
   0.212254548179411E+02
   0.207885311109922E-01
   0.211341769394606E+02
   0.208392050654322E-01
   0.210625381358860E+02
   0.211051805961516E-01
   0.209703480799207E+02
   0.212791229775503E-01
   0.208666437361989E+02
   0.215032020584923E-01
   0.207518368519533E+02
   0.217153504962633E-01
   0.206049324084254E+02
   0.217252008137174E-01
   0.204401697877031E+02
   0.216675919242829E-01
   0.193256844120618E+02
   0.199579299098597E-01
   0.191734843879429E+02
   0.199061952340264E-01
   0.190350480083801E+02
   0.199611378564241E-01
   0.189105883327669E+02
   0.201252445087248E-01
   0.187859397177184E+02
   0.202846866248855E-01
   0.186376523790428E+02
   0.203272042783100E-01
   0.184452672774202E+02
   0.201314124354371E-01
   0.182069376909296E+02
   0.196932136124574E-01
   0.179398665212793E+02
   0.191206161997247E-01
   0.176712107852190E+02
   0.185252835388428E-01
   0.174335163344094E+02
   0.180357738056288E-01
   0.172532265307439E+02
   0.176679916049606E-01
   0.171527139076385E+02
   0.173687318105496E-01
   0.171592413885527E+02
   0.170966915628173E-01
   0.173207002908001E+02
   0.170309771425742E-01
   0.176361115962290E+02
   0.174827740579141E-01
   0.179460807920506E+02
   0.175312692104310E-01
   0.181345665171345E+02
   0.172943972542986E-01
   0.182385177164688E+02
   0.170242095666723E-01
   0.184448422499290E+02
   0.174975511521748E-01
   0.187982593306509E+02
   0.180453073694500E-01
   0.192709551752435E+02
   0.172888201659095E-01
   0.198151003437574E+02
   0.190521917478152E-01
   0.201236167907408E+02
   0.196821695423916E-01
   0.202884538453570E+02
   0.199635604188529E-01
   0.203712631063692E+02
   0.201962360493444E-01
   0.203825264600164E+02
   0.202418855830383E-01
   0.203190492096316E+02
   0.200180619313285E-01
   0.202152025574853E+02
   0.197074614023991E-01
   0.201177033574297E+02
   0.196405435820354E-01
   0.200388314246248E+02
   0.197677446176434E-01
   0.199500856924670E+02
   0.198614576503176E-01
   0.198566619837036E+02
   0.199962125771015E-01
   0.197531757588158E+02
   0.200947585220337E-01
   0.196254541249456E+02
   0.200985645286122E-01
   0.194813114800580E+02
   0.200500465775982E-01
   0.182023530398148E+02
   0.183434457508247E-01
   0.180601231341087E+02
   0.182416399737251E-01
   0.179294909497073E+02
   0.182137980424768E-01
   0.178150226257087E+02
   0.183082132620209E-01
   0.177048571266114E+02
   0.184562185352740E-01
   0.175777975311873E+02
   0.185824341475015E-01
   0.174152251155458E+02
   0.186245328174462E-01
   0.172105130047893E+02
   0.184880222098090E-01
   0.169716581834856E+02
   0.181504564593758E-01
   0.167184071766544E+02
   0.176571157808556E-01
   0.164815597350917E+02
   0.171436862503596E-01
   0.162893630835656E+02
   0.166994840460571E-01
   0.161707632795534E+02
   0.163490893793525E-01
   0.161607694566462E+02
   0.161094532005295E-01
   0.162958883365770E+02
   0.160605088088100E-01
   0.165550511810954E+02
   0.162803317448616E-01
   0.167911021399717E+02
   0.162883798206068E-01
   0.169014881555462E+02
   0.160898918637417E-01
   0.169176984797154E+02
   0.155358812085992E-01
   0.171005227629448E+02
   0.157943683932731E-01
   0.175233966543123E+02
   0.163137386151269E-01
   0.181282820103167E+02
   0.169984298141572E-01
   0.187354884250395E+02
   0.180128596822672E-01
   0.190520215114872E+02
   0.182247571230884E-01
   0.191970213008433E+02
   0.184302857836957E-01
   0.192558022272344E+02
   0.186228588876928E-01
   0.192506973994310E+02
   0.187268408207809E-01
   0.191808887763152E+02
   0.186500476885659E-01
   0.190727250159313E+02
   0.184468056336733E-01
   0.189670070362530E+02
   0.183403773000703E-01
   0.188753525211690E+02
   0.183557558362192E-01
   0.187805519022171E+02
   0.183670210271710E-01
   0.186863696197901E+02
   0.184249985401208E-01
   0.185862115544529E+02
   0.184572189243069E-01
   0.184713319966309E+02
   0.184599288351963E-01
   0.183431496108153E+02
   0.184280625211817E-01
   0.168988268630580E+02
   0.167401780008857E-01
   0.167647335967774E+02
   0.166343796708313E-01
   0.166378417628249E+02
   0.165521834849741E-01
   0.165254191368346E+02
   0.165460918260848E-01
   0.164195267879827E+02
   0.165985230964214E-01
   0.163029622668668E+02
   0.166643356375738E-01
   0.161605392379265E+02
   0.167251093212048E-01
   0.159847850679607E+02
   0.167185460881304E-01
   0.157768262552933E+02
   0.165793701178875E-01
   0.155491457016186E+02
   0.162868228247701E-01
   0.153267751403338E+02
   0.159040717903544E-01
   0.151346888376835E+02
   0.154643004016123E-01
   0.150070920719493E+02
   0.150755149319118E-01
   0.149886321174106E+02
   0.148641933676507E-01
   0.151096571876792E+02
   0.148793887827162E-01
   0.153301944552357E+02
   0.150161153930883E-01
   0.155114497397017E+02
   0.150093510573746E-01
   0.155447149000029E+02
   0.147807225164496E-01
   0.154490707358390E+02
   0.139389325030668E-01
   0.155857807486032E+02
   0.139269905591889E-01
   0.160796784884476E+02
   0.146325520847902E-01
   0.168507636504617E+02
   0.158305779209754E-01
   0.175436580737546E+02
   0.170903588719793E-01
   0.178654637181238E+02
   0.170533014685976E-01
   0.179799306004736E+02
   0.170383719520195E-01
   0.180060700134504E+02
   0.170760257836947E-01
   0.179787172044943E+02
   0.171322192586895E-01
   0.178993156155360E+02
   0.171109044743321E-01
   0.177864740174071E+02
   0.170134803629474E-01
   0.176716972448874E+02
   0.169384469176506E-01
   0.175643966502464E+02
   0.168835078342970E-01
   0.174572712285082E+02
   0.168267260693460E-01
   0.173546342984705E+02
   0.168148165680151E-01
   0.172519597355847E+02
   0.168033215792483E-01
   0.171438928931292E+02
   0.168060045673940E-01
   0.170274880046822E+02
   0.168027887908803E-01
   0.154110209428724E+02
   0.150632180667254E-01
   0.152841458634399E+02
   0.149724072115849E-01
   0.151599704071932E+02
   0.148715545614257E-01
   0.150467519270753E+02
   0.148047870454084E-01
   0.149399541140626E+02
   0.147897782979047E-01
   0.148269171653061E+02
   0.147934092880744E-01
   0.146955484488469E+02
   0.147892323353528E-01
   0.145404105038077E+02
   0.147911138026795E-01
   0.143590151854402E+02
   0.147237741428586E-01
   0.141586677732947E+02
   0.145622442868866E-01
   0.139579786818475E+02
   0.143210332646792E-01
   0.137759968086489E+02
   0.139603071743756E-01
   0.136471434442706E+02
   0.135668894998017E-01
   0.136264967942235E+02
   0.134107344565125E-01
   0.137458240597637E+02
   0.135802438786701E-01
   0.139509409266639E+02
   0.138418576550695E-01
   0.141001457388701E+02
   0.139329893503203E-01
   0.140571073833151E+02
   0.136193604172662E-01
   0.138112379146622E+02
   0.122243323656108E-01
   0.138792606356670E+02
   0.117282733851899E-01
   0.144399916541795E+02
   0.128124992185418E-01
   0.154388879296811E+02
   0.154560292964638E-01
   0.162339909980481E+02
   0.170123227824055E-01
   0.165579977426636E+02
   0.165965927176162E-01
   0.166327532702336E+02
   0.161066177089356E-01
   0.166208527199665E+02
   0.158398801286042E-01
   0.165653849345353E+02
   0.157170040531044E-01
   0.164697071755034E+02
   0.156089089892641E-01
   0.163466865271494E+02
   0.154921174341886E-01
   0.162200112777667E+02
   0.154262411897213E-01
   0.160957355743319E+02
   0.153351500009661E-01
   0.159728966905436E+02
   0.152306121133062E-01
   0.158568365255294E+02
   0.151623496074728E-01
   0.157469737878598E+02
   0.151213530793707E-01
   0.156398758541371E+02
   0.151090266908820E-01
   0.155303446016739E+02
   0.151077000252803E-01
   0.137283586718959E+02
   0.136798556886040E-01
   0.136074598095119E+02
   0.135771934680253E-01
   0.134864827330250E+02
   0.134587571985244E-01
   0.133739463926925E+02
   0.133672447250472E-01
   0.132653694847544E+02
   0.133031369007772E-01
   0.131529835088171E+02
   0.132564335889841E-01
   0.130279714200711E+02
   0.131965972866293E-01
   0.128864793543527E+02
   0.131490729285212E-01
   0.127257866111981E+02
   0.130859959238984E-01
   0.125498128377326E+02
   0.129992849822874E-01
   0.123726159520967E+02
   0.129364699046909E-01
   0.122079450397404E+02
   0.128304035136577E-01
   0.120850320581587E+02
   0.126383362476209E-01
   0.120611221327743E+02
   0.125503807081930E-01
   0.121803960442250E+02
   0.127543476481182E-01
   0.123913063035288E+02
   0.131512867198880E-01
   0.125360366136167E+02
   0.133574144761943E-01
   0.124318591101353E+02
   0.129777668075941E-01
   0.119799391703383E+02
   0.961402131782031E-02
   0.119687588826494E+02
   0.899655236369919E-02
   0.125644343576379E+02
   0.103172693375657E-01
   0.137654510026454E+02
   0.146879950741115E-01
   0.146906611714426E+02
   0.169894671023947E-01
   0.150585552054562E+02
   0.168643252648231E-01
   0.151172439688244E+02
   0.161441673832998E-01
   0.150738731725949E+02
   0.156256599058647E-01
   0.149901361124952E+02
   0.152728304110603E-01
   0.148723521182187E+02
   0.149754674327500E-01
   0.147330901277330E+02
   0.146951954753267E-01
   0.145909886855776E+02
   0.144716793189971E-01
   0.144497575658501E+02
   0.142630022945019E-01
   0.143114385057242E+02
   0.140741617888689E-01
   0.141800492870650E+02
   0.139282167366893E-01
   0.140597701980326E+02
   0.138324313979189E-01
   0.139489245613406E+02
   0.137800024980205E-01
   0.138415705855410E+02
   0.137441833093095E-01
   0.118229008557620E+02
   0.126992597040449E-01
   0.117061618321833E+02
   0.126163832719660E-01
   0.115883483943481E+02
   0.125200867597716E-01
   0.114778192938448E+02
   0.124199924022051E-01
   0.113691339985121E+02
   0.123301163213919E-01
   0.112586193646924E+02
   0.122580702404495E-01
   0.111407700040784E+02
   0.121921323353475E-01
   0.110121786520207E+02
   0.121346540441361E-01
   0.108705909838412E+02
   0.120990946875469E-01
   0.107153773668011E+02
   0.120451556664714E-01
   0.105563163859638E+02
   0.119845725398048E-01
   0.104063733259314E+02
   0.118998460209778E-01
   0.102916485390386E+02
   0.117460119617884E-01
   0.102658554205788E+02
   0.116450120509569E-01
   0.103820424298238E+02
   0.117917862648459E-01
   0.106076178639347E+02
   0.122673724818598E-01
   0.107784359958394E+02
   0.127301573016238E-01
   0.106629046136669E+02
   0.124612982059129E-01
   0.100500479652542E+02
   0.867155196514756E-02
   0.995327788409318E+01
   0.777923749821373E-02
   0.105101597760363E+02
   0.865548470479635E-02
   0.117897011416933E+02
   0.136351857692205E-01
   0.127541073281119E+02
   0.158802672761198E-01
   0.131896485477920E+02
   0.162679528924983E-01
   0.132978201776539E+02
   0.158508181355885E-01
   0.132741210088828E+02
   0.154406894185602E-01
   0.131897705189688E+02
   0.150158330547094E-01
   0.130629338983659E+02
   0.145627709261933E-01
   0.129108092191308E+02
   0.141336604035450E-01
   0.127550342793492E+02
   0.137864629916886E-01
   0.125979213606400E+02
   0.134848755300651E-01
   0.124465754802862E+02
   0.132615805270651E-01
   0.122980490176246E+02
   0.130514104398526E-01
   0.121633100038110E+02
   0.128965911582157E-01
   0.120430604313442E+02
   0.127991408101386E-01
   0.119331146479401E+02
   0.127481929205798E-01
   0.966700065514123E+01
   0.117213053186513E-01
   0.954750239456911E+01
   0.116078689355432E-01
   0.942888750737609E+01
   0.114912308320917E-01
   0.932443138906761E+01
   0.114232478139725E-01
   0.921797207107138E+01
   0.113402836173924E-01
   0.911025987925936E+01
   0.112674782828279E-01
   0.900026372591241E+01
   0.112088195527312E-01
   0.888583179490026E+01
   0.111629961431429E-01
   0.876379519503753E+01
   0.111274433685211E-01
   0.863256347249081E+01
   0.110897288892903E-01
   0.849983504599299E+01
   0.110507445329423E-01
   0.837612656305253E+01
   0.109935919961533E-01
   0.828318249522022E+01
   0.109008064164978E-01
   0.826454520481414E+01
   0.108452383018974E-01
   0.836998180478462E+01
   0.109436334320651E-01
   0.859602696740891E+01
   0.113553708221420E-01
   0.879524675659182E+01
   0.119814910860951E-01
   0.874183183131466E+01
   0.122485746171307E-01
   0.807474507305754E+01
   0.841823305425230E-02
   0.791272890130809E+01
   0.759688802904330E-02
   0.834579661737846E+01
   0.817250443488182E-02
   0.945227652721978E+01
   0.115707065205257E-01
   0.103106930930882E+02
   0.132271876776460E-01
   0.107812455308212E+02
   0.139801361975440E-01
   0.109779832982938E+02
   0.140932439162178E-01
   0.110350467160547E+02
   0.141159280419799E-01
   0.110145550451458E+02
   0.140279166346195E-01
   0.109359778131236E+02
   0.137825730776731E-01
   0.108140026182627E+02
   0.134758146936055E-01
   0.106679143198396E+02
   0.131420865472730E-01
   0.105074887003377E+02
   0.128088589118385E-01
   0.103438668950402E+02
   0.125297856777662E-01
   0.101834187723898E+02
   0.122816245141419E-01
   0.100358588574576E+02
   0.120801200006147E-01
   0.990216841217174E+01
   0.119251526167940E-01
   0.978253313778427E+01
   0.118158619441805E-01
   0.724613249897163E+01
   0.107249048188614E-01
   0.712794980640455E+01
   0.106073642216300E-01
   0.701185726061848E+01
   0.104927278162534E-01
   0.690224366005124E+01
   0.103863228387639E-01
   0.679370477052110E+01
   0.102789879090758E-01
   0.668838958119478E+01
   0.101998741937485E-01
   0.658725271196789E+01
   0.101485781417008E-01
   0.648880466233640E+01
   0.101257422536609E-01
   0.638892079233249E+01
   0.101091169134943E-01
   0.628466468906927E+01
   0.100962099981165E-01
   0.618545283385170E+01
   0.100901380708358E-01
   0.609817021586842E+01
   0.100773932974905E-01
   0.603901341941231E+01
   0.100515557904212E-01
   0.603787880555534E+01
   0.100490992124007E-01
   0.612724759332517E+01
   0.101227847671667E-01
   0.631948074700862E+01
   0.103975480758006E-01
   0.651811138437574E+01
   0.109302244286903E-01
   0.655846234045956E+01
   0.116371501789845E-01
   0.611010053570322E+01
   0.960082230327799E-02
   0.591620470177191E+01
   0.906603854316409E-02
   0.611660764894494E+01
   0.871625934813352E-02
   0.675773371541828E+01
   0.947630208720962E-02
   0.735985150271948E+01
   0.100296126907246E-01
   0.779289634528657E+01
   0.106421281656364E-01
   0.805544653471818E+01
   0.110807901131396E-01
   0.820097611719547E+01
   0.114324104102175E-01
   0.828192284007361E+01
   0.117569247357885E-01
   0.829821859038335E+01
   0.119329230888736E-01
   0.825182517496977E+01
   0.119476926848307E-01
   0.816230856040245E+01
   0.118571233998649E-01
   0.803840932681544E+01
   0.116705882456557E-01
   0.789552005985499E+01
   0.114640044307867E-01
   0.774818997687079E+01
   0.112564957110823E-01
   0.760946490779507E+01
   0.110847775167577E-01
   0.747723759153488E+01
   0.109294488761338E-01
   0.735944452146495E+01
   0.108205084982697E-01
   0.439818805501680E+01
   0.932607186164865E-02
   0.429290369498461E+01
   0.924342375864004E-02
   0.419347902022742E+01
   0.917365200271150E-02
   0.409685349668469E+01
   0.910377646032942E-02
   0.400054267966847E+01
   0.902721467811772E-02
   0.390820958069002E+01
   0.896486290685473E-02
   0.382310954009453E+01
   0.892767364376039E-02
   0.374400580737813E+01
   0.891540796031743E-02
   0.366710438101259E+01
   0.891084070136269E-02
   0.358682272626670E+01
   0.888458024978276E-02
   0.352403159586120E+01
   0.889264860908802E-02
   0.347862622179218E+01
   0.890794445605877E-02
   0.345859228232107E+01
   0.892717020596171E-02
   0.347912072395695E+01
   0.896103421051262E-02
   0.355347236239617E+01
   0.902030472389101E-02
   0.368522984645898E+01
   0.917743860864112E-02
   0.382892418001765E+01
   0.948853389193723E-02
   0.386150758921060E+01
   0.986163268664330E-02
   0.362009608889406E+01
   0.913132426740577E-02
   0.343806862896768E+01
   0.854633965914187E-02
   0.346319421674704E+01
   0.802923175524802E-02
   0.373708328498107E+01
   0.792323994116763E-02
   0.407891556569754E+01
   0.797866678350276E-02
   0.439096489957093E+01
   0.823046252584387E-02
   0.462659385937472E+01
   0.849279254448143E-02
   0.480057613626583E+01
   0.876424971199946E-02
   0.493874347790288E+01
   0.909904474829568E-02
   0.503154861582336E+01
   0.940240609526482E-02
   0.506957513210932E+01
   0.961254615447685E-02
   0.505343113288407E+01
   0.970155282537771E-02
   0.499092791562205E+01
   0.968263244691589E-02
   0.489663637226044E+01
   0.960117886221737E-02
   0.478962477131998E+01
   0.950544677670986E-02
   0.468930014416616E+01
   0.945247118994054E-02
   0.459073952281623E+01
   0.941004441338255E-02
   0.449425002546161E+01
   0.936783075119565E-02
   0.868077516868192E+00
   0.730719985883103E-02
   0.803444914909216E+00
   0.730440274066925E-02
   0.736081890408615E+00
   0.728720648432960E-02
   0.665843625686667E+00
   0.725852687249752E-02
   0.593268975558334E+00
   0.721460177605846E-02
   0.524224062006120E+00
   0.716857415836594E-02
   0.463091121801402E+00
   0.713460376074517E-02
   0.408009094309302E+00
   0.711160533866516E-02
   0.357052076660387E+00
   0.709179014801928E-02
   0.316160797347707E+00
   0.708027556261808E-02
   0.295003568148115E+00
   0.709467167708957E-02
   0.290027699986618E+00
   0.711441943593786E-02
   0.302650328145838E+00
   0.713768729307539E-02
   0.337656370889286E+00
   0.716674133292711E-02
   0.396610518298184E+00
   0.720912750330326E-02
   0.473042550672258E+00
   0.729577929279377E-02
   0.551502539742460E+00
   0.749646243984217E-02
   0.567301908816022E+00
   0.770788800122152E-02
   0.441455871705890E+00
   0.743910519490821E-02
   0.294429065096230E+00
   0.705944321101523E-02
   0.222258680839053E+00
   0.669034851645418E-02
   0.284282848450395E+00
   0.648082419841770E-02
   0.418275760112525E+00
   0.637201793969012E-02
   0.576577042432911E+00
   0.635710385685534E-02
   0.726088066332031E+00
   0.638855344676870E-02
   0.862020953391998E+00
   0.646247350036777E-02
   0.988890040649286E+00
   0.661242032878590E-02
   0.109912291827854E+01
   0.682007069209111E-02
   0.117803663528167E+01
   0.702893470373019E-02
   0.121491892222938E+01
   0.717670446555485E-02
   0.121109681257928E+01
   0.725438775058339E-02
   0.117531727324344E+01
   0.728101249666654E-02
   0.112050847094026E+01
   0.727820763113363E-02
   0.106155399306162E+01
   0.728659189595716E-02
   0.100035443302416E+01
   0.729975394778613E-02
   0.933018412900013E+00
   0.730041735362671E-02
  -0.364345692021894E+01
   0.491997706497774E-02
  -0.366691884193304E+01
   0.493828766747617E-02
  -0.369551697177113E+01
   0.493500057444006E-02
  -0.372875044399449E+01
   0.491182473504201E-02
  -0.376501164178208E+01
   0.487169155447801E-02
  -0.379480037990075E+01
   0.482856631848824E-02
  -0.381455895328051E+01
   0.479331281273453E-02
  -0.382294874571776E+01
   0.477357923317178E-02
  -0.382032419870833E+01
   0.476751764102630E-02
  -0.380783297186364E+01
   0.477150879349205E-02
  -0.378581366373027E+01
   0.477863102067447E-02
  -0.375815241620503E+01
   0.478706461773100E-02
  -0.372795992345250E+01
   0.479886987095424E-02
  -0.369168545890130E+01
   0.482587635692047E-02
  -0.365278894646971E+01
   0.487165087333512E-02
  -0.361855329039572E+01
   0.494845671583733E-02
  -0.360191966285445E+01
   0.506344803225985E-02
  -0.362598291870298E+01
   0.517461786099103E-02
  -0.370549902131806E+01
   0.517875518993986E-02
  -0.381059799568419E+01
   0.507518519080616E-02
  -0.390367933471360E+01
   0.490466369027648E-02
  -0.395740631673393E+01
   0.472024079003594E-02
  -0.396925619883427E+01
   0.455816679080684E-02
  -0.394352834763217E+01
   0.444462704091214E-02
  -0.388960750337626E+01
   0.439243278080964E-02
  -0.381512826319965E+01
   0.440787067932030E-02
  -0.372865140832266E+01
   0.448178946153488E-02
  -0.364474190296088E+01
   0.458925754674598E-02
  -0.357692098937762E+01
   0.470287017320151E-02
  -0.353454418036276E+01
   0.479285353543483E-02
  -0.351994866387818E+01
   0.484158897262246E-02
  -0.352800210319141E+01
   0.485619137218830E-02
  -0.354929946909561E+01
   0.485594476760127E-02
  -0.357483517189540E+01
   0.486030211061733E-02
  -0.359978579992104E+01
   0.487248030288520E-02
  -0.362276639906096E+01
   0.489215229982946E-02
  -0.975697059378084E+01
   0.279758603560655E-02
  -0.967237792979907E+01
   0.284828738129007E-02
  -0.960275778463524E+01
   0.287678480260575E-02
  -0.954008519962753E+01
   0.289059498370493E-02
  -0.948060438917647E+01
   0.289412240131711E-02
  -0.940301329698212E+01
   0.291293498309617E-02
  -0.930484817252703E+01
   0.295130312809157E-02
  -0.918427247222591E+01
   0.301287489102551E-02
  -0.904090172733093E+01
   0.310022844200904E-02
  -0.890867296600282E+01
   0.318003371335732E-02
  -0.877742829706432E+01
   0.327005637247632E-02
  -0.865424800787092E+01
   0.336743894114873E-02
  -0.857573862434803E+01
   0.342725192066121E-02
  -0.853690913140050E+01
   0.345985712262011E-02
  -0.853693134109265E+01
   0.347060616693257E-02
  -0.857861949131442E+01
   0.345986019577889E-02
  -0.866784748718318E+01
   0.342206211198621E-02
  -0.881390779365951E+01
   0.334432628704985E-02
  -0.902772413254157E+01
   0.320725810522141E-02
  -0.924036504343426E+01
   0.308577615985038E-02
  -0.947224455884338E+01
   0.294400288687371E-02
  -0.969744075587302E+01
   0.280109216427516E-02
  -0.990421262216262E+01
   0.266424556112365E-02
  -0.100415029765374E+02
   0.257765458175017E-02
  -0.101188208356476E+02
   0.253218509177079E-02
  -0.101485986033027E+02
   0.251818895075910E-02
  -0.101455471709359E+02
   0.252517268155634E-02
  -0.101243771606863E+02
   0.254295166998002E-02
  -0.100987056464721E+02
   0.256197352883925E-02
  -0.100765045499749E+02
   0.257664768231679E-02
  -0.100594717696737E+02
   0.258612007255018E-02
  -0.100441428245103E+02
   0.259371317068108E-02
  -0.100243745723128E+02
   0.260475742629026E-02
  -0.999299074272088E+01
   0.262514570119345E-02
  -0.994293125596337E+01
   0.266037344186327E-02
  -0.986680655910902E+01
   0.271597187005623E-02
