   0.197464322201423E+01
   0.416164480508544E-02
   0.876614644888851E+00
   0.397445023144472E-02
   0.160044568096406E+00
   0.383232083174092E-02
  -0.251604609709585E+00
   0.372934368461011E-02
  -0.337569348842401E+00
   0.366553562617903E-02
   0.329376022776077E-01
   0.364557319096119E-02
  -0.453202494242760E+00
   0.368909935785863E-02
  -0.420119140355702E+00
   0.378308008029791E-02
   0.107772923970123E+00
   0.392850504320411E-02
   0.113084602290890E+01
   0.412685718336020E-02
   0.265747016884432E+01
   0.437829271836722E-02
   0.491447279780928E+01
   0.467512798928005E-02
   0.816188937915224E+01
   0.500605301667196E-02
   0.110127936430652E+02
   0.535241001008706E-02
   0.135821138905825E+02
   0.569522479103487E-02
   0.158942202492286E+02
   0.601915313980458E-02
   0.178572034106148E+02
   0.631333665526465E-02
   0.194492937439911E+02
   0.657086695983840E-02
   0.206870540398596E+02
   0.678785036749704E-02
   0.216055172175716E+02
   0.696439940569688E-02
   0.222448837774103E+02
   0.710440600455825E-02
   0.226401030425734E+02
   0.721041746271344E-02
   0.228122011080556E+02
   0.728207854827953E-02
   0.227621733074172E+02
   0.731593357957190E-02
   0.224711352414487E+02
   0.730564968062779E-02
   0.219057021061032E+02
   0.724521617078067E-02
   0.210210865609195E+02
   0.713175323078484E-02
   0.197604470766250E+02
   0.696340621564513E-02
   0.180520891336514E+02
   0.673898904735091E-02
   0.158070335705315E+02
   0.646006535765191E-02
   0.129196773382456E+02
   0.613338919589787E-02
   0.927133655123045E+01
   0.577205377222597E-02
   0.644125684868764E+01
   0.539555085836255E-02
   0.436752330766926E+01
   0.502768857638746E-02
   0.296427864292888E+01
   0.469099380537828E-02
   0.217404358664496E+01
   0.440062945339536E-02
   0.493876216562185E+01
   0.523390768293003E-02
   0.552649885681959E+01
   0.504315169357261E-02
   0.531633933191485E+01
   0.487259404833779E-02
   0.449790180922959E+01
   0.469709320584131E-02
   0.291977438212882E+01
   0.456327547360606E-02
   0.219428351874176E+01
   0.450035480142394E-02
   0.195861642409283E+01
   0.450316071894057E-02
   0.218405592979033E+01
   0.457806358689007E-02
   0.292280043590591E+01
   0.471325824217087E-02
   0.435166470934461E+01
   0.489184840450514E-02
   0.461079758414689E+01
   0.514225584865242E-02
   0.548309971880003E+01
   0.544046666513589E-02
   0.705080715809815E+01
   0.589037979288469E-02
   0.921980208288211E+01
   0.641046277777906E-02
   0.121159549176979E+02
   0.691324590741805E-02
   0.160686873544370E+02
   0.737776009049238E-02
   0.187746748940109E+02
   0.779495051256461E-02
   0.205743380610475E+02
   0.814925845424533E-02
   0.217170177084683E+02
   0.840242625619324E-02
   0.223987252401117E+02
   0.854729230532129E-02
   0.227884238982297E+02
   0.867121148144153E-02
   0.230295333542282E+02
   0.880290477718977E-02
   0.232194985787527E+02
   0.894564970636931E-02
   0.233585748698923E+02
   0.909183354765597E-02
   0.233620034066376E+02
   0.917885426187694E-02
   0.231541025676542E+02
   0.915356345872919E-02
   0.226888764453419E+02
   0.905546288627047E-02
   0.219312665554139E+02
   0.889783531717394E-02
   0.208243874729203E+02
   0.866082634855465E-02
   0.192541738608319E+02
   0.832121508554321E-02
   0.170534143604754E+02
   0.787345386884145E-02
   0.140509341863017E+02
   0.734414191161372E-02
   0.101110742948626E+02
   0.675696883176498E-02
   0.756417763715824E+01
   0.620310208524789E-02
   0.599446689824753E+01
   0.576563271466163E-02
   0.514545291977170E+01
   0.546226125547345E-02
   0.742702895404618E+01
   0.690093641315430E-02
   0.705724013463385E+01
   0.671379488472213E-02
   0.657286114694907E+01
   0.651156842906253E-02
   0.591435938578481E+01
   0.615888321177846E-02
   0.519383220273303E+01
   0.582716830750947E-02
   0.477011749410746E+01
   0.575109297491693E-02
   0.464230299046349E+01
   0.581167087916807E-02
   0.482383700239410E+01
   0.597322092231470E-02
   0.531797442643917E+01
   0.618591005236668E-02
   0.618916139809818E+01
   0.644418911633318E-02
   0.757308240563996E+01
   0.665352623197866E-02
   0.793235688490592E+01
   0.646116973561542E-02
   0.950329666130834E+01
   0.701943333961399E-02
   0.116466064282990E+02
   0.767671901839065E-02
   0.143698916790050E+02
   0.814659748934297E-02
   0.180815458843037E+02
   0.861660023460527E-02
   0.203976134942195E+02
   0.912158873443795E-02
   0.217778549632598E+02
   0.965045000860563E-02
   0.224797122374577E+02
   0.995479229614832E-02
   0.227053090590510E+02
   0.982484440684005E-02
   0.226716891535508E+02
   0.986159631452103E-02
   0.226233981237259E+02
   0.100052334683982E-01
   0.228252798550024E+02
   0.102155341909048E-01
   0.232466755537589E+02
   0.106145514720393E-01
   0.235351569778627E+02
   0.109098466702669E-01
   0.235447157355571E+02
   0.107708692091353E-01
   0.232694340238719E+02
   0.106249301157877E-01
   0.227623071771896E+02
   0.105130756395983E-01
   0.220603532542912E+02
   0.103150938158432E-01
   0.210239515231897E+02
   0.994070223549730E-02
   0.193258428654132E+02
   0.936642538193356E-02
   0.166610865321547E+02
   0.878969563605389E-02
   0.127275105392038E+02
   0.806082307573367E-02
   0.102926917556731E+02
   0.747791063768237E-02
   0.885551010242552E+01
   0.719190602273052E-02
   0.798568318540263E+01
   0.709278953618045E-02
   0.102164280026139E+02
   0.900629110383638E-02
   0.966322920894737E+01
   0.868186675797753E-02
   0.909706149567696E+01
   0.834346098793566E-02
   0.850588221410752E+01
   0.800410703521808E-02
   0.793388241763907E+01
   0.762223525463467E-02
   0.755705505607849E+01
   0.744643978263951E-02
   0.740929979098065E+01
   0.748400510362647E-02
   0.747263097481362E+01
   0.760161366212892E-02
   0.773440293600067E+01
   0.770984597989995E-02
   0.821356740325721E+01
   0.770733173261653E-02
   0.896460247435449E+01
   0.775258832750456E-02
   0.100845594188181E+02
   0.751373514034902E-02
   0.128827054474762E+02
   0.831293083538619E-02
   0.153282584261801E+02
   0.868893193398559E-02
   0.177261969411517E+02
   0.894729081471726E-02
   0.200892763552516E+02
   0.932526411006188E-02
   0.217588358858806E+02
   0.979651106799230E-02
   0.226601152841490E+02
   0.102539100141315E-01
   0.229144633105906E+02
   0.105134174704311E-01
   0.226648120084582E+02
   0.105650269366164E-01
   0.221160783925282E+02
   0.106868759674168E-01
   0.215934653651081E+02
   0.107648925290568E-01
   0.218404280964898E+02
   0.109510661556549E-01
   0.228292983925325E+02
   0.117763198285034E-01
   0.234418051865181E+02
   0.120328099988318E-01
   0.235818789454592E+02
   0.117708187506502E-01
   0.233350098435008E+02
   0.118925949491851E-01
   0.228931520851057E+02
   0.116145081511785E-01
   0.225406238383246E+02
   0.113741903155558E-01
   0.221314657392659E+02
   0.111024724182212E-01
   0.209965466119518E+02
   0.106705210823723E-01
   0.187516903943182E+02
   0.101564648848140E-01
   0.151026920061185E+02
   0.962184971019258E-02
   0.129169184678917E+02
   0.930708415241194E-02
   0.116528802837089E+02
   0.923157722995698E-02
   0.108366830046385E+02
   0.915482678821417E-02
   0.127366743939696E+02
   0.111773876166911E-01
   0.121409437479732E+02
   0.106842802854789E-01
   0.115604847277115E+02
   0.101620532238314E-01
   0.110172768201016E+02
   0.974950296676442E-02
   0.105292138557061E+02
   0.938400648552508E-02
   0.101694355152198E+02
   0.914446794312149E-02
   0.996669426020954E+01
   0.905710160814873E-02
   0.991408823778727E+01
   0.904361914751215E-02
   0.100046083423663E+02
   0.901301132100944E-02
   0.102664477448502E+02
   0.892182634293591E-02
   0.107744027640766E+02
   0.868935223841749E-02
   0.118294679633714E+02
   0.853221473434657E-02
   0.145180668641546E+02
   0.924630011488210E-02
   0.170934773313782E+02
   0.941377021237109E-02
   0.193434420116650E+02
   0.955116362854298E-02
   0.213359158390189E+02
   0.992479795590188E-02
   0.226760165460039E+02
   0.104762409665870E-01
   0.231997780830319E+02
   0.109845933739623E-01
   0.230677927299175E+02
   0.111674222025335E-01
   0.223572772215767E+02
   0.111158155782877E-01
   0.212271093904717E+02
   0.113652295079387E-01
   0.198695674645157E+02
   0.112120517162544E-01
   0.201727547722556E+02
   0.116361734510405E-01
   0.222998229605783E+02
   0.127324271166122E-01
   0.232035043090672E+02
   0.124904273595640E-01
   0.233818933840290E+02
   0.126143156370734E-01
   0.230081474707623E+02
   0.127937522536172E-01
   0.224085484149251E+02
   0.124538854937162E-01
   0.223754199735322E+02
   0.120199661303204E-01
   0.228231203007007E+02
   0.118825195940545E-01
   0.222897464714664E+02
   0.115169915857697E-01
   0.204561983160233E+02
   0.111906371586808E-01
   0.170899698348987E+02
   0.110589219053436E-01
   0.151680507503115E+02
   0.109788549731892E-01
   0.140829142482425E+02
   0.112905784058266E-01
   0.133547669398583E+02
   0.114311254408090E-01
   0.148783594103559E+02
   0.129863614885521E-01
   0.142820870005284E+02
   0.122891997815602E-01
   0.137254498630197E+02
   0.116502676215986E-01
   0.132354140267710E+02
   0.112055948778770E-01
   0.128129547277653E+02
   0.108830982015785E-01
   0.124784117766585E+02
   0.106334102504924E-01
   0.122448413434631E+02
   0.104508883454412E-01
   0.121136689722690E+02
   0.103150782959568E-01
   0.120906929620834E+02
   0.101805753275384E-01
   0.122134622163891E+02
   0.100798716013556E-01
   0.125492769278246E+02
   0.994805733332661E-02
   0.133090264023759E+02
   0.965169298537462E-02
   0.150728099257479E+02
   0.976810873910166E-02
   0.179573850766604E+02
   0.101227987539302E-01
   0.201220550739687E+02
   0.101807315206415E-01
   0.220680831314195E+02
   0.106364670042849E-01
   0.232666457518016E+02
   0.113199258082539E-01
   0.234457156766565E+02
   0.118662553971467E-01
   0.229909135381121E+02
   0.117884508426597E-01
   0.218560856978866E+02
   0.119057022477348E-01
   0.201802981899707E+02
   0.120376208116037E-01
   0.193415202830869E+02
   0.120380668330407E-01
   0.197322174685500E+02
   0.123061100558620E-01
   0.219691313367346E+02
   0.131121265682280E-01
   0.228861521824519E+02
   0.130379914546744E-01
   0.230158570257485E+02
   0.133834651527747E-01
   0.223859441856876E+02
   0.133877618530522E-01
   0.212994045767474E+02
   0.129335645811067E-01
   0.215439945191603E+02
   0.123779460903070E-01
   0.232964253439919E+02
   0.123283305742868E-01
   0.233395645095263E+02
   0.121509630217847E-01
   0.218712166863899E+02
   0.120427228393164E-01
   0.187559169347474E+02
   0.124735911611553E-01
   0.170830873641412E+02
   0.127933089952778E-01
   0.161558625728247E+02
   0.134274376300417E-01
   0.154886236901223E+02
   0.134526814074905E-01
   0.166477812044254E+02
   0.142362355588253E-01
   0.160795295700336E+02
   0.134327374509160E-01
   0.155730275628389E+02
   0.128056480633267E-01
   0.151441148389568E+02
   0.124136732242142E-01
   0.147799630264350E+02
   0.121507551379666E-01
   0.144767566535788E+02
   0.119227200721743E-01
   0.142354166679582E+02
   0.116964463573606E-01
   0.140603795831903E+02
   0.114855082214766E-01
   0.139670311801137E+02
   0.113184575392955E-01
   0.139954300369458E+02
   0.112679515199586E-01
   0.141944811700189E+02
   0.112396957835196E-01
   0.146942214530346E+02
   0.108957440893705E-01
   0.158752924312309E+02
   0.104004172094402E-01
   0.183353039030524E+02
   0.104945533855740E-01
   0.203084278425290E+02
   0.108092730216540E-01
   0.224269797714294E+02
   0.112113643887205E-01
   0.236216943743215E+02
   0.123300818090635E-01
   0.233979140384903E+02
   0.129695174253296E-01
   0.227006269334840E+02
   0.127255433230568E-01
   0.211648123596627E+02
   0.128205365277704E-01
   0.200709005005936E+02
   0.131503245553968E-01
   0.195587588570619E+02
   0.133072305448318E-01
   0.198692809750892E+02
   0.130866720520073E-01
   0.216557162021965E+02
   0.134494121317255E-01
   0.224252338831623E+02
   0.136228600898162E-01
   0.225053743638226E+02
   0.137501280508488E-01
   0.215598856547371E+02
   0.138037139255853E-01
   0.210345559193561E+02
   0.134159657903857E-01
   0.215415117876804E+02
   0.128948764617928E-01
   0.237726332799273E+02
   0.123672087563977E-01
   0.242017592820399E+02
   0.125087750349247E-01
   0.230371858207123E+02
   0.127768240331482E-01
   0.201552438221277E+02
   0.138582189965429E-01
   0.187061637253860E+02
   0.147846563095157E-01
   0.178770852143620E+02
   0.152854401344562E-01
   0.172434906418247E+02
   0.149476178688903E-01
   0.180975158715585E+02
   0.151344839818611E-01
   0.175832151976411E+02
   0.144743767477126E-01
   0.171401164981528E+02
   0.140245817071659E-01
   0.167710355151071E+02
   0.137688156890641E-01
   0.164561048789779E+02
   0.135418158435427E-01
   0.161846820978476E+02
   0.133090247185713E-01
   0.159500481310961E+02
   0.130397261407828E-01
   0.157552350150862E+02
   0.127678973995453E-01
   0.156175730994431E+02
   0.125517107855859E-01
   0.155738558874104E+02
   0.124992291516935E-01
   0.156600792267516E+02
   0.125070855803810E-01
   0.159511483908848E+02
   0.120867439196526E-01
   0.166935896288614E+02
   0.113580827098257E-01
   0.182570118170151E+02
   0.109402974927867E-01
   0.199361707948504E+02
   0.115865946150976E-01
   0.225075712875199E+02
   0.118975144285895E-01
   0.238350416292194E+02
   0.133929800731865E-01
   0.230237850514182E+02
   0.144173451515765E-01
   0.222165880521321E+02
   0.140241646715569E-01
   0.212226161942912E+02
   0.138795938490656E-01
   0.204729262202908E+02
   0.147337669787246E-01
   0.201092063261261E+02
   0.147720271659010E-01
   0.202712530736223E+02
   0.141287127486336E-01
   0.211757592759738E+02
   0.137612470267628E-01
   0.217488927976255E+02
   0.138998684911539E-01
   0.218763393820062E+02
   0.142812559378686E-01
   0.214834528243770E+02
   0.144830186125242E-01
   0.212945091850105E+02
   0.144620939168516E-01
   0.218798656632842E+02
   0.136736507587581E-01
   0.241850908365538E+02
   0.122979741840829E-01
   0.248801793434550E+02
   0.128455683115662E-01
   0.239748766474311E+02
   0.135097892494786E-01
   0.213392139290943E+02
   0.154645754658949E-01
   0.200434581873870E+02
   0.164249925283387E-01
   0.192543375259341E+02
   0.162563647071188E-01
   0.186546288627349E+02
   0.158167423213048E-01
   0.192864043431202E+02
   0.162652201179696E-01
   0.188367033710825E+02
   0.158911387197120E-01
   0.184516682134100E+02
   0.155994859386496E-01
   0.181320353613837E+02
   0.154243850236268E-01
   0.178603838169333E+02
   0.152530869942778E-01
   0.176226472088707E+02
   0.150787939190886E-01
   0.174059353112846E+02
   0.148712593220439E-01
   0.172072956876806E+02
   0.146506427691957E-01
   0.170393299560175E+02
   0.144431434765322E-01
   0.169284398390597E+02
   0.142297995280545E-01
   0.169105017607980E+02
   0.139420927646387E-01
   0.170501747316417E+02
   0.132782806753975E-01
   0.175193155880715E+02
   0.125206842016955E-01
   0.186360521492020E+02
   0.119474766074859E-01
   0.199617789512742E+02
   0.119407086374234E-01
   0.223929809966169E+02
   0.119958053889787E-01
   0.240302979680641E+02
   0.140315481780546E-01
   0.232145766392194E+02
   0.158664927597504E-01
   0.223812199872625E+02
   0.153292459102973E-01
   0.217154884516486E+02
   0.148577074228652E-01
   0.210567286427744E+02
   0.158838333110591E-01
   0.207449959217388E+02
   0.157940038296821E-01
   0.208173143014117E+02
   0.151432202493525E-01
   0.213193579187830E+02
   0.148858931521285E-01
   0.217979147307084E+02
   0.148270996695761E-01
   0.219664172101114E+02
   0.152841901841581E-01
   0.218259694393119E+02
   0.155014253491556E-01
   0.217788799972933E+02
   0.154892505180734E-01
   0.223034165500544E+02
   0.144006781190696E-01
   0.244508317199558E+02
   0.125024020666679E-01
   0.253720539073949E+02
   0.133886814220428E-01
   0.246954827623873E+02
   0.143458149722584E-01
   0.222961056047559E+02
   0.169944618374686E-01
   0.210934202514177E+02
   0.173436798204298E-01
   0.203357037381782E+02
   0.168311709768822E-01
   0.197847021093854E+02
   0.166404386436265E-01
   0.202589464169502E+02
   0.174897379630738E-01
   0.198675549357363E+02
   0.172487004810489E-01
   0.195307348374025E+02
   0.170322645950049E-01
   0.192516565343602E+02
   0.168898480488725E-01
   0.190177905355840E+02
   0.167863558822100E-01
   0.188117989161106E+02
   0.166940075938503E-01
   0.186146214869500E+02
   0.165696607952045E-01
   0.184141874571651E+02
   0.163888348117022E-01
   0.182182804960671E+02
   0.161789108913045E-01
   0.180494941790541E+02
   0.158783488780764E-01
   0.179471767200688E+02
   0.154559421329862E-01
   0.179772842076548E+02
   0.147636218330181E-01
   0.182836674191606E+02
   0.136243644160196E-01
   0.192272231089837E+02
   0.130683360977895E-01
   0.201751089785776E+02
   0.129601623291607E-01
   0.220041971070651E+02
   0.124358510728202E-01
   0.242166846150632E+02
   0.144596844827765E-01
   0.236921204947457E+02
   0.168336379283949E-01
   0.228099583003305E+02
   0.170473155752433E-01
   0.224518653373584E+02
   0.156518202341400E-01
   0.216438226034162E+02
   0.169966919705263E-01
   0.213497036466142E+02
   0.167886844254574E-01
   0.213615976148296E+02
   0.164143325694267E-01
   0.216814280739109E+02
   0.160862528601757E-01
   0.221647300320636E+02
   0.160585350110292E-01
   0.223588444066789E+02
   0.165834917964853E-01
   0.223397835691005E+02
   0.166840508415029E-01
   0.223191772777967E+02
   0.164868569845326E-01
   0.226941600952430E+02
   0.152823212736428E-01
   0.244937703322303E+02
   0.133706367343125E-01
   0.256817086226161E+02
   0.142326079012111E-01
   0.252113640344543E+02
   0.153161443269093E-01
   0.230496816488247E+02
   0.184031862267334E-01
   0.219233522034691E+02
   0.184731001986655E-01
   0.212011289632245E+02
   0.177904564923340E-01
   0.206965358169195E+02
   0.176957942829566E-01
   0.210543768620200E+02
   0.186966625414779E-01
   0.207067587881397E+02
   0.184862178606179E-01
   0.204070748367324E+02
   0.183071497328329E-01
   0.201601440970846E+02
   0.181967144597314E-01
   0.199577032376462E+02
   0.181791571900432E-01
   0.197787645715837E+02
   0.181749356558619E-01
   0.195988471382557E+02
   0.181347679637211E-01
   0.193962938359232E+02
   0.179779287765282E-01
   0.191740675241203E+02
   0.177152965785104E-01
   0.189558866283984E+02
   0.172883651350232E-01
   0.187875320311999E+02
   0.167122705314362E-01
   0.187397313480482E+02
   0.159235184813839E-01
   0.189586779826131E+02
   0.148343214901117E-01
   0.199488581756999E+02
   0.141756091706128E-01
   0.205059427114159E+02
   0.148152217475904E-01
   0.219687164683864E+02
   0.134098052465846E-01
   0.244194974882016E+02
   0.146876322810499E-01
   0.244401758874249E+02
   0.169558666929641E-01
   0.232827629963327E+02
   0.185537549517579E-01
   0.226947074446903E+02
   0.173515280294556E-01
   0.221455126902386E+02
   0.181583822680692E-01
   0.219102049316254E+02
   0.180057970438328E-01
   0.218963264822846E+02
   0.175857077513741E-01
   0.221400592450475E+02
   0.170201448989464E-01
   0.227342531689807E+02
   0.166928010294429E-01
   0.229150046508174E+02
   0.178069394822765E-01
   0.229544113482216E+02
   0.177441259533786E-01
   0.229045538282373E+02
   0.175635472399150E-01
   0.230909676049655E+02
   0.164934749344204E-01
   0.242437631037641E+02
   0.153619160815469E-01
   0.258400610191226E+02
   0.154237856905924E-01
   0.255469899674603E+02
   0.165095490921709E-01
   0.236236958339040E+02
   0.198082387939854E-01
   0.225794425239590E+02
   0.196234516202939E-01
   0.219046042721754E+02
   0.189188785030382E-01
   0.214438200651864E+02
   0.188571949199368E-01
   0.216834220201132E+02
   0.197523638112793E-01
   0.213669033951330E+02
   0.195388378254231E-01
   0.210946288633217E+02
   0.193854533140882E-01
   0.208715462545722E+02
   0.193238429405911E-01
   0.206912600818169E+02
   0.193816571388825E-01
   0.205310906139945E+02
   0.194549221457882E-01
   0.203624626488732E+02
   0.194831983856788E-01
   0.201556002026297E+02
   0.193311777668597E-01
   0.199101115748868E+02
   0.189805391694232E-01
   0.196558494549056E+02
   0.184154140379708E-01
   0.194457695389363E+02
   0.176880121668060E-01
   0.193558364989905E+02
   0.168816825627392E-01
   0.195120922878173E+02
   0.161976557254483E-01
   0.201772511459443E+02
   0.157912965125373E-01
   0.208274172360471E+02
   0.165298056066607E-01
   0.221121184240942E+02
   0.150020702051316E-01
   0.245824455057006E+02
   0.153836061627761E-01
   0.248733929887851E+02
   0.169310861443923E-01
   0.237157333932280E+02
   0.191459657365108E-01
   0.230241105063744E+02
   0.186964673056766E-01
   0.225840536692385E+02
   0.188677012988576E-01
   0.224125496404168E+02
   0.191033616443841E-01
   0.224019409511050E+02
   0.186941493190407E-01
   0.226221413020737E+02
   0.179604892257927E-01
   0.234895782200843E+02
   0.166712046428477E-01
   0.235531139986613E+02
   0.180996175902094E-01
   0.236486468479470E+02
   0.182394541803561E-01
   0.235310272467346E+02
   0.187385806425540E-01
   0.235276614525727E+02
   0.179789862537106E-01
   0.242691712398374E+02
   0.169649673747897E-01
   0.258938238979688E+02
   0.164118303252322E-01
   0.257164462297521E+02
   0.177334881115347E-01
   0.240267313624180E+02
   0.210761335124614E-01
   0.230784312674830E+02
   0.206492714002548E-01
   0.224596694664471E+02
   0.199789291403357E-01
   0.220371193943710E+02
   0.199086066138833E-01
   0.221543728193524E+02
   0.206981946348265E-01
   0.218594695658533E+02
   0.204815695140122E-01
   0.216054910012872E+02
   0.203381608227220E-01
   0.213961060562450E+02
   0.202948401277820E-01
   0.212256966829924E+02
   0.203487148622936E-01
   0.210732594751485E+02
   0.204345232233284E-01
   0.209085363601794E+02
   0.204780914739831E-01
   0.206962476022201E+02
   0.203013385537349E-01
   0.204344620327239E+02
   0.198713590177432E-01
   0.201620207130540E+02
   0.192392178513605E-01
   0.199381743739008E+02
   0.185111217685823E-01
   0.198384908989060E+02
   0.179271411354760E-01
   0.199566083794088E+02
   0.175814317547222E-01
   0.204365605604090E+02
   0.168636558577686E-01
   0.211043141883887E+02
   0.173953571876971E-01
   0.223173501319267E+02
   0.169440890672698E-01
   0.246851724713438E+02
   0.168723760820409E-01
   0.251119083897591E+02
   0.172764705276784E-01
   0.241247532326459E+02
   0.188816026595452E-01
   0.233511813099911E+02
   0.199490949413888E-01
   0.229668019033376E+02
   0.198813996768472E-01
   0.228448920929082E+02
   0.201660099691904E-01
   0.228513338904988E+02
   0.198228713332041E-01
   0.230546687580812E+02
   0.191263013365797E-01
   0.238877826366447E+02
   0.173894045936597E-01
   0.242544138792119E+02
   0.182871573715769E-01
   0.244496832188382E+02
   0.180937731881009E-01
   0.241846378023907E+02
   0.194797887996523E-01
   0.239743202169454E+02
   0.195834556536513E-01
   0.244181614273124E+02
   0.184506955418521E-01
   0.258518396441676E+02
   0.171172074127028E-01
   0.257242371064669E+02
   0.187174312042646E-01
   0.242636579356827E+02
   0.216408536707030E-01
   0.234308563292537E+02
   0.213893464539061E-01
   0.228745806731077E+02
   0.209662088782928E-01
   0.224827766364159E+02
   0.208646035318446E-01
   0.224730246830651E+02
   0.215220857211485E-01
   0.221922463678981E+02
   0.213133609827583E-01
   0.219482824191031E+02
   0.211650853249447E-01
   0.217426885981895E+02
   0.210677444646446E-01
   0.215712389217085E+02
   0.210185519050120E-01
   0.214168643390159E+02
   0.210380672915763E-01
   0.212504756239027E+02
   0.210716504657966E-01
   0.210337460530856E+02
   0.209037627577429E-01
   0.207649743423584E+02
   0.204659937405537E-01
   0.204924606259885E+02
   0.199148019310448E-01
   0.202779242691531E+02
   0.193823764685720E-01
   0.201879951204617E+02
   0.190194784338740E-01
   0.202825349581167E+02
   0.186179994110872E-01
   0.206620647341383E+02
   0.179027063208037E-01
   0.213260041093544E+02
   0.183204805498185E-01
   0.224994742293826E+02
   0.188758266411774E-01
   0.247060172267775E+02
   0.178894664151242E-01
   0.251986229615975E+02
   0.173672655280219E-01
   0.245922250999916E+02
   0.180686762074123E-01
   0.236134214739036E+02
   0.205156474845282E-01
   0.232764007772771E+02
   0.209552966818032E-01
   0.231931439209760E+02
   0.211063101714831E-01
   0.232228062449050E+02
   0.208392795958648E-01
   0.234092348124484E+02
   0.205649512461478E-01
   0.239485454673849E+02
   0.188548611599235E-01
   0.245393790423229E+02
   0.188759232086299E-01
   0.248800936685755E+02
   0.185253213480368E-01
   0.248760906447305E+02
   0.193978237365688E-01
   0.243919311805413E+02
   0.211942591328813E-01
   0.245927074486984E+02
   0.200916912685462E-01
   0.257166620678239E+02
   0.180323627679912E-01
   0.255484783289665E+02
   0.198383292276799E-01
   0.243623513517148E+02
   0.221631462225529E-01
   0.236531592807688E+02
   0.221308911371356E-01
   0.231547318597801E+02
   0.218819216894240E-01
   0.227850095280847E+02
   0.217118378459424E-01
   0.226441532535340E+02
   0.221021919862925E-01
   0.223717337678808E+02
   0.219223256052063E-01
   0.221319989007713E+02
   0.217730320839360E-01
   0.219252110351468E+02
   0.216030404851913E-01
   0.217476632988946E+02
   0.214439533347819E-01
   0.215869793671600E+02
   0.214270923533075E-01
   0.214144528319880E+02
   0.214739739376384E-01
   0.211920962021796E+02
   0.213085313099575E-01
   0.209230916546882E+02
   0.208808393172775E-01
   0.206613133690674E+02
   0.204283514811896E-01
   0.204672365074566E+02
   0.200831428027126E-01
   0.203961480599795E+02
   0.198055793535795E-01
   0.204833166111981E+02
   0.192225083359071E-01
   0.208139952019931E+02
   0.185606580623401E-01
   0.214736390970880E+02
   0.191479039589720E-01
   0.226002418916578E+02
   0.200893389698489E-01
   0.246183486169695E+02
   0.179803032486658E-01
   0.251488080095745E+02
   0.173310507011415E-01
   0.247645727554969E+02
   0.177047788812934E-01
   0.237742315013118E+02
   0.207230130041808E-01
   0.234926464720415E+02
   0.216507730339561E-01
   0.234471193616450E+02
   0.218404178425472E-01
   0.235053268428504E+02
   0.216709916791876E-01
   0.236701342552533E+02
   0.215323361015450E-01
   0.240289826517323E+02
   0.197659632104824E-01
   0.244867671730757E+02
   0.196038494331858E-01
   0.250069504484130E+02
   0.191487031549051E-01
   0.252280806244143E+02
   0.195284486543652E-01
   0.247329852423618E+02
   0.224109606329210E-01
   0.247323516929541E+02
   0.218247672992151E-01
   0.254742857348186E+02
   0.193382061928525E-01
   0.251491502894607E+02
   0.214476878116770E-01
   0.243484771937123E+02
   0.226785560475464E-01
   0.237537346976457E+02
   0.227514788968512E-01
   0.233003780931537E+02
   0.225343875098918E-01
   0.229464409224504E+02
   0.223010282735884E-01
   0.226784925492497E+02
   0.220377387313447E-01
   0.224098446648953E+02
   0.218619609137373E-01
   0.221703774600457E+02
   0.216956911060517E-01
   0.219605273670792E+02
   0.215108291216587E-01
   0.217756846785120E+02
   0.213615131194459E-01
   0.216037846575464E+02
   0.213272314206408E-01
   0.214190515431183E+02
   0.213240843429298E-01
   0.211901101348238E+02
   0.211351833870118E-01
   0.209261363552694E+02
   0.207633717261528E-01
   0.206804397196201E+02
   0.204050890815435E-01
   0.205085459015503E+02
   0.201366149522423E-01
   0.204613576913898E+02
   0.199060737873167E-01
   0.205625791475870E+02
   0.193487018755535E-01
   0.208730968174904E+02
   0.187110674031583E-01
   0.215284647044076E+02
   0.195121733859455E-01
   0.225876355331646E+02
   0.203591235497288E-01
   0.244284848198132E+02
   0.176012520219180E-01
   0.249838816484206E+02
   0.172117042044814E-01
   0.247478073418140E+02
   0.175580737882407E-01
   0.238309203304689E+02
   0.207185949171996E-01
   0.236101918156396E+02
   0.221101828356357E-01
   0.236046387454259E+02
   0.225398707636701E-01
   0.236908321324452E+02
   0.223331205896092E-01
   0.238359862249126E+02
   0.220134421138816E-01
   0.240903649282522E+02
   0.206325831885664E-01
   0.244485475455256E+02
   0.202396206727124E-01
   0.248639874217542E+02
   0.203017343939518E-01
   0.253406602736363E+02
   0.199434962542332E-01
   0.249914090355927E+02
   0.226263521591006E-01
   0.247880786609952E+02
   0.229074740354571E-01
   0.250731181592316E+02
   0.209907405616439E-01
   0.248348384745156E+02
   0.222648155074282E-01
   0.242469104405892E+02
   0.228372332255797E-01
   0.237381647534513E+02
   0.228711270007105E-01
   0.233179717501364E+02
   0.225233639531793E-01
   0.229755982746777E+02
   0.222378690960264E-01
   0.226048993717810E+02
   0.210117591244126E-01
   0.223352693068662E+02
   0.207391440120332E-01
   0.220892604516454E+02
   0.204591894331751E-01
   0.218685324434511E+02
   0.201965637563623E-01
   0.216707511832689E+02
   0.200333865738579E-01
   0.214848321043806E+02
   0.199985907631843E-01
   0.212883561590613E+02
   0.200136210644768E-01
   0.210570363751750E+02
   0.199081493857570E-01
   0.208044815065002E+02
   0.197181977384562E-01
   0.205807591199756E+02
   0.195800905324292E-01
   0.204337216310684E+02
   0.194769719776147E-01
   0.204088144658948E+02
   0.193792635960089E-01
   0.205332615782384E+02
   0.191089976898954E-01
   0.208347528929489E+02
   0.184959483120588E-01
   0.214853664335550E+02
   0.195796518763850E-01
   0.224547888778409E+02
   0.201038695783135E-01
   0.241458847295823E+02
   0.173862317481162E-01
   0.247137706634978E+02
   0.172010686474266E-01
   0.245860293811953E+02
   0.174282124015088E-01
   0.237892392118617E+02
   0.212478108100028E-01
   0.236154841238823E+02
   0.223901704348470E-01
   0.236429324162706E+02
   0.228792909566512E-01
   0.237691484109010E+02
   0.228177381563504E-01
   0.239033337542778E+02
   0.223110924769016E-01
   0.241023830888715E+02
   0.213609361128844E-01
   0.244034116302311E+02
   0.213586593177580E-01
   0.247366235723197E+02
   0.213144089703507E-01
   0.252491987404391E+02
   0.206205070667965E-01
   0.252105047167965E+02
   0.216410315031772E-01
   0.247382188207590E+02
   0.230000262828364E-01
   0.247635626046152E+02
   0.217155049535417E-01
   0.245376128630989E+02
   0.222707879515727E-01
   0.240674334281298E+02
   0.223539732980602E-01
   0.236219064334277E+02
   0.221183175884181E-01
   0.232320769574965E+02
   0.216552230197099E-01
   0.228996332333832E+02
   0.212946296480781E-01
   0.224483918864937E+02
   0.196426994930039E-01
   0.221757639819508E+02
   0.193129800035682E-01
   0.219239723305776E+02
   0.190078712891952E-01
   0.216955126688373E+02
   0.187678928574645E-01
   0.214871419748395E+02
   0.186112311321513E-01
   0.212872208372404E+02
   0.185212082362643E-01
   0.210777095289718E+02
   0.184579998225020E-01
   0.208440594045369E+02
   0.183551500809476E-01
   0.206045867761725E+02
   0.182838286856708E-01
   0.204015986060081E+02
   0.182945868292339E-01
   0.202756154284528E+02
   0.183687148261134E-01
   0.202689124094083E+02
   0.185313885115166E-01
   0.204105004239062E+02
   0.186745315898094E-01
   0.207045908130640E+02
   0.182157478363639E-01
   0.213423696781573E+02
   0.196691736909048E-01
   0.222064686117152E+02
   0.197516052428884E-01
   0.237567985013085E+02
   0.173747085543156E-01
   0.243245355850684E+02
   0.173077515618467E-01
   0.242862197763374E+02
   0.173418115257466E-01
   0.236267529666984E+02
   0.214667851217398E-01
   0.234885857351176E+02
   0.220883595124059E-01
   0.235389037749035E+02
   0.223805692752163E-01
   0.237245364235317E+02
   0.227166225498533E-01
   0.238626832375685E+02
   0.224349751571961E-01
   0.240351058745706E+02
   0.218358742169147E-01
   0.242975571726087E+02
   0.221366263060079E-01
   0.245643717844833E+02
   0.221009840029643E-01
   0.249082115365501E+02
   0.218792046440419E-01
   0.251205187585328E+02
   0.212737600539885E-01
   0.245706099700290E+02
   0.225505187710262E-01
   0.244621373719635E+02
   0.218689368376039E-01
   0.242253784205986E+02
   0.217888153566291E-01
   0.238215414568741E+02
   0.213200185452091E-01
   0.234276388161203E+02
   0.208959714532090E-01
   0.230656626357855E+02
   0.203989142257026E-01
   0.227424195306709E+02
   0.199934565713882E-01
   0.222551682876350E+02
   0.188956002357399E-01
   0.219824426456950E+02
   0.185462395431677E-01
   0.217283757172075E+02
   0.182368865281511E-01
   0.214954353146036E+02
   0.180121491008444E-01
   0.212787875424310E+02
   0.178520357252049E-01
   0.210661519469930E+02
   0.177317069950771E-01
   0.208432245725512E+02
   0.176208305766500E-01
   0.206032341678976E+02
   0.174843031237926E-01
   0.203674303651308E+02
   0.173914297297437E-01
   0.201727434435296E+02
   0.173859507844461E-01
   0.200547527523793E+02
   0.174942021342821E-01
   0.200534630720706E+02
   0.177833389297628E-01
   0.202028590785207E+02
   0.183062701391841E-01
   0.205097040542583E+02
   0.187356258304040E-01
   0.210916452082032E+02
   0.198355999005733E-01
   0.218438830596704E+02
   0.191078684876534E-01
   0.232428783402780E+02
   0.173618856888251E-01
   0.237982988315753E+02
   0.173934684965147E-01
   0.238478404758132E+02
   0.174949150262651E-01
   0.233399130851300E+02
   0.219099132493298E-01
   0.232324347047390E+02
   0.218492436770501E-01
   0.232968611774203E+02
   0.214146548258106E-01
   0.235614334851078E+02
   0.221264007632833E-01
   0.237082687249512E+02
   0.224459300721997E-01
   0.238679524552229E+02
   0.219937540769067E-01
   0.241010947012573E+02
   0.225162889841933E-01
   0.243188296505461E+02
   0.228201463236231E-01
   0.245597353354308E+02
   0.231485471715748E-01
   0.247842377655337E+02
   0.214726392574700E-01
   0.242882002898635E+02
   0.222530224899295E-01
   0.241318917781370E+02
   0.218344198020965E-01
   0.238883853581378E+02
   0.212806745077294E-01
   0.235343433484568E+02
   0.205847357142988E-01
   0.231891045144823E+02
   0.201395750114974E-01
   0.228569559118822E+02
   0.196800966550638E-01
   0.225457954886758E+02
   0.192680521305279E-01
   0.220519914692828E+02
   0.193803681255010E-01
   0.217856715606100E+02
   0.189701789531055E-01
   0.215352767058056E+02
   0.186096356552299E-01
   0.213016995047696E+02
   0.183292780809005E-01
   0.210797764045201E+02
   0.181234582009427E-01
   0.208570923633376E+02
   0.179701571393667E-01
   0.206222072063591E+02
   0.178544426026760E-01
   0.203734172193781E+02
   0.177376147526339E-01
   0.201328925657646E+02
   0.176696499300834E-01
   0.199340457763134E+02
   0.176897481107530E-01
   0.198081316054890E+02
   0.178098662764793E-01
   0.197922192977539E+02
   0.180972262183483E-01
   0.199239500112187E+02
   0.186774716654128E-01
   0.202162437341797E+02
   0.194189612555964E-01
   0.207304589184833E+02
   0.201592564851323E-01
   0.213786648417217E+02
   0.187906033906747E-01
   0.225892529696607E+02
   0.173017834624374E-01
   0.231190268051998E+02
   0.172678536814732E-01
   0.232607601858422E+02
   0.180364110337051E-01
   0.229060293668573E+02
   0.221284000061728E-01
   0.228451998533004E+02
   0.217450077383932E-01
   0.229419459577829E+02
   0.208882069658945E-01
   0.232969349719483E+02
   0.210835865380712E-01
   0.234509917578833E+02
   0.228055570021640E-01
   0.236155984977436E+02
   0.227529395353421E-01
   0.238141561858656E+02
   0.231789747369496E-01
   0.239779386318621E+02
   0.233846605715495E-01
   0.241213429992170E+02
   0.234964733364022E-01
   0.241973910850766E+02
   0.226570858074888E-01
   0.239131833346769E+02
   0.229618395472329E-01
   0.237573593978241E+02
   0.226209142323321E-01
   0.235264666500993E+02
   0.219235029993684E-01
   0.232238119916169E+02
   0.212319597755237E-01
   0.229280514040157E+02
   0.207864194270889E-01
   0.226281738059774E+02
   0.203061898212537E-01
   0.223336038524133E+02
   0.198229193698200E-01
   0.218359499060365E+02
   0.211196275103433E-01
   0.215857456416025E+02
   0.206591482213891E-01
   0.213472598506819E+02
   0.202102160993320E-01
   0.211197331219639E+02
   0.198128877885538E-01
   0.208982462635721E+02
   0.195041285538600E-01
   0.206700345542889E+02
   0.192726133450341E-01
   0.204251131849575E+02
   0.191111693633042E-01
   0.201650893356097E+02
   0.189581041607239E-01
   0.199121666377000E+02
   0.188293745978014E-01
   0.196971043902164E+02
   0.187588370399449E-01
   0.195470073742525E+02
   0.187124770126731E-01
   0.194943785575634E+02
   0.187207013958667E-01
   0.195750791190337E+02
   0.188990808709979E-01
   0.198026653298017E+02
   0.192615049876273E-01
   0.202550716156803E+02
   0.203785272650414E-01
   0.208315414749592E+02
   0.197409357654236E-01
   0.217810095744606E+02
   0.170690743641681E-01
   0.222774780061828E+02
   0.175600862457769E-01
   0.224988185357071E+02
   0.190549542505894E-01
   0.223157489328680E+02
   0.221245100023100E-01
   0.223194218402989E+02
   0.213776775203193E-01
   0.224676305604449E+02
   0.202554687986985E-01
   0.229720031800659E+02
   0.197319871436887E-01
   0.230621010009000E+02
   0.227556517150054E-01
   0.232370900322667E+02
   0.232955473143979E-01
   0.234004299155881E+02
   0.234780621390135E-01
   0.235141010874151E+02
   0.234925093936499E-01
   0.235772003490396E+02
   0.232350949158759E-01
   0.235861000728958E+02
   0.230413759649566E-01
   0.234224878327697E+02
   0.235812275827505E-01
   0.232985823195342E+02
   0.236720688155557E-01
   0.231053739117295E+02
   0.232624554164470E-01
   0.228649639748202E+02
   0.228554994887403E-01
   0.226236811238616E+02
   0.225143430232254E-01
   0.223639620777189E+02
   0.220798913887327E-01
   0.220977803043594E+02
   0.216005052533462E-01
   0.215144353365370E+02
   0.229391950928449E-01
   0.212921340906650E+02
   0.226330999932005E-01
   0.210775118872774E+02
   0.222289841648847E-01
   0.208673052231685E+02
   0.217505580330540E-01
   0.206557252193969E+02
   0.212969301136425E-01
   0.204286843276825E+02
   0.208752369392460E-01
   0.201762611653185E+02
   0.204866110459152E-01
   0.199039783906205E+02
   0.201146740072366E-01
   0.196351479091046E+02
   0.197800063897482E-01
   0.193993080968720E+02
   0.195160518941573E-01
   0.192214282871985E+02
   0.192737566481474E-01
   0.191282844943599E+02
   0.190367755965158E-01
   0.191441546214621E+02
   0.187989637583321E-01
   0.192814263792401E+02
   0.185689624834174E-01
   0.196425252545356E+02
   0.192218596719879E-01
   0.201766343717620E+02
   0.204540917384781E-01
   0.208055195011175E+02
   0.177411484575855E-01
   0.212475759221040E+02
   0.182310625975580E-01
   0.215117984718616E+02
   0.197083177181144E-01
   0.215667353057490E+02
   0.216320058270391E-01
   0.216586972941503E+02
   0.208492287465835E-01
   0.218845954846355E+02
   0.190174937663142E-01
   0.224223322305731E+02
   0.197657094797327E-01
   0.225342990175914E+02
   0.224564021059968E-01
   0.227148763784849E+02
   0.234045610624999E-01
   0.228466649319409E+02
   0.232419893111926E-01
   0.229232720177884E+02
   0.231587206604490E-01
   0.229287199660591E+02
   0.228119477563356E-01
   0.228931725203466E+02
   0.227080450687143E-01
   0.227887763660903E+02
   0.232737364454673E-01
   0.226983677736706E+02
   0.236989838086245E-01
   0.225525685381352E+02
   0.237234505998468E-01
   0.223732026212303E+02
   0.237387601941198E-01
   0.221878571601963E+02
   0.237314387057170E-01
   0.219737649566452E+02
   0.235128434791564E-01
   0.217454400611232E+02
   0.232411904145452E-01
   0.209875030619519E+02
   0.229648371215834E-01
   0.207972661823083E+02
   0.229099836038836E-01
   0.206160488813170E+02
   0.227881134023228E-01
   0.204375484100525E+02
   0.225073646640743E-01
   0.202518715931061E+02
   0.221258147797941E-01
   0.200410824564571E+02
   0.216310109169020E-01
   0.197924086736050E+02
   0.210187784757753E-01
   0.195146718682834E+02
   0.204121206710658E-01
   0.192332451194889E+02
   0.199002159821242E-01
   0.189777859811611E+02
   0.195069065525725E-01
   0.187738696474191E+02
   0.191917487593445E-01
   0.186452627516662E+02
   0.189320325838967E-01
   0.186095205296664E+02
   0.186427075338141E-01
   0.186810543677682E+02
   0.182110766065856E-01
   0.189358366319143E+02
   0.178542871055997E-01
   0.193857146146070E+02
   0.186168904288480E-01
   0.198976211027033E+02
   0.185434641431526E-01
   0.202649870108264E+02
   0.186898652080401E-01
   0.204942751963515E+02
   0.188628383598037E-01
   0.206615316682360E+02
   0.203511955800411E-01
   0.208577699364625E+02
   0.203554856290418E-01
   0.212216761232025E+02
   0.172563049484778E-01
   0.216363720762476E+02
   0.204836711354075E-01
   0.218646100933638E+02
   0.223030223976855E-01
   0.220431104321019E+02
   0.227061706877349E-01
   0.221547138033353E+02
   0.225711889827284E-01
   0.222022207874044E+02
   0.224522276337732E-01
   0.221710511821326E+02
   0.220689952289189E-01
   0.220986527440145E+02
   0.217967080919377E-01
   0.220077084771274E+02
   0.220602673686991E-01
   0.219344928368084E+02
   0.224932779791678E-01
   0.218257680521613E+02
   0.227222349337208E-01
   0.216947929299596E+02
   0.229776552851789E-01
   0.215530642322067E+02
   0.232059926669421E-01
   0.213783616733174E+02
   0.231660725546291E-01
   0.211862597922065E+02
   0.230719741308898E-01
   0.202398175155727E+02
   0.215653685025396E-01
   0.200728569776725E+02
   0.215747214492276E-01
   0.199188129236674E+02
   0.216483264224996E-01
   0.197732082439068E+02
   0.217017765647494E-01
   0.196218395755498E+02
   0.216388971731071E-01
   0.194422060215061E+02
   0.213776372371288E-01
   0.192165864191071E+02
   0.208558307021548E-01
   0.189503761392625E+02
   0.202087109107512E-01
   0.186679940854095E+02
   0.195937118675745E-01
   0.183999221344215E+02
   0.190883802417343E-01
   0.181750597218019E+02
   0.187060822064817E-01
   0.180172684338185E+02
   0.184253501266548E-01
   0.179446191881701E+02
   0.181814825221813E-01
   0.179774024245093E+02
   0.179136455828475E-01
   0.181756534894379E+02
   0.177746398985717E-01
   0.185565256603992E+02
   0.183559089364745E-01
   0.189598375648777E+02
   0.183477636693738E-01
   0.192354385104904E+02
   0.182325694357253E-01
   0.194090755636827E+02
   0.182233104916909E-01
   0.196129537419882E+02
   0.189893376260998E-01
   0.198960792643412E+02
   0.194132120563022E-01
   0.203401111092901E+02
   0.166251799843359E-01
   0.207645956635038E+02
   0.199597604582524E-01
   0.210491339061362E+02
   0.210886054269119E-01
   0.212234759719682E+02
   0.213980682848193E-01
   0.213227000649572E+02
   0.215267868679423E-01
   0.213495123658323E+02
   0.214723749795372E-01
   0.212962763427029E+02
   0.211203446064122E-01
   0.212015042372244E+02
   0.207664731606207E-01
   0.211098358779832E+02
   0.208166953702853E-01
   0.210378074040769E+02
   0.210820284939668E-01
   0.209452531324335E+02
   0.212557613025523E-01
   0.208412165657025E+02
   0.214795816273504E-01
   0.207261380348778E+02
   0.216914513229718E-01
   0.205790337142932E+02
   0.217012165631333E-01
   0.204141158744299E+02
   0.216436031129356E-01
   0.192983290920259E+02
   0.199352225927581E-01
   0.191459918635499E+02
   0.198834897224368E-01
   0.190074480508081E+02
   0.199383415830377E-01
   0.188829196727922E+02
   0.201022705239239E-01
   0.187582459937418E+02
   0.202616030043240E-01
   0.186099755908674E+02
   0.203041515340044E-01
   0.184176568111311E+02
   0.201086091692740E-01
   0.181794716744261E+02
   0.196709626537906E-01
   0.179126414256803E+02
   0.190991277407434E-01
   0.176443413719747E+02
   0.185046944365554E-01
   0.174071215292517E+02
   0.180160730348252E-01
   0.172274161311004E+02
   0.176491203206577E-01
   0.171275675080294E+02
   0.173506460739407E-01
   0.171347869574777E+02
   0.170793313721840E-01
   0.172969261429572E+02
   0.170140900002953E-01
   0.176129591635684E+02
   0.174657352496820E-01
   0.179235492865490E+02
   0.175144868444323E-01
   0.181125447649595E+02
   0.172780782069865E-01
   0.182168250645018E+02
   0.170083968473517E-01
   0.184232719190809E+02
   0.174814256223920E-01
   0.187765784288740E+02
   0.180281311866019E-01
   0.192489448099842E+02
   0.172706425139239E-01
   0.197927433121848E+02
   0.190329418229469E-01
   0.201008667111418E+02
   0.196624119197606E-01
   0.202652729035924E+02
   0.199433552512331E-01
   0.203476519494282E+02
   0.201755254334608E-01
   0.203584939266424E+02
   0.202208620857388E-01
   0.202945928229791E+02
   0.199968696467468E-01
   0.201903152550794E+02
   0.196861014191990E-01
   0.200924208166563E+02
   0.196189202618620E-01
   0.200131576797339E+02
   0.197457173402159E-01
   0.199240104454026E+02
   0.198392569596641E-01
   0.198302129804784E+02
   0.199738004370908E-01
   0.197264182008542E+02
   0.200721704539154E-01
   0.195984555722532E+02
   0.200758788503984E-01
   0.194541174212117E+02
   0.200273114310904E-01
   0.181735352317422E+02
   0.183217325924392E-01
   0.180311456647501E+02
   0.182199787754918E-01
   0.179003935737308E+02
   0.181921390111989E-01
   0.177858529482162E+02
   0.182864639708862E-01
   0.176756572369792E+02
   0.184343701008683E-01
   0.175486038123561E+02
   0.185605186092867E-01
   0.173860829613958E+02
   0.186026079596097E-01
   0.171815005644799E+02
   0.184663063894396E-01
   0.169428824777799E+02
   0.181292247288553E-01
   0.166899999469247E+02
   0.176366259163333E-01
   0.164536618004146E+02
   0.171240575985189E-01
   0.162621061769070E+02
   0.166807284616854E-01
   0.161442391800293E+02
   0.163311643023006E-01
   0.161350091113866E+02
   0.160922440868652E-01
   0.162708912318167E+02
   0.160438006911586E-01
   0.165307863736478E+02
   0.162638048528848E-01
   0.167675495063220E+02
   0.162722440366789E-01
   0.168785079244738E+02
   0.160742725771869E-01
   0.168950475244506E+02
   0.155209245059072E-01
   0.170780247412282E+02
   0.157793348187218E-01
   0.175008574926164E+02
   0.162980556134889E-01
   0.181054534906071E+02
   0.169808526622576E-01
   0.187123231185356E+02
   0.179944569331857E-01
   0.190283979538349E+02
   0.182059161954291E-01
   0.191728721912166E+02
   0.184108818542012E-01
   0.192311334011018E+02
   0.186029010177330E-01
   0.192255271368430E+02
   0.187064304903447E-01
   0.191552617122461E+02
   0.186294264745166E-01
   0.190466543531626E+02
   0.184260395781125E-01
   0.189405386733071E+02
   0.183194825117570E-01
   0.188485006928653E+02
   0.183347291045687E-01
   0.187532360001305E+02
   0.183458019864833E-01
   0.186586213859213E+02
   0.184035981718392E-01
   0.185581089884430E+02
   0.184356963990348E-01
   0.184429451502329E+02
   0.184382985331987E-01
   0.183145266631922E+02
   0.184063465866392E-01
   0.168681148405234E+02
   0.167190931137337E-01
   0.167338316770568E+02
   0.166133417396826E-01
   0.166068007389748E+02
   0.165312067732672E-01
   0.164943011419137E+02
   0.165251482463345E-01
   0.163883739507829E+02
   0.165775840245330E-01
   0.162718064740771E+02
   0.166433921477518E-01
   0.161294247073984E+02
   0.167041484469319E-01
   0.159537906174730E+02
   0.166976566600982E-01
   0.157460686613491E+02
   0.165587453205153E-01
   0.155187748848821E+02
   0.162667028512283E-01
   0.152969578729085E+02
   0.158846410255250E-01
   0.151055848827880E+02
   0.154457062940855E-01
   0.149788069589003E+02
   0.150577663267739E-01
   0.149611949550085E+02
   0.148471042122735E-01
   0.150830833543294E+02
   0.148627374873995E-01
   0.153044897471996E+02
   0.149998429319074E-01
   0.154865827835357E+02
   0.149936619701361E-01
   0.155205034320026E+02
   0.147657542624127E-01
   0.154251561177930E+02
   0.139246298993008E-01
   0.155620553679631E+02
   0.139129211841534E-01
   0.160560071181618E+02
   0.146179978356659E-01
   0.168269073735009E+02
   0.158140341259703E-01
   0.175194840252530E+02
   0.170725756986934E-01
   0.178407259726082E+02
   0.170349284363041E-01
   0.179545355398789E+02
   0.170193356290768E-01
   0.179800542926766E+02
   0.170565316251440E-01
   0.179520930132255E+02
   0.171121509171578E-01
   0.178721885362648E+02
   0.170906651902299E-01
   0.177588750796106E+02
   0.169930755613300E-01
   0.176436971434124E+02
   0.169180176883190E-01
   0.175360326663502E+02
   0.168633475688302E-01
   0.174283366870629E+02
   0.168061990017347E-01
   0.173251810140511E+02
   0.167940956076287E-01
   0.172220923047349E+02
   0.167825111569214E-01
   0.171136928001480E+02
   0.167850825299367E-01
   0.169970088577745E+02
   0.167817393065778E-01
   0.153778162891203E+02
   0.150424104299155E-01
   0.152507089632277E+02
   0.149516172208617E-01
   0.151263610135799E+02
   0.148508404033266E-01
   0.150130514923888E+02
   0.147841932335921E-01
   0.149062061284297E+02
   0.147692709081476E-01
   0.147931509753526E+02
   0.147729725165273E-01
   0.146618126483705E+02
   0.147688800794822E-01
   0.145067905165566E+02
   0.147708456482438E-01
   0.143256435183732E+02
   0.147037201286617E-01
   0.141257210724652E+02
   0.145425979962525E-01
   0.139256598417253E+02
   0.143019790368169E-01
   0.137445015670084E+02
   0.139420515451563E-01
   0.136165922785847E+02
   0.135495151673974E-01
   0.135969061710966E+02
   0.133939354823833E-01
   0.137172300376995E+02
   0.135637191948319E-01
   0.139233924607421E+02
   0.138257509181020E-01
   0.140735985811537E+02
   0.139176062486597E-01
   0.140313158811724E+02
   0.136049687125115E-01
   0.137856412557610E+02
   0.122104475396041E-01
   0.138538764221999E+02
   0.117150378722073E-01
   0.144147649213799E+02
   0.127985382503161E-01
   0.154137695299214E+02
   0.154403445962169E-01
   0.162085940746457E+02
   0.169950418720013E-01
   0.165318516563740E+02
   0.165781495892897E-01
   0.166057609315376E+02
   0.160873172996492E-01
   0.165931180364299E+02
   0.158203337604993E-01
   0.165368837668579E+02
   0.156966199811575E-01
   0.164406388727857E+02
   0.155885458834886E-01
   0.163170959895112E+02
   0.154716578327153E-01
   0.161900116457357E+02
   0.154059638066190E-01
   0.160654200834585E+02
   0.153159608958685E-01
   0.159418246812961E+02
   0.152104941081553E-01
   0.158251184524891E+02
   0.151419006970270E-01
   0.157147618911698E+02
   0.151008279464030E-01
   0.156072749138051E+02
   0.150884181558210E-01
   0.154974175850166E+02
   0.150869617241696E-01
   0.136918754876751E+02
   0.136586253552788E-01
   0.135706809781871E+02
   0.135559573887142E-01
   0.134494706584481E+02
   0.134375696847187E-01
   0.133368105605772E+02
   0.133462453474325E-01
   0.132281539876115E+02
   0.132823151644177E-01
   0.131157163467021E+02
   0.132357727774744E-01
   0.129907122646621E+02
   0.131761508333397E-01
   0.128493330694736E+02
   0.131288550645246E-01
   0.126889126918857E+02
   0.130660850775641E-01
   0.125134352882702E+02
   0.129798947691382E-01
   0.123370001703413E+02
   0.129177767213702E-01
   0.121733451518927E+02
   0.128125486065429E-01
   0.120515851874282E+02
   0.126214158951241E-01
   0.120287908528593E+02
   0.125339086947248E-01
   0.121492300996296E+02
   0.127379432667468E-01
   0.123614076166012E+02
   0.131352685623337E-01
   0.125073373587534E+02
   0.133421688279805E-01
   0.124040313186489E+02
   0.129636850023105E-01
   0.119520448936966E+02
   0.960075120430788E-02
   0.119410631393897E+02
   0.898363336167019E-02
   0.125370208496967E+02
   0.103033813972801E-01
   0.137385864230133E+02
   0.146726996661188E-01
   0.146636809057225E+02
   0.169728283751002E-01
   0.150306213228978E+02
   0.168452977419284E-01
   0.150882514458439E+02
   0.161237864145395E-01
   0.150439898849477E+02
   0.156050956989063E-01
   0.149592768710873E+02
   0.152509742702929E-01
   0.148408161582058E+02
   0.149538106877629E-01
   0.147009439083907E+02
   0.146736142918025E-01
   0.145584022302471E+02
   0.144507174622308E-01
   0.144169815696806E+02
   0.142450910608508E-01
   0.142775486185883E+02
   0.140537517365273E-01
   0.141453297678779E+02
   0.139071107306539E-01
   0.140244516413807E+02
   0.138112718669555E-01
   0.139131499169005E+02
   0.137588561215361E-01
   0.138054185581214E+02
   0.137229953068583E-01
   0.117820871870750E+02
   0.126765748717522E-01
   0.116649666714336E+02
   0.125936908081076E-01
   0.115468244392311E+02
   0.124973938705970E-01
   0.114361030109107E+02
   0.123975520292180E-01
   0.113272598005816E+02
   0.123079019741840E-01
   0.112166161450622E+02
   0.122360778765596E-01
   0.110987164736297E+02
   0.121704391336797E-01
   0.109702167867045E+02
   0.121133498239152E-01
   0.108289255350051E+02
   0.120782400125893E-01
   0.106742716264841E+02
   0.120248684070592E-01
   0.105160902124766E+02
   0.119649242739272E-01
   0.103673775886852E+02
   0.118809677219611E-01
   0.102540999372636E+02
   0.117283317747636E-01
   0.102296666864280E+02
   0.116279046395843E-01
   0.103473193203137E+02
   0.117749549279335E-01
   0.105744728803102E+02
   0.122509517546102E-01
   0.107467756992123E+02
   0.127145094602389E-01
   0.106323192848242E+02
   0.124470411457906E-01
   0.100192750783001E+02
   0.865803689217532E-02
   0.992271533932615E+01
   0.776608137926196E-02
   0.104800323373949E+02
   0.864206709184177E-02
   0.117605067630460E+02
   0.136207187220360E-01
   0.127249447658441E+02
   0.158651742196079E-01
   0.131594171945470E+02
   0.162498864598886E-01
   0.132663617162809E+02
   0.158308658007804E-01
   0.132416494208501E+02
   0.154205947738834E-01
   0.131561300709255E+02
   0.149942327021179E-01
   0.130283890778823E+02
   0.145407998104603E-01
   0.128754745013925E+02
   0.141114755455742E-01
   0.127191553028268E+02
   0.137650772524796E-01
   0.125622190084028E+02
   0.134712601860442E-01
   0.124090054523472E+02
   0.132406900541705E-01
   0.122593878180003E+02
   0.130289421576258E-01
   0.121238915621053E+02
   0.128738673712846E-01
   0.120030862840124E+02
   0.127764346776250E-01
   0.118926954364476E+02
   0.127255075177335E-01
   0.962041319984554E+01
   0.116965639449407E-01
   0.950035791401830E+01
   0.115829004181412E-01
   0.938122147491360E+01
   0.114660644413530E-01
   0.927643593863941E+01
   0.113983818176360E-01
   0.916963615562841E+01
   0.113154865180776E-01
   0.906160091411256E+01
   0.112426539755254E-01
   0.895138108734700E+01
   0.111840487995604E-01
   0.883691916470806E+01
   0.111384367781820E-01
   0.871512795483299E+01
   0.111032279730874E-01
   0.858448199341444E+01
   0.110659096814635E-01
   0.845277712168940E+01
   0.110273468254164E-01
   0.833063080791979E+01
   0.109709205066542E-01
   0.823964305435158E+01
   0.108801516513537E-01
   0.822270302640409E+01
   0.108251513548279E-01
   0.833012770218766E+01
   0.109245998733541E-01
   0.855824736264361E+01
   0.113374312201638E-01
   0.875935046389776E+01
   0.119645059356790E-01
   0.870741151833424E+01
   0.122333237756443E-01
   0.804025721669076E+01
   0.840447279118054E-02
   0.787850758433413E+01
   0.758338571164571E-02
   0.831211309168749E+01
   0.815907211030838E-02
   0.941986430570793E+01
   0.115587747601077E-01
   0.102783433723517E+02
   0.132152524280896E-01
   0.107477641034298E+02
   0.139653568126162E-01
   0.109431505686284E+02
   0.140763671752652E-01
   0.109990277205376E+02
   0.140982836961022E-01
   0.109772225210921E+02
   0.140085711316748E-01
   0.108975351929128E+02
   0.137622889818135E-01
   0.107745726464354E+02
   0.134548962120446E-01
   0.106276531213415E+02
   0.131211762092908E-01
   0.104665795930195E+02
   0.127902564485437E-01
   0.103013926014306E+02
   0.125082047048788E-01
   0.101396640449255E+02
   0.122585333906118E-01
   0.999112613390370E+01
   0.120562813323555E-01
   0.985670145225697E+01
   0.119009138935516E-01
   0.973647522493471E+01
   0.117913451661814E-01
   0.719194966873536E+01
   0.106992934065667E-01
   0.707293111269512E+01
   0.105810987880000E-01
   0.695597232369334E+01
   0.104657703181751E-01
   0.684562180072292E+01
   0.103589980619230E-01
   0.673636600928248E+01
   0.102512020373954E-01
   0.663039576223314E+01
   0.101716688856099E-01
   0.652872759973351E+01
   0.101199801509695E-01
   0.642999714301282E+01
   0.100968522309179E-01
   0.633018812378706E+01
   0.100799830657356E-01
   0.622648576451704E+01
   0.100668750106204E-01
   0.612848706961018E+01
   0.100607732793625E-01
   0.604323368888432E+01
   0.100484945230079E-01
   0.598701923616656E+01
   0.100272134278318E-01
   0.598784659216835E+01
   0.100238110700833E-01
   0.607992432306602E+01
   0.100993120509448E-01
   0.627490308435572E+01
   0.103762827325589E-01
   0.647595030100538E+01
   0.109107548638891E-01
   0.651847108805271E+01
   0.116209393309037E-01
   0.607062963955016E+01
   0.958618735699478E-02
   0.587712776430990E+01
   0.905174102223862E-02
   0.607800886900528E+01
   0.870292626416022E-02
   0.672008986167791E+01
   0.946568097925836E-02
   0.732206197097961E+01
   0.100193795868082E-01
   0.775395100848012E+01
   0.106301492403913E-01
   0.801504271015406E+01
   0.110670434544854E-01
   0.815919538063844E+01
   0.114175874659718E-01
   0.823873757650379E+01
   0.117405922411171E-01
   0.825380230030076E+01
   0.119155383342639E-01
   0.820625840687609E+01
   0.119294102460754E-01
   0.811566241025571E+01
   0.118382596442282E-01
   0.799065734400086E+01
   0.116517510256005E-01
   0.784624836646378E+01
   0.114434979172713E-01
   0.769751829705312E+01
   0.112346475637469E-01
   0.755765083266275E+01
   0.110616964195455E-01
   0.742452493900468E+01
   0.109054020755172E-01
   0.730596990311010E+01
   0.107956383786740E-01
   0.433306799911863E+01
   0.930123680257818E-02
   0.422650124670939E+01
   0.921728774422869E-02
   0.412572168465995E+01
   0.914642183116412E-02
   0.402780879913734E+01
   0.907558397770565E-02
   0.393031147382094E+01
   0.899823378880785E-02
   0.383689583590540E+01
   0.893517292123279E-02
   0.375089163824423E+01
   0.889725689012943E-02
   0.367117925023785E+01
   0.888411566981079E-02
   0.359420065794731E+01
   0.887880147341879E-02
   0.351447007039555E+01
   0.885156567219056E-02
   0.345320448554988E+01
   0.885906184265592E-02
   0.341033922939661E+01
   0.887444849327500E-02
   0.339367423926125E+01
   0.889550307641375E-02
   0.341758096272285E+01
   0.893053052282648E-02
   0.349548018113802E+01
   0.899190505895375E-02
   0.363061009715978E+01
   0.915176333986957E-02
   0.377712995224933E+01
   0.946544707876542E-02
   0.381198724764219E+01
   0.984174012787676E-02
   0.357163909178983E+01
   0.911363348916573E-02
   0.339032278068017E+01
   0.853076129628313E-02
   0.341596676020204E+01
   0.801559647891124E-02
   0.369023367018003E+01
   0.791154785578592E-02
   0.403156027501774E+01
   0.796751910005007E-02
   0.434228014760271E+01
   0.821854915827360E-02
   0.457621326546746E+01
   0.847974644964155E-02
   0.474852261104109E+01
   0.875029123082549E-02
   0.488511597280884E+01
   0.908411093551121E-02
   0.497658698216916E+01
   0.938694563900717E-02
   0.501336444487828E+01
   0.959652066230932E-02
   0.499599901470577E+01
   0.968499454518330E-02
   0.493220979956327E+01
   0.966552500545880E-02
   0.483648640761600E+01
   0.958302908883834E-02
   0.472810561181278E+01
   0.948611064910093E-02
   0.462677240144731E+01
   0.943187503529900E-02
   0.452734249599859E+01
   0.938799888583640E-02
   0.442991503142331E+01
   0.934400749339105E-02
   0.784187371314702E+00
   0.728309985348401E-02
   0.717699051338918E+00
   0.727924396578121E-02
   0.648124337321495E+00
   0.726061966362130E-02
   0.575812947181643E+00
   0.723071183654621E-02
   0.501467722521255E+00
   0.718603446560216E-02
   0.430939302078044E+00
   0.713950494313434E-02
   0.368691921797026E+00
   0.710506424675489E-02
   0.312932939572006E+00
   0.708122938215605E-02
   0.261903420296334E+00
   0.706005427755299E-02
   0.222157371163202E+00
   0.704753442046440E-02
   0.203417685423482E+00
   0.706106734072099E-02
   0.202152939705850E+00
   0.708050707885184E-02
   0.219701006438348E+00
   0.710494466754624E-02
   0.259844212224240E+00
   0.713572831800390E-02
   0.323424871817227E+00
   0.718007615347926E-02
   0.403393887684218E+00
   0.726834528333825E-02
   0.484248198269794E+00
   0.747038321917555E-02
   0.501444347333007E+00
   0.768317932435980E-02
   0.376431386604930E+00
   0.741665827680926E-02
   0.229881053853240E+00
   0.703958698327570E-02
   0.158290972027921E+00
   0.667364346591959E-02
   0.220273206539632E+00
   0.646645990221082E-02
   0.353238711660104E+00
   0.635868080772648E-02
   0.509694392241784E+00
   0.634371708542333E-02
   0.656952171257633E+00
   0.637459027879089E-02
   0.790607066477488E+00
   0.644784945250399E-02
   0.915378478201281E+00
   0.659714544806081E-02
   0.102381778485986E+01
   0.680435329785090E-02
   0.110120482469491E+01
   0.701290352981154E-02
   0.113672262368618E+01
   0.716032429972739E-02
   0.113166155768040E+01
   0.723761170409933E-02
   0.109511740542949E+01
   0.726495656381881E-02
   0.103921266584556E+01
   0.726089561580337E-02
   0.979833843617333E+00
   0.726792126024010E-02
   0.918268022949051E+00
   0.727952382253218E-02
   0.849768673901635E+00
   0.727681677932496E-02
  -0.376689697057884E+01
   0.489519064594624E-02
  -0.379503966807107E+01
   0.490933094937458E-02
  -0.382819838237611E+01
   0.490276894680747E-02
  -0.386519974043515E+01
   0.487778902715068E-02
  -0.390368337581221E+01
   0.483822411156984E-02
  -0.393472222037123E+01
   0.479649722557569E-02
  -0.395467996695906E+01
   0.476286604748176E-02
  -0.396215140779351E+01
   0.474443873665993E-02
  -0.395810769588217E+01
   0.473815865920079E-02
  -0.394231289866802E+01
   0.474184435399776E-02
  -0.391558576683356E+01
   0.474755301928335E-02
  -0.388173825772565E+01
   0.475451039712104E-02
  -0.384229815238697E+01
   0.476891848165881E-02
  -0.379744583885526E+01
   0.479832239601336E-02
  -0.375251827853255E+01
   0.484475183424309E-02
  -0.371572541910600E+01
   0.491983865578681E-02
  -0.370005303175582E+01
   0.503074979913853E-02
  -0.372723202998477E+01
   0.513720505477979E-02
  -0.380792910953116E+01
   0.514155438270742E-02
  -0.391406599175914E+01
   0.504005771072695E-02
  -0.400729020825029E+01
   0.487395652685873E-02
  -0.406154452368178E+01
   0.469392343843203E-02
  -0.407486430274035E+01
   0.453512550085358E-02
  -0.405159225658371E+01
   0.442349976763306E-02
  -0.400072302077017E+01
   0.437217275330662E-02
  -0.392948252935793E+01
   0.438777071951967E-02
  -0.384615928901227E+01
   0.446137928771567E-02
  -0.376517526418768E+01
   0.456820404528029E-02
  -0.369982146396803E+01
   0.468107717063181E-02
  -0.365921380631654E+01
   0.477046629537453E-02
  -0.364552394917758E+01
   0.481894736557762E-02
  -0.365349358307244E+01
   0.483379181866978E-02
  -0.367382807335632E+01
   0.483395533631382E-02
  -0.369756184913658E+01
   0.483900454570345E-02
  -0.372051552185897E+01
   0.485193245120543E-02
  -0.374277554852303E+01
   0.487124439963808E-02
  -0.100013651426681E+02
   0.273950625210307E-02
  -0.994218477730402E+01
   0.276565011357670E-02
  -0.989082773265634E+01
   0.277796496405788E-02
  -0.984224866906933E+01
   0.278095665483328E-02
  -0.978027563083820E+01
   0.279378138547026E-02
  -0.969857707230180E+01
   0.282253724822833E-02
  -0.959153771003017E+01
   0.287283119648820E-02
  -0.945438404944518E+01
   0.294987219358610E-02
  -0.930964092223009E+01
   0.303279264632865E-02
  -0.916248350720230E+01
   0.311855908761139E-02
  -0.902163252257956E+01
   0.320153573208302E-02
  -0.889920869544481E+01
   0.327658353591711E-02
  -0.878585387911589E+01
   0.336157236840853E-02
  -0.872554068075750E+01
   0.340476260666771E-02
  -0.871822764479819E+01
   0.341198436081129E-02
  -0.876818217193484E+01
   0.338262087088337E-02
  -0.888404746205184E+01
   0.330890923902561E-02
  -0.907834860014995E+01
   0.317475737130442E-02
  -0.928972840711726E+01
   0.304968648357994E-02
  -0.951240499872976E+01
   0.292884716420011E-02
  -0.973406635258692E+01
   0.281287912426818E-02
  -0.995084038037904E+01
   0.269338042522420E-02
  -0.101531340409892E+02
   0.257469704813537E-02
  -0.102912216554416E+02
   0.249857027958335E-02
  -0.103724734336747E+02
   0.245837617923707E-02
  -0.104077274722568E+02
   0.244635161798588E-02
  -0.104106092765685E+02
   0.245333982282972E-02
  -0.103958948530305E+02
   0.246948890026050E-02
  -0.103755339976477E+02
   0.248677478884109E-02
  -0.103552756729000E+02
   0.250146303096043E-02
  -0.103362715946998E+02
   0.251322287442659E-02
  -0.103144569969583E+02
   0.252592217168284E-02
  -0.102851246967854E+02
   0.254396508357596E-02
  -0.102408650960330E+02
   0.257379311400368E-02
  -0.101738401003761E+02
   0.262160178553115E-02
  -0.100759291207710E+02
   0.269350546339460E-02
