   0.199577213813674E+01
   0.416827809235188E-02
   0.895943728214345E+00
   0.398014324610843E-02
   0.177994604709487E+00
   0.383727896048069E-02
  -0.234721430887230E+00
   0.373376559490419E-02
  -0.321531053450501E+00
   0.366960537140308E-02
   0.483394380639929E-01
   0.364945930173893E-02
  -0.438567273969001E+00
   0.369279929085212E-02
  -0.406187420671172E+00
   0.378674386880622E-02
   0.121042738045103E+00
   0.393227392459536E-02
   0.114361795486843E+01
   0.413086405322889E-02
   0.267003888795137E+01
   0.438262090622782E-02
   0.492684197169779E+01
   0.467981113859532E-02
   0.817415230814801E+01
   0.501113383445627E-02
   0.110249674245038E+02
   0.535792745029134E-02
   0.135942484281562E+02
   0.570120166426647E-02
   0.159063854931436E+02
   0.602559693935589E-02
   0.178694732808681E+02
   0.632024201123773E-02
   0.194617480340284E+02
   0.657822101011982E-02
   0.206997793732123E+02
   0.679563854945216E-02
   0.216186076364364E+02
   0.697261014676389E-02
   0.222584409994569E+02
   0.711303389892752E-02
   0.226542363416032E+02
   0.721946049406667E-02
   0.228270268649163E+02
   0.729153293631422E-02
   0.227778140646195E+02
   0.732578807107016E-02
   0.224877178385904E+02
   0.731587971079138E-02
   0.219233540319152E+02
   0.725578094110646E-02
   0.210399289102055E+02
   0.714259589077709E-02
   0.197805814503976E+02
   0.697445147413348E-02
   0.180735745090222E+02
   0.675013966852136E-02
   0.158298472602410E+02
   0.647120116690735E-02
   0.129436526630006E+02
   0.614436615512618E-02
   0.929607241030470E+01
   0.578270232323942E-02
   0.646643764201347E+01
   0.540568351304648E-02
   0.439242965179723E+01
   0.503711668934428E-02
   0.298824966404587E+01
   0.469956727467203E-02
   0.219665947583122E+01
   0.440824432311259E-02
   0.496492831897766E+01
   0.524355429969454E-02
   0.554945364753783E+01
   0.505119208472585E-02
   0.533711271813730E+01
   0.487964763530792E-02
   0.451726482655011E+01
   0.470346549841537E-02
   0.293826201623982E+01
   0.456918978385491E-02
   0.221222436324834E+01
   0.450603507843302E-02
   0.197613111514151E+01
   0.450873577683916E-02
   0.220121372352900E+01
   0.458369485349182E-02
   0.293952376296880E+01
   0.471900870896309E-02
   0.436768775375166E+01
   0.489761600677068E-02
   0.462592414666785E+01
   0.514796046786321E-02
   0.549744656400451E+01
   0.544618208090702E-02
   0.706447001529281E+01
   0.589634628515329E-02
   0.923291696237206E+01
   0.641684893712289E-02
   0.121286775820078E+02
   0.692012299373069E-02
   0.160812732877735E+02
   0.738514756904927E-02
   0.187871935139329E+02
   0.780283219670207E-02
   0.205868822358576E+02
   0.815759754230056E-02
   0.217296900908819E+02
   0.841115897998778E-02
   0.224116359498508E+02
   0.855636149487217E-02
   0.228016925412973E+02
   0.868065484221753E-02
   0.230432910210937E+02
   0.881279634108477E-02
   0.232338917855658E+02
   0.895607257262353E-02
   0.233737717167364E+02
   0.910286860560391E-02
   0.233782038861476E+02
   0.919052304820073E-02
   0.231715552865598E+02
   0.916583362554274E-02
   0.227079026457203E+02
   0.906835276170597E-02
   0.219522906520496E+02
   0.891138891639815E-02
   0.208479748791150E+02
   0.867507598699151E-02
   0.192810639810114E+02
   0.833617474095926E-02
   0.170844969138645E+02
   0.788910636739000E-02
   0.140869850771557E+02
   0.736036441198205E-02
   0.101516080232782E+02
   0.677329632295061E-02
   0.760320758979318E+01
   0.621874273463324E-02
   0.602972242219497E+01
   0.578004579580177E-02
   0.517595999369997E+01
   0.547433868823758E-02
   0.745307645253229E+01
   0.691248467621218E-02
   0.707965443031367E+01
   0.672272279528531E-02
   0.659344588356066E+01
   0.651988787873361E-02
   0.593388690709322E+01
   0.616662820679825E-02
   0.521282677814215E+01
   0.583454027405660E-02
   0.478887144637115E+01
   0.575844227781398E-02
   0.466097269053295E+01
   0.581923829229592E-02
   0.484251998659085E+01
   0.598133953957855E-02
   0.533649876203982E+01
   0.619456350933954E-02
   0.620714340151026E+01
   0.645310301580552E-02
   0.758987280094104E+01
   0.666156548403148E-02
   0.794812432569052E+01
   0.646830259398564E-02
   0.951813721707216E+01
   0.702670829091379E-02
   0.116606092949776E+02
   0.768438268100112E-02
   0.143833164687428E+02
   0.815458380506330E-02
   0.180945811461440E+02
   0.862498214987627E-02
   0.204104321425568E+02
   0.913043585147272E-02
   0.217905945206673E+02
   0.965981737014387E-02
   0.224924929180541E+02
   0.996451223646100E-02
   0.227182471627970E+02
   0.983456613834174E-02
   0.226849081303475E+02
   0.987155527277787E-02
   0.226370292923488E+02
   0.100156221673818E-01
   0.228394689172261E+02
   0.102265108306740E-01
   0.232615869429244E+02
   0.106264125988566E-01
   0.235509849070223E+02
   0.109226124311835E-01
   0.235617069158720E+02
   0.107841875957669E-01
   0.232879233720659E+02
   0.106389363421360E-01
   0.227827655887081E+02
   0.105279950168643E-01
   0.220834821037966E+02
   0.103310443666713E-01
   0.210508759961374E+02
   0.995775137742706E-02
   0.193585726103442E+02
   0.938469582171585E-02
   0.167038266371775E+02
   0.880976116294242E-02
   0.127906071064879E+02
   0.808262474811047E-02
   0.103409572585449E+02
   0.749966338203156E-02
   0.889568671298643E+01
   0.721541560538088E-02
   0.801796965605230E+01
   0.711036925762389E-02
   0.102403735549749E+02
   0.901760400323647E-02
   0.968430960043191E+01
   0.869086292961571E-02
   0.911685322192385E+01
   0.835229326036605E-02
   0.852515474948337E+01
   0.801319946466584E-02
   0.795294913522553E+01
   0.763133589441128E-02
   0.757606459214393E+01
   0.745558372207548E-02
   0.742835690297001E+01
   0.749348588666167E-02
   0.749166671236776E+01
   0.761135689371150E-02
   0.775333067010097E+01
   0.772000711522471E-02
   0.823206910609482E+01
   0.771761081656063E-02
   0.898204429719601E+01
   0.776183758970557E-02
   0.101010253986629E+02
   0.752218758334983E-02
   0.128981323566995E+02
   0.832169606876589E-02
   0.153427458649484E+02
   0.869765623377170E-02
   0.177400119101698E+02
   0.895599838015128E-02
   0.201026377848395E+02
   0.933416339781514E-02
   0.217719220628059E+02
   0.980573896449525E-02
   0.226730680174748E+02
   0.102634891945495E-01
   0.229274046664071E+02
   0.105232187507332E-01
   0.226778592243051E+02
   0.105749429417983E-01
   0.221293518605874E+02
   0.106970496283402E-01
   0.216070870328966E+02
   0.107753782043379E-01
   0.218545418499370E+02
   0.109620721691594E-01
   0.228440542726750E+02
   0.117886045783205E-01
   0.234573720297223E+02
   0.120459434235648E-01
   0.235984766505841E+02
   0.117843921119096E-01
   0.233529325668531E+02
   0.119071939533326E-01
   0.229128004510066E+02
   0.116298172590537E-01
   0.225625789032696E+02
   0.113904906006344E-01
   0.221565776023446E+02
   0.111200773643963E-01
   0.210260119867274E+02
   0.106897326807706E-01
   0.187871959985499E+02
   0.101783239702093E-01
   0.151458170946575E+02
   0.964995932290535E-02
   0.129564156684625E+02
   0.933313410446305E-02
   0.116869761842824E+02
   0.925313286082574E-02
   0.108653294241447E+02
   0.917113680444974E-02
   0.127591998737639E+02
   0.111897985406652E-01
   0.121613347005296E+02
   0.106947786357620E-01
   0.115798514975505E+02
   0.101720773414142E-01
   0.110363004095247E+02
   0.975972909366279E-02
   0.105481783198289E+02
   0.939441686870791E-02
   0.101884291598550E+02
   0.915496404960834E-02
   0.998575090394628E+01
   0.906778536621465E-02
   0.993313424410260E+01
   0.905442852627418E-02
   0.100235482487678E+02
   0.902402635918587E-02
   0.102850325382913E+02
   0.893289675804271E-02
   0.107921778054353E+02
   0.869956945016992E-02
   0.118463762629315E+02
   0.854202663152280E-02
   0.145339131540110E+02
   0.925619391624353E-02
   0.171083235666636E+02
   0.942323560922552E-02
   0.193575738794304E+02
   0.956036463290683E-02
   0.213495680408975E+02
   0.993410024697398E-02
   0.226893696678596E+02
   0.104858723186682E-01
   0.232129673240231E+02
   0.109945352035938E-01
   0.230809352419033E+02
   0.111774447117945E-01
   0.223704864274655E+02
   0.111257977298543E-01
   0.212405047675522E+02
   0.113755187858902E-01
   0.198832531664325E+02
   0.112223813518024E-01
   0.201868872321432E+02
   0.116472417701769E-01
   0.223145238430238E+02
   0.127450064328762E-01
   0.232189140827020E+02
   0.125033224542310E-01
   0.233982069271647E+02
   0.126280295939587E-01
   0.230256090346474E+02
   0.128084855021865E-01
   0.224274786954731E+02
   0.124691924371319E-01
   0.223962706259185E+02
   0.120359436831500E-01
   0.228465289650250E+02
   0.118998924320732E-01
   0.223163061416844E+02
   0.115357330378655E-01
   0.204863642294633E+02
   0.112110730192786E-01
   0.171231737324014E+02
   0.110809729686898E-01
   0.152001998383087E+02
   0.109997457467751E-01
   0.141122332682365E+02
   0.113096965924540E-01
   0.133805393080625E+02
   0.114469718869784E-01
   0.149000034569737E+02
   0.130002856672039E-01
   0.143021292317135E+02
   0.123014006379890E-01
   0.137446592689685E+02
   0.116617166231203E-01
   0.132543310630676E+02
   0.112169550808227E-01
   0.128318328945919E+02
   0.108945357438949E-01
   0.124973342322692E+02
   0.106449014430423E-01
   0.122638151691000E+02
   0.104624344026672E-01
   0.121326290808162E+02
   0.103266407933973E-01
   0.121095382589797E+02
   0.101921703016459E-01
   0.122320019460389E+02
   0.100914993284929E-01
   0.125671876173367E+02
   0.995924551068878E-02
   0.133262322843801E+02
   0.966276312220699E-02
   0.150889912616295E+02
   0.977863655170439E-02
   0.179725280388050E+02
   0.101329175186472E-01
   0.201364696638009E+02
   0.101903887808809E-01
   0.220820169459735E+02
   0.106462591250960E-01
   0.232802770676769E+02
   0.113301258846319E-01
   0.234591638272004E+02
   0.118767081416492E-01
   0.230042884743087E+02
   0.117986949363974E-01
   0.218694955559572E+02
   0.119159784292387E-01
   0.201938693319321E+02
   0.120480151978703E-01
   0.193553419054237E+02
   0.120485897812851E-01
   0.197464545734342E+02
   0.123173046749583E-01
   0.219838540428990E+02
   0.131245328641424E-01
   0.229014907319154E+02
   0.130508285198314E-01
   0.230319884923333E+02
   0.133972559314247E-01
   0.224030649436866E+02
   0.134022854919941E-01
   0.213177614373530E+02
   0.129484319180017E-01
   0.215639270063272E+02
   0.123932634147057E-01
   0.233185285912532E+02
   0.123451185507276E-01
   0.233640458051835E+02
   0.121691443972840E-01
   0.218980412518188E+02
   0.120620837962975E-01
   0.187842360002371E+02
   0.124934001555332E-01
   0.171110633946873E+02
   0.128127126829627E-01
   0.161821779135476E+02
   0.134461917306619E-01
   0.155125450310089E+02
   0.134690866190792E-01
   0.166687694616997E+02
   0.142508204411795E-01
   0.160993308532774E+02
   0.134459517916472E-01
   0.155921866691775E+02
   0.128182226157479E-01
   0.151630250552178E+02
   0.124260523133111E-01
   0.147988257954532E+02
   0.121630887439680E-01
   0.144956472506772E+02
   0.119350279332536E-01
   0.142543366896926E+02
   0.117087102144718E-01
   0.140792726930024E+02
   0.114977070181786E-01
   0.139858018665536E+02
   0.113306230560674E-01
   0.140139184010343E+02
   0.112801424481083E-01
   0.142124372830768E+02
   0.112516329347023E-01
   0.147115302089657E+02
   0.109074613043243E-01
   0.158916983040470E+02
   0.104113640450295E-01
   0.183507046673855E+02
   0.105048636679322E-01
   0.203231086626605E+02
   0.108193022065761E-01
   0.224411963019242E+02
   0.112215039476210E-01
   0.236356206327277E+02
   0.123410244581945E-01
   0.234116415789344E+02
   0.129806609858439E-01
   0.227142614517244E+02
   0.127362783736365E-01
   0.211784499768097E+02
   0.128311577846998E-01
   0.200847031432906E+02
   0.131610979578652E-01
   0.195728049797413E+02
   0.133181865242316E-01
   0.198836772211197E+02
   0.130980927872840E-01
   0.216705195743281E+02
   0.134616204591383E-01
   0.224405697595994E+02
   0.136356501748404E-01
   0.225214124223134E+02
   0.137635379680725E-01
   0.215767764676045E+02
   0.138177862837008E-01
   0.210525210787489E+02
   0.134303526658258E-01
   0.215608519840030E+02
   0.129098002556652E-01
   0.237938063052369E+02
   0.123831246688874E-01
   0.242248110575255E+02
   0.125263362022309E-01
   0.230618958914937E+02
   0.127955781977652E-01
   0.201808064240228E+02
   0.138773217177065E-01
   0.187316392204423E+02
   0.148041893220486E-01
   0.179014518006115E+02
   0.153043094201478E-01
   0.172661320804886E+02
   0.149642416688910E-01
   0.181180850878340E+02
   0.151495530005330E-01
   0.176028949288404E+02
   0.144884478858143E-01
   0.171592951668815E+02
   0.140381658913017E-01
   0.167900006036544E+02
   0.137821990352444E-01
   0.164750156195681E+02
   0.135550720736256E-01
   0.162036038274858E+02
   0.133221836557795E-01
   0.159689810038652E+02
   0.130527732995344E-01
   0.157741267968179E+02
   0.127808179791413E-01
   0.156363317174457E+02
   0.125645266512825E-01
   0.155923319347265E+02
   0.125119711174272E-01
   0.156780748133245E+02
   0.125196317567280E-01
   0.159685356938106E+02
   0.120989334989167E-01
   0.167101884372991E+02
   0.113696012113152E-01
   0.182726593980606E+02
   0.109507273730694E-01
   0.199511111743113E+02
   0.115970158880789E-01
   0.225220788608859E+02
   0.119080917755972E-01
   0.238492838404610E+02
   0.134047604679866E-01
   0.230378105998383E+02
   0.144294090190207E-01
   0.222305076055381E+02
   0.140356229519490E-01
   0.212365218266499E+02
   0.138907258581349E-01
   0.204870103173018E+02
   0.147453986060764E-01
   0.201235250245185E+02
   0.147837965970287E-01
   0.202858591784061E+02
   0.141404732216904E-01
   0.211906920865197E+02
   0.137731063657391E-01
   0.217642804778178E+02
   0.139121802288283E-01
   0.218923628957332E+02
   0.142942801839819E-01
   0.215002661238063E+02
   0.144967296274098E-01
   0.213122644558756E+02
   0.144764088553180E-01
   0.218988112979187E+02
   0.136884352200633E-01
   0.242056221569497E+02
   0.123130960749170E-01
   0.249022629661149E+02
   0.128627462221624E-01
   0.239982277672950E+02
   0.135283730151407E-01
   0.213631375155465E+02
   0.154840281441161E-01
   0.200673569844035E+02
   0.164447675019746E-01
   0.192774116309844E+02
   0.162748794715061E-01
   0.186764202393099E+02
   0.158333611759181E-01
   0.193067487565211E+02
   0.162810213031320E-01
   0.188563636771952E+02
   0.159062161552193E-01
   0.184709282931008E+02
   0.156141534160239E-01
   0.181511146994904E+02
   0.154388540300256E-01
   0.178794096499430E+02
   0.152674182546981E-01
   0.176416725381956E+02
   0.150930278408312E-01
   0.174249562033330E+02
   0.148853960136106E-01
   0.172262568577595E+02
   0.146646441897722E-01
   0.170581397077747E+02
   0.144569845638638E-01
   0.169469612419876E+02
   0.142433889932469E-01
   0.169285687911956E+02
   0.139552701038008E-01
   0.170676701493248E+02
   0.132909222609357E-01
   0.175361082723379E+02
   0.125328058590643E-01
   0.186519601380250E+02
   0.119584559002761E-01
   0.199769942160926E+02
   0.119511280099582E-01
   0.224077903348018E+02
   0.120062700877798E-01
   0.240448823633943E+02
   0.140438897854846E-01
   0.232289528738117E+02
   0.158796980465939E-01
   0.223954772209271E+02
   0.153415258718280E-01
   0.217297157954385E+02
   0.148694988761163E-01
   0.210711214107883E+02
   0.158961395170678E-01
   0.207596065582148E+02
   0.158063474212491E-01
   0.208321848152290E+02
   0.151555230645151E-01
   0.213345154704577E+02
   0.148982937414162E-01
   0.218134881666512E+02
   0.148398497784321E-01
   0.219825809291508E+02
   0.152976513650711E-01
   0.218428496390447E+02
   0.155155242340465E-01
   0.217965986177779E+02
   0.155040099620724E-01
   0.223221247645425E+02
   0.144155590851604E-01
   0.244709418740301E+02
   0.125171986207200E-01
   0.253934979128826E+02
   0.134059351450692E-01
   0.247179603821326E+02
   0.143646703809678E-01
   0.223190351413692E+02
   0.170146224755344E-01
   0.211163430461619E+02
   0.173636106309619E-01
   0.203579542352208E+02
   0.168494650965607E-01
   0.198059686567223E+02
   0.166573123380735E-01
   0.202792233048510E+02
   0.175063863707407E-01
   0.198873012451235E+02
   0.172647894594017E-01
   0.195501618921041E+02
   0.170479959644650E-01
   0.192709344788845E+02
   0.169053840731582E-01
   0.190370221109492E+02
   0.168017882826979E-01
   0.188310247432486E+02
   0.167093826642245E-01
   0.186338308879156E+02
   0.165849699841979E-01
   0.184333218250407E+02
   0.164040040134156E-01
   0.182372456482934E+02
   0.161938580574957E-01
   0.180681605540617E+02
   0.158929149263745E-01
   0.179653968088646E+02
   0.154699348180551E-01
   0.179949471050253E+02
   0.147769286796503E-01
   0.183006734431611E+02
   0.136368342538285E-01
   0.192434417093862E+02
   0.130800190335219E-01
   0.201906352468068E+02
   0.129710623690205E-01
   0.220193209552679E+02
   0.124463963518824E-01
   0.242316400872867E+02
   0.144725164862115E-01
   0.237068875144622E+02
   0.168478315011147E-01
   0.228246075383145E+02
   0.170609124024621E-01
   0.224664610513473E+02
   0.156643669249322E-01
   0.216585537544609E+02
   0.170097563966072E-01
   0.213646344773181E+02
   0.168016137193875E-01
   0.213767651356078E+02
   0.164272423288918E-01
   0.216968743045009E+02
   0.160992767251381E-01
   0.221805732883159E+02
   0.160720452837138E-01
   0.223752540099976E+02
   0.165978017097780E-01
   0.223568519756241E+02
   0.166989497036128E-01
   0.223369945211158E+02
   0.165022229789165E-01
   0.227128050726872E+02
   0.152974829761070E-01
   0.245136289686384E+02
   0.133858480454301E-01
   0.257027526694379E+02
   0.142504426870792E-01
   0.252332948345826E+02
   0.153356560795884E-01
   0.230720167777926E+02
   0.184241351177316E-01
   0.219456678962610E+02
   0.184934096895660E-01
   0.212228809919163E+02
   0.178090084427879E-01
   0.207175165423300E+02
   0.177132038237164E-01
   0.210747229417175E+02
   0.187143254052999E-01
   0.207266875339142E+02
   0.185033809191136E-01
   0.204267493026550E+02
   0.183239955816986E-01
   0.201796987911304E+02
   0.182133920838103E-01
   0.199772212536766E+02
   0.181958000351491E-01
   0.197982744340211E+02
   0.181915770323018E-01
   0.196183308173154E+02
   0.181513792940279E-01
   0.194156882200098E+02
   0.179943797784262E-01
   0.191932776204434E+02
   0.177314383533187E-01
   0.189747887022230E+02
   0.173039669369608E-01
   0.188059938453330E+02
   0.167271207843583E-01
   0.187576544123710E+02
   0.159375273177916E-01
   0.189759879506123E+02
   0.148475166400386E-01
   0.199654732379053E+02
   0.141883877133233E-01
   0.205218800918097E+02
   0.148275122685738E-01
   0.219842061025583E+02
   0.134210429618902E-01
   0.244348562276430E+02
   0.147009178937174E-01
   0.244553655081278E+02
   0.169708232884350E-01
   0.232978261848518E+02
   0.185686459987456E-01
   0.227096799711078E+02
   0.173650577140197E-01
   0.221606044546960E+02
   0.181722081875831E-01
   0.219254976598215E+02
   0.180195800534511E-01
   0.219118564210535E+02
   0.175994434697441E-01
   0.221558672441983E+02
   0.170338980499257E-01
   0.227504510791462E+02
   0.167070891180712E-01
   0.229317521463320E+02
   0.178224240566840E-01
   0.229717698803873E+02
   0.177600612531007E-01
   0.229225856354963E+02
   0.175797708963720E-01
   0.231097097854947E+02
   0.165094735290433E-01
   0.242634945275242E+02
   0.153785080680922E-01
   0.258608853827077E+02
   0.154427057995116E-01
   0.255686037195691E+02
   0.165301531922606E-01
   0.236457047141492E+02
   0.198301627241254E-01
   0.226014128420531E+02
   0.196443065449911E-01
   0.219261053928745E+02
   0.189380916262103E-01
   0.214647092017748E+02
   0.188754455679896E-01
   0.217039407082417E+02
   0.197710724814942E-01
   0.213870923017912E+02
   0.195570983097784E-01
   0.211146171246251E+02
   0.194034560083965E-01
   0.208914416024395E+02
   0.193417513433671E-01
   0.207111281245770E+02
   0.193996177733077E-01
   0.205509483248202E+02
   0.194729432182852E-01
   0.203822848802105E+02
   0.195012143381641E-01
   0.201753190796812E+02
   0.193489793198345E-01
   0.199296322998594E+02
   0.189978883513241E-01
   0.196750569124296E+02
   0.184320355304062E-01
   0.194645475306781E+02
   0.177036997697213E-01
   0.193741012238211E+02
   0.168964573047304E-01
   0.195297882117595E+02
   0.162119142759973E-01
   0.201942902213129E+02
   0.158051659193243E-01
   0.208438259538221E+02
   0.165435490421978E-01
   0.221280295305231E+02
   0.150144707067340E-01
   0.245982415362359E+02
   0.153978668514577E-01
   0.248890099593533E+02
   0.169465747556641E-01
   0.237312122818549E+02
   0.191616175503667E-01
   0.230394898158762E+02
   0.187109408383513E-01
   0.225995310384414E+02
   0.188820555797655E-01
   0.224282401193753E+02
   0.191180143824076E-01
   0.224178831745869E+02
   0.187088233267642E-01
   0.226383702865353E+02
   0.179751658578628E-01
   0.235062101136524E+02
   0.166863586977343E-01
   0.235702688242182E+02
   0.181160156674623E-01
   0.236663790503853E+02
   0.182564353315840E-01
   0.235493813343394E+02
   0.187561099004883E-01
   0.235466322246216E+02
   0.179962292460652E-01
   0.242889164437069E+02
   0.169825080712720E-01
   0.259145707913599E+02
   0.164316552174276E-01
   0.257379100558223E+02
   0.177552829227275E-01
   0.240485949140041E+02
   0.210990714888788E-01
   0.231002453568431E+02
   0.206707414935929E-01
   0.224810966161799E+02
   0.199989095399782E-01
   0.220580611546228E+02
   0.199277893571401E-01
   0.221751444149824E+02
   0.207180852152284E-01
   0.218799801299081E+02
   0.205010791122974E-01
   0.216258444721847E+02
   0.203574827883833E-01
   0.214163883774654E+02
   0.203141449244649E-01
   0.212459564859167E+02
   0.203681076762533E-01
   0.210935033190012E+02
   0.204539800468600E-01
   0.209287333379995E+02
   0.204974950430612E-01
   0.207163272342148E+02
   0.203204010975178E-01
   0.204543340508187E+02
   0.198897985725511E-01
   0.201815842563338E+02
   0.192567995807000E-01
   0.199573320698260E+02
   0.185277421289331E-01
   0.198571709956980E+02
   0.179430167103473E-01
   0.199747524941763E+02
   0.175969750820029E-01
   0.204540680004853E+02
   0.168783858652182E-01
   0.211212223769824E+02
   0.174099784120934E-01
   0.223337681985765E+02
   0.169582123408243E-01
   0.247014420926829E+02
   0.168884516141436E-01
   0.251279724749496E+02
   0.172928322481446E-01
   0.241406557298614E+02
   0.188976694193155E-01
   0.233669912695049E+02
   0.199646884523890E-01
   0.229826986656509E+02
   0.198966613991200E-01
   0.228610146364639E+02
   0.201816516490647E-01
   0.228677302758904E+02
   0.198386509728765E-01
   0.230713656876933E+02
   0.191421608333410E-01
   0.239048708528204E+02
   0.174056025978002E-01
   0.242720395213552E+02
   0.183048901796574E-01
   0.244678635434688E+02
   0.181119201318585E-01
   0.242033979114332E+02
   0.194987572516791E-01
   0.239936239431900E+02
   0.196022309820081E-01
   0.244380874038874E+02
   0.184694012461020E-01
   0.258726246196505E+02
   0.171376193002323E-01
   0.257456982685071E+02
   0.187400219982980E-01
   0.242854920984144E+02
   0.216641499719188E-01
   0.234526527353319E+02
   0.214113556590137E-01
   0.228960680946791E+02
   0.209871242244499E-01
   0.225038806425944E+02
   0.208848822816439E-01
   0.224941014566162E+02
   0.215432985817473E-01
   0.222131150009107E+02
   0.213342720277334E-01
   0.219690264675223E+02
   0.211858687976164E-01
   0.217633737797887E+02
   0.210885110968247E-01
   0.215918975485717E+02
   0.210393188661122E-01
   0.214374957329412E+02
   0.210587886239186E-01
   0.212710478157598E+02
   0.210922072174877E-01
   0.210541929991027E+02
   0.209238773332935E-01
   0.207852167765222E+02
   0.204854161452923E-01
   0.205124157863186E+02
   0.199334266548862E-01
   0.202975108570920E+02
   0.194002258451183E-01
   0.202071429878542E+02
   0.190367655999769E-01
   0.203011701283638E+02
   0.186348178977681E-01
   0.206800828297351E+02
   0.179186014658063E-01
   0.213434391620919E+02
   0.183362042517851E-01
   0.225164408379104E+02
   0.188918970032810E-01
   0.247227900438466E+02
   0.179069862678867E-01
   0.252151460011540E+02
   0.173842821991790E-01
   0.246085779399672E+02
   0.180851974420238E-01
   0.236296769670309E+02
   0.205321208567178E-01
   0.232927424700364E+02
   0.209716649581604E-01
   0.232097238420979E+02
   0.211229898821933E-01
   0.232396853917553E+02
   0.208562092469555E-01
   0.234264310878457E+02
   0.205822605210959E-01
   0.239660985238627E+02
   0.188721723365156E-01
   0.245574671109594E+02
   0.188946783094884E-01
   0.248987285237011E+02
   0.185446713659958E-01
   0.248953222412415E+02
   0.194181392955260E-01
   0.244116486739068E+02
   0.212148999791698E-01
   0.246129265840877E+02
   0.201119189300805E-01
   0.257375737905089E+02
   0.180534852675737E-01
   0.255700266095042E+02
   0.198615478270782E-01
   0.243842463007173E+02
   0.221868329915891E-01
   0.236750466538705E+02
   0.221537073050263E-01
   0.231763768188641E+02
   0.219039776014699E-01
   0.228063508403240E+02
   0.217333785491948E-01
   0.226655496223315E+02
   0.221246111718333E-01
   0.223929589825376E+02
   0.219445085891006E-01
   0.221531182762640E+02
   0.217950945161332E-01
   0.219462712286736E+02
   0.216249751144856E-01
   0.217686840126327E+02
   0.214656970983707E-01
   0.216079589189146E+02
   0.214486508841521E-01
   0.214353672913682E+02
   0.214953189982412E-01
   0.212128925256310E+02
   0.213294601045622E-01
   0.209437038423728E+02
   0.209011533562201E-01
   0.206816745943263E+02
   0.204480539509876E-01
   0.204872752829093E+02
   0.201023247092432E-01
   0.204157863524682E+02
   0.198242901068798E-01
   0.205024623766998E+02
   0.192405245492991E-01
   0.208325468486026E+02
   0.185777142190513E-01
   0.214916112617046E+02
   0.191647848127219E-01
   0.226177544169766E+02
   0.201068895610596E-01
   0.246356165067590E+02
   0.179983924717730E-01
   0.251657967253630E+02
   0.173485756707634E-01
   0.247813754942943E+02
   0.177218085072871E-01
   0.237909339841390E+02
   0.207400828309481E-01
   0.235094419907820E+02
   0.216680482460107E-01
   0.234641697791755E+02
   0.218580821487837E-01
   0.235227034628649E+02
   0.216890210578891E-01
   0.236878460611249E+02
   0.215508709590358E-01
   0.240470216457674E+02
   0.197840940703765E-01
   0.245053024477032E+02
   0.196230762213243E-01
   0.250260332493013E+02
   0.191688505218577E-01
   0.252477792978754E+02
   0.195498157215240E-01
   0.247531564069502E+02
   0.224333471521293E-01
   0.247529360697255E+02
   0.218467766878693E-01
   0.254954127387894E+02
   0.193601590060501E-01
   0.251708335700577E+02
   0.214714752312763E-01
   0.243704992089625E+02
   0.227026365817023E-01
   0.237757875974536E+02
   0.227752152915378E-01
   0.233222377239624E+02
   0.225575484307399E-01
   0.229680538092051E+02
   0.223237358691154E-01
   0.227001804633022E+02
   0.220604394198819E-01
   0.224313813243033E+02
   0.218843825989339E-01
   0.221918122537219E+02
   0.217178729295128E-01
   0.219818933004051E+02
   0.215327148460015E-01
   0.217969974579826E+02
   0.213830835365943E-01
   0.216250511691543E+02
   0.213485950985075E-01
   0.214402605858401E+02
   0.213453100081407E-01
   0.212112216026040E+02
   0.211561578534553E-01
   0.209470959934667E+02
   0.207839744953364E-01
   0.207011915172037E+02
   0.204253545129430E-01
   0.205290227414912E+02
   0.201565938245489E-01
   0.204814703135881E+02
   0.199256674372960E-01
   0.205822199765597E+02
   0.193675269105809E-01
   0.208921760049912E+02
   0.187289651382567E-01
   0.215469681476903E+02
   0.195299221572775E-01
   0.226056688609139E+02
   0.203773995165588E-01
   0.244462369282396E+02
   0.176194399717038E-01
   0.250013428888142E+02
   0.172296265015404E-01
   0.247650668788306E+02
   0.175756087252097E-01
   0.238480786582959E+02
   0.207361331613253E-01
   0.236274426498694E+02
   0.221282303683226E-01
   0.236221620371801E+02
   0.225585391846370E-01
   0.237087122129145E+02
   0.223522126556284E-01
   0.238542159418383E+02
   0.220328932654443E-01
   0.241089112878408E+02
   0.206517337048347E-01
   0.244675497622668E+02
   0.202594258602794E-01
   0.248835064026077E+02
   0.203225481986024E-01
   0.253608220864173E+02
   0.199657781722071E-01
   0.250120503648318E+02
   0.226498894556882E-01
   0.248090595737003E+02
   0.229307822161841E-01
   0.250945005821299E+02
   0.210133584580144E-01
   0.248567218172468E+02
   0.222887699936180E-01
   0.242691144181371E+02
   0.228615098492396E-01
   0.237604188257001E+02
   0.228952892231628E-01
   0.233400578882490E+02
   0.225468506971654E-01
   0.229974730890071E+02
   0.222608758856872E-01
   0.226268528507214E+02
   0.210333201051330E-01
   0.223570801625739E+02
   0.207602425543241E-01
   0.221109700046682E+02
   0.204798600218280E-01
   0.218901722054158E+02
   0.202168593418414E-01
   0.216923379257298E+02
   0.200534090160496E-01
   0.215063746749585E+02
   0.200184918052651E-01
   0.213098482063156E+02
   0.200335074603764E-01
   0.210784474422616E+02
   0.199279951103482E-01
   0.208257664236246E+02
   0.197379623612894E-01
   0.206018684778833E+02
   0.195998320205736E-01
   0.204545910578495E+02
   0.194966842896556E-01
   0.204293542616559E+02
   0.193988150546377E-01
   0.205533618885363E+02
   0.191280706112832E-01
   0.208543401888883E+02
   0.185143229329006E-01
   0.215043784451727E+02
   0.195978782193974E-01
   0.224733135123681E+02
   0.201223128224301E-01
   0.241641221070761E+02
   0.174046591589972E-01
   0.247317142494283E+02
   0.172194710333313E-01
   0.246037532810541E+02
   0.174461423146069E-01
   0.238068652276532E+02
   0.212662697347695E-01
   0.236331878746022E+02
   0.224088853862865E-01
   0.236609231770168E+02
   0.228987724658848E-01
   0.237875301380566E+02
   0.228378536757485E-01
   0.239220811135501E+02
   0.223313811067221E-01
   0.241214467691129E+02
   0.213810803782831E-01
   0.244228923919556E+02
   0.213794505381041E-01
   0.247565907213327E+02
   0.213358762017258E-01
   0.252698145749849E+02
   0.206435282428190E-01
   0.252316355054100E+02
   0.216651392671954E-01
   0.247596087272414E+02
   0.230238342849304E-01
   0.247852628339556E+02
   0.217383530588784E-01
   0.245597529664930E+02
   0.222944797100611E-01
   0.240898622202576E+02
   0.223778059403347E-01
   0.236443799666919E+02
   0.221417819092308E-01
   0.232543923542761E+02
   0.216778193407226E-01
   0.229217577993803E+02
   0.213166404000447E-01
   0.224706571711204E+02
   0.196627864416201E-01
   0.221979010684572E+02
   0.193325735639454E-01
   0.219460191177233E+02
   0.190270685356062E-01
   0.217174965471213E+02
   0.187867985366466E-01
   0.215090758832488E+02
   0.186299281332896E-01
   0.213091100072039E+02
   0.185397763021309E-01
   0.210995466753312E+02
   0.184765045719477E-01
   0.208658161443887E+02
   0.183736017844934E-01
   0.206262240235933E+02
   0.183022867588623E-01
   0.204230704478069E+02
   0.183131322568222E-01
   0.202968610397105E+02
   0.183873879503696E-01
   0.202898491219256E+02
   0.185501881169274E-01
   0.204310322409056E+02
   0.186933476040079E-01
   0.207246645918700E+02
   0.182343114433446E-01
   0.213618787630233E+02
   0.196877843819260E-01
   0.222254611867279E+02
   0.197698703148042E-01
   0.237755265539500E+02
   0.173935288154097E-01
   0.243429685963877E+02
   0.173267001517947E-01
   0.243044156294429E+02
   0.173600683516030E-01
   0.236448456750517E+02
   0.214858523702515E-01
   0.235067341780558E+02
   0.221072417822864E-01
   0.235573492060058E+02
   0.224002580606906E-01
   0.237434096231392E+02
   0.227373582522266E-01
   0.238819484363874E+02
   0.224560519825332E-01
   0.240546961697509E+02
   0.218569514986778E-01
   0.243175346935654E+02
   0.221583419586334E-01
   0.245848127366623E+02
   0.221232704848828E-01
   0.249292609045859E+02
   0.219028921717394E-01
   0.251421073014935E+02
   0.212982198763665E-01
   0.245924210653480E+02
   0.225742576883890E-01
   0.244842147302418E+02
   0.218918410010055E-01
   0.242478408370191E+02
   0.218120261187121E-01
   0.238442562075771E+02
   0.213429004076860E-01
   0.234503859348121E+02
   0.209182135685015E-01
   0.230882606846604E+02
   0.204202063274531E-01
   0.227648418908769E+02
   0.200140836016446E-01
   0.222778718193104E+02
   0.189151750507229E-01
   0.220050374333429E+02
   0.185653577526609E-01
   0.217508951216578E+02
   0.182556693606486E-01
   0.215178993878890E+02
   0.180306961263583E-01
   0.213012028202838E+02
   0.178703945252106E-01
   0.210885182913651E+02
   0.177499188565242E-01
   0.208655308700461E+02
   0.176389213615063E-01
   0.206254494063218E+02
   0.175022531395795E-01
   0.203895158623024E+02
   0.174092890532615E-01
   0.201946536693102E+02
   0.174038028602177E-01
   0.200764285917439E+02
   0.175121444489001E-01
   0.200748281912646E+02
   0.178014826923965E-01
   0.202238303855497E+02
   0.183247483789058E-01
   0.205302410639772E+02
   0.187545672636371E-01
   0.211116644551947E+02
   0.198547822425282E-01
   0.218633625225695E+02
   0.191258703837066E-01
   0.232620993800313E+02
   0.173810189605343E-01
   0.238172189547221E+02
   0.174127997323876E-01
   0.238665149734611E+02
   0.175135701196800E-01
   0.233584573581346E+02
   0.219294263135149E-01
   0.232510252933601E+02
   0.218682112993834E-01
   0.233157464768804E+02
   0.214340011566916E-01
   0.235807790058734E+02
   0.221471570861584E-01
   0.237280420352669E+02
   0.224675842021915E-01
   0.238880701999636E+02
   0.220155373916475E-01
   0.241215758457192E+02
   0.225386808820862E-01
   0.243397475818603E+02
   0.228431658905195E-01
   0.245812151271180E+02
   0.231728276569467E-01
   0.248062654958333E+02
   0.214972388441847E-01
   0.243104625727056E+02
   0.222767694110179E-01
   0.241544154198652E+02
   0.218574889380528E-01
   0.239112561328099E+02
   0.213036204696473E-01
   0.235574455293042E+02
   0.206071889807863E-01
   0.232122379088452E+02
   0.201613301538275E-01
   0.228799559533000E+02
   0.197009072419297E-01
   0.225686379327362E+02
   0.192881743773200E-01
   0.220752887454269E+02
   0.194009211211959E-01
   0.218088836729948E+02
   0.189902804892902E-01
   0.215584280860512E+02
   0.186293840435230E-01
   0.213248007037885E+02
   0.183487426485275E-01
   0.211028267983542E+02
   0.181426837563635E-01
   0.208800856208807E+02
   0.179891856916169E-01
   0.206451274578659E+02
   0.178733135230538E-01
   0.203962290074279E+02
   0.177563073811064E-01
   0.201555539707790E+02
   0.176882043196679E-01
   0.199565081250646E+02
   0.177082407487915E-01
   0.198303332390342E+02
   0.178283719022121E-01
   0.198140853832479E+02
   0.181158367845943E-01
   0.199454031098854E+02
   0.186963277994328E-01
   0.202372500965312E+02
   0.194382825185098E-01
   0.207509913565550E+02
   0.201790133795689E-01
   0.213986714754241E+02
   0.188088415218152E-01
   0.226089634873637E+02
   0.173209715002488E-01
   0.231384219316412E+02
   0.172870352503096E-01
   0.232799145311150E+02
   0.180555688381238E-01
   0.229250251617982E+02
   0.221481186654055E-01
   0.228642469946685E+02
   0.217641859138668E-01
   0.229612707853528E+02
   0.209073025078181E-01
   0.233167616138852E+02
   0.211040621269440E-01
   0.234712509763797E+02
   0.228275932055915E-01
   0.236362169060908E+02
   0.227753312770903E-01
   0.238351224455209E+02
   0.232017978604277E-01
   0.239993212912022E+02
   0.234079262490353E-01
   0.241432597778150E+02
   0.235206562657289E-01
   0.242198431404952E+02
   0.226819950023035E-01
   0.239359311721665E+02
   0.229863160528601E-01
   0.237804032625375E+02
   0.226451031264156E-01
   0.235498423952627E+02
   0.219474804851251E-01
   0.232474153339955E+02
   0.212555003106760E-01
   0.229517004847394E+02
   0.208092666398775E-01
   0.226517185894629E+02
   0.203280846675142E-01
   0.223570160824830E+02
   0.198440526372133E-01
   0.218599754674548E+02
   0.211424162703568E-01
   0.216097101546103E+02
   0.206814507571273E-01
   0.213711780749398E+02
   0.202320794121144E-01
   0.211436057819782E+02
   0.198343424231145E-01
   0.209220646328866E+02
   0.195252205970326E-01
   0.206937846703582E+02
   0.192933914258457E-01
   0.204487726071959E+02
   0.191316885788512E-01
   0.201886161351667E+02
   0.189783316823596E-01
   0.199355127530791E+02
   0.188493122270764E-01
   0.197202150988103E+02
   0.187785247383221E-01
   0.195698155524960E+02
   0.187319091574533E-01
   0.195168079747258E+02
   0.187398686181571E-01
   0.195970547885766E+02
   0.189180038233142E-01
   0.198241645598434E+02
   0.192804432926393E-01
   0.202761007517972E+02
   0.203982816652972E-01
   0.208521010242914E+02
   0.197603568074468E-01
   0.218012006698022E+02
   0.170876625795113E-01
   0.222973383511406E+02
   0.175790665204271E-01
   0.225184392902761E+02
   0.190745894909339E-01
   0.223352030141765E+02
   0.221442557199503E-01
   0.223389505254748E+02
   0.213969551295852E-01
   0.224874312839382E+02
   0.202744543614588E-01
   0.229923627203358E+02
   0.197524719343623E-01
   0.230828579865264E+02
   0.227778234857695E-01
   0.232582120833999E+02
   0.233183145694583E-01
   0.234218917674888E+02
   0.235010162087866E-01
   0.235359697285126E+02
   0.235157687237835E-01
   0.235995824257790E+02
   0.232588966534167E-01
   0.236090104837138E+02
   0.230661263651637E-01
   0.234457581613923E+02
   0.236063678442036E-01
   0.233221946983801E+02
   0.236975551959085E-01
   0.231293192660537E+02
   0.232879963130743E-01
   0.228891459149390E+02
   0.228808885667200E-01
   0.226479441963269E+02
   0.225392573830994E-01
   0.223881723492601E+02
   0.221040643104952E-01
   0.221218931838263E+02
   0.216239196651683E-01
   0.215392820307831E+02
   0.229642834960041E-01
   0.213169491791285E+02
   0.226578656623430E-01
   0.211022995747375E+02
   0.222533514941730E-01
   0.208920567587369E+02
   0.217744363642168E-01
   0.206804229353335E+02
   0.213202933950397E-01
   0.204533051572044E+02
   0.208980694053869E-01
   0.202007738288568E+02
   0.205089092278129E-01
   0.199283322589035E+02
   0.201363842228162E-01
   0.196592860485587E+02
   0.198011174851557E-01
   0.194231664109825E+02
   0.195365953382698E-01
   0.192449321071268E+02
   0.192937142936249E-01
   0.191513553468596E+02
   0.190561163656303E-01
   0.191667242739265E+02
   0.188176578285229E-01
   0.193034840667826E+02
   0.185872248280528E-01
   0.196640825835796E+02
   0.192404585896933E-01
   0.201977448480821E+02
   0.204739990487241E-01
   0.208261935020703E+02
   0.177593932727758E-01
   0.212678881121533E+02
   0.182495369221119E-01
   0.215318470409296E+02
   0.197273212869200E-01
   0.215866584154896E+02
   0.216513270140344E-01
   0.216787354977233E+02
   0.208684498456296E-01
   0.219049256382182E+02
   0.190361886502813E-01
   0.224432262408384E+02
   0.197867167294990E-01
   0.225555712722154E+02
   0.224785063164100E-01
   0.227365298795148E+02
   0.234275933585754E-01
   0.228686610376154E+02
   0.232648840944012E-01
   0.229456705934857E+02
   0.231817812572938E-01
   0.229516197036190E+02
   0.228354501154080E-01
   0.229165938233666E+02
   0.227323432484075E-01
   0.228126059515714E+02
   0.232987713809560E-01
   0.227225816333406E+02
   0.237248059213994E-01
   0.225771224240675E+02
   0.237496017282019E-01
   0.223980060443804E+02
   0.237650462337304E-01
   0.222127904582084E+02
   0.237577410985449E-01
   0.219987076625975E+02
   0.235388169158291E-01
   0.217703363123759E+02
   0.232667026041912E-01
   0.210132209658142E+02
   0.229902803447338E-01
   0.208229839986023E+02
   0.229353400727859E-01
   0.206417620657485E+02
   0.228133243764630E-01
   0.204632420717461E+02
   0.225322830928494E-01
   0.202775206568772E+02
   0.221502976442372E-01
   0.200666556954845E+02
   0.216548941066345E-01
   0.198178669380473E+02
   0.210419145084908E-01
   0.195399552119495E+02
   0.204344277761972E-01
   0.192582858448666E+02
   0.199217137047259E-01
   0.190025073070997E+02
   0.195276422364674E-01
   0.187981876088494E+02
   0.192117487241580E-01
   0.186690950467857E+02
   0.189513310851532E-01
   0.186328018846212E+02
   0.186613010811219E-01
   0.187037716026173E+02
   0.182290078973553E-01
   0.189580102061807E+02
   0.178717032079232E-01
   0.194074259072324E+02
   0.186351458108462E-01
   0.199188392645996E+02
   0.185617006750218E-01
   0.202857979797175E+02
   0.187078939624339E-01
   0.205147959505649E+02
   0.188803832509099E-01
   0.206819625498738E+02
   0.203695203277936E-01
   0.208783540775565E+02
   0.203745803168526E-01
   0.212426107795564E+02
   0.172746510544240E-01
   0.216577883663279E+02
   0.205048754245665E-01
   0.218864256706415E+02
   0.223251712640280E-01
   0.220653235744844E+02
   0.227287814606815E-01
   0.221772957720704E+02
   0.225937412707978E-01
   0.222252176125310E+02
   0.224748956305774E-01
   0.221945417374341E+02
   0.220919827021250E-01
   0.221226603614962E+02
   0.218202509725941E-01
   0.220321573942046E+02
   0.220844939818363E-01
   0.219593550823362E+02
   0.225183654358679E-01
   0.218509782188022E+02
   0.227476547584800E-01
   0.217202730109346E+02
   0.230033385957065E-01
   0.215787155639821E+02
   0.232319241497556E-01
   0.214040782187441E+02
   0.231919162641260E-01
   0.212119847715523E+02
   0.230976184013252E-01
   0.202664898094274E+02
   0.215896888513181E-01
   0.200995614540619E+02
   0.215990333065109E-01
   0.199455375459307E+02
   0.216726885957540E-01
   0.197999315689419E+02
   0.217261587126268E-01
   0.196485310491069E+02
   0.216631296574648E-01
   0.194688320970584E+02
   0.214014979326730E-01
   0.192431056875074E+02
   0.208790767955991E-01
   0.189767200678969E+02
   0.202311284307566E-01
   0.186940835072628E+02
   0.196152598839880E-01
   0.184256636772298E+02
   0.191090625472410E-01
   0.182003556586713E+02
   0.187259459334446E-01
   0.180420272680692E+02
   0.184444629412098E-01
   0.179687724974154E+02
   0.181998943922910E-01
   0.180009309433820E+02
   0.179314347597244E-01
   0.181985773088602E+02
   0.177920032124399E-01
   0.185789224084626E+02
   0.183737084638540E-01
   0.189816880943004E+02
   0.183653246294331E-01
   0.192568416737987E+02
   0.182497667685745E-01
   0.194301783277504E+02
   0.182401299222428E-01
   0.196339729970725E+02
   0.190066681137231E-01
   0.199172644234764E+02
   0.194316902131948E-01
   0.203616782232348E+02
   0.166433601633313E-01
   0.207865896691227E+02
   0.199803263738412E-01
   0.210715326161567E+02
   0.211097610395114E-01
   0.212463023682957E+02
   0.214196499127576E-01
   0.213459481433667E+02
   0.215486898147095E-01
   0.213732104053523E+02
   0.214945066677864E-01
   0.213204689202630E+02
   0.211427049216108E-01
   0.212262060734733E+02
   0.207891872849450E-01
   0.211349890288908E+02
   0.208399121683524E-01
   0.210633846819731E+02
   0.211059188605562E-01
   0.209711960335594E+02
   0.212798533191378E-01
   0.208674603735545E+02
   0.215038956754789E-01
   0.207525919570699E+02
   0.217159741748365E-01
   0.206056054248602E+02
   0.217257388487279E-01
   0.204407507540378E+02
   0.216680423032360E-01
   0.193261258623828E+02
   0.199582243888525E-01
   0.191738516867439E+02
   0.199064320595596E-01
   0.190353508805961E+02
   0.199613280379572E-01
   0.189108382828573E+02
   0.201253993740902E-01
   0.187861480514903E+02
   0.202848155321937E-01
   0.186378288893412E+02
   0.203273137875097E-01
   0.184454198766457E+02
   0.201315070207197E-01
   0.182070724781733E+02
   0.196932963549038E-01
   0.179399880621277E+02
   0.191206894295396E-01
   0.176713224995701E+02
   0.185253491094646E-01
   0.174336209226007E+02
   0.180358337109970E-01
   0.172533262164098E+02
   0.176680477781475E-01
   0.171528105484876E+02
   0.173687858751635E-01
   0.171593368182832E+02
   0.170967444722304E-01
   0.173207972546226E+02
   0.170310308183159E-01
   0.176362143832520E+02
   0.174828352779835E-01
   0.179461936066896E+02
   0.175313390299201E-01
   0.181346927485420E+02
   0.172944742155509E-01
   0.182386611544157E+02
   0.170242948255464E-01
   0.184450074748232E+02
   0.174976513474314E-01
   0.187984534177002E+02
   0.180454318165799E-01
   0.192711878031945E+02
   0.172889826839326E-01
   0.198153777464044E+02
   0.190524087013297E-01
   0.201239416139114E+02
   0.196824331280706E-01
   0.202888284928613E+02
   0.199638626184219E-01
   0.203716978724972E+02
   0.201965884177467E-01
   0.203830446691115E+02
   0.202423218460425E-01
   0.203196517877286E+02
   0.200185725628547E-01
   0.202158766189902E+02
   0.197080227084826E-01
   0.201184300984769E+02
   0.196411405476038E-01
   0.200395867426166E+02
   0.197683567531143E-01
   0.199508405079453E+02
   0.198620545185294E-01
   0.198573880031045E+02
   0.199967713677200E-01
   0.197538476459804E+02
   0.200952566837589E-01
   0.196260548513931E+02
   0.200989939215383E-01
   0.194818328339940E+02
   0.200504070900989E-01
   0.182027519204527E+02
   0.183436905629431E-01
   0.180604587935404E+02
   0.182418379120023E-01
   0.179297716244012E+02
   0.182139575006516E-01
   0.178152582163813E+02
   0.183083437467759E-01
   0.177050573379152E+02
   0.184563281969499E-01
   0.175779707161053E+02
   0.185825289120112E-01
   0.174153779735426E+02
   0.186246170162891E-01
   0.172106506379847E+02
   0.184880986224550E-01
   0.169717843340359E+02
   0.181505267484223E-01
   0.167185245534922E+02
   0.176571807145966E-01
   0.164816704318294E+02
   0.171437465806077E-01
   0.162894687966952E+02
   0.166995407956190E-01
   0.161708653122755E+02
   0.163491437773439E-01
   0.161608691507124E+02
   0.161095063379046E-01
   0.162959881345793E+02
   0.160605625942684E-01
   0.165551548447658E+02
   0.162803901966499E-01
   0.167912135564310E+02
   0.162884434503783E-01
   0.169016110719392E+02
   0.160899602663357E-01
   0.169178372032642E+02
   0.155359555881971E-01
   0.171006813059255E+02
   0.157944533299629E-01
   0.175235808904125E+02
   0.163138418270634E-01
   0.181285001682555E+02
   0.169985753112936E-01
   0.187357446578705E+02
   0.180130481676023E-01
   0.190523159127523E+02
   0.182249748573484E-01
   0.191973533981980E+02
   0.184305246898946E-01
   0.192561809116057E+02
   0.186231257539501E-01
   0.192511528056743E+02
   0.187271856478956E-01
   0.191814220053204E+02
   0.186504639933547E-01
   0.190733225881683E+02
   0.184472703911910E-01
   0.189676507863854E+02
   0.183408710709928E-01
   0.188760205650664E+02
   0.183562581478724E-01
   0.187812186787310E+02
   0.183675079718228E-01
   0.186870109007400E+02
   0.184254522946135E-01
   0.185868063186652E+02
   0.184576238306807E-01
   0.184718661982451E+02
   0.184602799535113E-01
   0.183436164219451E+02
   0.184283596299203E-01
   0.168991870239211E+02
   0.167403853635728E-01
   0.167650411210448E+02
   0.166345496269412E-01
   0.166381035255834E+02
   0.165523218490129E-01
   0.165256435488960E+02
   0.165462058646041E-01
   0.164197220278117E+02
   0.165986196959115E-01
   0.163031352779292E+02
   0.166644201842778E-01
   0.161606954822090E+02
   0.167251859783188E-01
   0.159849285878180E+02
   0.167186176160156E-01
   0.157769598913886E+02
   0.165794379396889E-01
   0.155492714196946E+02
   0.162868872792394E-01
   0.153268944582036E+02
   0.159041328420508E-01
   0.151348029770835E+02
   0.154643580113406E-01
   0.150072017044750E+02
   0.150755697669101E-01
   0.149887379431455E+02
   0.148642462888704E-01
   0.151097613447475E+02
   0.148794417204074E-01
   0.153303002802591E+02
   0.150161703210580E-01
   0.155115610172513E+02
   0.150094080880277E-01
   0.155448358924599E+02
   0.147807819866535E-01
   0.154492066023667E+02
   0.139389977604052E-01
   0.155859345190330E+02
   0.139270624705999E-01
   0.160798545286404E+02
   0.146326376340968E-01
   0.168509682658725E+02
   0.158307023445276E-01
   0.175438925564540E+02
   0.170905145685682E-01
   0.178657260733483E+02
   0.170534690602942E-01
   0.179802178535161E+02
   0.170385437309872E-01
   0.180063893208957E+02
   0.170762013521710E-01
   0.179791075156705E+02
   0.171324688357975E-01
   0.178997779162035E+02
   0.171112210232151E-01
   0.177869946559189E+02
   0.170138439883364E-01
   0.176722591028803E+02
   0.169388388446342E-01
   0.175649801725767E+02
   0.168839083425590E-01
   0.174578538728359E+02
   0.168271163649779E-01
   0.173551955393245E+02
   0.168151820724660E-01
   0.172524823209593E+02
   0.168036506764239E-01
   0.171443653059159E+02
   0.168062934004556E-01
   0.170279045759507E+02
   0.168030366894805E-01
   0.154113453529337E+02
   0.150633897644965E-01
   0.152844282356265E+02
   0.149725508160101E-01
   0.151602164112018E+02
   0.148716736635005E-01
   0.150469686188714E+02
   0.148048866943685E-01
   0.149401481551208E+02
   0.147898638730323E-01
   0.148270940135420E+02
   0.147934853939508E-01
   0.146957121923744E+02
   0.147893026058963E-01
   0.145405639751219E+02
   0.147911809757138E-01
   0.143591601770276E+02
   0.147238394401000E-01
   0.141588054002378E+02
   0.145623076702996E-01
   0.139581099039957E+02
   0.143210940596989E-01
   0.137761224802232E+02
   0.139603645827374E-01
   0.136472635439057E+02
   0.135669438890081E-01
   0.136266110832545E+02
   0.134107857954707E-01
   0.137459344069710E+02
   0.135802941853623E-01
   0.139510504042586E+02
   0.138419074303915E-01
   0.141002582571984E+02
   0.139330383806357E-01
   0.140572279709819E+02
   0.136194099181348E-01
   0.138113732763774E+02
   0.122243909461453E-01
   0.138794122478175E+02
   0.117283356656810E-01
   0.144401618825597E+02
   0.128125717216278E-01
   0.154390792580588E+02
   0.154561285218745E-01
   0.162342024917460E+02
   0.170124348488060E-01
   0.165582263615586E+02
   0.165966987701807E-01
   0.166329940482615E+02
   0.161067132375281E-01
   0.166211099087799E+02
   0.158399508054359E-01
   0.165657084081039E+02
   0.157171509131466E-01
   0.164700967749782E+02
   0.156091178365994E-01
   0.163471291055166E+02
   0.154923720654811E-01
   0.162204913603694E+02
   0.154265262195835E-01
   0.160962361634662E+02
   0.153354476241874E-01
   0.159733976592151E+02
   0.152309079295157E-01
   0.158573207804035E+02
   0.151626308160597E-01
   0.157474274755882E+02
   0.151216104689608E-01
   0.156402897040100E+02
   0.151092564680371E-01
   0.155307140081988E+02
   0.151079010010793E-01
   0.137286492716899E+02
   0.136799851822886E-01
   0.136077194081280E+02
   0.135773041167310E-01
   0.134867159888309E+02
   0.134588508589029E-01
   0.133741592137590E+02
   0.133673248911713E-01
   0.132655669616798E+02
   0.133032070991576E-01
   0.131531694056208E+02
   0.132564972969347E-01
   0.130281481620484E+02
   0.131966574638974E-01
   0.128866482544937E+02
   0.131491319910332E-01
   0.127259481474681E+02
   0.130860549756422E-01
   0.125499670601133E+02
   0.129993432507107E-01
   0.123727632401290E+02
   0.129365257503919E-01
   0.122080861002223E+02
   0.128304556621544E-01
   0.120851661328976E+02
   0.126383861812107E-01
   0.120612476639178E+02
   0.125504267745272E-01
   0.121805148122884E+02
   0.127543920387657E-01
   0.123914212839152E+02
   0.131513280684498E-01
   0.125361521091231E+02
   0.133574527164039E-01
   0.124319811576472E+02
   0.129778048468273E-01
   0.119800774375161E+02
   0.961407540047475E-02
   0.119689124009958E+02
   0.899661402161326E-02
   0.125646031905993E+02
   0.103173425181229E-01
   0.137656318149574E+02
   0.146880756050655E-01
   0.146908506998940E+02
   0.169895278699786E-01
   0.150587516929056E+02
   0.168643690914903E-01
   0.151174397514713E+02
   0.161441778225918E-01
   0.150740684404470E+02
   0.156255971393022E-01
   0.149903928217474E+02
   0.152728616498562E-01
   0.148726677838251E+02
   0.149755575732562E-01
   0.147334534502081E+02
   0.146953343492883E-01
   0.145913866011287E+02
   0.144718532797366E-01
   0.144501758610147E+02
   0.142631937803397E-01
   0.143118588760544E+02
   0.140743607596196E-01
   0.141804579109114E+02
   0.139284107649010E-01
   0.140601564865533E+02
   0.138326129979776E-01
   0.139492814195405E+02
   0.137801681595905E-01
   0.138418945182574E+02
   0.137443314206602E-01
   0.118231601597694E+02
   0.126993330575799E-01
   0.117064018805480E+02
   0.126164462233863E-01
   0.115885731361483E+02
   0.125201398523157E-01
   0.114780339202694E+02
   0.124200391131985E-01
   0.113693419222434E+02
   0.123301582203663E-01
   0.112588223078091E+02
   0.122581094125874E-01
   0.111409682400318E+02
   0.121921712165411E-01
   0.110123714333575E+02
   0.121346947942767E-01
   0.108707769807132E+02
   0.120991382410016E-01
   0.107155553212170E+02
   0.120452007414914E-01
   0.105564863311418E+02
   0.119846168619450E-01
   0.104065365451150E+02
   0.118998891392774E-01
   0.102918034304023E+02
   0.117460596096716E-01
   0.102659976941867E+02
   0.116450547659643E-01
   0.103821739674043E+02
   0.117918246526659E-01
   0.106077422568871E+02
   0.122674055778277E-01
   0.107785581836410E+02
   0.127301860106646E-01
   0.106630312690827E+02
   0.124613239722672E-01
   0.100501913450023E+02
   0.867160038333111E-02
   0.995343521141900E+01
   0.777929534612034E-02
   0.105103290310137E+02
   0.865554989422553E-02
   0.117898753332160E+02
   0.136352485698960E-01
   0.127542822269175E+02
   0.158802994441421E-01
   0.131898217769883E+02
   0.162679596312800E-01
   0.132979845207162E+02
   0.158507902793790E-01
   0.132742755232674E+02
   0.154405740824221E-01
   0.131899701565835E+02
   0.150157714385732E-01
   0.130631823457643E+02
   0.145627610206184E-01
   0.129110972126874E+02
   0.141336887681096E-01
   0.127553529264861E+02
   0.137865260220500E-01
   0.125982598808894E+02
   0.134849570844645E-01
   0.124469175645573E+02
   0.132616775931701E-01
   0.122983840665390E+02
   0.130515090945757E-01
   0.121636308141303E+02
   0.128966866175929E-01
   0.120433621806945E+02
   0.127992303625270E-01
   0.119333951898498E+02
   0.127482751636786E-01
   0.966723832067017E+01
   0.117213227593678E-01
   0.954773353618853E+01
   0.116078799843793E-01
   0.942911578424691E+01
   0.114912351635592E-01
   0.932466201351167E+01
   0.114232530049287E-01
   0.921820660610711E+01
   0.113402890499921E-01
   0.911049752286453E+01
   0.112674849568264E-01
   0.900050181228062E+01
   0.112088302855338E-01
   0.888606660356312E+01
   0.111630139009254E-01
   0.876402269805836E+01
   0.111274691158362E-01
   0.863278041342435E+01
   0.110897603189267E-01
   0.850004109261767E+01
   0.110507776565782E-01
   0.837632471096930E+01
   0.109936288083168E-01
   0.828337067849838E+01
   0.109008642067249E-01
   0.826471337210551E+01
   0.108452839218089E-01
   0.837013369084818E+01
   0.109436700054399E-01
   0.859616784113359E+01
   0.113553991299041E-01
   0.879538229552028E+01
   0.119815127864240E-01
   0.874196924027765E+01
   0.122485923391288E-01
   0.807489710459084E+01
   0.841826906598813E-02
   0.791289297921238E+01
   0.759693282328351E-02
   0.834596987390027E+01
   0.817255547745838E-02
   0.945245067951254E+01
   0.115707492583779E-01
   0.103108637647899E+02
   0.132272063504947E-01
   0.107814090677741E+02
   0.139801311587598E-01
   0.109781331786487E+02
   0.140932032080227E-01
   0.110351852683750E+02
   0.141158301207777E-01
   0.110147201216793E+02
   0.140278381704119E-01
   0.109361774461320E+02
   0.137825281547209E-01
   0.108142318224076E+02
   0.134757966830597E-01
   0.106681684437983E+02
   0.131420986508962E-01
   0.105077596989843E+02
   0.128088876220930E-01
   0.103441423969794E+02
   0.125298210305652E-01
   0.101836910989288E+02
   0.122816569981136E-01
   0.100361241187383E+02
   0.120801491325996E-01
   0.990242425838486E+01
   0.119251774567923E-01
   0.978277943940148E+01
   0.118158835351507E-01
   0.724637244210137E+01
   0.107248874710256E-01
   0.712819864958236E+01
   0.106073402084730E-01
   0.701211890857717E+01
   0.104926954464535E-01
   0.690252241273062E+01
   0.103862863315668E-01
   0.679400082432495E+01
   0.102789490526451E-01
   0.668869920798631E+01
   0.101998378675947E-01
   0.658756865202240E+01
   0.101485501209578E-01
   0.648911820487994E+01
   0.101257279595556E-01
   0.638922335035994E+01
   0.101091180434168E-01
   0.628494957195765E+01
   0.100962227488429E-01
   0.618571913446041E+01
   0.100901559499619E-01
   0.609842259418505E+01
   0.100774131337573E-01
   0.603925635199404E+01
   0.100516503503498E-01
   0.603808686464784E+01
   0.100491500312036E-01
   0.612743133255696E+01
   0.101228160011922E-01
   0.631964973103021E+01
   0.103975696551219E-01
   0.651827152571366E+01
   0.109302349217593E-01
   0.655862064541070E+01
   0.116371511303931E-01
   0.611026717294052E+01
   0.960082748627862E-02
   0.591638093721706E+01
   0.906604907161805E-02
   0.611679152382560E+01
   0.871627638451240E-02
   0.675791956082273E+01
   0.947632243407029E-02
   0.736003278685326E+01
   0.100296258274656E-01
   0.779306746728335E+01
   0.106421276289641E-01
   0.805560258787223E+01
   0.110807670521852E-01
   0.820112024217773E+01
   0.114323579407689E-01
   0.828207670979444E+01
   0.117568736454919E-01
   0.829839072430419E+01
   0.119328848479843E-01
   0.825201528599641E+01
   0.119476678923431E-01
   0.816251565393063E+01
   0.118571159294452E-01
   0.803862952757975E+01
   0.116705916562711E-01
   0.789574701401542E+01
   0.114640121759407E-01
   0.774841915928425E+01
   0.112565001630908E-01
   0.760969516000337E+01
   0.110847777486561E-01
   0.747746868684813E+01
   0.109294415717848E-01
   0.735967890816909E+01
   0.108204970956766E-01
   0.439847795677662E+01
   0.932604681625160E-02
   0.429322489185923E+01
   0.924338597923549E-02
   0.419383778675793E+01
   0.917360170591405E-02
   0.409725411559231E+01
   0.910371637499061E-02
   0.400098343491197E+01
   0.902715027908245E-02
   0.390868058080915E+01
   0.896480254008293E-02
   0.382359368184496E+01
   0.892762573586644E-02
   0.374448417402866E+01
   0.891538150941170E-02
   0.366755960332039E+01
   0.891083864395192E-02
   0.358724000148924E+01
   0.888458902026157E-02
   0.352440991815654E+01
   0.889266643518479E-02
   0.347896924720249E+01
   0.890796762438978E-02
   0.345890177181195E+01
   0.892721557234447E-02
   0.347939081383109E+01
   0.896106652073864E-02
   0.355370730809726E+01
   0.902030634438709E-02
   0.368544966582915E+01
   0.917744578663336E-02
   0.382913403217037E+01
   0.948853381210219E-02
   0.386171415295568E+01
   0.986162040106923E-02
   0.362030768414573E+01
   0.913130703157437E-02
   0.343828885494069E+01
   0.854632765783274E-02
   0.346342000045111E+01
   0.802922782231535E-02
   0.373730836927651E+01
   0.792324582956571E-02
   0.407913205284771E+01
   0.797867617650554E-02
   0.439116705671957E+01
   0.823047055725412E-02
   0.462677830889505E+01
   0.849279350380840E-02
   0.480074505868780E+01
   0.876423941992600E-02
   0.493890707920463E+01
   0.909902792324574E-02
   0.503171569684250E+01
   0.940239299789162E-02
   0.506974905488839E+01
   0.961253868252596E-02
   0.505361437651821E+01
   0.970155202117944E-02
   0.499112140074570E+01
   0.968263541211374E-02
   0.489684044283176E+01
   0.960118456833036E-02
   0.478983854157325E+01
   0.950544699157790E-02
   0.468952659589798E+01
   0.945246711230319E-02
   0.459098217153327E+01
   0.941003449233276E-02
   0.449451393275795E+01
   0.936781514569971E-02
   0.868512079629495E+00
   0.730718353052118E-02
   0.803955394304814E+00
   0.730437459097893E-02
   0.736681060093146E+00
   0.728716882635998E-02
   0.666538805068148E+00
   0.725848479730759E-02
   0.594054671495747E+00
   0.721456456186566E-02
   0.525074598239402E+00
   0.716854962697463E-02
   0.463963480308105E+00
   0.713459703883577E-02
   0.408857735390360E+00
   0.711162191685361E-02
   0.357841073434092E+00
   0.709183500450159E-02
   0.316856798972985E+00
   0.708030872166142E-02
   0.295610176925820E+00
   0.709470460403902E-02
   0.290554719001664E+00
   0.711445365433294E-02
   0.303106842416373E+00
   0.713772057516545E-02
   0.338052770270105E+00
   0.716676483386991E-02
   0.396963208666958E+00
   0.720913947146635E-02
   0.473371749585913E+00
   0.729578801594990E-02
   0.551823068613429E+00
   0.749646642563266E-02
   0.567625248757377E+00
   0.770788518133007E-02
   0.441791007525159E+00
   0.743910224990242E-02
   0.294775378050820E+00
   0.705944609480910E-02
   0.222607111246645E+00
   0.669036234657776E-02
   0.284616565685399E+00
   0.648084092804761E-02
   0.418583833995106E+00
   0.637203508636712E-02
   0.576854477221588E+00
   0.635712086428330E-02
   0.726334012496526E+00
   0.638856863491419E-02
   0.862239023261154E+00
   0.646248574927588E-02
   0.989088187827567E+00
   0.661243098094971E-02
   0.109931003672635E+01
   0.682008238773963E-02
   0.117822048190893E+01
   0.702894803585136E-02
   0.121510667536273E+01
   0.717671830068732E-02
   0.121129567986213E+01
   0.725440142693797E-02
   0.117553749458812E+01
   0.728103666781377E-02
   0.112075178059139E+01
   0.727822253023163E-02
   0.106183025163695E+01
   0.728660228672147E-02
   0.100067323196999E+01
   0.729975975667808E-02
   0.933390571335038E+00
   0.730041743023349E-02
  -0.364264088317037E+01
   0.492002552283795E-02
  -0.366591611359745E+01
   0.493835219341248E-02
  -0.369429074765434E+01
   0.493510322265452E-02
  -0.372727441038595E+01
   0.491199500408950E-02
  -0.376329050450385E+01
   0.487195719497236E-02
  -0.379290526748159E+01
   0.482891599820165E-02
  -0.381262914012144E+01
   0.479368685472726E-02
  -0.382112684877004E+01
   0.477391459843439E-02
  -0.381870962536538E+01
   0.476777557573139E-02
  -0.380646779578293E+01
   0.477167782665274E-02
  -0.378466815492176E+01
   0.477875869841545E-02
  -0.375718585688499E+01
   0.478717761239640E-02
  -0.372714654255423E+01
   0.479895543253934E-02
  -0.369099327805059E+01
   0.482592824497763E-02
  -0.365217003628839E+01
   0.487169093556565E-02
  -0.361796255281221E+01
   0.494850498123515E-02
  -0.360131895918147E+01
   0.506351991904174E-02
  -0.362534135220316E+01
   0.517472976055295E-02
  -0.370479942865234E+01
   0.517892097316386E-02
  -0.380985594043795E+01
   0.507539362109109E-02
  -0.390295000987635E+01
   0.490486519463156E-02
  -0.395674309464247E+01
   0.472039596013142E-02
  -0.396868254865741E+01
   0.455827210004457E-02
  -0.394304545437929E+01
   0.444469524753136E-02
  -0.388920702708862E+01
   0.439247581852858E-02
  -0.381479677088296E+01
   0.440789771668342E-02
  -0.372837193677048E+01
   0.448180800416502E-02
  -0.364449581350983E+01
   0.458927330480040E-02
  -0.357668943903929E+01
   0.470288668195466E-02
  -0.353430846001627E+01
   0.479287263691647E-02
  -0.351968993373235E+01
   0.484161226811397E-02
  -0.352770125244657E+01
   0.485622109301587E-02
  -0.354893822379453E+01
   0.485597969111715E-02
  -0.357439420892658E+01
   0.486034190926022E-02
  -0.359924441520162E+01
   0.487252366231191E-02
  -0.362210134096158E+01
   0.489219770746577E-02
  -0.975502280849702E+01
   0.279783909701867E-02
  -0.966992372570843E+01
   0.284868582762758E-02
  -0.959962923127893E+01
   0.287747461945368E-02
  -0.953608036327514E+01
   0.289178338981777E-02
  -0.947557803747976E+01
   0.289600179971527E-02
  -0.939715613165435E+01
   0.291543221541430E-02
  -0.929896212341826E+01
   0.295381243843412E-02
  -0.917899563281268E+01
   0.301494349531447E-02
  -0.903653665387573E+01
   0.310168320790957E-02
  -0.890536358992486E+01
   0.318076280065609E-02
  -0.877493310817398E+01
   0.327032000796998E-02
  -0.865223736606520E+01
   0.336755785180696E-02
  -0.857405068301252E+01
   0.342733756274482E-02
  -0.853543343906787E+01
   0.345995256129463E-02
  -0.853556574940833E+01
   0.347074548566197E-02
  -0.857725587841182E+01
   0.346009239914617E-02
  -0.866636837298086E+01
   0.342245983992041E-02
  -0.881218112968486E+01
   0.334499352682583E-02
  -0.902559909718047E+01
   0.320833398927242E-02
  -0.923789449792339E+01
   0.308720262955313E-02
  -0.946983231626573E+01
   0.294536103807974E-02
  -0.969539030658097E+01
   0.280212237227326E-02
  -0.990259181257946E+01
   0.266492697964504E-02
  -0.100402477520392E+02
   0.257808146349663E-02
  -0.101178599318092E+02
   0.253243805669328E-02
  -0.101478720871338E+02
   0.251832267880755E-02
  -0.101449971701960E+02
   0.252522653055156E-02
  -0.101239411992356E+02
   0.254295887936672E-02
  -0.100983216663103E+02
   0.256196081654016E-02
  -0.100761098357237E+02
   0.257663839618949E-02
  -0.100590053532965E+02
   0.258613336970576E-02
  -0.100435504076462E+02
   0.259376038155904E-02
  -0.100236075523982E+02
   0.260484287992736E-02
  -0.999200256951774E+01
   0.262526976075821E-02
  -0.994167397681004E+01
   0.266053591580466E-02
  -0.986522835270198E+01
   0.271617638397484E-02
