   0.114178070770259E+02
   0.784529447523873E-02
   0.102954881103829E+02
   0.750837575732287E-02
   0.957435115536084E+01
   0.724495878714088E-02
   0.916861908764170E+01
   0.705268611407128E-02
   0.909407167984385E+01
   0.693603387528451E-02
   0.947884051758011E+01
   0.690356156065355E-02
   0.896698619296675E+01
   0.696482399758842E-02
   0.898203320793153E+01
   0.712561161263067E-02
   0.948641499394740E+01
   0.738725565807941E-02
   0.104720418857461E+02
   0.774450262589738E-02
   0.119719264366827E+02
   0.818675490333199E-02
   0.141893873312994E+02
   0.869627291799155E-02
   0.174265487819270E+02
   0.925573990526511E-02
   0.202586669629979E+02
   0.983575695452692E-02
   0.228085274174458E+02
   0.104067777115785E-01
   0.251051106419322E+02
   0.109454377554342E-01
   0.270568000532643E+02
   0.114352568332414E-01
   0.286416304937438E+02
   0.118654973872372E-01
   0.298756697721826E+02
   0.122297385583092E-01
   0.307933830224352E+02
   0.125279196953098E-01
   0.314344384681459E+02
   0.127662206979464E-01
   0.318332518401608E+02
   0.129483670256841E-01
   0.320102927729306E+02
   0.130731264401138E-01
   0.319659786353293E+02
   0.131341554967077E-01
   0.316808562217428E+02
   0.131204528535341E-01
   0.311210398325329E+02
   0.130218512531460E-01
   0.302412808969635E+02
   0.128338258838755E-01
   0.289841314728241E+02
   0.125537359821106E-01
   0.272769066941919E+02
   0.121800858203641E-01
   0.250289681959673E+02
   0.117159489321837E-01
   0.221320236285658E+02
   0.111727487450848E-01
   0.184631724869314E+02
   0.105717904672961E-01
   0.156815508827502E+02
   0.994426817903711E-02
   0.136851742881546E+02
   0.932795408535582E-02
   0.123497135296272E+02
   0.875898431716640E-02
   0.116008121746535E+02
   0.826198710310645E-02
   0.147058452097196E+02
   0.977226928902947E-02
   0.152720481409881E+02
   0.945898687271871E-02
   0.150638358977087E+02
   0.917862647960676E-02
   0.142781002467629E+02
   0.888991091457548E-02
   0.127519219012390E+02
   0.865349009900468E-02
   0.120613418716674E+02
   0.853881161999656E-02
   0.118337323627904E+02
   0.853498388263859E-02
   0.120439144207330E+02
   0.865744280481507E-02
   0.127457832673802E+02
   0.889162301764204E-02
   0.141218196798038E+02
   0.921845476745389E-02
   0.143453658249641E+02
   0.966108074874647E-02
   0.151389291135258E+02
   0.101478337790690E-01
   0.165888910190058E+02
   0.108700956505902E-01
   0.186296552707160E+02
   0.116936135035027E-01
   0.214355444432500E+02
   0.124821000444837E-01
   0.253566138045350E+02
   0.132161061179894E-01
   0.280443837552957E+02
   0.138877375443884E-01
   0.298360875714381E+02
   0.144697224846106E-01
   0.309772831479522E+02
   0.148918408511882E-01
   0.316616298210783E+02
   0.151376683997175E-01
   0.320575330102464E+02
   0.153550297536932E-01
   0.323079270052887E+02
   0.155895182640941E-01
   0.325096126076306E+02
   0.158428598008374E-01
   0.326618088373183E+02
   0.161003549808180E-01
   0.326783363959415E+02
   0.162545501413822E-01
   0.324829727418822E+02
   0.162149531169932E-01
   0.320307020815373E+02
   0.160523437644749E-01
   0.312877744962491E+02
   0.157919178491359E-01
   0.301986849913096E+02
   0.154023083202394E-01
   0.286509596000020E+02
   0.148479589942232E-01
   0.264801997428141E+02
   0.141230603209387E-01
   0.235212201445295E+02
   0.132729014992888E-01
   0.196491040076824E+02
   0.123257872860575E-01
   0.172074985843232E+02
   0.114216748428375E-01
   0.157179563693827E+02
   0.106880715088866E-01
   0.149074611133436E+02
   0.101600950229896E-01
   0.172732228148677E+02
   0.123363256658279E-01
   0.169096785677104E+02
   0.120190360627097E-01
   0.164413650978161E+02
   0.117188918396196E-01
   0.158209908391584E+02
   0.112289358259985E-01
   0.151212173970166E+02
   0.106937547529791E-01
   0.147127727978209E+02
   0.105665713123390E-01
   0.145950446938825E+02
   0.106823573239925E-01
   0.147629678573891E+02
   0.109489732747785E-01
   0.152109144371106E+02
   0.112732549846627E-01
   0.160262355210057E+02
   0.117459216942512E-01
   0.173475823134953E+02
   0.122531131360160E-01
   0.175952647781406E+02
   0.118865214997901E-01
   0.190469533157531E+02
   0.127872254226158E-01
   0.210652266475821E+02
   0.138064390669548E-01
   0.237015556709480E+02
   0.144871040742083E-01
   0.273769136558159E+02
   0.152018893246577E-01
   0.296815423925314E+02
   0.160167643741678E-01
   0.310627203225500E+02
   0.169034915960247E-01
   0.317691356669862E+02
   0.174208495287439E-01
   0.319998932669184E+02
   0.172002619601208E-01
   0.319744706112651E+02
   0.172811267965438E-01
   0.319376877622535E+02
   0.175507371904163E-01
   0.321549153778685E+02
   0.179270743530035E-01
   0.325944528243468E+02
   0.186195253380563E-01
   0.328997986663723E+02
   0.191293822789109E-01
   0.329234677885450E+02
   0.188865507619414E-01
   0.326627999122043E+02
   0.186373591246534E-01
   0.321729506534473E+02
   0.184527905864224E-01
   0.314930314421164E+02
   0.181259742766823E-01
   0.304835622242563E+02
   0.175107945884379E-01
   0.288166219833717E+02
   0.165702407836086E-01
   0.261926789069827E+02
   0.156472259398691E-01
   0.223251801888979E+02
   0.144425882391784E-01
   0.199831669102457E+02
   0.134668492500496E-01
   0.186274946817725E+02
   0.129211461173069E-01
   0.178095962076331E+02
   0.126913216790398E-01
   0.200937233464530E+02
   0.155205328875438E-01
   0.195446955923969E+02
   0.149841172474312E-01
   0.189781936467201E+02
   0.144470939364627E-01
   0.184038438486032E+02
   0.139740335091694E-01
   0.178521651789765E+02
   0.134498470208493E-01
   0.174806441762186E+02
   0.131856688728484E-01
   0.173280443346220E+02
   0.132465916058991E-01
   0.173664533658702E+02
   0.134248684544899E-01
   0.175687059115470E+02
   0.135433462262275E-01
   0.179742911649159E+02
   0.135407906473551E-01
   0.186591422480903E+02
   0.138243104341240E-01
   0.196501236743598E+02
   0.134911148810677E-01
   0.223209450135583E+02
   0.148588801490283E-01
   0.246691445344288E+02
   0.153508105381380E-01
   0.270140268376939E+02
   0.156411902092095E-01
   0.293619279158398E+02
   0.162025160200403E-01
   0.310372848879836E+02
   0.169753910168774E-01
   0.319501925173315E+02
   0.177502189034205E-01
   0.322142796786244E+02
   0.182020318515897E-01
   0.319721352484591E+02
   0.183204044799094E-01
   0.314317211187114E+02
   0.185697996887741E-01
   0.309185043584980E+02
   0.187444485282596E-01
   0.311831196191416E+02
   0.190863425334295E-01
   0.321955264566295E+02
   0.205038675137788E-01
   0.328267147244308E+02
   0.209294311461735E-01
   0.329814709739091E+02
   0.204711026130572E-01
   0.327492628257285E+02
   0.206885949430390E-01
   0.323244095834293E+02
   0.202075699129041E-01
   0.319984518226581E+02
   0.197925116930163E-01
   0.316227614755685E+02
   0.193530047613332E-01
   0.305186467794268E+02
   0.186605063104636E-01
   0.282966447410485E+02
   0.178159025544631E-01
   0.246629561109870E+02
   0.167889224520167E-01
   0.225787303958266E+02
   0.161744583506687E-01
   0.214154118927443E+02
   0.159385477783668E-01
   0.206771006448888E+02
   0.157759098909407E-01
   0.226275266431990E+02
   0.187936232708312E-01
   0.220265186281971E+02
   0.180121806488795E-01
   0.214296734834293E+02
   0.171870387727064E-01
   0.208807439692467E+02
   0.165605175653482E-01
   0.203957541298016E+02
   0.160388070538054E-01
   0.200321811186865E+02
   0.156864734484169E-01
   0.198142633578655E+02
   0.155522266034996E-01
   0.197260185388306E+02
   0.155127685934325E-01
   0.197517381252513E+02
   0.154176940894545E-01
   0.199298666480633E+02
   0.152638081291890E-01
   0.203344479779846E+02
   0.149413717440202E-01
   0.212611130395202E+02
   0.147971970172898E-01
   0.238387915348661E+02
   0.161505118062546E-01
   0.263516335505432E+02
   0.163286641641708E-01
   0.285778938742209E+02
   0.164221088418582E-01
   0.305817613649575E+02
   0.170052270157120E-01
   0.319486200396728E+02
   0.179477587968445E-01
   0.324944317807517E+02
   0.188247029826554E-01
   0.323749184200426E+02
   0.191561374293790E-01
   0.316698383902450E+02
   0.191151564839580E-01
   0.305453093072921E+02
   0.195929863783662E-01
   0.291895585095458E+02
   0.193847639703873E-01
   0.295145046014434E+02
   0.201626559438207E-01
   0.316701892921582E+02
   0.220258278162547E-01
   0.325931262289892E+02
   0.215695885236779E-01
   0.327868178143994E+02
   0.217792012755512E-01
   0.324250294647190E+02
   0.220998452320109E-01
   0.318407792509275E+02
   0.215061993069594E-01
   0.318413240329262E+02
   0.207341429770032E-01
   0.323358426928891E+02
   0.205313787765176E-01
   0.318389137044687E+02
   0.199625654759875E-01
   0.300170101173972E+02
   0.194046688795656E-01
   0.266198661434049E+02
   0.188137367299265E-01
   0.247956185685691E+02
   0.184646691814992E-01
   0.238425747683167E+02
   0.189327347525954E-01
   0.232108030281536E+02
   0.191937856890192E-01
   0.247591210516011E+02
   0.214807501764812E-01
   0.241472231570224E+02
   0.204071082100897E-01
   0.235637026801519E+02
   0.194085721200735E-01
   0.230539396396094E+02
   0.187045891733137E-01
   0.226200377186382E+02
   0.182052783101861E-01
   0.222710871107354E+02
   0.178134972402583E-01
   0.220126593995405E+02
   0.175159674136374E-01
   0.218391460418204E+02
   0.172807563266605E-01
   0.217501500624853E+02
   0.170348872397566E-01
   0.217843914658649E+02
   0.168440886624449E-01
   0.220070079648657E+02
   0.166305198887028E-01
   0.226357352047650E+02
   0.162662698756087E-01
   0.242779335737353E+02
   0.165783642814179E-01
   0.271357166654413E+02
   0.172394960139891E-01
   0.293027915955052E+02
   0.172273602355512E-01
   0.312897948277482E+02
   0.179995564361764E-01
   0.325385813272130E+02
   0.192156887067403E-01
   0.327476266382278E+02
   0.201660751173905E-01
   0.323050350640998E+02
   0.200568865374292E-01
   0.311699951972939E+02
   0.203039924314693E-01
   0.294964480329041E+02
   0.205334054216158E-01
   0.286531097618660E+02
   0.205906198325252E-01
   0.290672846634505E+02
   0.211664453551182E-01
   0.313340796960610E+02
   0.225189154350196E-01
   0.322722740293173E+02
   0.223482694655186E-01
   0.324180784944331E+02
   0.229365469847426E-01
   0.317940028952116E+02
   0.229561421279393E-01
   0.307169023886444E+02
   0.221596320249012E-01
   0.310062871920301E+02
   0.211613106463288E-01
   0.328278418185629E+02
   0.211398202160932E-01
   0.329198621146605E+02
   0.209248507314775E-01
   0.314632517642256E+02
   0.207248479436669E-01
   0.282981283736334E+02
   0.208983290813654E-01
   0.267292718486678E+02
   0.211528307477938E-01
   0.259368281362773E+02
   0.221520330843662E-01
   0.253495893867331E+02
   0.222079724070625E-01
   0.264997802380969E+02
   0.232811023434148E-01
   0.259110293148389E+02
   0.220758545360301E-01
   0.253743140534341E+02
   0.211028552650939E-01
   0.249199673196415E+02
   0.204612813822224E-01
   0.245363106447322E+02
   0.200176529477406E-01
   0.242122453167928E+02
   0.196355438003668E-01
   0.239406527225962E+02
   0.192571701041309E-01
   0.237208870736115E+02
   0.189071682930796E-01
   0.235632458997691E+02
   0.186239994261464E-01
   0.235028302777481E+02
   0.184954575720713E-01
   0.235845601879224E+02
   0.183971027492112E-01
   0.239442348693183E+02
   0.179079730188555E-01
   0.249910270386055E+02
   0.172194096412007E-01
   0.274388225666515E+02
   0.175528602456469E-01
   0.294354131048776E+02
   0.180020790222795E-01
   0.316278909489924E+02
   0.187616956821821E-01
   0.328999316146336E+02
   0.207874937456866E-01
   0.327095787103771E+02
   0.218747186235040E-01
   0.320227291210598E+02
   0.214643287487423E-01
   0.304754966824807E+02
   0.216288435594124E-01
   0.293873808536419E+02
   0.220231329331013E-01
   0.288934666702059E+02
   0.223089198742814E-01
   0.292089593343784E+02
   0.222135330156136E-01
   0.310093437840600E+02
   0.228353148022238E-01
   0.318033894439676E+02
   0.231254614713117E-01
   0.319015047599364E+02
   0.233287247213374E-01
   0.309518195602680E+02
   0.234017716902625E-01
   0.304364862115273E+02
   0.227147943899914E-01
   0.310003601889017E+02
   0.218065339551200E-01
   0.333236003354548E+02
   0.210609993361320E-01
   0.338182891913890E+02
   0.214435866126655E-01
   0.326741650957451E+02
   0.218861548802657E-01
   0.297420025431641E+02
   0.230054448012413E-01
   0.283980487125707E+02
   0.241878482362693E-01
   0.276743378113009E+02
   0.249248218000389E-01
   0.270889618367607E+02
   0.243560853099286E-01
   0.279209509900961E+02
   0.245487490701842E-01
   0.273845066325093E+02
   0.235535150010930E-01
   0.269099189325183E+02
   0.228149615525756E-01
   0.265141104278064E+02
   0.223566976230572E-01
   0.261778435632984E+02
   0.219580015317579E-01
   0.258850216535266E+02
   0.215734760045839E-01
   0.256209569344257E+02
   0.211475088007698E-01
   0.253841120783519E+02
   0.207356011174394E-01
   0.251862744851921E+02
   0.204121270483359E-01
   0.250541889592346E+02
   0.202779118840827E-01
   0.250189688642912E+02
   0.201912620158078E-01
   0.251613727451386E+02
   0.195352932596485E-01
   0.257577367883895E+02
   0.184366811046422E-01
   0.272880899769224E+02
   0.179198496131864E-01
   0.290062383754593E+02
   0.189596465874372E-01
   0.316917270257695E+02
   0.197017596391712E-01
   0.331279794081051E+02
   0.224774027484342E-01
   0.323462635810291E+02
   0.241031408968690E-01
   0.315482329115175E+02
   0.233682366181954E-01
   0.305387321223088E+02
   0.230625236423946E-01
   0.298286292363195E+02
   0.242571807165670E-01
   0.294854449841852E+02
   0.243400812651701E-01
   0.296250020236067E+02
   0.234468846716523E-01
   0.305107342068799E+02
   0.228886892229788E-01
   0.311163561853786E+02
   0.232341098829446E-01
   0.312674867174362E+02
   0.238240545506099E-01
   0.308813142474528E+02
   0.240628439584493E-01
   0.307028244189823E+02
   0.239957949466767E-01
   0.313416666446335E+02
   0.227772060747642E-01
   0.337591993423893E+02
   0.208083615654032E-01
   0.345386444572922E+02
   0.219588865949508E-01
   0.336670248148389E+02
   0.230822752374850E-01
   0.309923824264035E+02
   0.254678127746199E-01
   0.297882311907037E+02
   0.267151315337454E-01
   0.290595382894413E+02
   0.263512758280458E-01
   0.284795272925790E+02
   0.255639840889882E-01
   0.290936344162193E+02
   0.261096286811833E-01
   0.286194364341985E+02
   0.254812898381619E-01
   0.282036779884799E+02
   0.249501674911227E-01
   0.278589264430350E+02
   0.246063547903971E-01
   0.275671473853194E+02
   0.242849380667650E-01
   0.273097111316370E+02
   0.239836578572582E-01
   0.270656848377632E+02
   0.236489948266183E-01
   0.268266246489277E+02
   0.233121499283726E-01
   0.265994792827589E+02
   0.230032428510109E-01
   0.264003550815699E+02
   0.226572265031761E-01
   0.262611720682998E+02
   0.221819934471000E-01
   0.262505507857550E+02
   0.211871941135995E-01
   0.265672326504051E+02
   0.200048454059046E-01
   0.276243722192349E+02
   0.191930853916387E-01
   0.289963957800369E+02
   0.192432939339720E-01
   0.315636007394059E+02
   0.196461373659936E-01
   0.333489735992535E+02
   0.235057281551195E-01
   0.325698961208431E+02
   0.264293630741336E-01
   0.317481935593506E+02
   0.252521075774920E-01
   0.310771901320994E+02
   0.244979488467268E-01
   0.304682923690890E+02
   0.258770220854929E-01
   0.301692225464969E+02
   0.257041588964871E-01
   0.302099496464335E+02
   0.247881807455891E-01
   0.306793951365117E+02
   0.243679441813809E-01
   0.311869757620052E+02
   0.244459408357464E-01
   0.314011025889310E+02
   0.251731520567342E-01
   0.312810309764441E+02
   0.254783304602877E-01
   0.312317320476685E+02
   0.253925432284655E-01
   0.317825457245033E+02
   0.236910671982894E-01
   0.340530264287680E+02
   0.210261005200566E-01
   0.350778880178401E+02
   0.228608995861310E-01
   0.344495580881592E+02
   0.245012477390719E-01
   0.320317102696229E+02
   0.278775234632726E-01
   0.308953550927630E+02
   0.282204044820923E-01
   0.301532328361407E+02
   0.272086508786727E-01
   0.296017961576732E+02
   0.267316605971161E-01
   0.300704737945690E+02
   0.278006756223175E-01
   0.296539069317891E+02
   0.273469890430512E-01
   0.292884776920777E+02
   0.269232166155302E-01
   0.289865731980616E+02
   0.266254328728854E-01
   0.287356069225587E+02
   0.264041542097159E-01
   0.285129114887470E+02
   0.262218820278162E-01
   0.282909700730109E+02
   0.260093567018810E-01
   0.280505267406143E+02
   0.257290741308605E-01
   0.277936186172301E+02
   0.254111318578954E-01
   0.275328909772530E+02
   0.249280844584952E-01
   0.273060705511219E+02
   0.242374177290535E-01
   0.271847635952000E+02
   0.231489295484786E-01
   0.273421182863380E+02
   0.214413712105014E-01
   0.282206877832309E+02
   0.207835979261633E-01
   0.291962137678660E+02
   0.205682348714052E-01
   0.311615698794146E+02
   0.200576060558265E-01
   0.335739348745680E+02
   0.242427492565491E-01
   0.331159658315716E+02
   0.281224842361968E-01
   0.322641817011353E+02
   0.279599693253570E-01
   0.318922023259710E+02
   0.258155266384323E-01
   0.311252067085959E+02
   0.274921713200269E-01
   0.308320954008132E+02
   0.270089141250127E-01
   0.308059451492094E+02
   0.263820746480988E-01
   0.310976896938633E+02
   0.259412523457164E-01
   0.316214334129297E+02
   0.262239303944917E-01
   0.318825875867375E+02
   0.271093286501296E-01
   0.318883073055127E+02
   0.272715366925795E-01
   0.318469958059439E+02
   0.267878790965027E-01
   0.322009747479850E+02
   0.247985217290421E-01
   0.341272406731874E+02
   0.223086981573169E-01
   0.354394746432779E+02
   0.243074742674752E-01
   0.350305257254795E+02
   0.261920338748003E-01
   0.328730355153893E+02
   0.300890879600306E-01
   0.317797617102044E+02
   0.298725624903951E-01
   0.310401830249819E+02
   0.285331341954834E-01
   0.305231687120450E+02
   0.282020390188313E-01
   0.308923644635067E+02
   0.295313828849881E-01
   0.305184915091197E+02
   0.291125056666939E-01
   0.301922987786582E+02
   0.287480120166099E-01
   0.299253064069452E+02
   0.285024918046329E-01
   0.297095907863673E+02
   0.284170559088874E-01
   0.295171998269852E+02
   0.283698970767682E-01
   0.293141498301245E+02
   0.282812159371865E-01
   0.290694955496833E+02
   0.280242509457608E-01
   0.287810648085946E+02
   0.276051891795269E-01
   0.284651449142929E+02
   0.269058729658526E-01
   0.281700274264070E+02
   0.259610071987522E-01
   0.279764977423283E+02
   0.247128149121721E-01
   0.280598199782652E+02
   0.231264184069167E-01
   0.289985728157235E+02
   0.226126690134238E-01
   0.295516969133778E+02
   0.231918004242147E-01
   0.311390825879153E+02
   0.214459039388973E-01
   0.338279343973205E+02
   0.247305655765089E-01
   0.339445265924916E+02
   0.287314354274388E-01
   0.328348261820037E+02
   0.303807900701358E-01
   0.322172829515565E+02
   0.281225529547373E-01
   0.317011365135968E+02
   0.290879371515414E-01
   0.314675345607924E+02
   0.287036377819098E-01
   0.314184002277255E+02
   0.279935618125839E-01
   0.316402734749213E+02
   0.272673885290536E-01
   0.322894934520772E+02
   0.273930154376915E-01
   0.325557514132077E+02
   0.291602368862247E-01
   0.326215596261722E+02
   0.290516753621743E-01
   0.325421423146124E+02
   0.284544872095407E-01
   0.326656941312577E+02
   0.265285020905480E-01
   0.339081232479374E+02
   0.252856736056858E-01
   0.356534831537042E+02
   0.263702968932751E-01
   0.354313939573449E+02
   0.282986842077624E-01
   0.335363380552329E+02
   0.323013737942543E-01
   0.324940985692951E+02
   0.315356209024629E-01
   0.317822715276037E+02
   0.301483616122292E-01
   0.313012696717680E+02
   0.298788080821504E-01
   0.315639090760009E+02
   0.311081472464265E-01
   0.312201316383608E+02
   0.306874067442774E-01
   0.309232659155200E+02
   0.303735547854151E-01
   0.306829375310325E+02
   0.302190532242687E-01
   0.304925364829190E+02
   0.302675643404632E-01
   0.303209044493418E+02
   0.303480063128060E-01
   0.301285936960821E+02
   0.303559113125773E-01
   0.298749048798702E+02
   0.300769491920136E-01
   0.295558978306752E+02
   0.294800730599562E-01
   0.291983853448496E+02
   0.285238380448181E-01
   0.288624782426757E+02
   0.273163622109577E-01
   0.286390643055164E+02
   0.260380090962052E-01
   0.286795463582627E+02
   0.250786146057885E-01
   0.292879829019930E+02
   0.247577322189812E-01
   0.299393331952251E+02
   0.257030671744579E-01
   0.313195665034061E+02
   0.237781516687169E-01
   0.340537521355085E+02
   0.260487529067080E-01
   0.344549392785331E+02
   0.289697197152883E-01
   0.333556086039702E+02
   0.314265391298000E-01
   0.326402376295734E+02
   0.300370919822384E-01
   0.322198642287055E+02
   0.300236449928413E-01
   0.320589437664111E+02
   0.302810469565309E-01
   0.320221250187534E+02
   0.296130300445812E-01
   0.322290666902054E+02
   0.287201551497585E-01
   0.331645966389673E+02
   0.278808796196257E-01
   0.333231155611217E+02
   0.300570411584059E-01
   0.334499229450710E+02
   0.302363659805373E-01
   0.333102154077930E+02
   0.305223106161619E-01
   0.332244952003130E+02
   0.288675560194457E-01
   0.339857250570408E+02
   0.276338135578546E-01
   0.357667535834316E+02
   0.281060762402961E-01
   0.356630371986533E+02
   0.304450760416212E-01
   0.340235014227526E+02
   0.343223188111909E-01
   0.330544484376009E+02
   0.330504244766905E-01
   0.323890297360679E+02
   0.317146880157693E-01
   0.319407526950414E+02
   0.314483667482773E-01
   0.320868589479766E+02
   0.326224053016613E-01
   0.317638144983654E+02
   0.322089774178131E-01
   0.314865708736404E+02
   0.319327558037185E-01
   0.312614813024613E+02
   0.318393747821775E-01
   0.310814963790728E+02
   0.319148814349744E-01
   0.309165246326717E+02
   0.320250052039057E-01
   0.307242363766335E+02
   0.320274885462111E-01
   0.304580872473373E+02
   0.316459412454044E-01
   0.301159903713989E+02
   0.308592055014764E-01
   0.297391598834810E+02
   0.297485069905070E-01
   0.293974354285118E+02
   0.285153616528764E-01
   0.291830309453261E+02
   0.275831087233405E-01
   0.292053486556315E+02
   0.271372765859198E-01
   0.296250719316797E+02
   0.262218649243980E-01
   0.302989377617517E+02
   0.269947746739928E-01
   0.316050376089903E+02
   0.267251365661432E-01
   0.342302394402254E+02
   0.287335770940668E-01
   0.347745727726503E+02
   0.298056734738766E-01
   0.338438202069795E+02
   0.313383434277385E-01
   0.330656048680651E+02
   0.319959932851797E-01
   0.326953299519966E+02
   0.315496636546357E-01
   0.325926905037269E+02
   0.319019315544207E-01
   0.325855666515774E+02
   0.313604743389993E-01
   0.327841824304402E+02
   0.305413782211103E-01
   0.336818665047401E+02
   0.291650864297560E-01
   0.341611003064966E+02
   0.310476045662912E-01
   0.343962618105870E+02
   0.308206474566452E-01
   0.341250880451501E+02
   0.322841798806217E-01
   0.338285626378499E+02
   0.315546694733989E-01
   0.342320924051193E+02
   0.299009526931849E-01
   0.357876643738109E+02
   0.293327493758922E-01
   0.357375773916483E+02
   0.320619408332045E-01
   0.343301219146722E+02
   0.352054001483141E-01
   0.334669948815685E+02
   0.341737994474156E-01
   0.328636000286639E+02
   0.332591265838122E-01
   0.324418579931899E+02
   0.329697469784165E-01
   0.324563571176124E+02
   0.340573288460259E-01
   0.321462118621655E+02
   0.336721300784136E-01
   0.318788309935695E+02
   0.334162476781902E-01
   0.316559452783508E+02
   0.332747823769371E-01
   0.314711415780145E+02
   0.332159524476987E-01
   0.312989987804035E+02
   0.332094571821082E-01
   0.310983873859647E+02
   0.331303322337732E-01
   0.308215501484678E+02
   0.326797733307958E-01
   0.304706348324999E+02
   0.318285516079773E-01
   0.301005217744551E+02
   0.308206128626634E-01
   0.297840442570534E+02
   0.298870140476271E-01
   0.296002750264025E+02
   0.292966529034766E-01
   0.296150421273140E+02
   0.287629505240571E-01
   0.299385535097061E+02
   0.278013374307642E-01
   0.306129936806732E+02
   0.284613670817636E-01
   0.318905880375209E+02
   0.297611336663611E-01
   0.343405236265843E+02
   0.306102356044352E-01
   0.349382225103522E+02
   0.301841224234147E-01
   0.343904905138197E+02
   0.307114536631613E-01
   0.334211642308987E+02
   0.330852338106631E-01
   0.331030566502992E+02
   0.332777205412464E-01
   0.330481086559512E+02
   0.334237631222984E-01
   0.330791771079045E+02
   0.330170033522971E-01
   0.332694325176189E+02
   0.327978852836610E-01
   0.338529686298256E+02
   0.311488228723276E-01
   0.345606149125836E+02
   0.321429114388923E-01
   0.349557693320944E+02
   0.319545882449448E-01
   0.349795899986772E+02
   0.330770501529521E-01
   0.344198509911515E+02
   0.344469520595831E-01
   0.345390317979797E+02
   0.325711542727621E-01
   0.357138836676899E+02
   0.307901443319195E-01
   0.356291813645813E+02
   0.336369478531300E-01
   0.344862718003231E+02
   0.360042452614502E-01
   0.337464021703132E+02
   0.353875306979723E-01
   0.332029436813924E+02
   0.347997778883457E-01
   0.327987663990721E+02
   0.344309946806690E-01
   0.326615084069155E+02
   0.351547072181307E-01
   0.323571900251914E+02
   0.348229410916515E-01
   0.320910842268160E+02
   0.345745122838949E-01
   0.318607950701351E+02
   0.343101642743487E-01
   0.316613286440881E+02
   0.340463046918006E-01
   0.314744602699534E+02
   0.339163323864060E-01
   0.312618474677893E+02
   0.337949798485327E-01
   0.309785355829047E+02
   0.333305497745166E-01
   0.306331634254368E+02
   0.325113469863387E-01
   0.302880216825356E+02
   0.316913866361026E-01
   0.300128562739843E+02
   0.310820985029196E-01
   0.298687219249149E+02
   0.306348017321880E-01
   0.298908014523643E+02
   0.298224660383988E-01
   0.301761246398572E+02
   0.289287995757090E-01
   0.308492716797935E+02
   0.298131302004331E-01
   0.320851144501189E+02
   0.317041284381822E-01
   0.343265222890288E+02
   0.308759626543592E-01
   0.349560022137154E+02
   0.302941732731997E-01
   0.346286429779314E+02
   0.305212632405704E-01
   0.336579309616245E+02
   0.335320408426571E-01
   0.334093738334006E+02
   0.344538012535664E-01
   0.334061167543161E+02
   0.346824847789831E-01
   0.334832964529956E+02
   0.344480572054549E-01
   0.336593345057813E+02
   0.344177005182651E-01
   0.340448276845047E+02
   0.324115435452807E-01
   0.345964248076317E+02
   0.329018814895705E-01
   0.351871284731187E+02
   0.329213012693417E-01
   0.354680039154959E+02
   0.338190715478243E-01
   0.349241744046816E+02
   0.368102158390451E-01
   0.348187729615520E+02
   0.354589166817196E-01
   0.355446885556629E+02
   0.326371041986392E-01
   0.352805600219433E+02
   0.355634324409609E-01
   0.345134891155552E+02
   0.367198086570230E-01
   0.338923086223961E+02
   0.364801247077692E-01
   0.333933829539663E+02
   0.359985331869336E-01
   0.329989798816065E+02
   0.355407303177306E-01
   0.326947814777642E+02
   0.350538233552041E-01
   0.323889525873609E+02
   0.347052256215113E-01
   0.321162177720452E+02
   0.343863728010306E-01
   0.318724519902575E+02
   0.340085906670064E-01
   0.316550703005113E+02
   0.336712056650516E-01
   0.314506955159330E+02
   0.334947058910728E-01
   0.312252879974141E+02
   0.333434305135764E-01
   0.309407060010000E+02
   0.329208968398032E-01
   0.306124250659508E+02
   0.322744441850051E-01
   0.303018959043065E+02
   0.316869972900228E-01
   0.300711075353211E+02
   0.312732385533562E-01
   0.299723296080992E+02
   0.309440262712251E-01
   0.300259971587986E+02
   0.301737073937260E-01
   0.303079962535812E+02
   0.293567351604728E-01
   0.309771021663184E+02
   0.304433029268447E-01
   0.321407458875526E+02
   0.321684444088715E-01
   0.341903380765641E+02
   0.303105298261926E-01
   0.348476155680873E+02
   0.302100136028506E-01
   0.346664103203786E+02
   0.305014415772967E-01
   0.337752759064981E+02
   0.335800621845904E-01
   0.336019642916927E+02
   0.352564298822198E-01
   0.336567357962604E+02
   0.359049108328706E-01
   0.337833068694719E+02
   0.356807631078725E-01
   0.339442754866221E+02
   0.353441785471137E-01
   0.342169102710193E+02
   0.337749801377336E-01
   0.346449106313994E+02
   0.336881391144802E-01
   0.351220467448975E+02
   0.342330780625714E-01
   0.356886010107298E+02
   0.346708533247013E-01
   0.353184812635245E+02
   0.377216172849216E-01
   0.349960202849646E+02
   0.373385483885679E-01
   0.352068811069815E+02
   0.346397152558555E-01
   0.350049824643744E+02
   0.363880573829594E-01
   0.344347915131828E+02
   0.368938407211179E-01
   0.338971241121972E+02
   0.367315409628940E-01
   0.334246956195769E+02
   0.360399179339287E-01
   0.330335048345640E+02
   0.354650508730071E-01
   0.325871357885172E+02
   0.331638720401478E-01
   0.322740067532846E+02
   0.326466063227466E-01
   0.319880602961788E+02
   0.321456655755521E-01
   0.317264886031352E+02
   0.316501436080308E-01
   0.314899256536767E+02
   0.312995781797110E-01
   0.312676090075750E+02
   0.311477374560572E-01
   0.310308592702115E+02
   0.310752071239983E-01
   0.307497953393796E+02
   0.308431234879679E-01
   0.304447527478295E+02
   0.305366834254534E-01
   0.301728393751265E+02
   0.303464849123233E-01
   0.299860907482133E+02
   0.302455209011493E-01
   0.299299729299643E+02
   0.301789642856399E-01
   0.300287690392786E+02
   0.298909767129312E-01
   0.303248750202658E+02
   0.292401521370158E-01
   0.309882268358056E+02
   0.305677096700557E-01
   0.320495838841973E+02
   0.317623906460729E-01
   0.339476081926598E+02
   0.299903022536615E-01
   0.346230215802699E+02
   0.302621110230218E-01
   0.345463092023356E+02
   0.303788479486864E-01
   0.337838130693641E+02
   0.344395402459601E-01
   0.336634465724684E+02
   0.357676511087692E-01
   0.337695493362284E+02
   0.366187731619541E-01
   0.339622014530514E+02
   0.367120902498096E-01
   0.341177464169120E+02
   0.360418755271836E-01
   0.343300169720474E+02
   0.349629121864495E-01
   0.346802129772435E+02
   0.352417541577209E-01
   0.350615078332673E+02
   0.354236371656929E-01
   0.356728422385121E+02
   0.355716780558839E-01
   0.356435948146863E+02
   0.369796370980921E-01
   0.350358292438661E+02
   0.376729034404528E-01
   0.349529943576798E+02
   0.353901286098137E-01
   0.347331662848219E+02
   0.360981713534365E-01
   0.342575579160054E+02
   0.359781468119100E-01
   0.337713504573890E+02
   0.353945738329756E-01
   0.333195371924541E+02
   0.344577487686967E-01
   0.329303552953741E+02
   0.337284756632217E-01
   0.324025994119093E+02
   0.308481893632411E-01
   0.320825771657890E+02
   0.302654836429704E-01
   0.317856044097013E+02
   0.297367071166352E-01
   0.315113513354044E+02
   0.292899792959284E-01
   0.312592883341615E+02
   0.289603556339176E-01
   0.310187299053213E+02
   0.287379073417887E-01
   0.307672315491978E+02
   0.285677643634054E-01
   0.304861032160911E+02
   0.283580972193125E-01
   0.302003613649124E+02
   0.282354979089824E-01
   0.299583445521161E+02
   0.282692049157108E-01
   0.298041806992017E+02
   0.284413151464098E-01
   0.297807139787942E+02
   0.287857996881001E-01
   0.299166125509080E+02
   0.291641334171909E-01
   0.302305948733548E+02
   0.289202868101070E-01
   0.308851186857288E+02
   0.307029182789091E-01
   0.318206002525650E+02
   0.310843105049315E-01
   0.335847300719236E+02
   0.299550197659213E-01
   0.342640302311537E+02
   0.304389128653184E-01
   0.342735438391975E+02
   0.302132898716319E-01
   0.336538253618891E+02
   0.347461576819579E-01
   0.335689968876800E+02
   0.353147284863375E-01
   0.337136896797023E+02
   0.360572183686773E-01
   0.339951256190612E+02
   0.368751386898499E-01
   0.341660143403850E+02
   0.365137669443825E-01
   0.343491155243620E+02
   0.358173366730951E-01
   0.346440202306958E+02
   0.363825003135434E-01
   0.349466398449342E+02
   0.364711692587435E-01
   0.353692643313877E+02
   0.368825870300128E-01
   0.356107873468098E+02
   0.365980505458488E-01
   0.349236464458081E+02
   0.370123115885965E-01
   0.346984877765609E+02
   0.354235162541394E-01
   0.344401447944165E+02
   0.351488606297751E-01
   0.340071856552088E+02
   0.341840766357524E-01
   0.335607111785917E+02
   0.332765644730878E-01
   0.331318277582759E+02
   0.322797311499891E-01
   0.327486054545695E+02
   0.314965241476932E-01
   0.322205882555614E+02
   0.297399636091205E-01
   0.318978640278344E+02
   0.291450915606559E-01
   0.315939869658661E+02
   0.286122195048963E-01
   0.313104037600348E+02
   0.281861783834671E-01
   0.310451236942909E+02
   0.278469443956154E-01
   0.307871761955921E+02
   0.275787358199141E-01
   0.305187627247139E+02
   0.273379809684158E-01
   0.302296012013893E+02
   0.270688169856715E-01
   0.299473929325652E+02
   0.268914057221923E-01
   0.297150239810514E+02
   0.268759901966685E-01
   0.295713008834830E+02
   0.270705709093080E-01
   0.295575603058149E+02
   0.275704474589930E-01
   0.297098252405037E+02
   0.284674547861534E-01
   0.300474954962495E+02
   0.294399618248099E-01
   0.306637622083870E+02
   0.309986231069597E-01
   0.314684595508862E+02
   0.300517805528411E-01
   0.330776010982407E+02
   0.298340449438074E-01
   0.337438576608120E+02
   0.304333519671206E-01
   0.338449848984462E+02
   0.302924979166325E-01
   0.333761786147525E+02
   0.351805601070329E-01
   0.333246214707360E+02
   0.348465869873742E-01
   0.334911146044603E+02
   0.346285312427641E-01
   0.338780454188406E+02
   0.361074273904018E-01
   0.340740603224224E+02
   0.366865616646033E-01
   0.342461695354790E+02
   0.361738308799354E-01
   0.344961766189262E+02
   0.369193880792414E-01
   0.347359091181894E+02
   0.373632992146791E-01
   0.350319281241166E+02
   0.381631201418892E-01
   0.352887604829738E+02
   0.365287403146446E-01
   0.346705946850080E+02
   0.364247987759811E-01
   0.344110132684192E+02
   0.352902314951517E-01
   0.341295736981743E+02
   0.342933521072012E-01
   0.337336644084171E+02
   0.330047344507613E-01
   0.333312482870761E+02
   0.320652873629385E-01
   0.329337734694112E+02
   0.311546449037476E-01
   0.325639730120844E+02
   0.303952241088855E-01
   0.320742659755713E+02
   0.306932699346950E-01
   0.317544493582976E+02
   0.299650825470784E-01
   0.314486333785538E+02
   0.293095113288722E-01
   0.311591997815608E+02
   0.287748988483429E-01
   0.308840520982251E+02
   0.283574104362807E-01
   0.306112830698050E+02
   0.280339231608129E-01
   0.303263133578592E+02
   0.277806245668550E-01
   0.300242424996628E+02
   0.275305603647485E-01
   0.297332516005613E+02
   0.273744032023009E-01
   0.294926215996612E+02
   0.273781876396304E-01
   0.293361046805083E+02
   0.275608243366104E-01
   0.293024796710264E+02
   0.280122598787662E-01
   0.294323212055759E+02
   0.289063535730076E-01
   0.297504283344321E+02
   0.301503802455778E-01
   0.303133155502863E+02
   0.314360142335888E-01
   0.310116883823471E+02
   0.296132600413797E-01
   0.324040569877728E+02
   0.294516675548810E-01
   0.330375679109656E+02
   0.298000264830559E-01
   0.332442503189554E+02
   0.307707998899841E-01
   0.329281053905394E+02
   0.351994368888873E-01
   0.329347306534636E+02
   0.345765769090800E-01
   0.331344109789563E+02
   0.336747663897560E-01
   0.336388012145884E+02
   0.346624657797161E-01
   0.338425519432734E+02
   0.369811745508294E-01
   0.340202709039658E+02
   0.369766806456386E-01
   0.342223874733367E+02
   0.375185150091744E-01
   0.343959391075835E+02
   0.377544105153427E-01
   0.345762340116310E+02
   0.380913301914016E-01
   0.346752401729889E+02
   0.374176371101905E-01
   0.343043049484760E+02
   0.371754435916810E-01
   0.340748862980824E+02
   0.364371353157966E-01
   0.338064087912693E+02
   0.353051135213626E-01
   0.334633133598077E+02
   0.340959963022347E-01
   0.331147107835137E+02
   0.331929904222727E-01
   0.327572456883804E+02
   0.323083504783526E-01
   0.324086854244629E+02
   0.314689837191055E-01
   0.319348641396937E+02
   0.334513603773271E-01
   0.316328657052061E+02
   0.326432937892610E-01
   0.313377127454723E+02
   0.318399947883003E-01
   0.310517934184720E+02
   0.311199829464233E-01
   0.307740395800082E+02
   0.305447192519688E-01
   0.304911557423137E+02
   0.300951702535210E-01
   0.301899304626590E+02
   0.297554575961144E-01
   0.298692621746461E+02
   0.294224824272991E-01
   0.295569991265157E+02
   0.291377550508291E-01
   0.292899310261251E+02
   0.289639343099322E-01
   0.290972012678568E+02
   0.288484892408237E-01
   0.290134820586097E+02
   0.288292392105039E-01
   0.290779061229989E+02
   0.290548965064896E-01
   0.293168020065948E+02
   0.296281936993901E-01
   0.298160479217828E+02
   0.314264180452456E-01
   0.304631756945522E+02
   0.309701439983150E-01
   0.315431999498438E+02
   0.284193394170518E-01
   0.321358571580561E+02
   0.294851194270118E-01
   0.324337680260568E+02
   0.316374639205759E-01
   0.322983067317373E+02
   0.348368229542682E-01
   0.323920186488610E+02
   0.339338540360906E-01
   0.326515247454611E+02
   0.327054595965458E-01
   0.333351983959875E+02
   0.330636843847180E-01
   0.334531329647315E+02
   0.366401370565272E-01
   0.336384593816258E+02
   0.373750698010707E-01
   0.337932984664852E+02
   0.375291646550231E-01
   0.339081309751483E+02
   0.375057024058931E-01
   0.339922332689494E+02
   0.372308444532173E-01
   0.340168423501756E+02
   0.372589452793449E-01
   0.337986769613659E+02
   0.377184437417958E-01
   0.336319700253308E+02
   0.378084153179839E-01
   0.334130110534859E+02
   0.372060858356513E-01
   0.331446591950210E+02
   0.365301501240368E-01
   0.328624556750264E+02
   0.358488171273863E-01
   0.325562232249279E+02
   0.350748140766573E-01
   0.322446133382489E+02
   0.342711647058563E-01
   0.316749726748251E+02
   0.361541231305350E-01
   0.314087241006178E+02
   0.356123241748037E-01
   0.311424410553057E+02
   0.348981825429634E-01
   0.308761094601143E+02
   0.340688055615484E-01
   0.306085083760556E+02
   0.332876929927364E-01
   0.303239147035476E+02
   0.325533227499970E-01
   0.300086724925843E+02
   0.318557163043772E-01
   0.296668521960364E+02
   0.311626240536293E-01
   0.293273118955610E+02
   0.305234713719598E-01
   0.290258885586106E+02
   0.300052871401994E-01
   0.287900434829096E+02
   0.295372964504675E-01
   0.286497300728876E+02
   0.291020104139395E-01
   0.286336969234633E+02
   0.286978260671350E-01
   0.287664298202990E+02
   0.283964967078892E-01
   0.291595958130920E+02
   0.294104690437585E-01
   0.297772706897827E+02
   0.316833277709713E-01
   0.304879879911101E+02
   0.283699920980755E-01
   0.310102951387355E+02
   0.292939386691117E-01
   0.313470220086117E+02
   0.313735194763815E-01
   0.314819557188859E+02
   0.336761639637459E-01
   0.316965937693821E+02
   0.329795180350002E-01
   0.320557715453550E+02
   0.310022580977026E-01
   0.327776002889740E+02
   0.330520709157628E-01
   0.328988713096963E+02
   0.358707093120817E-01
   0.330866805144618E+02
   0.371931777816506E-01
   0.332001483294359E+02
   0.368116099481655E-01
   0.332719790443936E+02
   0.366581207561978E-01
   0.332874241822911E+02
   0.362379476301700E-01
   0.332588702856818E+02
   0.362156937720100E-01
   0.331215282948583E+02
   0.368680511080890E-01
   0.330108970755562E+02
   0.375082969426124E-01
   0.328519862901953E+02
   0.375685115053051E-01
   0.326604453511929E+02
   0.376004532783774E-01
   0.324513762768396E+02
   0.375085726733524E-01
   0.322054682796319E+02
   0.371138363155918E-01
   0.319440353780105E+02
   0.366655061174842E-01
   0.311619689829551E+02
   0.359393821965130E-01
   0.309373948226329E+02
   0.357978368277692E-01
   0.307136780809763E+02
   0.355328998598121E-01
   0.304868735777668E+02
   0.350253085513157E-01
   0.302507396976269E+02
   0.343785609758677E-01
   0.299845207006051E+02
   0.335581206858115E-01
   0.296709028542305E+02
   0.325408920341212E-01
   0.293186625937283E+02
   0.315044762497204E-01
   0.289584049047947E+02
   0.305922842262867E-01
   0.286262278035006E+02
   0.298592790292672E-01
   0.283517065874804E+02
   0.292570920993768E-01
   0.281631260312303E+02
   0.287699948285901E-01
   0.280830068928985E+02
   0.282914507248458E-01
   0.281350271861140E+02
   0.276793044192432E-01
   0.284051596599714E+02
   0.271920485797360E-01
   0.289332918464017E+02
   0.286413776464235E-01
   0.295066859752286E+02
   0.288630179695571E-01
   0.299325863111472E+02
   0.291425014798816E-01
   0.302187386583637E+02
   0.292520410224300E-01
   0.304898900224944E+02
   0.313822093668442E-01
   0.308440446834845E+02
   0.320047708867125E-01
   0.313798756807017E+02
   0.287076819451100E-01
   0.319430164633833E+02
   0.333856467263536E-01
   0.321795438796108E+02
   0.352857622008163E-01
   0.323560706543814E+02
   0.357811188009593E-01
   0.324469410905473E+02
   0.354724207064210E-01
   0.324881658079372E+02
   0.352957921164225E-01
   0.324590443227339E+02
   0.347898379422524E-01
   0.323859978004799E+02
   0.344433362241581E-01
   0.322738513798192E+02
   0.347339931417034E-01
   0.321920431897356E+02
   0.353745875372394E-01
   0.320774386201015E+02
   0.356980701158286E-01
   0.319445578458356E+02
   0.360799395800951E-01
   0.317942665423089E+02
   0.363954580379856E-01
   0.316019698312343E+02
   0.363053662891573E-01
   0.313885132536764E+02
   0.361392137333196E-01
   0.303821114263016E+02
   0.335221387227189E-01
   0.301882385641528E+02
   0.334842088323314E-01
   0.300004457577969E+02
   0.335287722644229E-01
   0.298165411432994E+02
   0.335426291670825E-01
   0.296237251110225E+02
   0.333882990085100E-01
   0.293960493609731E+02
   0.329382884800938E-01
   0.291105940467975E+02
   0.320887585699878E-01
   0.287724303907814E+02
   0.310334430391189E-01
   0.284097816244243E+02
   0.300000317267917E-01
   0.280591986375016E+02
   0.291160762627726E-01
   0.277554907379519E+02
   0.284183768325458E-01
   0.275283301115674E+02
   0.278975075722090E-01
   0.274014989977919E+02
   0.274783442550178E-01
   0.274034798690071E+02
   0.270811622338695E-01
   0.276057453639354E+02
   0.269038628651250E-01
   0.280483859382667E+02
   0.279455995091652E-01
   0.284959216204359E+02
   0.280477306694531E-01
   0.288130989475787E+02
   0.279146774153521E-01
   0.290356163737493E+02
   0.278607036592159E-01
   0.293508994399822E+02
   0.290733293214469E-01
   0.298163562600219E+02
   0.303172195519075E-01
   0.304630307290196E+02
   0.275881796066838E-01
   0.310098093842900E+02
   0.320289347462780E-01
   0.312941759458798E+02
   0.331215071204062E-01
   0.314567963178371E+02
   0.334721054602724E-01
   0.315384546963516E+02
   0.336054200965975E-01
   0.315607177678463E+02
   0.335468679800004E-01
   0.315059502815341E+02
   0.330691857642312E-01
   0.314045631597080E+02
   0.325574693529166E-01
   0.312958913535142E+02
   0.325567988100920E-01
   0.312182384825920E+02
   0.329243553942074E-01
   0.311220811087724E+02
   0.331433007604257E-01
   0.310203374772702E+02
   0.334570255114885E-01
   0.309053774952283E+02
   0.337572170929298E-01
   0.307522363850510E+02
   0.337702569299374E-01
   0.305759384901261E+02
   0.336716467313405E-01
   0.293856389104242E+02
   0.308134997156245E-01
   0.292111110962702E+02
   0.306859574583783E-01
   0.290439803680415E+02
   0.307075943366927E-01
   0.288881710706546E+02
   0.308981322833415E-01
   0.287303174188803E+02
   0.310895941868224E-01
   0.285433847832799E+02
   0.311118542310044E-01
   0.283014487821722E+02
   0.307787042799493E-01
   0.280002960886605E+02
   0.300743943748669E-01
   0.276585504639394E+02
   0.291483363023442E-01
   0.273080981789784E+02
   0.281688933287068E-01
   0.269887144254839E+02
   0.273391165542289E-01
   0.267335568974822E+02
   0.267005570212545E-01
   0.265717000774449E+02
   0.261925695225488E-01
   0.265388097103969E+02
   0.257584587165768E-01
   0.266954442620816E+02
   0.256610903365597E-01
   0.270551833419946E+02
   0.264213313784046E-01
   0.273973171425843E+02
   0.265341128190635E-01
   0.276162919898439E+02
   0.262146021736724E-01
   0.277625053097571E+02
   0.258269890425290E-01
   0.280786010280675E+02
   0.266295843119626E-01
   0.286237807220824E+02
   0.279348118331846E-01
   0.293171532863563E+02
   0.278966895871299E-01
   0.299678557075326E+02
   0.301206877416592E-01
   0.302716956411753E+02
   0.307331160258192E-01
   0.304156813928742E+02
   0.310373784228496E-01
   0.304831231707983E+02
   0.313530249762307E-01
   0.304922837542842E+02
   0.314507552493256E-01
   0.304270157344141E+02
   0.311507549510131E-01
   0.303135562259928E+02
   0.306758718555252E-01
   0.301998841003029E+02
   0.305075142173137E-01
   0.301131955696877E+02
   0.306470072277052E-01
   0.300189344758978E+02
   0.307313151039086E-01
   0.299277107069165E+02
   0.309021426838751E-01
   0.298279956152978E+02
   0.310369214103308E-01
   0.297018462575562E+02
   0.310511576688273E-01
   0.295542903573293E+02
   0.309771932900006E-01
   0.282087241618231E+02
   0.282668372435957E-01
   0.280478874438794E+02
   0.280696549341026E-01
   0.278906275206121E+02
   0.279667250097188E-01
   0.277464295726709E+02
   0.280474253191850E-01
   0.276061784971139E+02
   0.282203549394307E-01
   0.274463911665806E+02
   0.283734740560608E-01
   0.272439489013996E+02
   0.284126339488725E-01
   0.269878987565102E+02
   0.281849300145003E-01
   0.266844223178375E+02
   0.276439354904419E-01
   0.263555563763720E+02
   0.268544789556809E-01
   0.260389955542765E+02
   0.260239723655623E-01
   0.257699131813293E+02
   0.252944550867885E-01
   0.255853725783205E+02
   0.247165093188406E-01
   0.255304591238552E+02
   0.243218831266209E-01
   0.256537240222545E+02
   0.242345236733319E-01
   0.259403096297920E+02
   0.245905379179288E-01
   0.261989168227907E+02
   0.246020817415579E-01
   0.263339024900277E+02
   0.243295816352621E-01
   0.263874815602819E+02
   0.235622870929289E-01
   0.266728452270631E+02
   0.240286282839549E-01
   0.272865005586203E+02
   0.251435231938128E-01
   0.281315241036112E+02
   0.270600303291613E-01
   0.288358654503095E+02
   0.283528784138108E-01
   0.291384558310767E+02
   0.284304074943162E-01
   0.292536266153627E+02
   0.286188351961337E-01
   0.292959220894122E+02
   0.288765068449521E-01
   0.292905971588681E+02
   0.290586927575152E-01
   0.292214612419190E+02
   0.289733804724851E-01
   0.291052217399555E+02
   0.286555575346717E-01
   0.289847200407486E+02
   0.284373008514663E-01
   0.288821585752682E+02
   0.284001040420016E-01
   0.287785678283612E+02
   0.283527397681004E-01
   0.286847156675981E+02
   0.284025622942267E-01
   0.285894964629866E+02
   0.284369208681951E-01
   0.284812459341702E+02
   0.284503333123450E-01
   0.283564285388958E+02
   0.284097023567203E-01
   0.268721547341684E+02
   0.258747550878974E-01
   0.267236990603388E+02
   0.256827191227364E-01
   0.265714916067008E+02
   0.255027774155682E-01
   0.264275633733905E+02
   0.254256178899451E-01
   0.262900039436012E+02
   0.254483068130902E-01
   0.261414353217631E+02
   0.255065359767516E-01
   0.259635819432750E+02
   0.255730187160391E-01
   0.257448849586918E+02
   0.255485803154199E-01
   0.254824115616134E+02
   0.253238610224090E-01
   0.251880312913792E+02
   0.248599610144059E-01
   0.248919944042076E+02
   0.242536828287393E-01
   0.246249666227376E+02
   0.235562826826509E-01
   0.244301328033597E+02
   0.229360153957846E-01
   0.243640376420531E+02
   0.225816094168307E-01
   0.244685970771157E+02
   0.225749185767953E-01
   0.247050587554507E+02
   0.227709161111361E-01
   0.249042152009936E+02
   0.227323146238682E-01
   0.249613963126424E+02
   0.224068998431904E-01
   0.249034654350479E+02
   0.212945042379737E-01
   0.251322906683757E+02
   0.213364032017563E-01
   0.258134371298339E+02
   0.226394698855708E-01
   0.268291173233570E+02
   0.251520350023053E-01
   0.276143702459288E+02
   0.268867855728425E-01
   0.279138918220235E+02
   0.266203309230451E-01
   0.279895220052152E+02
   0.264860847941561E-01
   0.279954667620365E+02
   0.265175899882146E-01
   0.279682503701801E+02
   0.266334308289390E-01
   0.278921026967484E+02
   0.266349318784474E-01
   0.277753277522410E+02
   0.264889659799137E-01
   0.276485658384757E+02
   0.263343147963863E-01
   0.275281744265962E+02
   0.261948624687765E-01
   0.274091239283126E+02
   0.260434009609956E-01
   0.273046099283931E+02
   0.259859565494898E-01
   0.272068721371085E+02
   0.259512637908709E-01
   0.271087630255026E+02
   0.259627391988102E-01
   0.270016085479759E+02
   0.259728464040158E-01
   0.253831408217690E+02
   0.234689944926864E-01
   0.252471553917480E+02
   0.233158665493657E-01
   0.250998031730830E+02
   0.231198743918230E-01
   0.249523199094742E+02
   0.229473160373981E-01
   0.248098284510531E+02
   0.228617812147553E-01
   0.246618875644065E+02
   0.228204959370208E-01
   0.244943624602824E+02
   0.227821404506874E-01
   0.242994341486571E+02
   0.227694562601026E-01
   0.240697897170648E+02
   0.226585890067256E-01
   0.238098981847654E+02
   0.223981523952600E-01
   0.235420006442914E+02
   0.220152868363056E-01
   0.232896012684423E+02
   0.214559621964582E-01
   0.230953299220711E+02
   0.208498907498711E-01
   0.230260934961978E+02
   0.205714536079286E-01
   0.231253190353306E+02
   0.207569993274051E-01
   0.233406528602866E+02
   0.210969003318478E-01
   0.235100583578523E+02
   0.211834608554717E-01
   0.234988418414058E+02
   0.207645209193710E-01
   0.233006491133014E+02
   0.190354009294297E-01
   0.234507215882665E+02
   0.183559343750780E-01
   0.241911384101589E+02
   0.201602927563681E-01
   0.253975851005923E+02
   0.241825903613308E-01
   0.262825708365667E+02
   0.263981194231104E-01
   0.265878963503798E+02
   0.257101114405033E-01
   0.266209012837891E+02
   0.249604128964184E-01
   0.265863840455831E+02
   0.245867398006468E-01
   0.265315970417954E+02
   0.244766669406114E-01
   0.264412853592822E+02
   0.243762239522536E-01
   0.263195692891945E+02
   0.242392601249500E-01
   0.261846166482550E+02
   0.241270882443405E-01
   0.260468630226143E+02
   0.239495850454065E-01
   0.259103644280047E+02
   0.237294548429244E-01
   0.257916214050900E+02
   0.235930671704000E-01
   0.256868662626145E+02
   0.235134149261888E-01
   0.255921505131129E+02
   0.235018260730725E-01
   0.254969758080011E+02
   0.235240579543610E-01
   0.237350319139964E+02
   0.214728919030486E-01
   0.236115095941249E+02
   0.213277297527712E-01
   0.234713545657683E+02
   0.211299895234972E-01
   0.233224488730912E+02
   0.209216014868504E-01
   0.231735352071341E+02
   0.207577992996458E-01
   0.230214757430327E+02
   0.206360426796912E-01
   0.228562111956835E+02
   0.205047003328929E-01
   0.226727566386231E+02
   0.204064009796645E-01
   0.224646356331613E+02
   0.202929676703467E-01
   0.222311003801068E+02
   0.201221736847826E-01
   0.219882171739846E+02
   0.199639816411456E-01
   0.217541348468468E+02
   0.197377480583712E-01
   0.215659076175113E+02
   0.193975675597924E-01
   0.214937374310100E+02
   0.192189805076951E-01
   0.215930684991996E+02
   0.194631408572440E-01
   0.218159451473270E+02
   0.200008236069733E-01
   0.219939335511154E+02
   0.203007205940001E-01
   0.219434767412888E+02
   0.199190666092653E-01
   0.215740399392856E+02
   0.157661596016282E-01
   0.216449251645411E+02
   0.150365533649210E-01
   0.224037437549631E+02
   0.171645235805999E-01
   0.237534404440294E+02
   0.230800898678229E-01
   0.247438432782370E+02
   0.261138630841491E-01
   0.250972199120981E+02
   0.258531370963968E-01
   0.251138219562824E+02
   0.247840230663937E-01
   0.250456126945486E+02
   0.240518544428076E-01
   0.249621271096149E+02
   0.236322758658175E-01
   0.248488742426507E+02
   0.232584000698744E-01
   0.247155989883234E+02
   0.229259066510553E-01
   0.245693132150579E+02
   0.226285341155068E-01
   0.244170010402129E+02
   0.223236984578031E-01
   0.242661249156630E+02
   0.219988199647327E-01
   0.241347974586233E+02
   0.217770342878856E-01
   0.240213298723193E+02
   0.216278468867410E-01
   0.239251358197541E+02
   0.215591097757231E-01
   0.238365160849856E+02
   0.215384919115517E-01
   0.219068402343634E+02
   0.200263452288570E-01
   0.217927678234410E+02
   0.199118399267132E-01
   0.216599585812183E+02
   0.197568471587353E-01
   0.215115848131232E+02
   0.195327409786615E-01
   0.213584167203529E+02
   0.193244216706844E-01
   0.212024454087054E+02
   0.191524558855517E-01
   0.210381624421482E+02
   0.189935704216872E-01
   0.208613399312753E+02
   0.188525561924336E-01
   0.206679379110968E+02
   0.187499034109915E-01
   0.204550068219890E+02
   0.186181858259267E-01
   0.202335168277605E+02
   0.184781200823777E-01
   0.200194572603159E+02
   0.183119971226194E-01
   0.198441282162885E+02
   0.180567322138063E-01
   0.197720166861385E+02
   0.178806033629093E-01
   0.198676467875379E+02
   0.180493552955429E-01
   0.201091446531050E+02
   0.187206031365696E-01
   0.203273347273187E+02
   0.194246856459188E-01
   0.202877269676301E+02
   0.192949175617758E-01
   0.197704336607468E+02
   0.146084618555221E-01
   0.197501973099357E+02
   0.135445008678502E-01
   0.204381039421897E+02
   0.149085847768779E-01
   0.218329301963674E+02
   0.217095841618108E-01
   0.228390153156974E+02
   0.245218767630638E-01
   0.232675379403643E+02
   0.249704489733402E-01
   0.233404573398395E+02
   0.243012286438787E-01
   0.232939817944199E+02
   0.236850099042310E-01
   0.232110742406834E+02
   0.231580168843154E-01
   0.230886534244931E+02
   0.225536938363775E-01
   0.229471215127134E+02
   0.220419003886469E-01
   0.227879618474465E+02
   0.215608453956012E-01
   0.226209390306111E+02
   0.211295566372140E-01
   0.224572432680543E+02
   0.207285361683300E-01
   0.223157482291638E+02
   0.204668595366209E-01
   0.221924129980041E+02
   0.202633388147192E-01
   0.220895107262815E+02
   0.201296735802849E-01
   0.220013059732496E+02
   0.200779393033033E-01
   0.199012936694939E+02
   0.188142507025540E-01
   0.197925496587784E+02
   0.186800686135434E-01
   0.196660298795717E+02
   0.185204506622744E-01
   0.195222031632128E+02
   0.183134695392205E-01
   0.193692615842334E+02
   0.181062123827028E-01
   0.192122728782494E+02
   0.179283510776182E-01
   0.190514056379719E+02
   0.177755840801701E-01
   0.188828087519404E+02
   0.176348437781720E-01
   0.187031941630317E+02
   0.175068587068549E-01
   0.185117610607746E+02
   0.173836294411103E-01
   0.183158839539520E+02
   0.172685333418009E-01
   0.181282640162084E+02
   0.171393703843545E-01
   0.179748235121518E+02
   0.169709375751622E-01
   0.179081182717877E+02
   0.168558406927025E-01
   0.179906170922738E+02
   0.169591875692926E-01
   0.182316468457616E+02
   0.175405646555710E-01
   0.184846372616947E+02
   0.184988338791286E-01
   0.185108374039373E+02
   0.191129470347561E-01
   0.179279560625563E+02
   0.141680710074423E-01
   0.178337615950721E+02
   0.132232156354757E-01
   0.183636294882402E+02
   0.141517247611176E-01
   0.195415007091692E+02
   0.186908070877644E-01
   0.204311020225590E+02
   0.207639779310166E-01
   0.209127560022663E+02
   0.217947813441169E-01
   0.210952496947180E+02
   0.218980717048382E-01
   0.211414896972074E+02
   0.218782582421205E-01
   0.211291332098650E+02
   0.218039495361389E-01
   0.210552423641543E+02
   0.214434364825681E-01
   0.209464385481293E+02
   0.210751475273141E-01
   0.208024461383330E+02
   0.206246194577124E-01
   0.206380198983218E+02
   0.201609293391177E-01
   0.204731342616044E+02
   0.197563391512051E-01
   0.203236229861938E+02
   0.194391047247148E-01
   0.201928583711837E+02
   0.191864526353733E-01
   0.200842155092673E+02
   0.190068869743271E-01
   0.199941274099755E+02
   0.189084316073410E-01
   0.176768635808630E+02
   0.175299456950579E-01
   0.175776897325365E+02
   0.174096866248835E-01
   0.174625403243247E+02
   0.172770783432951E-01
   0.173295895969168E+02
   0.171062359851113E-01
   0.171818857196249E+02
   0.169073862616617E-01
   0.170257905879341E+02
   0.167135152653541E-01
   0.168727621739556E+02
   0.165802321398892E-01
   0.167176581513033E+02
   0.164776039998235E-01
   0.165569769707010E+02
   0.163720190273182E-01
   0.163917392138085E+02
   0.162888630847252E-01
   0.162270533320134E+02
   0.162193432824416E-01
   0.160727191691101E+02
   0.161484007456958E-01
   0.159485399648046E+02
   0.160621934182248E-01
   0.158922750145710E+02
   0.159939829844129E-01
   0.159515702620450E+02
   0.160472266655225E-01
   0.161510275302547E+02
   0.164260336822712E-01
   0.163918461366608E+02
   0.172153932352271E-01
   0.164847080364390E+02
   0.183012892585045E-01
   0.160720441237082E+02
   0.155461109831075E-01
   0.159319451771136E+02
   0.149754169964571E-01
   0.161921841121960E+02
   0.144997749070151E-01
   0.168839248805984E+02
   0.154299910004577E-01
   0.175200814481619E+02
   0.161159310379087E-01
   0.179843016882555E+02
   0.170217975788800E-01
   0.182634473382489E+02
   0.176646401954685E-01
   0.184235244510739E+02
   0.181722204979379E-01
   0.185237187352994E+02
   0.186574063875421E-01
   0.185560071567256E+02
   0.189055895492368E-01
   0.185306020658113E+02
   0.189862347338288E-01
   0.184498536721239E+02
   0.188691780199794E-01
   0.183295709948490E+02
   0.186101150124741E-01
   0.181959389520188E+02
   0.183416688192263E-01
   0.180652036622977E+02
   0.180871912398720E-01
   0.179470386708678E+02
   0.178753994868783E-01
   0.178484166295680E+02
   0.177321701083230E-01
   0.177633252694352E+02
   0.176289045316984E-01
   0.150667573449749E+02
   0.155993173643903E-01
   0.149894535768293E+02
   0.155650252323089E-01
   0.148968890836515E+02
   0.155053350472619E-01
   0.147867443679066E+02
   0.154134672287027E-01
   0.146594453884529E+02
   0.152838252948869E-01
   0.145220551020219E+02
   0.151441378257516E-01
   0.143879573178365E+02
   0.150553186336897E-01
   0.142541386541265E+02
   0.149961644810272E-01
   0.141201339910861E+02
   0.149491815170653E-01
   0.139858979724590E+02
   0.149120844145170E-01
   0.138543307241803E+02
   0.148738016330939E-01
   0.137337210037151E+02
   0.148228302743041E-01
   0.136401017071331E+02
   0.147717312304315E-01
   0.135967785904366E+02
   0.147329198652155E-01
   0.136283659799305E+02
   0.147324677758318E-01
   0.137500681555601E+02
   0.149019386078643E-01
   0.139126165707830E+02
   0.153189852810321E-01
   0.139704244223213E+02
   0.158253887055878E-01
   0.137489470421742E+02
   0.148083166292554E-01
   0.135976536037065E+02
   0.140284562972758E-01
   0.136563679903667E+02
   0.133033162558927E-01
   0.139639515100287E+02
   0.131176102801184E-01
   0.143447939560011E+02
   0.132081382354510E-01
   0.147051623018471E+02
   0.136515192252693E-01
   0.149868196597257E+02
   0.141138236734008E-01
   0.151989404828054E+02
   0.145520136460828E-01
   0.153685235540761E+02
   0.150474160958847E-01
   0.154904420125664E+02
   0.154994670179846E-01
   0.155510489093234E+02
   0.158051873815581E-01
   0.155522230185591E+02
   0.159378044052397E-01
   0.155046731451605E+02
   0.159240782447769E-01
   0.154293672852924E+02
   0.158409694597373E-01
   0.153444151067618E+02
   0.157427780336191E-01
   0.152609374290744E+02
   0.156512035093223E-01
   0.151924018585744E+02
   0.156214486327847E-01
   0.151314286445798E+02
   0.156110335515847E-01
   0.118444380040153E+02
   0.127885511817782E-01
   0.117930559887470E+02
   0.128043025711461E-01
   0.117299484079467E+02
   0.128049713093213E-01
   0.116521557929240E+02
   0.127876471396745E-01
   0.115593482232853E+02
   0.127420503581142E-01
   0.114559843838043E+02
   0.126771983189320E-01
   0.113472376803674E+02
   0.126107544571804E-01
   0.112336282221702E+02
   0.125411008349307E-01
   0.111246985606951E+02
   0.125032675845062E-01
   0.110181820034688E+02
   0.124692528539350E-01
   0.109159393576292E+02
   0.124234678053174E-01
   0.108254646359089E+02
   0.123647826439646E-01
   0.107575371415690E+02
   0.123094777516752E-01
   0.107246733100616E+02
   0.122671305064927E-01
   0.107363785433218E+02
   0.122549478589444E-01
   0.107945391220091E+02
   0.123365712275641E-01
   0.108771951055319E+02
   0.125985613216237E-01
   0.109048382259897E+02
   0.128687065028655E-01
   0.107936987873055E+02
   0.124496208676691E-01
   0.106697320753822E+02
   0.119017509697217E-01
   0.106241664692362E+02
   0.113821782687600E-01
   0.107109260653493E+02
   0.110525671545529E-01
   0.108897086588182E+02
   0.109322697107652E-01
   0.111057307315781E+02
   0.109888560072374E-01
   0.113145551089410E+02
   0.111169243300847E-01
   0.115033455452540E+02
   0.112838741985452E-01
   0.116754804506231E+02
   0.115403622222935E-01
   0.118238340983630E+02
   0.118668822868107E-01
   0.119334549179428E+02
   0.121815864138988E-01
   0.119962130998358E+02
   0.124036501377794E-01
   0.120173572347045E+02
   0.125338435831672E-01
   0.120048945481632E+02
   0.125841991895812E-01
   0.119755746098543E+02
   0.126016835175270E-01
   0.119419602408446E+02
   0.126271787779958E-01
   0.119116948260942E+02
   0.126757519660619E-01
   0.118818925263295E+02
   0.127384933081638E-01
   0.772880060830994E+01
   0.922319855470969E-02
   0.770314133461218E+01
   0.926410233607495E-02
   0.766477823118508E+01
   0.927341103056132E-02
   0.761354884440668E+01
   0.925462125214839E-02
   0.755109349781827E+01
   0.921442790993573E-02
   0.748025219961899E+01
   0.915578890885346E-02
   0.740365494490715E+01
   0.909243511878479E-02
   0.732061148398065E+01
   0.902754504790114E-02
   0.723596971207741E+01
   0.897020814359234E-02
   0.715104543429272E+01
   0.891221635414261E-02
   0.707134520532073E+01
   0.884468542115081E-02
   0.700863218077545E+01
   0.879674591093193E-02
   0.696268565292901E+01
   0.876592647486721E-02
   0.693715078474700E+01
   0.875914632050995E-02
   0.693323567733014E+01
   0.878385523743276E-02
   0.694862068665661E+01
   0.886558963681778E-02
   0.697534464255430E+01
   0.903252714454147E-02
   0.698407756960286E+01
   0.921634331913994E-02
   0.695062555697717E+01
   0.925073822228972E-02
   0.689618999548057E+01
   0.911714259563122E-02
   0.685605600157681E+01
   0.887430532425349E-02
   0.685885760938783E+01
   0.860426205808790E-02
   0.690893993927980E+01
   0.837704046009418E-02
   0.699680147186232E+01
   0.822817833767451E-02
   0.710879988821185E+01
   0.817345273747437E-02
   0.723480804891161E+01
   0.821992089774046E-02
   0.736621373756553E+01
   0.835208271309305E-02
   0.749173368384707E+01
   0.853806685639211E-02
   0.759906752187207E+01
   0.873713503674798E-02
   0.767873283372272E+01
   0.890145994465763E-02
   0.772794213421941E+01
   0.900092424438044E-02
   0.775114703693540E+01
   0.904367240685065E-02
   0.775767526853294E+01
   0.906100650094824E-02
   0.775625344623954E+01
   0.908324422081967E-02
   0.775160209851206E+01
   0.911803075699995E-02
   0.774360823200025E+01
   0.916640508529824E-02
   0.257889443449868E+01
   0.645977506560813E-02
   0.256820027099005E+01
   0.646320498804058E-02
   0.255142840210095E+01
   0.646289213853300E-02
   0.253253691128668E+01
   0.646502561435379E-02
   0.251192142127504E+01
   0.646933853848476E-02
   0.248932299323902E+01
   0.647434463775286E-02
   0.246368449381358E+01
   0.647739284662632E-02
   0.243559362906629E+01
   0.647885274635067E-02
   0.240562946589094E+01
   0.647868767336456E-02
   0.237447617469224E+01
   0.647633862929604E-02
   0.234312719383940E+01
   0.647145852691867E-02
   0.231275874259788E+01
   0.646467925886396E-02
   0.228401588543801E+01
   0.645620389371462E-02
   0.225718235717370E+01
   0.644640893387028E-02
   0.223217907527502E+01
   0.643617925920596E-02
   0.220846073231768E+01
   0.642680414961946E-02
   0.218463946872539E+01
   0.641774630550040E-02
   0.215870346593338E+01
   0.640389742145392E-02
   0.213033952664670E+01
   0.637820228387143E-02
   0.210296008771850E+01
   0.633957746495547E-02
   0.208590224238617E+01
   0.629931206608983E-02
   0.208480912178232E+01
   0.626524061843653E-02
   0.210245136950138E+01
   0.624397859930924E-02
   0.213721327488342E+01
   0.623703688676383E-02
   0.218559323803287E+01
   0.624403026865212E-02
   0.224299132376755E+01
   0.626281523921705E-02
   0.230426502463310E+01
   0.628950694778527E-02
   0.236441867710219E+01
   0.631947909112370E-02
   0.241930127907615E+01
   0.634836292749537E-02
   0.246607895644206E+01
   0.637267777773802E-02
   0.250364690812149E+01
   0.639107981898072E-02
   0.253252449880318E+01
   0.640489178165929E-02
   0.255402986727603E+01
   0.641670742055569E-02
   0.256940870705991E+01
   0.642865017861897E-02
   0.257917108585860E+01
   0.644107432727759E-02
   0.258280114805099E+01
   0.645249745519412E-02
