   0.197494621452181E+01
   0.416174870592875E-02
   0.876818869354788E+00
   0.397451780226461E-02
   0.160174169116933E+00
   0.383236281597648E-02
  -0.251532420154196E+00
   0.372936744500336E-02
  -0.337540068202331E+00
   0.366554650831102E-02
   0.329364491702286E-01
   0.364557528351172E-02
  -0.453223572960827E+00
   0.368909604557266E-02
  -0.420152646187350E+00
   0.378307343775513E-02
   0.107732439859971E+00
   0.392849641400719E-02
   0.113080145930990E+01
   0.412684744617345E-02
   0.265742159280421E+01
   0.437828265315315E-02
   0.491442367493641E+01
   0.467511877622671E-02
   0.816184188937829E+01
   0.500604579314224E-02
   0.110127500050616E+02
   0.535240595849993E-02
   0.135820762341056E+02
   0.569522510658210E-02
   0.158941908740170E+02
   0.601915904883442E-02
   0.178571849422176E+02
   0.631334942575496E-02
   0.194492892224806E+02
   0.657088793101947E-02
   0.206870670091813E+02
   0.678788098615194E-02
   0.216055518128665E+02
   0.696444123386767E-02
   0.222449448062995E+02
   0.710446070868441E-02
   0.226401960510278E+02
   0.721048680013788E-02
   0.228123324140071E+02
   0.728216433425567E-02
   0.227623499801561E+02
   0.731603763018187E-02
   0.224713649964558E+02
   0.730577372066375E-02
   0.219059930548086E+02
   0.724536168733083E-02
   0.210214467020805E+02
   0.713192128164359E-02
   0.197608833426767E+02
   0.696359719176427E-02
   0.180526056929556E+02
   0.673920234344583E-02
   0.158076289303280E+02
   0.646029887022312E-02
   0.129203396134974E+02
   0.613363849372972E-02
   0.927203621595488E+01
   0.577231094464169E-02
   0.644195950791929E+01
   0.539580379461316E-02
   0.436817834393882E+01
   0.502792202485389E-02
   0.296482342087183E+01
   0.469119196088810E-02
   0.217445647316032E+01
   0.440077971545607E-02
   0.493884120900298E+01
   0.523382803643299E-02
   0.552643653856307E+01
   0.504305874575054E-02
   0.531621439395149E+01
   0.487251531691158E-02
   0.449774821529629E+01
   0.469702038974316E-02
   0.291960663505219E+01
   0.456320348192999E-02
   0.219412118919123E+01
   0.450028911434168E-02
   0.195846856823886E+01
   0.450310448384866E-02
   0.218392532368534E+01
   0.457801717234647E-02
   0.292268611120293E+01
   0.471321980725326E-02
   0.435156344611823E+01
   0.489181508180226E-02
   0.461070546943133E+01
   0.514222491349479E-02
   0.548301486187206E+01
   0.544043761397934E-02
   0.705072932589467E+01
   0.589035225133029E-02
   0.921973053754495E+01
   0.641043714734306E-02
   0.121158883667647E+02
   0.691322301505974E-02
   0.160686256621574E+02
   0.737774063717879E-02
   0.187746189681287E+02
   0.779493509904283E-02
   0.205742892230836E+02
   0.814924781492274E-02
   0.217169778514956E+02
   0.840242149210261E-02
   0.223986969832343E+02
   0.854729484903241E-02
   0.227884107961185E+02
   0.867122282416143E-02
   0.230295401903792E+02
   0.880292675283437E-02
   0.232195317023500E+02
   0.894568462856327E-02
   0.233586425847567E+02
   0.909188440985774E-02
   0.233621166316827E+02
   0.917892506877759E-02
   0.231542759711298E+02
   0.915365910981179E-02
   0.226891301441192E+02
   0.905558910220561E-02
   0.219316285693011E+02
   0.889799900193120E-02
   0.208248970486539E+02
   0.866103625241744E-02
   0.192548853843824E+02
   0.832148271355890E-02
   0.170543997017958E+02
   0.787379167665025E-02
   0.140522730962654E+02
   0.734455282963882E-02
   0.101127896827579E+02
   0.675742780742193E-02
   0.756581473850776E+01
   0.620356301081911E-02
   0.599554627282275E+01
   0.576602321564217E-02
   0.514593001298861E+01
   0.546237168110550E-02
   0.742681428130601E+01
   0.690041981705702E-02
   0.705690317260924E+01
   0.671336690966222E-02
   0.657256312233891E+01
   0.651133031763230E-02
   0.591408764174427E+01
   0.615869732516120E-02
   0.519360488404976E+01
   0.582704182245820E-02
   0.476992238947877E+01
   0.575099313846684E-02
   0.464213454907691E+01
   0.581158980310269E-02
   0.482369287855727E+01
   0.597315862304749E-02
   0.531784882661798E+01
   0.618585937299703E-02
   0.618904922439619E+01
   0.644414387533559E-02
   0.757297920055026E+01
   0.665348151654268E-02
   0.793226065117497E+01
   0.646112971079997E-02
   0.950320793485096E+01
   0.701939407814263E-02
   0.116465248809638E+02
   0.767668059014162E-02
   0.143698143205923E+02
   0.814656112694794E-02
   0.180814716711043E+02
   0.861656573836492E-02
   0.203975419542624E+02
   0.912155565311804E-02
   0.217777862667999E+02
   0.965041818268835E-02
   0.224796471333467E+02
   0.995476274555179E-02
   0.227052489182885E+02
   0.982481916037898E-02
   0.226716361990519E+02
   0.986157563559259E-02
   0.226233559155883E+02
   0.100052184816601E-01
   0.228252537395827E+02
   0.102155264733049E-01
   0.232466726643471E+02
   0.106145531932411E-01
   0.235351866781152E+02
   0.109098629423313E-01
   0.235447911415208E+02
   0.107709065790367E-01
   0.232695742389782E+02
   0.106249955103474E-01
   0.227625409020403E+02
   0.105131776004754E-01
   0.220607248445060E+02
   0.103152420455681E-01
   0.210245329914601E+02
   0.994090915714129E-02
   0.193267654583342E+02
   0.936670482175220E-02
   0.166626408595613E+02
   0.879005083770891E-02
   0.127304634139517E+02
   0.806119627145320E-02
   0.102959240558829E+02
   0.747837195300008E-02
   0.885712633807858E+01
   0.719277953602095E-02
   0.798609258447972E+01
   0.709279378772903E-02
   0.102159640332339E+02
   0.900539159091963E-02
   0.966277221193097E+01
   0.868126541689782E-02
   0.909672241255729E+01
   0.834320128034064E-02
   0.850562689989684E+01
   0.800399136844831E-02
   0.793367398867865E+01
   0.762215155671852E-02
   0.755687300401682E+01
   0.744635421048069E-02
   0.740913887146308E+01
   0.748392438623518E-02
   0.747248593721003E+01
   0.760153544839134E-02
   0.773427319579755E+01
   0.770977689505260E-02
   0.821345198084412E+01
   0.770727545992341E-02
   0.896449673026874E+01
   0.775253487941394E-02
   0.100844618795278E+02
   0.751368785977643E-02
   0.128826162267031E+02
   0.831288360618002E-02
   0.153281747176471E+02
   0.868888709593274E-02
   0.177261161283374E+02
   0.894724824775678E-02
   0.200891967193604E+02
   0.932522208242556E-02
   0.217587563982042E+02
   0.979646815636226E-02
   0.226600354886119E+02
   0.102538656792368E-01
   0.229143831664387E+02
   0.105133722378178E-01
   0.226647318083119E+02
   0.105649818647962E-01
   0.221159990306825E+02
   0.106868306993130E-01
   0.215933891823096E+02
   0.107648481502477E-01
   0.218403599027610E+02
   0.109510232452812E-01
   0.228292442460826E+02
   0.117762773994003E-01
   0.234417718951884E+02
   0.120327749241302E-01
   0.235818763644809E+02
   0.117707995069692E-01
   0.233350528291942E+02
   0.118925974851986E-01
   0.228932636916356E+02
   0.116145393367540E-01
   0.225408392235581E+02
   0.113742579735842E-01
   0.221318332748073E+02
   0.111025843996788E-01
   0.209971204031460E+02
   0.106706742857453E-01
   0.187525234044446E+02
   0.101565959368910E-01
   0.151037186621627E+02
   0.962159319653212E-02
   0.129178690838083E+02
   0.930664444520313E-02
   0.116532576582105E+02
   0.923106535144322E-02
   0.108365180276132E+02
   0.915404953577996E-02
   0.127362037673800E+02
   0.111766636603471E-01
   0.121404982791195E+02
   0.106837677856963E-01
   0.115601471281190E+02
   0.101618066511750E-01
   0.110170308337269E+02
   0.974940386091755E-02
   0.105290259822590E+02
   0.938396668971916E-02
   0.101692740849809E+02
   0.914442023717313E-02
   0.996654755781493E+01
   0.905703973194259E-02
   0.991395114247719E+01
   0.904354522246795E-02
   0.100044808892101E+02
   0.901293434193325E-02
   0.102663316763100E+02
   0.892175618963349E-02
   0.107742985066205E+02
   0.868929436036854E-02
   0.118293731088271E+02
   0.853216315963567E-02
   0.145179797815210E+02
   0.924625005938153E-02
   0.170933944702721E+02
   0.941372315030585E-02
   0.193433606563576E+02
   0.955111842649263E-02
   0.213358339108966E+02
   0.992475155060981E-02
   0.226759326760071E+02
   0.104761910048156E-01
   0.231996914481730E+02
   0.109845392231075E-01
   0.230677027508451E+02
   0.111673648779830E-01
   0.223571832363862E+02
   0.111157556627654E-01
   0.212270108164126E+02
   0.113651643763322E-01
   0.198694651134462E+02
   0.112119840610597E-01
   0.201726539594379E+02
   0.116361015498027E-01
   0.222997294844872E+02
   0.127323472241178E-01
   0.232034216831265E+02
   0.124903504943788E-01
   0.233818279944216E+02
   0.126142455463760E-01
   0.230081094069590E+02
   0.127936950286804E-01
   0.224085549041590E+02
   0.124538485542429E-01
   0.223755003553661E+02
   0.120199576782804E-01
   0.228233140465112E+02
   0.118825467581086E-01
   0.222900636517882E+02
   0.115170468181078E-01
   0.204566183716808E+02
   0.111906730978875E-01
   0.170903729467160E+02
   0.110587259305021E-01
   0.151683144658771E+02
   0.109784231277559E-01
   0.140829167755525E+02
   0.112901652980043E-01
   0.133544579017422E+02
   0.114304588307725E-01
   0.148779236287564E+02
   0.129858380708525E-01
   0.142816766467746E+02
   0.122887986857086E-01
   0.137251235809569E+02
   0.116500302518771E-01
   0.132351684370255E+02
   0.112054672929927E-01
   0.128127670456880E+02
   0.108830305963629E-01
   0.124782560721983E+02
   0.106333558737555E-01
   0.122447025498887E+02
   0.104508293548432E-01
   0.121135394063399E+02
   0.103150088780506E-01
   0.120905706865792E+02
   0.101804980842874E-01
   0.122133488517961E+02
   0.100797946456133E-01
   0.125491750438607E+02
   0.994799186167624E-02
   0.133089355068127E+02
   0.965164119009095E-02
   0.150727263466255E+02
   0.976806131125000E-02
   0.179573044065566E+02
   0.101227511793641E-01
   0.201219746481187E+02
   0.101806850848774E-01
   0.220680005486743E+02
   0.106364171702456E-01
   0.232665594372713E+02
   0.113198695367508E-01
   0.234456246272089E+02
   0.118661925557492E-01
   0.229908168669678E+02
   0.117883842408869E-01
   0.218559819207802E+02
   0.119056289923931E-01
   0.201801850402767E+02
   0.120375385220775E-01
   0.193413988820779E+02
   0.120379764478130E-01
   0.197320915267896E+02
   0.123060134810665E-01
   0.219690068887633E+02
   0.131120178084119E-01
   0.228860297864674E+02
   0.130378771661423E-01
   0.230157401394299E+02
   0.133833468103546E-01
   0.223858378957087E+02
   0.133876485985508E-01
   0.212993198326836E+02
   0.129334625557253E-01
   0.215439579071240E+02
   0.123778690150454E-01
   0.232964888665678E+02
   0.123282880215007E-01
   0.233397072116916E+02
   0.121509432041864E-01
   0.218713961451998E+02
   0.120426867657303E-01
   0.187560291318434E+02
   0.124733986563001E-01
   0.170830806553586E+02
   0.127929774598176E-01
   0.161556928441438E+02
   0.134270621390170E-01
   0.154882754156078E+02
   0.134521723655490E-01
   0.166473714469676E+02
   0.142358046622932E-01
   0.160791474546246E+02
   0.134323932328707E-01
   0.155727128264533E+02
   0.128054072041620E-01
   0.151438692799977E+02
   0.124135121179732E-01
   0.147797718509860E+02
   0.121506484340612E-01
   0.144766004801422E+02
   0.119226408261611E-01
   0.142352809412319E+02
   0.116963766861270E-01
   0.140602552464146E+02
   0.114854369690221E-01
   0.139669144253231E+02
   0.113183808109920E-01
   0.139953213461426E+02
   0.112678733156316E-01
   0.141943830749544E+02
   0.112396264935985E-01
   0.146941343811052E+02
   0.108956903375220E-01
   0.158752126999690E+02
   0.104003726921894E-01
   0.183352260823722E+02
   0.104945077535156E-01
   0.203083492106502E+02
   0.108092264792826E-01
   0.224268974932018E+02
   0.112113126962084E-01
   0.236216067715114E+02
   0.123300192846952E-01
   0.233978200780563E+02
   0.129694459236042E-01
   0.227005256571099E+02
   0.127254677622835E-01
   0.211647016913848E+02
   0.128204514393878E-01
   0.200707774883304E+02
   0.131502239881521E-01
   0.195586235855188E+02
   0.133071147572835E-01
   0.198691363132060E+02
   0.130865524153394E-01
   0.216555668592433E+02
   0.134492776250332E-01
   0.224250786184127E+02
   0.136227085490844E-01
   0.225052147475478E+02
   0.137499642511515E-01
   0.215597213831307E+02
   0.138035445617292E-01
   0.210344030774322E+02
   0.134157948325943E-01
   0.215413994344482E+02
   0.128947337427189E-01
   0.237726024117039E+02
   0.123671127631807E-01
   0.242017813163885E+02
   0.125086971715062E-01
   0.230372146484028E+02
   0.127767264801590E-01
   0.201551945936975E+02
   0.138579886470595E-01
   0.187060172503766E+02
   0.147843273430957E-01
   0.178768273669687E+02
   0.152850574435786E-01
   0.172431259198947E+02
   0.149471720211985E-01
   0.180971253982809E+02
   0.151340943037081E-01
   0.175828548246030E+02
   0.144740562209157E-01
   0.171398139490449E+02
   0.140243370580119E-01
   0.167707937415611E+02
   0.137686357241601E-01
   0.164559133381219E+02
   0.135416852062268E-01
   0.161845257597210E+02
   0.133089253988066E-01
   0.159499141747773E+02
   0.130396433558141E-01
   0.157551145681318E+02
   0.127678202513570E-01
   0.156174615980917E+02
   0.125516336917738E-01
   0.155737527193102E+02
   0.124991530521808E-01
   0.156599860042437E+02
   0.125070173621195E-01
   0.159510654229381E+02
   0.120866902409235E-01
   0.166935135156794E+02
   0.113580392309006E-01
   0.182569372261122E+02
   0.109402543633852E-01
   0.199360945742910E+02
   0.115865486670717E-01
   0.225074899098443E+02
   0.118974611147065E-01
   0.238349534725029E+02
   0.133929116459841E-01
   0.230236891488575E+02
   0.144172640896283E-01
   0.222164836327530E+02
   0.140240802388950E-01
   0.212225008594347E+02
   0.138795004516760E-01
   0.204727962703314E+02
   0.147336522056412E-01
   0.201090613446720E+02
   0.147718939335419E-01
   0.202710947813611E+02
   0.141285695892524E-01
   0.211755894128854E+02
   0.137610873576063E-01
   0.217487096813261E+02
   0.138996800872700E-01
   0.218761442142068E+02
   0.142810398741114E-01
   0.214832492256654E+02
   0.144827843006077E-01
   0.212943095025462E+02
   0.144618344046976E-01
   0.218797021479420E+02
   0.136734370468117E-01
   0.241849900337846E+02
   0.122978373630150E-01
   0.248801150728617E+02
   0.128454441202044E-01
   0.239748051998287E+02
   0.135096398798116E-01
   0.213390662585649E+02
   0.154642977953191E-01
   0.200432306999214E+02
   0.164246362216123E-01
   0.192540311679930E+02
   0.162559692263653E-01
   0.186542574575108E+02
   0.158163207469813E-01
   0.192860298294053E+02
   0.162648464921406E-01
   0.188363612356407E+02
   0.158908251489874E-01
   0.184513783731005E+02
   0.155992380957879E-01
   0.181318001618411E+02
   0.154241952243022E-01
   0.178601948666810E+02
   0.152529422226677E-01
   0.176224923669254E+02
   0.150786802441836E-01
   0.174058035576772E+02
   0.148711648570620E-01
   0.172071789661353E+02
   0.146505585905602E-01
   0.170392236492668E+02
   0.144430644816420E-01
   0.169283425486668E+02
   0.142297257566755E-01
   0.169104138995473E+02
   0.139420280874912E-01
   0.170500959132295E+02
   0.132782283187967E-01
   0.175192427208927E+02
   0.125206404214976E-01
   0.186359805292599E+02
   0.119474342001196E-01
   0.199617048624339E+02
   0.119406631730935E-01
   0.223929009083605E+02
   0.119957536442567E-01
   0.240302097468199E+02
   0.140314765436815E-01
   0.232144795189679E+02
   0.158664033891233E-01
   0.223811132465764E+02
   0.153291538546391E-01
   0.217153697382925E+02
   0.148576071460803E-01
   0.210565939225086E+02
   0.158837099833844E-01
   0.207448443570648E+02
   0.157938611858495E-01
   0.208171462748295E+02
   0.151430614303625E-01
   0.213191739070811E+02
   0.148857111514421E-01
   0.217977131330480E+02
   0.148268881840966E-01
   0.219661987675906E+02
   0.152839458148911E-01
   0.218257386404119E+02
   0.155011548832830E-01
   0.217786490785344E+02
   0.154889615909306E-01
   0.223032122992965E+02
   0.144004292171226E-01
   0.244506768535404E+02
   0.125022306177109E-01
   0.253719257355172E+02
   0.133885170562139E-01
   0.246953411711569E+02
   0.143456212663134E-01
   0.222958937761770E+02
   0.169941403656423E-01
   0.210931432183120E+02
   0.173433016491826E-01
   0.203353707673821E+02
   0.168307701078911E-01
   0.197843301124928E+02
   0.166400263482808E-01
   0.202585860639511E+02
   0.174893736242874E-01
   0.198672290856315E+02
   0.172483966286210E-01
   0.195304577368724E+02
   0.170320221559986E-01
   0.192514294496860E+02
   0.168896592263937E-01
   0.190176062998113E+02
   0.167862084542194E-01
   0.188116473227719E+02
   0.166938896835245E-01
   0.186144930061772E+02
   0.165695625528965E-01
   0.184140748718429E+02
   0.163887489989031E-01
   0.182181793329027E+02
   0.161788330312854E-01
   0.180494025003486E+02
   0.158782784344169E-01
   0.179470939496217E+02
   0.154558806777703E-01
   0.179772092994708E+02
   0.147635703375702E-01
   0.182835974494832E+02
   0.136243203511981E-01
   0.192271538306945E+02
   0.130682919138055E-01
   0.201750371603266E+02
   0.129601170528865E-01
   0.220041186718323E+02
   0.124358007792394E-01
   0.242165966459547E+02
   0.144596110371643E-01
   0.236920226120009E+02
   0.168335429048575E-01
   0.228098496223865E+02
   0.170472122961862E-01
   0.224517441281494E+02
   0.156517134076849E-01
   0.216436845076976E+02
   0.169965597224189E-01
   0.213495476711684E+02
   0.167885335896930E-01
   0.213614232187608E+02
   0.164141592837848E-01
   0.216812351227942E+02
   0.160860538155690E-01
   0.221645167675303E+02
   0.160583008169387E-01
   0.223586109128941E+02
   0.165832213075128E-01
   0.223395347815109E+02
   0.166837537353861E-01
   0.223189244180609E+02
   0.164865478492010E-01
   0.226939235228304E+02
   0.152820318307806E-01
   0.244935719647336E+02
   0.133704217334427E-01
   0.256815317002630E+02
   0.142324051023648E-01
   0.252111713529602E+02
   0.153159112819824E-01
   0.230494261812684E+02
   0.184028273174878E-01
   0.219230450541683E+02
   0.184727035561236E-01
   0.212007830084982E+02
   0.177900548406978E-01
   0.206961677168694E+02
   0.176953900192754E-01
   0.210540294182138E+02
   0.186963074196579E-01
   0.207064471124473E+02
   0.184859222939203E-01
   0.204068093815014E+02
   0.183069127709988E-01
   0.201599251483568E+02
   0.181965281181238E-01
   0.199575243398363E+02
   0.181790095366311E-01
   0.197786168501993E+02
   0.181748159895312E-01
   0.195987222397242E+02
   0.181346677679427E-01
   0.193961853123097E+02
   0.179778422848234E-01
   0.191739711481027E+02
   0.177152203078719E-01
   0.189558000469050E+02
   0.172882978573860E-01
   0.187874538484059E+02
   0.167122117490398E-01
   0.187396599868251E+02
   0.159234679753661E-01
   0.189586106384762E+02
   0.148342768063368E-01
   0.199487908314104E+02
   0.141755618922415E-01
   0.205058727399536E+02
   0.148151733705990E-01
   0.219686395318884E+02
   0.134097530732917E-01
   0.244194099570220E+02
   0.146875578434762E-01
   0.244400776137331E+02
   0.169557690941906E-01
   0.232826531218793E+02
   0.185536426729024E-01
   0.226945846608647E+02
   0.173514130866794E-01
   0.221453725331686E+02
   0.181582427360484E-01
   0.219100461544605E+02
   0.180056373564506E-01
   0.218961482579029E+02
   0.175855253521218E-01
   0.221398612902420E+02
   0.170199398806874E-01
   0.227340335756441E+02
   0.166925608693009E-01
   0.229147622065095E+02
   0.178066501342562E-01
   0.229541512359097E+02
   0.177438095078555E-01
   0.229042852152419E+02
   0.175632168590179E-01
   0.230907063468559E+02
   0.164931501390709E-01
   0.242435280967299E+02
   0.153616315971376E-01
   0.258398460715314E+02
   0.154235435409282E-01
   0.255467587327808E+02
   0.165092787400422E-01
   0.236234099010164E+02
   0.198078477023790E-01
   0.225791164423051E+02
   0.196230403600848E-01
   0.219042520275150E+02
   0.189184730368795E-01
   0.214434578905170E+02
   0.188567979287936E-01
   0.216830860971239E+02
   0.197520163664747E-01
   0.213666040340581E+02
   0.195385490731058E-01
   0.210943737968802E+02
   0.193852209528684E-01
   0.208713349453507E+02
   0.193236585913822E-01
   0.206910865153270E+02
   0.193815092340332E-01
   0.205309468906836E+02
   0.194548008909080E-01
   0.203623413514868E+02
   0.194830963338400E-01
   0.201554955406607E+02
   0.193310904186477E-01
   0.199100195792746E+02
   0.189804641219288E-01
   0.196557674708151E+02
   0.184153495996458E-01
   0.194456955334005E+02
   0.176879562785404E-01
   0.193557683978487E+02
   0.168816333645887E-01
   0.195120273311566E+02
   0.161976099286681E-01
   0.201771858920102E+02
   0.157912487846544E-01
   0.208273489165018E+02
   0.165297548680391E-01
   0.221120429884445E+02
   0.150020158055547E-01
   0.245823585343613E+02
   0.153835285352729E-01
   0.248732947320267E+02
   0.169309880117948E-01
   0.237156231076242E+02
   0.191458505931183E-01
   0.230239867898854E+02
   0.186963452986142E-01
   0.225839124346798E+02
   0.188675580128884E-01
   0.224123893016802E+02
   0.191031946189410E-01
   0.224017607180071E+02
   0.186939611890413E-01
   0.226219408775398E+02
   0.179602830622603E-01
   0.234893561318679E+02
   0.166709752533624E-01
   0.235528673361002E+02
   0.180993295479100E-01
   0.236483806469094E+02
   0.182391324872613E-01
   0.235307481153780E+02
   0.187382309346499E-01
   0.235273821718772E+02
   0.179786340683195E-01
   0.242689082757711E+02
   0.169646379415128E-01
   0.258935790319880E+02
   0.164115564918177E-01
   0.257161848472825E+02
   0.177331832159042E-01
   0.240264239272307E+02
   0.210757157252924E-01
   0.230780933150565E+02
   0.206488488065247E-01
   0.224593148701725E+02
   0.199785198518358E-01
   0.220367637495133E+02
   0.199082148814092E-01
   0.221540472236766E+02
   0.206978518650513E-01
   0.218591809626403E+02
   0.204812844578335E-01
   0.216052451233605E+02
   0.203379303471254E-01
   0.213959017259087E+02
   0.202946556439017E-01
   0.212255281959697E+02
   0.203485653217034E-01
   0.210731196896867E+02
   0.204343995592966E-01
   0.209084186193514E+02
   0.204779872618699E-01
   0.206961466572585E+02
   0.203012504270992E-01
   0.204343741280960E+02
   0.198712853522521E-01
   0.201619429320837E+02
   0.192391561379732E-01
   0.199381042003277E+02
   0.185110686799019E-01
   0.198384258226956E+02
   0.179270928656821E-01
   0.199565456576271E+02
   0.175813848064954E-01
   0.204364972439352E+02
   0.168636086698096E-01
   0.211042473732373E+02
   0.173953060074819E-01
   0.223172758564845E+02
   0.169440302242770E-01
   0.246850861316960E+02
   0.168722915477077E-01
   0.251118104232146E+02
   0.172763703257044E-01
   0.241246431198090E+02
   0.188814889399354E-01
   0.233510573564128E+02
   0.199489669200538E-01
   0.229666604247343E+02
   0.198812517864320E-01
   0.228447313309142E+02
   0.201658380652148E-01
   0.228511529345376E+02
   0.198226785951965E-01
   0.230544671177043E+02
   0.191260905176039E-01
   0.238875593745967E+02
   0.173891761702957E-01
   0.242541665054461E+02
   0.182868809036495E-01
   0.244494154250531E+02
   0.180934695837236E-01
   0.241843527223527E+02
   0.194794325675926E-01
   0.239740281288163E+02
   0.195830806350261E-01
   0.244178780709233E+02
   0.184503387864465E-01
   0.258515710567605E+02
   0.171169102363256E-01
   0.257239526624100E+02
   0.187170974400309E-01
   0.242633357575762E+02
   0.216404247673141E-01
   0.234305114888595E+02
   0.213889187568432E-01
   0.228742263064087E+02
   0.209657955429092E-01
   0.224824277253436E+02
   0.208642143919266E-01
   0.224727085186975E+02
   0.215217439565972E-01
   0.221919673403122E+02
   0.213130758610375E-01
   0.219480447714666E+02
   0.211648533346897E-01
   0.217424906865145E+02
   0.210675573221319E-01
   0.215710752915666E+02
   0.210183989983175E-01
   0.214167284834302E+02
   0.210379404362512E-01
   0.212503615093448E+02
   0.210715441705057E-01
   0.210336488344753E+02
   0.209036742963144E-01
   0.207648903826417E+02
   0.204659216047135E-01
   0.204923867693362E+02
   0.199147424244238E-01
   0.202778576276785E+02
   0.193823251014956E-01
   0.201879328847023E+02
   0.190194306079937E-01
   0.202824744098860E+02
   0.186179522339188E-01
   0.206620032540528E+02
   0.179026591384390E-01
   0.213259387571854E+02
   0.183204287262359E-01
   0.224994010535128E+02
   0.188757635331123E-01
   0.247059315948073E+02
   0.178893778684081E-01
   0.251985255714508E+02
   0.173671650279230E-01
   0.245921154521062E+02
   0.180685640736195E-01
   0.236132979513656E+02
   0.205155179787050E-01
   0.232762597967010E+02
   0.209551450078035E-01
   0.231929836854997E+02
   0.211061360611918E-01
   0.232226255571372E+02
   0.208390839182594E-01
   0.234090327739385E+02
   0.205647307175169E-01
   0.239483218518395E+02
   0.188546262618388E-01
   0.245391319057056E+02
   0.188756514059553E-01
   0.248798255195392E+02
   0.185250232378883E-01
   0.248758033917613E+02
   0.193974812933352E-01
   0.243916304065030E+02
   0.211938628676544E-01
   0.245924089353841E+02
   0.200913064959518E-01
   0.257163743408408E+02
   0.180320407913866E-01
   0.255481760281450E+02
   0.198379650841952E-01
   0.243620196486958E+02
   0.221627100011397E-01
   0.236528111834810E+02
   0.221304578573924E-01
   0.231543795920351E+02
   0.218815030313236E-01
   0.227846674873354E+02
   0.217114481786067E-01
   0.226438461529817E+02
   0.221018502284067E-01
   0.223714637092643E+02
   0.219220390680068E-01
   0.221317690114807E+02
   0.217727972963611E-01
   0.219250193576109E+02
   0.216028499290656E-01
   0.217475046448973E+02
   0.214437973072201E-01
   0.215868477655146E+02
   0.214269634774556E-01
   0.214143427121454E+02
   0.214738671244217E-01
   0.211920029410999E+02
   0.213084436231338E-01
   0.209230116434112E+02
   0.208807688396566E-01
   0.206612432794051E+02
   0.204282937212823E-01
   0.204671732140782E+02
   0.200830927249092E-01
   0.203960885665091E+02
   0.198055321710033E-01
   0.204832582326760E+02
   0.192224616837542E-01
   0.208139355286555E+02
   0.185606112223081E-01
   0.214735752614610E+02
   0.191478520144693E-01
   0.226001699598354E+02
   0.200892744732727E-01
   0.246182639727767E+02
   0.179802156590661E-01
   0.251487114953634E+02
   0.173309509985731E-01
   0.247644640032633E+02
   0.177046679546658E-01
   0.237741089917055E+02
   0.207228848215113E-01
   0.234925067123642E+02
   0.216506215144083E-01
   0.234469604679605E+02
   0.218402446151790E-01
   0.235051472661183E+02
   0.216707954509064E-01
   0.236699328807837E+02
   0.215321121277298E-01
   0.240287596098737E+02
   0.197657265190350E-01
   0.244865209598208E+02
   0.196035818668060E-01
   0.250066827251098E+02
   0.191484076492479E-01
   0.252277926944172E+02
   0.195281135291416E-01
   0.247326792706488E+02
   0.224105479089170E-01
   0.247320426020584E+02
   0.218243554490207E-01
   0.254739831515036E+02
   0.193378544073100E-01
   0.251488344379457E+02
   0.214472856276962E-01
   0.243481404172561E+02
   0.226781174322739E-01
   0.237533863839215E+02
   0.227510422160669E-01
   0.233000296033102E+02
   0.225339653598298E-01
   0.229461061441638E+02
   0.223006377477129E-01
   0.226781948902224E+02
   0.220374062625614E-01
   0.224095837579484E+02
   0.218616819824266E-01
   0.221701556047659E+02
   0.216954624579261E-01
   0.219603424390851E+02
   0.215106440422687E-01
   0.217755317476195E+02
   0.213613624641314E-01
   0.216036581285891E+02
   0.213271081856374E-01
   0.214189461276972E+02
   0.213239833301118E-01
   0.211900212795176E+02
   0.211351005667675E-01
   0.209260604692486E+02
   0.207633050423949E-01
   0.206803734050855E+02
   0.204050343115802E-01
   0.205084859195166E+02
   0.201365673254945E-01
   0.204613009481456E+02
   0.199060283782201E-01
   0.205625230068726E+02
   0.193486565947087E-01
   0.208730389932400E+02
   0.187110214769695E-01
   0.215284025081498E+02
   0.195121227564140E-01
   0.225875650834468E+02
   0.203590609872125E-01
   0.244284014628983E+02
   0.176011677188222E-01
   0.249837863135459E+02
   0.172116061119858E-01
   0.247476998546776E+02
   0.175579642170181E-01
   0.238307993317751E+02
   0.207184700876040E-01
   0.236100538658627E+02
   0.221100335112552E-01
   0.236044817772784E+02
   0.225396983711031E-01
   0.236906543764925E+02
   0.223329258038652E-01
   0.238357864676014E+02
   0.220132208972156E-01
   0.240901433096935E+02
   0.206323448621607E-01
   0.244483028341997E+02
   0.202393549298883E-01
   0.248637207951481E+02
   0.203014367232502E-01
   0.253403728884996E+02
   0.199431642340456E-01
   0.249911014133200E+02
   0.226259419199979E-01
   0.247877633880874E+02
   0.229070504185770E-01
   0.250728046645136E+02
   0.209903555889581E-01
   0.248345145324171E+02
   0.222643992087354E-01
   0.242465726982107E+02
   0.228368060753697E-01
   0.237378190279980E+02
   0.228706967310751E-01
   0.233176288184292E+02
   0.225229485264992E-01
   0.229752717057584E+02
   0.222374877133386E-01
   0.226046119796314E+02
   0.210114526544164E-01
   0.223350181759142E+02
   0.207388886628416E-01
   0.220890472564242E+02
   0.204589817115645E-01
   0.218683549802713E+02
   0.201963973484519E-01
   0.216706047897165E+02
   0.200332531012849E-01
   0.214847114403799E+02
   0.199984830279683E-01
   0.212882560843770E+02
   0.200135330620617E-01
   0.210569523533953E+02
   0.199080761724880E-01
   0.208044099789925E+02
   0.197181379080259E-01
   0.205806966648220E+02
   0.195800405076320E-01
   0.204336649789265E+02
   0.194769277153740E-01
   0.204087605563779E+02
   0.193792210534865E-01
   0.205332077947949E+02
   0.191089543674216E-01
   0.208346970201594E+02
   0.184959035227776E-01
   0.214853060076293E+02
   0.195796030484470E-01
   0.224547201229610E+02
   0.201038101932227E-01
   0.241458029272190E+02
   0.173861499878882E-01
   0.247136768198516E+02
   0.172009719804438E-01
   0.245859235237329E+02
   0.174281051046083E-01
   0.237891200858462E+02
   0.212476865589623E-01
   0.236153484863335E+02
   0.223900244982749E-01
   0.236427779382239E+02
   0.228791215136240E-01
   0.237689729776553E+02
   0.228175446455362E-01
   0.239031362891649E+02
   0.223108752742819E-01
   0.241021636260255E+02
   0.213606974874306E-01
   0.244031690600180E+02
   0.213583893662856E-01
   0.247363589064630E+02
   0.213141098009429E-01
   0.252489131042744E+02
   0.206201776760100E-01
   0.252101986241689E+02
   0.216406474301580E-01
   0.247379014759678E+02
   0.229996129294782E-01
   0.247632429552027E+02
   0.217151087187652E-01
   0.245372856505732E+02
   0.222703802332589E-01
   0.240670979640236E+02
   0.223535715354952E-01
   0.236215660243911E+02
   0.221179139147987E-01
   0.232317416130936E+02
   0.216548332547321E-01
   0.228993161932602E+02
   0.212942748903490E-01
   0.224481152031992E+02
   0.196424220426292E-01
   0.221755228623662E+02
   0.193127493616879E-01
   0.219237680456632E+02
   0.190076847147198E-01
   0.216953429575759E+02
   0.187677442760025E-01
   0.214870023979198E+02
   0.186111132066126E-01
   0.212871062910507E+02
   0.185211143582659E-01
   0.210776150409038E+02
   0.184579241239569E-01
   0.208439805256375E+02
   0.183550877575231E-01
   0.206045198279052E+02
   0.182837769295438E-01
   0.204015401409122E+02
   0.182945424518668E-01
   0.202755622157033E+02
   0.183686747006911E-01
   0.202688614794099E+02
   0.185313495122338E-01
   0.204104491991449E+02
   0.186744910648587E-01
   0.207045370673370E+02
   0.182157042347286E-01
   0.213423111707274E+02
   0.196691260408466E-01
   0.222064017432065E+02
   0.197515487380681E-01
   0.237567185548391E+02
   0.173746286969561E-01
   0.243244436015670E+02
   0.173076563350323E-01
   0.242861159284881E+02
   0.173417071638502E-01
   0.236266360987739E+02
   0.214666633888285E-01
   0.234884528685317E+02
   0.220882201510450E-01
   0.235387522916798E+02
   0.223804069365023E-01
   0.237243637452497E+02
   0.227164320359193E-01
   0.238624885216818E+02
   0.224347610712855E-01
   0.240348892575193E+02
   0.218356371246964E-01
   0.242973175507508E+02
   0.221363556944764E-01
   0.245641099734444E+02
   0.221006844345105E-01
   0.249079289138569E+02
   0.218788759140926E-01
   0.251202158697673E+02
   0.212733936239607E-01
   0.245702935176926E+02
   0.225501233804062E-01
   0.244618156428424E+02
   0.218685429625425E-01
   0.242250515522715E+02
   0.217884268918427E-01
   0.238212105233328E+02
   0.213196500264955E-01
   0.234273055126147E+02
   0.208956022979536E-01
   0.230653362859525E+02
   0.203985574613197E-01
   0.227421129236338E+02
   0.199931341179787E-01
   0.222549022633513E+02
   0.188953378874815E-01
   0.219822114610978E+02
   0.185460216950138E-01
   0.217281803234526E+02
   0.182367113255937E-01
   0.214952734029567E+02
   0.180120104911383E-01
   0.212786548459721E+02
   0.178519266956956E-01
   0.210660435766373E+02
   0.177316212100277E-01
   0.208431357364236E+02
   0.176207624751058E-01
   0.206031605108307E+02
   0.174842480747468E-01
   0.203673681120482E+02
   0.173913840764409E-01
   0.201726891130001E+02
   0.173859112816739E-01
   0.200547031505324E+02
   0.174941660125755E-01
   0.200534153161224E+02
   0.177833035544601E-01
   0.202028106444035E+02
   0.183062326730058E-01
   0.205096527731109E+02
   0.187355840853793E-01
   0.210915888427461E+02
   0.198355528613888E-01
   0.218438183453023E+02
   0.191078152182329E-01
   0.232428006494335E+02
   0.173618082263224E-01
   0.237982091847993E+02
   0.173933759291155E-01
   0.238477390606259E+02
   0.174948134256930E-01
   0.233397989102889E+02
   0.219097939716278E-01
   0.232323050293489E+02
   0.218491102897711E-01
   0.232967132073639E+02
   0.214145022655756E-01
   0.235612641436591E+02
   0.221262166578400E-01
   0.237080772545359E+02
   0.224457187124099E-01
   0.238677394161397E+02
   0.219935209672508E-01
   0.241008590044175E+02
   0.225160223395525E-01
   0.243185718214693E+02
   0.228198473895150E-01
   0.245594567030050E+02
   0.231482144627510E-01
   0.247839395786936E+02
   0.214722850552161E-01
   0.242878871084592E+02
   0.222526415970999E-01
   0.241315712585989E+02
   0.218340325149419E-01
   0.238880613755642E+02
   0.212803034586296E-01
   0.235340181166292E+02
   0.205843889443252E-01
   0.231887790058595E+02
   0.201392256487217E-01
   0.228566389935991E+02
   0.196797574112275E-01
   0.225454994564198E+02
   0.192677468755167E-01
   0.220517367071752E+02
   0.193801079917121E-01
   0.217854509089964E+02
   0.189699654051015E-01
   0.215350906868005E+02
   0.186094649150994E-01
   0.213015457731063E+02
   0.183291435744075E-01
   0.210796508713813E+02
   0.181233528563672E-01
   0.208569903551983E+02
   0.179700745911020E-01
   0.206221241254932E+02
   0.178543773888562E-01
   0.203733488270252E+02
   0.177375624026747E-01
   0.201328350655039E+02
   0.176696065618813E-01
   0.199339956798274E+02
   0.176897104361554E-01
   0.198080857542255E+02
   0.178098316734784E-01
   0.197921748817348E+02
   0.180971922942290E-01
   0.199239045646197E+02
   0.186774354910360E-01
   0.202161951790844E+02
   0.194189206574712E-01
   0.207304050136242E+02
   0.201592098835849E-01
   0.213786025931135E+02
   0.187905522892922E-01
   0.225891780568750E+02
   0.173017098289782E-01
   0.231189400948573E+02
   0.172677667425417E-01
   0.232606617248817E+02
   0.180363118261478E-01
   0.229059183719760E+02
   0.221282841378858E-01
   0.228450738302944E+02
   0.217448790448892E-01
   0.229418020477324E+02
   0.208880616515229E-01
   0.232967695989285E+02
   0.210834109811394E-01
   0.234508042682020E+02
   0.228053475121322E-01
   0.236153899427132E+02
   0.227527087751322E-01
   0.238139255762412E+02
   0.231787121222310E-01
   0.239776862232499E+02
   0.233843657496946E-01
   0.241210700782755E+02
   0.234961464958859E-01
   0.241970994252509E+02
   0.226567354234037E-01
   0.239128757888811E+02
   0.229614592840555E-01
   0.237570430869532E+02
   0.226205217080099E-01
   0.235261476157713E+02
   0.219231274295749E-01
   0.232234932264863E+02
   0.212316042962952E-01
   0.229277343289697E+02
   0.207860611743105E-01
   0.226278670119473E+02
   0.203058435081326E-01
   0.223333189947367E+02
   0.198226120922206E-01
   0.218357078347942E+02
   0.211193618391897E-01
   0.215855364695427E+02
   0.206589296150522E-01
   0.213470838720192E+02
   0.202100408415979E-01
   0.211195880673704E+02
   0.198127493828574E-01
   0.208981282450515E+02
   0.195040196014924E-01
   0.206699391316678E+02
   0.192725273170427E-01
   0.204250359749297E+02
   0.191111008590044E-01
   0.201650262330741E+02
   0.189580488118815E-01
   0.199121138847571E+02
   0.188293285305401E-01
   0.196970585295784E+02
   0.187587969855539E-01
   0.195469653023788E+02
   0.187124405547542E-01
   0.194943375437969E+02
   0.187206664134046E-01
   0.195750367864483E+02
   0.188990446619674E-01
   0.198026197478546E+02
   0.192614660490634E-01
   0.202550205863582E+02
   0.203784822518617E-01
   0.208314820483370E+02
   0.197408839458626E-01
   0.217809380808892E+02
   0.170690077906608E-01
   0.222773949051576E+02
   0.175600055559784E-01
   0.224987237234957E+02
   0.190548574838101E-01
   0.223156417494974E+02
   0.221243983753393E-01
   0.223193000961458E+02
   0.213775546694710E-01
   0.224674914106588E+02
   0.202553303706632E-01
   0.229718425082470E+02
   0.197318203291051E-01
   0.230619185307412E+02
   0.227554475361087E-01
   0.232368870338587E+02
   0.232953191062562E-01
   0.234002057514720E+02
   0.234778052436046E-01
   0.235138558571072E+02
   0.234922222432692E-01
   0.235769354671420E+02
   0.232347823869680E-01
   0.235858171701189E+02
   0.230410366971542E-01
   0.234221889372419E+02
   0.235808520448558E-01
   0.232982738874019E+02
   0.236716725343836E-01
   0.231050627635129E+02
   0.232620670956758E-01
   0.228646539087769E+02
   0.228551230082825E-01
   0.226233750765121E+02
   0.225139703703715E-01
   0.223636682544335E+02
   0.220795384303088E-01
   0.220975087708171E+02
   0.216001920898628E-01
   0.215142084566672E+02
   0.229389338166271E-01
   0.212919383717900E+02
   0.226328818549867E-01
   0.210773475123424E+02
   0.222288069426506E-01
   0.208671701064078E+02
   0.217504166973716E-01
   0.206556157282144E+02
   0.212968176156037E-01
   0.204285962925582E+02
   0.208751471201129E-01
   0.201761904439656E+02
   0.204865389659051E-01
   0.199039210230629E+02
   0.201146152953363E-01
   0.196351002180959E+02
   0.197799570769557E-01
   0.193992666913190E+02
   0.195160086185137E-01
   0.192213901373937E+02
   0.192737170012797E-01
   0.191282469712012E+02
   0.190367377095939E-01
   0.191441155225704E+02
   0.187989260096884E-01
   0.192813839844834E+02
   0.185689247720505E-01
   0.196424774378718E+02
   0.192218181362922E-01
   0.201765782090593E+02
   0.204540402506204E-01
   0.208054521134102E+02
   0.177410890621583E-01
   0.212474972121627E+02
   0.182309896005690E-01
   0.215117082669753E+02
   0.197082281195156E-01
   0.215666327677933E+02
   0.216319003438763E-01
   0.216585806559197E+02
   0.208491124663737E-01
   0.218844620241630E+02
   0.190173649200562E-01
   0.224221774234817E+02
   0.197655462502214E-01
   0.225341230308156E+02
   0.224562066631806E-01
   0.227146806252567E+02
   0.234043388461377E-01
   0.228464492278273E+02
   0.232417433720643E-01
   0.229230364127959E+02
   0.231584474943443E-01
   0.229284659547876E+02
   0.228116538086450E-01
   0.228929015590751E+02
   0.227077276223364E-01
   0.227884901395564E+02
   0.232733849496792E-01
   0.226980719778262E+02
   0.236986083625489E-01
   0.225522698444700E+02
   0.237230723328812E-01
   0.223729054769485E+02
   0.237383843903759E-01
   0.221875662524887E+02
   0.237310735273038E-01
   0.219734877876969E+02
   0.235125028270376E-01
   0.217451849666945E+02
   0.232408862847302E-01
   0.209872947228855E+02
   0.229646081586289E-01
   0.207970868196556E+02
   0.229097899765090E-01
   0.206158985654682E+02
   0.227879527885019E-01
   0.204374252689986E+02
   0.225072336166778E-01
   0.202517723053327E+02
   0.221257077672651E-01
   0.200410031503711E+02
   0.216309231669211E-01
   0.197923454767262E+02
   0.210187066102418E-01
   0.195146209995513E+02
   0.204120609765765E-01
   0.192332030494712E+02
   0.199001649178987E-01
   0.189777494454785E+02
   0.195068609714178E-01
   0.187738357355191E+02
   0.191917063419138E-01
   0.186452289705339E+02
   0.189319916178475E-01
   0.186094848739416E+02
   0.186426669996278E-01
   0.186810152929816E+02
   0.182110369732938E-01
   0.189357922849960E+02
   0.178542479983328E-01
   0.193856621365621E+02
   0.186168444414885E-01
   0.198975578526054E+02
   0.185434046651440E-01
   0.202649129128567E+02
   0.186897936623347E-01
   0.204941902558970E+02
   0.188627566007467E-01
   0.206614348073962E+02
   0.203510983232537E-01
   0.208576594926714E+02
   0.203553751533392E-01
   0.212215494781693E+02
   0.172561869293415E-01
   0.216362247812660E+02
   0.204835125386532E-01
   0.218644424770418E+02
   0.223028350739716E-01
   0.220429242737579E+02
   0.227059620499471E-01
   0.221545091813012E+02
   0.225709585869237E-01
   0.222019978452892E+02
   0.224519740555003E-01
   0.221708113102143E+02
   0.220687243628747E-01
   0.220983974623475E+02
   0.217964209569376E-01
   0.220074394820700E+02
   0.220599569918767E-01
   0.219342150310963E+02
   0.224929484118054E-01
   0.218254875360169E+02
   0.227218992369531E-01
   0.216945145897998E+02
   0.229773202214712E-01
   0.215527936461988E+02
   0.232056716857978E-01
   0.213781055350631E+02
   0.231657763246192E-01
   0.211860249573519E+02
   0.230717093239217E-01
   0.202396309357864E+02
   0.215651832046138E-01
   0.200726968660319E+02
   0.215745646861407E-01
   0.199186792757728E+02
   0.216481949023874E-01
   0.197730993567738E+02
   0.217016662941898E-01
   0.196217524495799E+02
   0.216388036782873E-01
   0.194421370840534E+02
   0.213775570640094E-01
   0.192165320295439E+02
   0.208557618943056E-01
   0.189503327152675E+02
   0.202086512524238E-01
   0.186679583178243E+02
   0.195936592788823E-01
   0.183998909610375E+02
   0.190883323224033E-01
   0.181750304201391E+02
   0.187060369828238E-01
   0.180172387066687E+02
   0.184253061346620E-01
   0.179445872609277E+02
   0.181814389185996E-01
   0.179773669275247E+02
   0.179136024077231E-01
   0.181756127250623E+02
   0.177745965405333E-01
   0.185564769629549E+02
   0.183558589196012E-01
   0.189597788447091E+02
   0.183477029730196E-01
   0.192353697738814E+02
   0.182324995996438E-01
   0.194089969240708E+02
   0.182232326295926E-01
   0.196128639556659E+02
   0.189892476437706E-01
   0.198959765678379E+02
   0.194131088453976E-01
   0.203399930413987E+02
   0.166250707137902E-01
   0.207644578829512E+02
   0.199596135910791E-01
   0.210489771475833E+02
   0.210884334618557E-01
   0.212233023890837E+02
   0.213978783621179E-01
   0.213225098680423E+02
   0.215265758633052E-01
   0.213493057299645E+02
   0.214721436324864E-01
   0.212960544956931E+02
   0.211200984840458E-01
   0.212012687735771E+02
   0.207662158299977E-01
   0.211095886634084E+02
   0.208164237796770E-01
   0.210375527772633E+02
   0.210817460688130E-01
   0.209449965353559E+02
   0.212554771231785E-01
   0.208409628775152E+02
   0.214793019838437E-01
   0.207258928208813E+02
   0.216911873230826E-01
   0.205788028072997E+02
   0.217009750531460E-01
   0.204139049378074E+02
   0.216433881556588E-01
   0.192981672722379E+02
   0.199350728098537E-01
   0.191458536498464E+02
   0.198833634099879E-01
   0.190073334430645E+02
   0.199382353850609E-01
   0.188828271580549E+02
   0.201021798829903E-01
   0.187581728783670E+02
   0.202615233018227E-01
   0.186099185881778E+02
   0.203040795251233E-01
   0.184176124902716E+02
   0.201085433789727E-01
   0.181794366633984E+02
   0.196709022949734E-01
   0.179126126536419E+02
   0.190990723529218E-01
   0.176443160591474E+02
   0.185046430783834E-01
   0.174070972176067E+02
   0.180160243861126E-01
   0.172273907903378E+02
   0.176490732083761E-01
   0.171275396568484E+02
   0.173505997349252E-01
   0.171347554821530E+02
   0.170792856090564E-01
   0.172968895077725E+02
   0.170140437277685E-01
   0.176129150204055E+02
   0.174656829866632E-01
   0.179234961277721E+02
   0.175144267293022E-01
   0.181124827357753E+02
   0.172780114459909E-01
   0.182167544007173E+02
   0.170083241531686E-01
   0.184231912063812E+02
   0.174813424269279E-01
   0.187764856808463E+02
   0.180280362410515E-01
   0.192488377032664E+02
   0.172705389012040E-01
   0.197926176813027E+02
   0.190328075605212E-01
   0.201007240806086E+02
   0.196622567057136E-01
   0.202651156722626E+02
   0.199431851509188E-01
   0.203474804943662E+02
   0.201753375412491E-01
   0.203583082633308E+02
   0.202206562239244E-01
   0.202943939137346E+02
   0.199966498849092E-01
   0.201901046748713E+02
   0.196858723197667E-01
   0.200922006591384E+02
   0.196186829289572E-01
   0.200129318193791E+02
   0.197454756333131E-01
   0.199237835587396E+02
   0.198390178387153E-01
   0.198299895361875E+02
   0.199735691400235E-01
   0.197262031923126E+02
   0.200719547231032E-01
   0.195982539360900E+02
   0.200756825740161E-01
   0.194539338382594E+02
   0.200271372775092E-01
   0.181734020304254E+02
   0.183216099644858E-01
   0.180310327102768E+02
   0.182198752171282E-01
   0.179003008936144E+02
   0.181920513988236E-01
   0.177857792419088E+02
   0.182863877454294E-01
   0.176756001358303E+02
   0.184343006683066E-01
   0.175485603409377E+02
   0.185604527240813E-01
   0.173860499435275E+02
   0.186025441177750E-01
   0.171814748903490E+02
   0.184662445210143E-01
   0.169428613663779E+02
   0.181291655800355E-01
   0.166899809679801E+02
   0.176365700366784E-01
   0.164536428442206E+02
   0.171240047865087E-01
   0.162620855471121E+02
   0.166806779845521E-01
   0.161442157989180E+02
   0.163311152715552E-01
   0.161349822431728E+02
   0.160921957848971E-01
   0.162708595581975E+02
   0.160437517855524E-01
   0.165307480032021E+02
   0.162637520104962E-01
   0.167675034315539E+02
   0.162721860580035E-01
   0.168784545310919E+02
   0.160742098000742E-01
   0.168949873332716E+02
   0.155208583535094E-01
   0.170779561740376E+02
   0.157792604111632E-01
   0.175007780473920E+02
   0.162979712907476E-01
   0.181053601422599E+02
   0.169807530928874E-01
   0.187122132403987E+02
   0.179943341600795E-01
   0.190282738703527E+02
   0.182057795448970E-01
   0.191727363564776E+02
   0.184107341607213E-01
   0.192309862717851E+02
   0.186027396108526E-01
   0.192253684694096E+02
   0.187062535786718E-01
   0.191550921645846E+02
   0.186292364129488E-01
   0.190464753783462E+02
   0.184258408458077E-01
   0.189403524487579E+02
   0.183192785974394E-01
   0.188483106261598E+02
   0.183345246565488E-01
   0.187530458122617E+02
   0.183456024232247E-01
   0.186584347852305E+02
   0.184034076212397E-01
   0.185579300560941E+02
   0.184355198356965E-01
   0.184427778706164E+02
   0.184381381597570E-01
   0.183143748474843E+02
   0.184062042592002E-01
   0.168680158913514E+02
   0.167189919777818E-01
   0.167337489027685E+02
   0.166132557421717E-01
   0.166067341907337E+02
   0.165311330850402E-01
   0.164942497483668E+02
   0.165250826835650E-01
   0.163883356823551E+02
   0.165775221857536E-01
   0.162717786987555E+02
   0.166433307883030E-01
   0.161294045723683E+02
   0.167040860091286E-01
   0.159537753785808E+02
   0.166975934058810E-01
   0.157460559603862E+02
   0.165586827756730E-01
   0.155187627591528E+02
   0.162666425378980E-01
   0.152969446563106E+02
   0.158845837485750E-01
   0.151055692929564E+02
   0.154456521221032E-01
   0.149787885061106E+02
   0.150577143484392E-01
   0.149611735016857E+02
   0.148470532877155E-01
   0.150830578676038E+02
   0.148626859880945E-01
   0.153044587943091E+02
   0.149997893743765E-01
   0.154865458447352E+02
   0.149936058307802E-01
   0.155204613233543E+02
   0.147656957213033E-01
   0.154251099815876E+02
   0.139245718949420E-01
   0.155620033468224E+02
   0.139128579110525E-01
   0.160559458920814E+02
   0.146179259418384E-01
   0.168268327590720E+02
   0.158139449852247E-01
   0.175193952319703E+02
   0.170724659662943E-01
   0.178406263677685E+02
   0.170348106658267E-01
   0.179544277066252E+02
   0.170192111299365E-01
   0.179799387178989E+02
   0.170563974991949E-01
   0.179519691572873E+02
   0.171120041271998E-01
   0.178720567511360E+02
   0.170905066883958E-01
   0.177587365861549E+02
   0.169929085505093E-01
   0.176435540244874E+02
   0.169178462229421E-01
   0.175358877801184E+02
   0.168631772937116E-01
   0.174281924785006E+02
   0.168060337139659E-01
   0.173250400745384E+02
   0.167939390475900E-01
   0.172219575228238E+02
   0.167823666794734E-01
   0.171135670992624E+02
   0.167849513635917E-01
   0.169968951898263E+02
   0.167816224874652E-01
   0.153777601107939E+02
   0.150423263981211E-01
   0.152506638512873E+02
   0.149515452946205E-01
   0.151263270060842E+02
   0.148507777917550E-01
   0.150130277330727E+02
   0.147841360316713E-01
   0.149061909483013E+02
   0.147692149510328E-01
   0.147931421598669E+02
   0.147729146603763E-01
   0.146618077951346E+02
   0.147688189022685E-01
   0.145067873989723E+02
   0.147707814805554E-01
   0.143256403774640E+02
   0.147036548320480E-01
   0.141257165807557E+02
   0.145425333958176E-01
   0.139256528971234E+02
   0.143019164721644E-01
   0.137444914004070E+02
   0.139419918038433E-01
   0.136165792441685E+02
   0.135494573898323E-01
   0.135968911485830E+02
   0.133938788502123E-01
   0.137172123266593E+02
   0.135636618343983E-01
   0.139233710470455E+02
   0.138256931432215E-01
   0.140735734712694E+02
   0.139175488259886E-01
   0.140312885858133E+02
   0.136049123264699E-01
   0.137856142125171E+02
   0.122103994648043E-01
   0.138538472346124E+02
   0.117149896339923E-01
   0.144147290041913E+02
   0.127984820602765E-01
   0.154137205424822E+02
   0.154402616186562E-01
   0.162085338642497E+02
   0.169949421727054E-01
   0.165317846993051E+02
   0.165780483051743E-01
   0.166056900162438E+02
   0.160872139268626E-01
   0.165930437333202E+02
   0.158202250121995E-01
   0.165368052182268E+02
   0.156965014301808E-01
   0.164405561734533E+02
   0.155884174436475E-01
   0.163170100602788E+02
   0.154715212639850E-01
   0.161899243605837E+02
   0.154058226822005E-01
   0.160653336257941E+02
   0.153158218703974E-01
   0.159417396421475E+02
   0.152103579998417E-01
   0.158250358601478E+02
   0.151417718315974E-01
   0.157146830699797E+02
   0.151007091505250E-01
   0.156072015265876E+02
   0.150883103039805E-01
   0.154973516393549E+02
   0.150868651165954E-01
   0.136918752916653E+02
   0.136585494980980E-01
   0.135706851456669E+02
   0.135558927828152E-01
   0.134494791373861E+02
   0.134375127725640E-01
   0.133368226615286E+02
   0.133461915871043E-01
   0.132281684169204E+02
   0.132822601625714E-01
   0.131157314334861E+02
   0.132357133523007E-01
   0.129907262582613E+02
   0.131760856046207E-01
   0.128493445037974E+02
   0.131287843689835E-01
   0.126889206740935E+02
   0.130660106558470E-01
   0.125134393611205E+02
   0.129798180538115E-01
   0.123369999168348E+02
   0.129176984344540E-01
   0.121733403668533E+02
   0.128124695903506E-01
   0.120515775275928E+02
   0.126213354481206E-01
   0.120287830487200E+02
   0.125338300087546E-01
   0.121492218017602E+02
   0.127378653550801E-01
   0.123613981558104E+02
   0.131351935824904E-01
   0.125073273556443E+02
   0.133420994077842E-01
   0.124040233820266E+02
   0.129636226885749E-01
   0.119520442993076E+02
   0.960071955804767E-02
   0.119410659966593E+02
   0.898360857333982E-02
   0.125370207055437E+02
   0.103033486177911E-01
   0.137385734669516E+02
   0.146726236863106E-01
   0.146636603008280E+02
   0.169727358236584E-01
   0.150305984703014E+02
   0.168452030088820E-01
   0.150882299191840E+02
   0.161236931990385E-01
   0.150439703824816E+02
   0.156050003844796E-01
   0.149592582623957E+02
   0.152508708549509E-01
   0.148407984608430E+02
   0.149536986867685E-01
   0.147009277553800E+02
   0.146734944638624E-01
   0.145583893203412E+02
   0.144505941013087E-01
   0.144169733078551E+02
   0.142449731751733E-01
   0.142775426179907E+02
   0.140536326063583E-01
   0.141453248389502E+02
   0.139069965809612E-01
   0.140244469218484E+02
   0.138111661371886E-01
   0.139131454285564E+02
   0.137587598119927E-01
   0.138054151446077E+02
   0.137229079767589E-01
   0.117821642836381E+02
   0.126764830019726E-01
   0.116650387278764E+02
   0.125936145438750E-01
   0.115468911531954E+02
   0.124973271751344E-01
   0.114361638128098E+02
   0.123974877454019E-01
   0.113273137706333E+02
   0.123078333931165E-01
   0.112166623395487E+02
   0.122360005105684E-01
   0.110987541260537E+02
   0.121703509663303E-01
   0.109702456174935E+02
   0.121132510124677E-01
   0.108289460029152E+02
   0.120781321598108E-01
   0.106742847294338E+02
   0.120247543006348E-01
   0.105160966458806E+02
   0.119648069434355E-01
   0.103673776677180E+02
   0.118808487145894E-01
   0.102540971249377E+02
   0.117282066845760E-01
   0.102296671036165E+02
   0.116277845877141E-01
   0.103473227318743E+02
   0.117748390961049E-01
   0.105744784600278E+02
   0.122508411739495E-01
   0.107467848641174E+02
   0.127144080530269E-01
   0.106323369676862E+02
   0.124469598012612E-01
   0.100193087933202E+02
   0.865800379212811E-02
   0.992276015660727E+01
   0.776606401447196E-02
   0.104800805908751E+02
   0.864204564387034E-02
   0.117605457432380E+02
   0.136206463779590E-01
   0.127249807744101E+02
   0.158650796618361E-01
   0.131594566762039E+02
   0.162497865479311E-01
   0.132664086976440E+02
   0.158307642666264E-01
   0.132417049360188E+02
   0.154204890658364E-01
   0.131561928992442E+02
   0.149941146552855E-01
   0.130284598562269E+02
   0.145406717942543E-01
   0.128755540621683E+02
   0.141113404141578E-01
   0.127192453949868E+02
   0.137649413450504E-01
   0.125623202214997E+02
   0.134711388032106E-01
   0.124091101579918E+02
   0.132405566368734E-01
   0.122594916522241E+02
   0.130288101647821E-01
   0.121239903627359E+02
   0.128737430356651E-01
   0.120031776998633E+02
   0.127763204623272E-01
   0.118927785322517E+02
   0.127254008324319E-01
   0.962060660506325E+01
   0.116964044212651E-01
   0.950053109463262E+01
   0.115827708572008E-01
   0.938137407370587E+01
   0.114659569471834E-01
   0.927656780718864E+01
   0.113982844480216E-01
   0.916974703808307E+01
   0.113153866763057E-01
   0.906169117744678E+01
   0.112425436553363E-01
   0.895145172409050E+01
   0.111839242735091E-01
   0.883697194058161E+01
   0.111382973800006E-01
   0.871516555460131E+01
   0.111030751547905E-01
   0.858450762888208E+01
   0.110657472141926E-01
   0.845279286623742E+01
   0.110271791927784E-01
   0.833063698823300E+01
   0.109707472018692E-01
   0.823964535905773E+01
   0.108799561622754E-01
   0.822271499378589E+01
   0.108249691119761E-01
   0.833014821487580E+01
   0.109244265393980E-01
   0.855827469315320E+01
   0.113372646632055E-01
   0.875938707579843E+01
   0.119643493996491E-01
   0.870746418063899E+01
   0.122331910297071E-01
   0.804033689598118E+01
   0.840440902150396E-02
   0.787860914488312E+01
   0.758334603006995E-02
   0.831222919329355E+01
   0.815903608641888E-02
   0.941998132123824E+01
   0.115586955771910E-01
   0.102784666498125E+02
   0.132151508099323E-01
   0.107478992083816E+02
   0.139652435017383E-01
   0.109433016177528E+02
   0.140762451420134E-01
   0.109991959886074E+02
   0.140981473814378E-01
   0.109774073553274E+02
   0.140084107528946E-01
   0.108977382665686E+02
   0.137621075354273E-01
   0.107747953803433E+02
   0.134546994796995E-01
   0.106278983432010E+02
   0.131209796116644E-01
   0.104668444112800E+02
   0.127900624234534E-01
   0.103016667396479E+02
   0.125080002343920E-01
   0.101399345461867E+02
   0.122583213061442E-01
   0.999138322082750E+01
   0.120560744162113E-01
   0.985693907383195E+01
   0.119007208758121E-01
   0.973668980939708E+01
   0.117911632450382E-01
   0.719234875419753E+01
   0.106990274536607E-01
   0.707327854032687E+01
   0.105808754321125E-01
   0.695626886084947E+01
   0.104655834379679E-01
   0.684586972160963E+01
   0.103588339854989E-01
   0.673656828910756E+01
   0.102510455519022E-01
   0.663055637387629E+01
   0.101715091108768E-01
   0.652885120464037E+01
   0.101198099817549E-01
   0.643008936539937E+01
   0.100966682399728E-01
   0.633025559530618E+01
   0.100797853286996E-01
   0.622653528202674E+01
   0.100666668757613E-01
   0.612852268528337E+01
   0.100605583748994E-01
   0.604325658305202E+01
   0.100482735381030E-01
   0.598703210832496E+01
   0.100269131839818E-01
   0.598788220043279E+01
   0.100235541626204E-01
   0.607997810288234E+01
   0.100990746232205E-01
   0.627497057921748E+01
   0.103760495812895E-01
   0.647603604081804E+01
   0.109105287367622E-01
   0.651858241908946E+01
   0.116207268628359E-01
   0.607077506623009E+01
   0.958601627447605E-02
   0.587731120606640E+01
   0.905160176162442E-02
   0.607822622198511E+01
   0.870281138052580E-02
   0.672033379835243E+01
   0.946557073917984E-02
   0.732233116070600E+01
   0.100192667970324E-01
   0.775424733311041E+01
   0.106300266869019E-01
   0.801536947842164E+01
   0.110669054909455E-01
   0.815955478689447E+01
   0.114174253610337E-01
   0.823913042103484E+01
   0.117403922008545E-01
   0.825423207968103E+01
   0.119152972775053E-01
   0.820672711800610E+01
   0.119291318551091E-01
   0.811617347880026E+01
   0.118379603941684E-01
   0.799120637146009E+01
   0.116514387016515E-01
   0.784682141487819E+01
   0.114431794344014E-01
   0.769808579707711E+01
   0.112343108670872E-01
   0.755819046890298E+01
   0.110613573370017E-01
   0.742502256265110E+01
   0.109050769475054E-01
   0.730641917300419E+01
   0.107953406309699E-01
   0.433388364758994E+01
   0.930085703343020E-02
   0.422719646530603E+01
   0.921695939639789E-02
   0.412630139872113E+01
   0.914614644974193E-02
   0.402828175867444E+01
   0.907534619837977E-02
   0.393068883230476E+01
   0.899801613679747E-02
   0.383719028769317E+01
   0.893496185462404E-02
   0.375111676494716E+01
   0.889704277679044E-02
   0.367134924729076E+01
   0.888389214859354E-02
   0.359433022076208E+01
   0.887856697353533E-02
   0.351457364368454E+01
   0.885132648714115E-02
   0.345328974865362E+01
   0.885881386642439E-02
   0.341041408798316E+01
   0.887418880794280E-02
   0.339375148026984E+01
   0.889521207016584E-02
   0.341768119147299E+01
   0.893024400039721E-02
   0.349561390151744E+01
   0.899164602422062E-02
   0.363076577443729E+01
   0.915147468605759E-02
   0.377732256382013E+01
   0.946515694406071E-02
   0.381222613050429E+01
   0.984145351870302E-02
   0.357193454902715E+01
   0.911337111661473E-02
   0.339068254691183E+01
   0.853053969834609E-02
   0.341638998195575E+01
   0.801541600308878E-02
   0.369071585796504E+01
   0.791139999347766E-02
   0.403209699866092E+01
   0.796738843220895E-02
   0.434287241826655E+01
   0.821842344385617E-02
   0.457686673484815E+01
   0.847961857648201E-02
   0.474924232758537E+01
   0.875014612839391E-02
   0.488590351244650E+01
   0.908391340631569E-02
   0.497745438660195E+01
   0.938670003384712E-02
   0.501431672148876E+01
   0.959622517951680E-02
   0.499703975214540E+01
   0.968465404161358E-02
   0.493333217844681E+01
   0.966515392360814E-02
   0.483767190407479E+01
   0.958267101469032E-02
   0.472928177427318E+01
   0.948568830054300E-02
   0.462789454516724E+01
   0.943143307817864E-02
   0.452837630113983E+01
   0.938756063667491E-02
   0.443084176204696E+01
   0.934358893288227E-02
   0.785961181450597E+00
   0.728275348619369E-02
   0.719191828784174E+00
   0.727894272503624E-02
   0.649349657878321E+00
   0.726036204144834E-02
   0.576796843328202E+00
   0.723048446844985E-02
   0.502242599581688E+00
   0.718582561594716E-02
   0.431539548464776E+00
   0.713930389231542E-02
   0.369152831442124E+00
   0.710486220549807E-02
   0.313289041656124E+00
   0.708101917106299E-02
   0.262187212190567E+00
   0.705983444541552E-02
   0.222399222602591E+00
   0.704731852460700E-02
   0.203631360208084E+00
   0.706084200114655E-02
   0.202356852137114E+00
   0.708026718321707E-02
   0.219919257253285E+00
   0.710469073615028E-02
   0.260100035652785E+00
   0.713546974792104E-02
   0.323734434586421E+00
   0.717981561962999E-02
   0.403769434979844E+00
   0.726807371776636E-02
   0.484709087947558E+00
   0.747010675374172E-02
   0.502005919907689E+00
   0.768290118673241E-02
   0.377104342398533E+00
   0.741639946296271E-02
   0.230664726588146E+00
   0.703935808351294E-02
   0.159186663534246E+00
   0.667347003754877E-02
   0.221267843939077E+00
   0.646632356967491E-02
   0.354329664366723E+00
   0.635857085066403E-02
   0.510889214234910E+00
   0.634362653205140E-02
   0.658266971333359E+00
   0.637451734526559E-02
   0.792060684506626E+00
   0.644778800667257E-02
   0.916988959623467E+00
   0.659707690250868E-02
   0.102560668387163E+01
   0.680425795730635E-02
   0.110319687339781E+01
   0.701276687777239E-02
   0.113892510374357E+01
   0.716013561854944E-02
   0.113406244129406E+01
   0.723740006176868E-02
   0.109772982853546E+01
   0.726498110289098E-02
   0.104180054874961E+01
   0.726069835345139E-02
   0.982311342828049E+00
   0.726764664959283E-02
   0.920553085725991E+00
   0.727921658606498E-02
   0.851803333283982E+00
   0.727647139784194E-02
  -0.376260803134176E+01
   0.489560394535362E-02
  -0.379145479916186E+01
   0.490962458421527E-02
  -0.382527511829243E+01
   0.490296454894254E-02
  -0.386286860028786E+01
   0.487790173948023E-02
  -0.390186109028652E+01
   0.483826601731182E-02
  -0.393331934363338E+01
   0.479647775386380E-02
  -0.395360145709703E+01
   0.476279952076792E-02
  -0.396130260545899E+01
   0.474434325626840E-02
  -0.395740698639305E+01
   0.473804864604427E-02
  -0.394170491895205E+01
   0.474172165043219E-02
  -0.391504711634103E+01
   0.474740355257243E-02
  -0.388121976882962E+01
   0.475434642277880E-02
  -0.384173513033348E+01
   0.476877054038909E-02
  -0.379678557702582E+01
   0.479820565067919E-02
  -0.375172661291690E+01
   0.484465304627262E-02
  -0.371475578571634E+01
   0.491976887103513E-02
  -0.369884235281956E+01
   0.503075498723441E-02
  -0.372573372729430E+01
   0.513732025338509E-02
  -0.380614722255981E+01
   0.514176799076966E-02
  -0.391205224446519E+01
   0.504031172950286E-02
  -0.400510933215275E+01
   0.487419382306192E-02
  -0.405922484574048E+01
   0.469412624558840E-02
  -0.407239738133918E+01
   0.453530114975532E-02
  -0.404894360613401E+01
   0.442366549662908E-02
  -0.399784488500783E+01
   0.437234524317306E-02
  -0.392632301299199E+01
   0.438795823858404E-02
  -0.384266623172220E+01
   0.446157836408837E-02
  -0.376127422257784E+01
   0.456842649898749E-02
  -0.369536192175794E+01
   0.468140921138140E-02
  -0.365413328856976E+01
   0.477095837699786E-02
  -0.363984498874945E+01
   0.481963949652660E-02
  -0.364735966000824E+01
   0.483468462067133E-02
  -0.366754046656263E+01
   0.483490157870263E-02
  -0.369146561593426E+01
   0.483987992632002E-02
  -0.371489454433520E+01
   0.485265526093117E-02
  -0.373778708928279E+01
   0.487180507008569E-02
  -0.998836294550912E+01
   0.274346442844154E-02
  -0.993149694949714E+01
   0.276864202573888E-02
  -0.988222525513782E+01
   0.278014858255835E-02
  -0.983546526043237E+01
   0.278248013129243E-02
  -0.977503739935304E+01
   0.279477465152163E-02
  -0.969461347564403E+01
   0.282310757203247E-02
  -0.958855331021831E+01
   0.287309884118419E-02
  -0.945203047934355E+01
   0.295000412311268E-02
  -0.930761376888642E+01
   0.303292148292814E-02
  -0.916056660831199E+01
   0.311875637795828E-02
  -0.902017289794836E+01
   0.320139492755178E-02
  -0.889794070450500E+01
   0.327629263808297E-02
  -0.878444386689887E+01
   0.336138957580039E-02
  -0.872382913391136E+01
   0.340475561518802E-02
  -0.871605814000193E+01
   0.341222485879918E-02
  -0.876537884842488E+01
   0.338320910745941E-02
  -0.888037932607434E+01
   0.331001421072653E-02
  -0.907351509408115E+01
   0.317662632850970E-02
  -0.928389410027394E+01
   0.305208613399601E-02
  -0.950587066593023E+01
   0.293144987022625E-02
  -0.972729164571629E+01
   0.281526141683331E-02
  -0.994397016481977E+01
   0.269542071128814E-02
  -0.101460939485610E+02
   0.257645442336692E-02
  -0.102837940583265E+02
   0.250021802130394E-02
  -0.103644667271566E+02
   0.246003712679470E-02
  -0.103989829926418E+02
   0.244810151229987E-02
  -0.104010859065936E+02
   0.245515564780485E-02
  -0.103857182605198E+02
   0.247122361723399E-02
  -0.103630680862296E+02
   0.248966432874344E-02
  -0.103403671144241E+02
   0.250563240561063E-02
  -0.103188351988436E+02
   0.251882353264987E-02
  -0.102949314646749E+02
   0.253278673042500E-02
  -0.102647225614967E+02
   0.255140166316143E-02
  -0.102211927109000E+02
   0.258086012945980E-02
  -0.101561182034316E+02
   0.262765790445342E-02
  -0.100604854832866E+02
   0.269855101128713E-02
