   0.197491857830816E+01
   0.416174116539435E-02
   0.876792272878547E+00
   0.397451099119828E-02
   0.160147911840927E+00
   0.383235652681164E-02
  -0.251558648023973E+00
   0.372936148399419E-02
  -0.337566426163670E+00
   0.366554067916831E-02
   0.329097255000118E-01
   0.364556936994425E-02
  -0.453250367575540E+00
   0.368909011257766E-02
  -0.420179691757623E+00
   0.378306722727271E-02
   0.107704923381092E+00
   0.392848966855759E-02
   0.113077296925727E+01
   0.412683992659140E-02
   0.265739137697677E+01
   0.437827427699298E-02
   0.491439141200759E+01
   0.467510963680767E-02
   0.816180699061651E+01
   0.500603599272981E-02
   0.110127127578057E+02
   0.535239561957808E-02
   0.135820369008183E+02
   0.569521434664646E-02
   0.158941497410964E+02
   0.601914796933735E-02
   0.178571423292813E+02
   0.631333810164966E-02
   0.194492454453444E+02
   0.657087641148443E-02
   0.206870223589854E+02
   0.678786930350408E-02
   0.216055065462225E+02
   0.696442940866216E-02
   0.222448991445370E+02
   0.710444875350300E-02
   0.226401501873336E+02
   0.721047472722910E-02
   0.228122865265077E+02
   0.728215216151502E-02
   0.227623042477494E+02
   0.731602538405349E-02
   0.224713196129711E+02
   0.730576143726902E-02
   0.219059482390330E+02
   0.724534941069330E-02
   0.210214027045103E+02
   0.713190906081819E-02
   0.197608404503939E+02
   0.696358508214658E-02
   0.180525642329133E+02
   0.673919040946323E-02
   0.158075892701094E+02
   0.646028718918346E-02
   0.129203021581346E+02
   0.613362715573227E-02
   0.927200140130978E+01
   0.577230004915895E-02
   0.644192698188839E+01
   0.539579344954921E-02
   0.436814757046791E+01
   0.502791232061272E-02
   0.296479402135786E+01
   0.469118296433752E-02
   0.217442811777121E+01
   0.440077145074824E-02
   0.493882175110087E+01
   0.523382235761488E-02
   0.552641715738630E+01
   0.504305309508184E-02
   0.531619520039598E+01
   0.487250983506091E-02
   0.449772932293417E+01
   0.469701523761476E-02
   0.291958831213884E+01
   0.456319891859894E-02
   0.219410303928257E+01
   0.450028483678408E-02
   0.195845028048298E+01
   0.450310024602451E-02
   0.218390653509436E+01
   0.457801270569143E-02
   0.292266630228380E+01
   0.471321470422053E-02
   0.435154186780245E+01
   0.489180866956433E-02
   0.461068230093399E+01
   0.514221711216277E-02
   0.548298974644358E+01
   0.544042854738797E-02
   0.705070200433500E+01
   0.589034203584861E-02
   0.921970082859767E+01
   0.641042606901096E-02
   0.121158560109423E+02
   0.691321144224685E-02
   0.160685908445583E+02
   0.737772881398264E-02
   0.187745824508190E+02
   0.779492311833402E-02
   0.205742515841536E+02
   0.814923569080521E-02
   0.217169395276707E+02
   0.840240924537036E-02
   0.223986582810230E+02
   0.854728249754376E-02
   0.227883719000398E+02
   0.867121029549820E-02
   0.230295011883216E+02
   0.880291398030052E-02
   0.232194926335758E+02
   0.894567159864492E-02
   0.233586035069255E+02
   0.909187114970032E-02
   0.233620776639973E+02
   0.917891167254705E-02
   0.231542372941525E+02
   0.915364571817658E-02
   0.226890919894335E+02
   0.905557579822054E-02
   0.219315912211021E+02
   0.889798585544659E-02
   0.208248608619344E+02
   0.866102335664144E-02
   0.192548508125397E+02
   0.832147018178596E-02
   0.170543673033643E+02
   0.787377964385515E-02
   0.140522434951530E+02
   0.734454147088183E-02
   0.101127634862476E+02
   0.675741741082711E-02
   0.756579116381422E+01
   0.620355385478985E-02
   0.599552469120121E+01
   0.576601550003496E-02
   0.514590981214966E+01
   0.546236535725929E-02
   0.742679968891736E+01
   0.690041646896524E-02
   0.705688894682270E+01
   0.671336374350897E-02
   0.657254904082274E+01
   0.651132713832142E-02
   0.591407362020489E+01
   0.615869413425922E-02
   0.519359099429641E+01
   0.582703882664530E-02
   0.476990857525952E+01
   0.575099030164391E-02
   0.464212065825123E+01
   0.581158703944076E-02
   0.482367867769360E+01
   0.597315585671697E-02
   0.531783387390062E+01
   0.618585629818627E-02
   0.618903286547001E+01
   0.644413979182975E-02
   0.757296059471975E+01
   0.665347486114835E-02
   0.793224011022770E+01
   0.646112146288661E-02
   0.950318478605436E+01
   0.701938407934105E-02
   0.116464988890382E+02
   0.767666940058388E-02
   0.143697854485515E+02
   0.814654953956475E-02
   0.180814407537504E+02
   0.861655397602097E-02
   0.203975096179044E+02
   0.912154367325085E-02
   0.217777530972542E+02
   0.965040587139469E-02
   0.224796136081122E+02
   0.995475025175454E-02
   0.227052153575179E+02
   0.982480681657524E-02
   0.226716027301000E+02
   0.986156305744602E-02
   0.226233224850152E+02
   0.100052054316452E-01
   0.228252201780022E+02
   0.102155129557969E-01
   0.232466388838982E+02
   0.106145391474783E-01
   0.235351527783251E+02
   0.109098485596251E-01
   0.235447573215621E+02
   0.107708923789471E-01
   0.232695407293019E+02
   0.106249814774985E-01
   0.227625079490465E+02
   0.105131637314607E-01
   0.220606927465805E+02
   0.103152285110759E-01
   0.210245022116177E+02
   0.994089618329401E-02
   0.193267367045013E+02
   0.936669266788091E-02
   0.166626150327111E+02
   0.879003965161112E-02
   0.127304415458679E+02
   0.806118676929257E-02
   0.102959051434070E+02
   0.747836439013128E-02
   0.885710957904584E+01
   0.719277455680505E-02
   0.798607721020262E+01
   0.709278993694414E-02
   0.102159518697580E+02
   0.900538877049091E-02
   0.966276043592489E+01
   0.868126284017641E-02
   0.909671075603829E+01
   0.834319863108138E-02
   0.850561526087899E+01
   0.800398856791009E-02
   0.793366239507977E+01
   0.762214877752688E-02
   0.755686146354925E+01
   0.744635152916437E-02
   0.740912730926564E+01
   0.748392177414354E-02
   0.747247418080062E+01
   0.760153285763964E-02
   0.773426094057484E+01
   0.770977423121764E-02
   0.821343873172896E+01
   0.770727237366140E-02
   0.896448187168393E+01
   0.775253055318061E-02
   0.100844448710089E+02
   0.751368108594606E-02
   0.128825961674578E+02
   0.831287430366197E-02
   0.153281516904179E+02
   0.868887679350793E-02
   0.177260905360992E+02
   0.894723774251243E-02
   0.200891691893008E+02
   0.932521139507762E-02
   0.217587276107048E+02
   0.979645717967249E-02
   0.226600061193832E+02
   0.102538544184421E-01
   0.229143537651277E+02
   0.105133608391814E-01
   0.226647027381962E+02
   0.105649703052020E-01
   0.221159704029724E+02
   0.106868186275179E-01
   0.215933608130767E+02
   0.107648353912855E-01
   0.218403312766648E+02
   0.109510098660126E-01
   0.228292150734382E+02
   0.117762630667312E-01
   0.234417423701167E+02
   0.120327604213240E-01
   0.235818467640710E+02
   0.117707853130057E-01
   0.233350234137324E+02
   0.118925830573845E-01
   0.228932346534427E+02
   0.116145253092018E-01
   0.225408106949472E+02
   0.113742444880988E-01
   0.221318056215428E+02
   0.111025715033383E-01
   0.209970944551132E+02
   0.106706622196682E-01
   0.187525002855426E+02
   0.101565852464585E-01
   0.151036997072963E+02
   0.962158584646207E-02
   0.129178531228181E+02
   0.930663951245303E-02
   0.116532435785123E+02
   0.923106157491273E-02
   0.108365050801222E+02
   0.915404614675574E-02
   0.127361928614013E+02
   0.111766604362072E-01
   0.121404877204297E+02
   0.106837647631061E-01
   0.115601367181367E+02
   0.101618036674642E-01
   0.110170204765668E+02
   0.974940076081402E-02
   0.105290157535596E+02
   0.938396382299543E-02
   0.101692639330283E+02
   0.914441742632232E-02
   0.996653742787509E+01
   0.905703694299324E-02
   0.991394091680183E+01
   0.904354244999547E-02
   0.100044703542645E+02
   0.901293159356151E-02
   0.102663204583337E+02
   0.892175327300821E-02
   0.107742861285866E+02
   0.868929106926686E-02
   0.118293589043484E+02
   0.853215865069033E-02
   0.145179627315798E+02
   0.924624241943258E-02
   0.170933743811140E+02
   0.941371425952345E-02
   0.193433380683035E+02
   0.955110925486917E-02
   0.213358094170140E+02
   0.992474198668528E-02
   0.226759070210617E+02
   0.104761809088207E-01
   0.231996654391427E+02
   0.109845287810718E-01
   0.230676770173872E+02
   0.111673544267231E-01
   0.223571582255866E+02
   0.111157452126861E-01
   0.212269866788679E+02
   0.113651532808647E-01
   0.198694416184785E+02
   0.112119722599573E-01
   0.201726299716990E+02
   0.116360885180877E-01
   0.222997044123747E+02
   0.127323330351851E-01
   0.232033960440827E+02
   0.124903368035181E-01
   0.233818021834377E+02
   0.126142316662295E-01
   0.230080837597944E+02
   0.127936806952556E-01
   0.224085295620755E+02
   0.124538346757746E-01
   0.223754751421974E+02
   0.120199446936215E-01
   0.228232890983951E+02
   0.118825342686646E-01
   0.222900399814128E+02
   0.115170351297203E-01
   0.204565972887521E+02
   0.111906627766603E-01
   0.170903559822904E+02
   0.110587194478217E-01
   0.151683002188861E+02
   0.109784186140529E-01
   0.140829040794351E+02
   0.112901609187001E-01
   0.133544462973843E+02
   0.114304550516574E-01
   0.148779134180781E+02
   0.129858339924387E-01
   0.142816667676511E+02
   0.122887948901368E-01
   0.137251139108902E+02
   0.116500267427145E-01
   0.132351588975477E+02
   0.112054638644329E-01
   0.128127576709030E+02
   0.108830273564189E-01
   0.124782468348188E+02
   0.106333527197986E-01
   0.122446934112246E+02
   0.104508262674719E-01
   0.121135302762435E+02
   0.103150058477217E-01
   0.120905613994171E+02
   0.101804951145598E-01
   0.122133391267367E+02
   0.100797916493162E-01
   0.125491644855582E+02
   0.994798873227073E-02
   0.133089235287816E+02
   0.965163754093439E-02
   0.150727121173639E+02
   0.976805611379920E-02
   0.179572870842589E+02
   0.101227436961653E-01
   0.201219548696021E+02
   0.101806771296803E-01
   0.220679788279258E+02
   0.106364084853281E-01
   0.232665365961557E+02
   0.113198600083737E-01
   0.234456016637570E+02
   0.118661827225750E-01
   0.229907944602416E+02
   0.117883747552538E-01
   0.218559606381950E+02
   0.119056197593080E-01
   0.201801651271817E+02
   0.120375292342143E-01
   0.193413795708591E+02
   0.120379661776044E-01
   0.197320715799759E+02
   0.123060014147338E-01
   0.219689854342854E+02
   0.131120048600115E-01
   0.228860076433755E+02
   0.130378645292090E-01
   0.230157177824835E+02
   0.133833337066496E-01
   0.223858157954483E+02
   0.133876350417765E-01
   0.212992981418115E+02
   0.129334495520163E-01
   0.215439359214705E+02
   0.123778569899233E-01
   0.232964662915545E+02
   0.123282762129704E-01
   0.233396854515298E+02
   0.121509319098008E-01
   0.218713766650819E+02
   0.120426766418158E-01
   0.187560135378957E+02
   0.124733921827978E-01
   0.170830675136426E+02
   0.127929725366451E-01
   0.161556811098247E+02
   0.134270572908055E-01
   0.154882646344358E+02
   0.134521679927403E-01
   0.166473617934621E+02
   0.142358003767068E-01
   0.160791381018373E+02
   0.134323891235925E-01
   0.155727036895930E+02
   0.128054032805547E-01
   0.151438603223339E+02
   0.124135082959931E-01
   0.147797631032382E+02
   0.121506447731227E-01
   0.144765919386420E+02
   0.119226372946818E-01
   0.142352725860388E+02
   0.116963733000705E-01
   0.140602470062697E+02
   0.114854337126315E-01
   0.139669061644455E+02
   0.113183776616587E-01
   0.139953128396990E+02
   0.112678702171954E-01
   0.141943739868519E+02
   0.112396233658011E-01
   0.146941242059539E+02
   0.108956869695726E-01
   0.158752007350350E+02
   0.104003686279997E-01
   0.183352113471713E+02
   0.104945017013372E-01
   0.203083321134482E+02
   0.108092196705792E-01
   0.224268783388193E+02
   0.112113048795763E-01
   0.236215864750250E+02
   0.123300100379413E-01
   0.233977999385761E+02
   0.129694366215847E-01
   0.227005063045447E+02
   0.127254591629171E-01
   0.211646838669159E+02
   0.128204441178597E-01
   0.200707609970469E+02
   0.131502177490980E-01
   0.195586073694697E+02
   0.133071074554862E-01
   0.198691194301318E+02
   0.130865422355575E-01
   0.216555485936576E+02
   0.134492667927909E-01
   0.224250596691094E+02
   0.136226977018127E-01
   0.225051955594741E+02
   0.137499531363329E-01
   0.215597026530742E+02
   0.138035328555269E-01
   0.210343844119207E+02
   0.134157836232111E-01
   0.215413800230939E+02
   0.128947229894061E-01
   0.237725818688993E+02
   0.123671019967601E-01
   0.242017611950930E+02
   0.125086863821531E-01
   0.230371964957344E+02
   0.127767164664523E-01
   0.201551800497479E+02
   0.138579820128647E-01
   0.187060048920369E+02
   0.147843217060767E-01
   0.178768163125793E+02
   0.152850520955500E-01
   0.172431157469714E+02
   0.149471673741629E-01
   0.180971161594034E+02
   0.151340896781707E-01
   0.175828458851253E+02
   0.144740517190277E-01
   0.171398052461930E+02
   0.140243326707240E-01
   0.167707852603540E+02
   0.137686313985897E-01
   0.164559051206187E+02
   0.135416810498918E-01
   0.161845178155110E+02
   0.133089214032208E-01
   0.159499065040478E+02
   0.130396395960444E-01
   0.157551071158714E+02
   0.127678167171225E-01
   0.156174542511111E+02
   0.125516303573037E-01
   0.155737452870865E+02
   0.124991498770093E-01
   0.156599781907162E+02
   0.125070142605827E-01
   0.159510567839618E+02
   0.120866870221179E-01
   0.166935034677495E+02
   0.113580356990624E-01
   0.182569249920674E+02
   0.109402497828771E-01
   0.199360801065562E+02
   0.115865430145874E-01
   0.225074731475123E+02
   0.118974540249526E-01
   0.238349354653514E+02
   0.133929025122922E-01
   0.230236716993605E+02
   0.144172555944609E-01
   0.222164671042868E+02
   0.140240728312879E-01
   0.212224857997301E+02
   0.138794949129635E-01
   0.204727821930143E+02
   0.147336467861128E-01
   0.201090474264601E+02
   0.147718878139474E-01
   0.202710803087696E+02
   0.141285621630671E-01
   0.211755740605903E+02
   0.137610798911692E-01
   0.217486937104612E+02
   0.138996725067063E-01
   0.218761279228006E+02
   0.142810319586601E-01
   0.214832328988198E+02
   0.144827756017861E-01
   0.212942930706850E+02
   0.144618260545053E-01
   0.218796848091558E+02
   0.136734281937648E-01
   0.241849712546304E+02
   0.122978276895755E-01
   0.248800963903654E+02
   0.128454337242942E-01
   0.239747881909475E+02
   0.135096298371490E-01
   0.213390525435968E+02
   0.154642907180653E-01
   0.200432189691519E+02
   0.164246300884661E-01
   0.192540206555186E+02
   0.162559637469008E-01
   0.186542477403927E+02
   0.158163158471983E-01
   0.192860209390678E+02
   0.162648413772910E-01
   0.188363526565638E+02
   0.158908200884352E-01
   0.184513700601683E+02
   0.155992330825651E-01
   0.181317921101588E+02
   0.154241901824935E-01
   0.178601871376957E+02
   0.152529373833152E-01
   0.176224849744639E+02
   0.150786755674895E-01
   0.174057965235068E+02
   0.148711605289192E-01
   0.172071722481342E+02
   0.146505546167432E-01
   0.170392171540044E+02
   0.144430608807980E-01
   0.169283361058900E+02
   0.142297224873028E-01
   0.169104072400232E+02
   0.139420250308418E-01
   0.170500886374762E+02
   0.132782252296380E-01
   0.175192343337310E+02
   0.125206371979627E-01
   0.186359704304997E+02
   0.119474306387345E-01
   0.199616926445833E+02
   0.119406582947060E-01
   0.223928863811049E+02
   0.119957476217976E-01
   0.240301937475893E+02
   0.140314676121539E-01
   0.232144642307632E+02
   0.158663951410756E-01
   0.223810989716057E+02
   0.153291476905311E-01
   0.217153565652957E+02
   0.148576016344463E-01
   0.210565816378033E+02
   0.158837049796066E-01
   0.207448321952382E+02
   0.157938558386994E-01
   0.208171336228350E+02
   0.151430550311491E-01
   0.213191605524212E+02
   0.148857046667335E-01
   0.217976991296365E+02
   0.148268812977861E-01
   0.219661843709863E+02
   0.152839386985541E-01
   0.218257240353588E+02
   0.155011473404801E-01
   0.217786342725688E+02
   0.154889541404340E-01
   0.223031967680856E+02
   0.144004216533413E-01
   0.244506596478036E+02
   0.125022217116218E-01
   0.253719083456298E+02
   0.133885067736265E-01
   0.246953251862292E+02
   0.143456109971736E-01
   0.222958807642339E+02
   0.169941328092712E-01
   0.210931320067564E+02
   0.173432951250877E-01
   0.203353606914635E+02
   0.168307644116046E-01
   0.197843207675214E+02
   0.166400210804285E-01
   0.202585775016073E+02
   0.174893679416459E-01
   0.198672208583919E+02
   0.172483909775349E-01
   0.195304498164498E+02
   0.170320165441839E-01
   0.192514218485154E+02
   0.168896536467076E-01
   0.190175990733745E+02
   0.167862030481287E-01
   0.188116404989290E+02
   0.166938844953566E-01
   0.186144866075901E+02
   0.165695577381536E-01
   0.184140688722055E+02
   0.163887446442695E-01
   0.182181736536757E+02
   0.161788291881003E-01
   0.180493969866960E+02
   0.158782750481666E-01
   0.179470883545299E+02
   0.154558776077115E-01
   0.179772032559756E+02
   0.147635673159788E-01
   0.182835905187253E+02
   0.136243173089850E-01
   0.192271454763347E+02
   0.130682885719022E-01
   0.201750270331905E+02
   0.129601132546033E-01
   0.220041062916414E+02
   0.124357959759199E-01
   0.242165823807037E+02
   0.144596022678607E-01
   0.236920087803290E+02
   0.168335342892614E-01
   0.228098368773349E+02
   0.170472061159259E-01
   0.224517322827212E+02
   0.156517071958008E-01
   0.216436735872368E+02
   0.169965549553926E-01
   0.213495368604742E+02
   0.167885287968206E-01
   0.213614119617727E+02
   0.164141537781571E-01
   0.216812231892202E+02
   0.160860478601956E-01
   0.221645040869383E+02
   0.160582940807545E-01
   0.223585977676304E+02
   0.165832142164596E-01
   0.223395213432244E+02
   0.166837463911427E-01
   0.223189107755723E+02
   0.164865407613788E-01
   0.226939093273264E+02
   0.152820250823827E-01
   0.244935561995905E+02
   0.133704132483071E-01
   0.256815154956789E+02
   0.142323946390254E-01
   0.252111563186530E+02
   0.153159006176018E-01
   0.230494137963477E+02
   0.184028193068003E-01
   0.219230343051739E+02
   0.184726966691434E-01
   0.212007733160711E+02
   0.177900487808356E-01
   0.206961587053678E+02
   0.176953842367030E-01
   0.210540212023037E+02
   0.186963012826538E-01
   0.207064392638053E+02
   0.184859162159758E-01
   0.204068018864762E+02
   0.183069067656397E-01
   0.201599180312357E+02
   0.181965222182722E-01
   0.199575176523931E+02
   0.181790038450713E-01
   0.197786106269735E+02
   0.181748106027188E-01
   0.195987165023363E+02
   0.181346628256384E-01
   0.193961800407156E+02
   0.179778378835854E-01
   0.191739662706428E+02
   0.177152164707116E-01
   0.189557954241566E+02
   0.172882945221380E-01
   0.187874492581991E+02
   0.167122087880563E-01
   0.187396550858449E+02
   0.159234650637226E-01
   0.189586050243018E+02
   0.148342738708072E-01
   0.199487839709301E+02
   0.141755584318976E-01
   0.205058643532215E+02
   0.148151698225007E-01
   0.219686289709760E+02
   0.134097485072123E-01
   0.244193971926158E+02
   0.146875491820252E-01
   0.244400647545308E+02
   0.169557590533304E-01
   0.232826414779663E+02
   0.185536362355937E-01
   0.226945740404916E+02
   0.173514077679482E-01
   0.221453627025209E+02
   0.181582383421320E-01
   0.219100364009116E+02
   0.180056328155072E-01
   0.218961380657454E+02
   0.175855201062822E-01
   0.221398504059901E+02
   0.170199340137037E-01
   0.227340218000884E+02
   0.166925536860720E-01
   0.229147499143653E+02
   0.178066425949701E-01
   0.229541385700665E+02
   0.177438016851632E-01
   0.229042723786795E+02
   0.175632094665557E-01
   0.230906931458774E+02
   0.164931432347981E-01
   0.242435137283934E+02
   0.153616234091817E-01
   0.258398309721456E+02
   0.154235326455920E-01
   0.255467446126057E+02
   0.165092675223905E-01
   0.236233981057848E+02
   0.198078392566200E-01
   0.225791061351716E+02
   0.196230330986103E-01
   0.219042427089192E+02
   0.189184665862537E-01
   0.214434492202937E+02
   0.188567916984526E-01
   0.216830782620448E+02
   0.197520099865642E-01
   0.213665966031831E+02
   0.195385428108254E-01
   0.210943667683504E+02
   0.193852148332518E-01
   0.208713283508174E+02
   0.193236526801768E-01
   0.206910804031789E+02
   0.193815036366831E-01
   0.205309412951018E+02
   0.194547957177807E-01
   0.203623362901851E+02
   0.194830916912730E-01
   0.201554909947828E+02
   0.193310863572506E-01
   0.199100154822545E+02
   0.189804606039704E-01
   0.196557636978173E+02
   0.184153465298574E-01
   0.194456918890581E+02
   0.176879535704053E-01
   0.193557645701066E+02
   0.168816307287513E-01
   0.195120229440820E+02
   0.161976072695458E-01
   0.201771804736108E+02
   0.157912460252346E-01
   0.208273420386498E+02
   0.165297514366008E-01
   0.221120340630075E+02
   0.150020117005668E-01
   0.245823471055346E+02
   0.153835198648875E-01
   0.248732827613465E+02
   0.169309776525222E-01
   0.237156122872027E+02
   0.191458440087693E-01
   0.230239771311305E+02
   0.186963406049440E-01
   0.225839034917571E+02
   0.188675540705611E-01
   0.224123804012301E+02
   0.191031903608724E-01
   0.224017513803933E+02
   0.186939562374871E-01
   0.226219308242485E+02
   0.179602773429656E-01
   0.234893450145886E+02
   0.166709673430301E-01
   0.235528556551155E+02
   0.180993215545260E-01
   0.236483685089589E+02
   0.182391240023782E-01
   0.235307358423251E+02
   0.187382228798323E-01
   0.235273697333354E+02
   0.179786266815899E-01
   0.242688950911845E+02
   0.169646300321693E-01
   0.258935649670834E+02
   0.164115453542588E-01
   0.257161716381390E+02
   0.177331715920466E-01
   0.240264127134742E+02
   0.210757069855445E-01
   0.230780834534409E+02
   0.206488412913408E-01
   0.224593059356648E+02
   0.199785131117328E-01
   0.220367554452075E+02
   0.199082083717207E-01
   0.221540398114961E+02
   0.206978454783653E-01
   0.218591739920699E+02
   0.204812782619830E-01
   0.216052386007159E+02
   0.203379243975079E-01
   0.213958956856785E+02
   0.202946500491095E-01
   0.212255226809809E+02
   0.203485602077164E-01
   0.210731147281277E+02
   0.204343950075346E-01
   0.209084142229676E+02
   0.204779833099675E-01
   0.206961428077088E+02
   0.203012470394166E-01
   0.204343707674751E+02
   0.198712824269239E-01
   0.201619399547995E+02
   0.192391535672260E-01
   0.199381014362447E+02
   0.185110663884754E-01
   0.198384229992265E+02
   0.179270906967127E-01
   0.199565424172931E+02
   0.175813826819452E-01
   0.204364931204800E+02
   0.168636065925940E-01
   0.211042418478750E+02
   0.173953030892805E-01
   0.223172683144630E+02
   0.169440262816532E-01
   0.246850759058719E+02
   0.168722827140145E-01
   0.251117992775794E+02
   0.172763599476231E-01
   0.241246329188593E+02
   0.188814820729759E-01
   0.233510484690989E+02
   0.199489627321659E-01
   0.229666522055627E+02
   0.198812482266611E-01
   0.228447231199597E+02
   0.201658341311069E-01
   0.228511442846174E+02
   0.198226739656027E-01
   0.230544577490186E+02
   0.191260850201924E-01
   0.238875489178620E+02
   0.173891684520056E-01
   0.242541552787570E+02
   0.182868718048930E-01
   0.244494036437109E+02
   0.180934598254898E-01
   0.241843408437940E+02
   0.194794236304594E-01
   0.239740162853079E+02
   0.195830726859193E-01
   0.244178657942175E+02
   0.184503307593514E-01
   0.258515579708316E+02
   0.171168992259626E-01
   0.257239403048648E+02
   0.187170859706495E-01
   0.242633251343984E+02
   0.216404161752800E-01
   0.234305020914866E+02
   0.213889112296136E-01
   0.228742177815883E+02
   0.209657886861255E-01
   0.224824198233097E+02
   0.208642078177275E-01
   0.224727015716842E+02
   0.215217377820649E-01
   0.221919608679850E+02
   0.213130699460057E-01
   0.219480387829434E+02
   0.211648477712613E-01
   0.217424852128986E+02
   0.210675522588633E-01
   0.215710703659882E+02
   0.210183945643570E-01
   0.214167241250091E+02
   0.210379366610176E-01
   0.212503577253606E+02
   0.210715410166526E-01
   0.210336456130695E+02
   0.209036716742191E-01
   0.207648876833973E+02
   0.204659194024065E-01
   0.204923845123597E+02
   0.199147405472424E-01
   0.202778556707035E+02
   0.193823234902580E-01
   0.201879309901836E+02
   0.190194292200614E-01
   0.202824722349190E+02
   0.186179510698706E-01
   0.206620003105944E+02
   0.179026580102101E-01
   0.213259344572667E+02
   0.183204266627861E-01
   0.224993947334092E+02
   0.188757600637834E-01
   0.247059224479834E+02
   0.178893695146740E-01
   0.251985152131327E+02
   0.173671551163542E-01
   0.245921056974811E+02
   0.180685563026647E-01
   0.236132896855034E+02
   0.205155142986283E-01
   0.232762521625909E+02
   0.209551418655696E-01
   0.231929760256658E+02
   0.211061325420093E-01
   0.232226174570958E+02
   0.208390796872649E-01
   0.234090239799159E+02
   0.205647254934559E-01
   0.239483121026869E+02
   0.188546197708518E-01
   0.245391212386398E+02
   0.188756425514418E-01
   0.248798141746173E+02
   0.185250130787813E-01
   0.248757917921351E+02
   0.193974709963451E-01
   0.243916190418842E+02
   0.211938542540938E-01
   0.245923974059267E+02
   0.200912982310021E-01
   0.257163622159085E+02
   0.180320301733255E-01
   0.255481645331791E+02
   0.198379543378959E-01
   0.243620096312071E+02
   0.221627017094982E-01
   0.236528022770176E+02
   0.221304504887418E-01
   0.231543715117511E+02
   0.218814962642587E-01
   0.227846600286710E+02
   0.217114417597977E-01
   0.226438397048917E+02
   0.221018443671626E-01
   0.223714577593876E+02
   0.219220334927329E-01
   0.221317635642639E+02
   0.217727921149385E-01
   0.219250144333048E+02
   0.216028452981930E-01
   0.217475002633252E+02
   0.214437933445489E-01
   0.215868439368832E+02
   0.214269601812928E-01
   0.214143394453068E+02
   0.214738644558689E-01
   0.211920002411900E+02
   0.213084415470110E-01
   0.209230094971114E+02
   0.208807672872163E-01
   0.206612416376072E+02
   0.204282926099688E-01
   0.204671719645980E+02
   0.200830920066298E-01
   0.203960875014199E+02
   0.198055318763610E-01
   0.204832570177705E+02
   0.192224618501774E-01
   0.208139336419278E+02
   0.185606113995272E-01
   0.214735720571199E+02
   0.191478511257990E-01
   0.226001647373327E+02
   0.200892720663340E-01
   0.246182558358353E+02
   0.179802085390022E-01
   0.251487019049237E+02
   0.173309419210449E-01
   0.247644547133526E+02
   0.177046600979622E-01
   0.237741012221572E+02
   0.207228816353224E-01
   0.234924995364393E+02
   0.216506188911046E-01
   0.234469532317508E+02
   0.218402416128571E-01
   0.235051395899851E+02
   0.216707916734660E-01
   0.236699245641195E+02
   0.215321073672067E-01
   0.240287504628519E+02
   0.197657209490122E-01
   0.244865109622772E+02
   0.196035745386569E-01
   0.250066719392575E+02
   0.191483981729022E-01
   0.252277814698454E+02
   0.195281028304303E-01
   0.247326683268248E+02
   0.224105387394169E-01
   0.247320317301339E+02
   0.218243470059690E-01
   0.254739719373567E+02
   0.193378445814976E-01
   0.251488238448632E+02
   0.214472762377009E-01
   0.243481310218479E+02
   0.226781095670399E-01
   0.237533779966955E+02
   0.227510351713011E-01
   0.233000220038591E+02
   0.225339588800312E-01
   0.229460991658911E+02
   0.223006316240681E-01
   0.226781889612955E+02
   0.220374006863951E-01
   0.224095783370649E+02
   0.218616766518658E-01
   0.221701506839973E+02
   0.216954574701926E-01
   0.219603380207335E+02
   0.215106395157537E-01
   0.217755278351116E+02
   0.213613584907583E-01
   0.216036547271440E+02
   0.213271048190567E-01
   0.214189432559477E+02
   0.213239806432578E-01
   0.211900189673768E+02
   0.211350986348743E-01
   0.209260587377198E+02
   0.207633038574956E-01
   0.206803722403316E+02
   0.204050338052024E-01
   0.205084852408319E+02
   0.201365674611809E-01
   0.204613005716230E+02
   0.199060292154398E-01
   0.205625226001598E+02
   0.193486581419065E-01
   0.208730380067823E+02
   0.187110231279089E-01
   0.215284002470775E+02
   0.195121232479113E-01
   0.225875608274889E+02
   0.203590600094629E-01
   0.244283942655613E+02
   0.176011621580880E-01
   0.249837774658593E+02
   0.172115981253353E-01
   0.247476910327037E+02
   0.175579567555208E-01
   0.238307919476073E+02
   0.207184673580357E-01
   0.236100470143906E+02
   0.221100313365796E-01
   0.236044748285871E+02
   0.225396958183855E-01
   0.236906469991261E+02
   0.223329224879458E-01
   0.238357785286208E+02
   0.220132166734688E-01
   0.240901346641944E+02
   0.206323398837440E-01
   0.244482934382344E+02
   0.202393486224093E-01
   0.248637106837176E+02
   0.203014288472608E-01
   0.253403621488251E+02
   0.199431538429281E-01
   0.249910908689672E+02
   0.226259324108946E-01
   0.247877531354119E+02
   0.229070421797115E-01
   0.250727943585229E+02
   0.209903471681010E-01
   0.248345047726822E+02
   0.222643909457616E-01
   0.242465639368762E+02
   0.228367987936553E-01
   0.237378111819772E+02
   0.228706901240358E-01
   0.233176217268856E+02
   0.225229424273546E-01
   0.229752652344289E+02
   0.222374819164974E-01
   0.226046065865403E+02
   0.210114473833492E-01
   0.223350132851959E+02
   0.207388835516265E-01
   0.220890428415588E+02
   0.204589768476015E-01
   0.218683510230859E+02
   0.201963928370223E-01
   0.216706012777178E+02
   0.200332490332604E-01
   0.214847083748604E+02
   0.199984795014749E-01
   0.212882534950800E+02
   0.200135302188082E-01
   0.210569502980823E+02
   0.199080741749774E-01
   0.208044085183684E+02
   0.197181368338098E-01
   0.205806958243053E+02
   0.195800403411347E-01
   0.204336647087559E+02
   0.194769284481523E-01
   0.204087606901934E+02
   0.193792227551167E-01
   0.205332080004770E+02
   0.191089570581633E-01
   0.208346967360514E+02
   0.184959065804807E-01
   0.214853045009236E+02
   0.195796049359977E-01
   0.224547166673364E+02
   0.201038105925874E-01
   0.241457965717081E+02
   0.173861459701083E-01
   0.247136686667821E+02
   0.172009651926372E-01
   0.245859151442294E+02
   0.174280983443228E-01
   0.237891129658800E+02
   0.212476840657070E-01
   0.236153418194793E+02
   0.223900226813086E-01
   0.236427711320320E+02
   0.228791193292425E-01
   0.237689657595622E+02
   0.228175416197259E-01
   0.239031286206260E+02
   0.223108714792541E-01
   0.241021553852112E+02
   0.213606929458751E-01
   0.244031601948699E+02
   0.213583837807758E-01
   0.247363494211807E+02
   0.213141030666521E-01
   0.252489029549482E+02
   0.206201682142468E-01
   0.252101884817853E+02
   0.216406376592216E-01
   0.247378918280908E+02
   0.229996052414232E-01
   0.247632334578051E+02
   0.217151013621648E-01
   0.245372766681049E+02
   0.222703730049906E-01
   0.240670898409452E+02
   0.223535649883265E-01
   0.236215587401762E+02
   0.221179079150999E-01
   0.232317350552621E+02
   0.216548276447391E-01
   0.228993102536571E+02
   0.212942694813090E-01
   0.224481103681761E+02
   0.196424171714344E-01
   0.221755185121193E+02
   0.193127446258777E-01
   0.219237641284239E+02
   0.190076801849073E-01
   0.216953394313915E+02
   0.187677400421604E-01
   0.214869992355251E+02
   0.186111093662306E-01
   0.212871034929890E+02
   0.185211110368506E-01
   0.210776126511655E+02
   0.184579214885414E-01
   0.208439786297079E+02
   0.183550859848938E-01
   0.206045185246719E+02
   0.182837761382103E-01
   0.204015394930361E+02
   0.182945426763995E-01
   0.202755621986541E+02
   0.183686759486077E-01
   0.202688619345560E+02
   0.185313518374637E-01
   0.204104497903753E+02
   0.186744945212259E-01
   0.207045372398516E+02
   0.182157083820353E-01
   0.213423101816939E+02
   0.196691291675857E-01
   0.222063988777874E+02
   0.197515502534952E-01
   0.237567129049600E+02
   0.173746261673975E-01
   0.243244360608836E+02
   0.173076508302790E-01
   0.242861079263631E+02
   0.173417012862569E-01
   0.236266291067545E+02
   0.214666610358748E-01
   0.234884462314660E+02
   0.220882186402319E-01
   0.235387454620037E+02
   0.223804049416614E-01
   0.237243565306215E+02
   0.227164290408638E-01
   0.238624810080212E+02
   0.224347574830305E-01
   0.240348813275089E+02
   0.218356328642668E-01
   0.242973091380089E+02
   0.221363505917197E-01
   0.245641010582195E+02
   0.221006784360931E-01
   0.249079194555206E+02
   0.218788680453240E-01
   0.251202062487104E+02
   0.212733843560375E-01
   0.245702844796091E+02
   0.225501164729311E-01
   0.244618068858385E+02
   0.218685364745279E-01
   0.242250433004900E+02
   0.217884206044665E-01
   0.238212030394171E+02
   0.213196442904042E-01
   0.234272988099325E+02
   0.208955969557966E-01
   0.230653302881091E+02
   0.203985523616594E-01
   0.227421075431309E+02
   0.199931291423169E-01
   0.222548980095096E+02
   0.188953335088131E-01
   0.219822076560166E+02
   0.185460174742387E-01
   0.217281768840320E+02
   0.182367073223980E-01
   0.214952702633874E+02
   0.180120068008374E-01
   0.212786519699449E+02
   0.178519234352145E-01
   0.210660409722438E+02
   0.177316185205105E-01
   0.208431334690095E+02
   0.176207605266567E-01
   0.206031586953572E+02
   0.174842470325925E-01
   0.203673668800073E+02
   0.173913840485412E-01
   0.201726885527926E+02
   0.173859122758245E-01
   0.200547032485417E+02
   0.174941679778919E-01
   0.200534159079199E+02
   0.177833064719860E-01
   0.202028113802808E+02
   0.183062365903613E-01
   0.205096531062774E+02
   0.187355887924477E-01
   0.210915880877494E+02
   0.198355569696875E-01
   0.218438158208149E+02
   0.191078176237771E-01
   0.232427955197308E+02
   0.173618070817568E-01
   0.237982021293179E+02
   0.173933718197512E-01
   0.238477313221112E+02
   0.174948085513065E-01
   0.233397918985999E+02
   0.219097920169106E-01
   0.232322982430914E+02
   0.218491090879626E-01
   0.232967061707175E+02
   0.214145003839257E-01
   0.235612567720814E+02
   0.221262136651252E-01
   0.237080697793669E+02
   0.224457152072313E-01
   0.238677317036747E+02
   0.219935168382545E-01
   0.241008509673248E+02
   0.225160175768426E-01
   0.243185634172890E+02
   0.228198419347163E-01
   0.245594478999154E+02
   0.231482078074460E-01
   0.247839305824033E+02
   0.214722768587247E-01
   0.242878786845425E+02
   0.222526353906648E-01
   0.241315631934916E+02
   0.218340267088537E-01
   0.238880538175938E+02
   0.212802979145437E-01
   0.235340112706808E+02
   0.205843838459883E-01
   0.231887729043192E+02
   0.201392208393405E-01
   0.228566335863554E+02
   0.196797527833906E-01
   0.225454946669874E+02
   0.192677423702745E-01
   0.220517330400802E+02
   0.193801039636553E-01
   0.217854476285608E+02
   0.189699616267033E-01
   0.215350876755533E+02
   0.186094614856753E-01
   0.213015429446057E+02
   0.183291406358196E-01
   0.210796481899930E+02
   0.181233505550439E-01
   0.208569878499937E+02
   0.179700730700287E-01
   0.206221218950621E+02
   0.178543767944853E-01
   0.203733470195760E+02
   0.177375628576455E-01
   0.201328338384862E+02
   0.176696081242416E-01
   0.199339951315259E+02
   0.176897130223928E-01
   0.198080858617311E+02
   0.178098350761545E-01
   0.197921754555262E+02
   0.180971963159794E-01
   0.199239052244111E+02
   0.186774400531257E-01
   0.202161953702657E+02
   0.194189255006330E-01
   0.207304041546441E+02
   0.201592144023429E-01
   0.213786001036472E+02
   0.187905552628282E-01
   0.225891731996446E+02
   0.173017098668177E-01
   0.231189333346055E+02
   0.172677641635982E-01
   0.232606540720028E+02
   0.180363080900403E-01
   0.229059111160550E+02
   0.221282825289726E-01
   0.228450666681724E+02
   0.217448781348994E-01
   0.229417945919555E+02
   0.208880599406766E-01
   0.232967618766651E+02
   0.210834077177952E-01
   0.234507967238340E+02
   0.228053443823151E-01
   0.236153823759663E+02
   0.227527052177403E-01
   0.238139178516182E+02
   0.231787079358307E-01
   0.239776782730189E+02
   0.233843608968159E-01
   0.241210618717929E+02
   0.234961407128109E-01
   0.241970911322049E+02
   0.226567286807165E-01
   0.239128679867108E+02
   0.229614535929220E-01
   0.237570356788112E+02
   0.226205161611614E-01
   0.235261407253511E+02
   0.219231221232924E-01
   0.232234870193102E+02
   0.212315993639182E-01
   0.229277288476391E+02
   0.207860565200896E-01
   0.226278622220896E+02
   0.203058390809851E-01
   0.223333148187302E+02
   0.198226078623585E-01
   0.218357047400528E+02
   0.211193577417866E-01
   0.215855336650183E+02
   0.206589259582869E-01
   0.213470812012726E+02
   0.202100378304117E-01
   0.211195854279007E+02
   0.198127472644613E-01
   0.208981256177056E+02
   0.195040186029435E-01
   0.206699365894865E+02
   0.192725276061994E-01
   0.204250336719329E+02
   0.191111025538427E-01
   0.201650243608515E+02
   0.189580519507254E-01
   0.199121126196567E+02
   0.188293330345499E-01
   0.196970579588294E+02
   0.187588025462833E-01
   0.195469653678084E+02
   0.187124466384576E-01
   0.194943380037421E+02
   0.187206724770981E-01
   0.195750372047823E+02
   0.188990503600390E-01
   0.198026195384844E+02
   0.192614709213407E-01
   0.202550192588907E+02
   0.203784863835736E-01
   0.208314792303241E+02
   0.197408871099780E-01
   0.217809331692087E+02
   0.170690087143576E-01
   0.222773881573841E+02
   0.175600045362791E-01
   0.224987158888226E+02
   0.190548551237865E-01
   0.223156339443035E+02
   0.221243971726957E-01
   0.223192922591203E+02
   0.213775540686188E-01
   0.224674832557993E+02
   0.202553285994072E-01
   0.229718342036403E+02
   0.197318162751991E-01
   0.230619107664010E+02
   0.227554446936367E-01
   0.232368794892114E+02
   0.232953159456021E-01
   0.234001982381015E+02
   0.234778014200732E-01
   0.235138482794177E+02
   0.234922177612720E-01
   0.235769277921956E+02
   0.232347772399684E-01
   0.235858095306328E+02
   0.230410309030096E-01
   0.234221817458024E+02
   0.235808466160829E-01
   0.232982671236276E+02
   0.236716670286500E-01
   0.231050565384114E+02
   0.232620617020016E-01
   0.228646483573980E+02
   0.228551178490056E-01
   0.226233702414390E+02
   0.225139654320404E-01
   0.223636641053136E+02
   0.220795337351950E-01
   0.220975052182565E+02
   0.216001876686103E-01
   0.215142059189277E+02
   0.229389291285817E-01
   0.212919359789465E+02
   0.226328777928113E-01
   0.210773450631250E+02
   0.222288039361712E-01
   0.208671674882716E+02
   0.217504152260109E-01
   0.206556129597473E+02
   0.212968180930989E-01
   0.204285935240314E+02
   0.208751497901563E-01
   0.201761879200828E+02
   0.204865438989723E-01
   0.199039189997895E+02
   0.201146223750364E-01
   0.196350988892725E+02
   0.197799659987944E-01
   0.193992661140691E+02
   0.195160187580153E-01
   0.192213901911540E+02
   0.192737274196832E-01
   0.191282473273404E+02
   0.190367473865719E-01
   0.191441156433204E+02
   0.187989340709294E-01
   0.192813832208862E+02
   0.185689304713208E-01
   0.196424753614029E+02
   0.192218218541355E-01
   0.201765746702436E+02
   0.204540430625043E-01
   0.208054467243282E+02
   0.177410905734130E-01
   0.212474900716023E+02
   0.182309902308458E-01
   0.215116998552176E+02
   0.197082275789050E-01
   0.215666239965247E+02
   0.216318998389560E-01
   0.216585717374432E+02
   0.208491122181748E-01
   0.218844528041689E+02
   0.190173627973587E-01
   0.224221684007504E+02
   0.197655423410143E-01
   0.225341148657600E+02
   0.224562042230550E-01
   0.227146729480899E+02
   0.234043359845635E-01
   0.228464418110523E+02
   0.232417398543932E-01
   0.229230291254425E+02
   0.231584433683948E-01
   0.229284587465000E+02
   0.228116491614298E-01
   0.228928945224788E+02
   0.227077225033332E-01
   0.227884835539818E+02
   0.232733797665676E-01
   0.226980658661157E+02
   0.236986029063935E-01
   0.225522643084333E+02
   0.237230667969464E-01
   0.223729006242085E+02
   0.237383788828567E-01
   0.221875621135916E+02
   0.237310680670569E-01
   0.219734843224357E+02
   0.235124975243148E-01
   0.217451820584866E+02
   0.232408812251798E-01
   0.209872927550801E+02
   0.229646025683176E-01
   0.207970847923713E+02
   0.229097850501862E-01
   0.206158962226995E+02
   0.227879492410329E-01
   0.204374224934465E+02
   0.225072323244046E-01
   0.202517691764210E+02
   0.221257095047994E-01
   0.200409999354233E+02
   0.216309283669489E-01
   0.197923425571936E+02
   0.210187152878272E-01
   0.195146187256847E+02
   0.204120727436160E-01
   0.192332016355992E+02
   0.199001791309072E-01
   0.189777488992990E+02
   0.195068766185922E-01
   0.187738358465792E+02
   0.191917221001918E-01
   0.186452292953120E+02
   0.189320060801426E-01
   0.186094847360154E+02
   0.186426788713364E-01
   0.186810139463237E+02
   0.182110452201116E-01
   0.189357893149794E+02
   0.178542526702050E-01
   0.193856575814183E+02
   0.186168475813232E-01
   0.198975515102861E+02
   0.185434071167748E-01
   0.202649047662766E+02
   0.186897955303144E-01
   0.204941805888307E+02
   0.188627571206462E-01
   0.206614244631694E+02
   0.203510985759591E-01
   0.208576489329227E+02
   0.203553752970105E-01
   0.212215386897769E+02
   0.172561838517321E-01
   0.216362148416706E+02
   0.204835101504355E-01
   0.218644336679545E+02
   0.223028332321234E-01
   0.220429162758763E+02
   0.227059597107146E-01
   0.221545017320585E+02
   0.225709555681702E-01
   0.222019907612024E+02
   0.224519704495074E-01
   0.221708045056794E+02
   0.220687202605742E-01
   0.220983909874009E+02
   0.217964164641953E-01
   0.220074335145904E+02
   0.220599522371669E-01
   0.219342096085298E+02
   0.224929432292746E-01
   0.218254827471082E+02
   0.227218937389627E-01
   0.216945105132277E+02
   0.229773144858514E-01
   0.215527902916551E+02
   0.232056657719487E-01
   0.213781028349307E+02
   0.231657703827699E-01
   0.211860227493145E+02
   0.230717034627197E-01
   0.202396296317188E+02
   0.215651769382559E-01
   0.200726952547954E+02
   0.215745591216464E-01
   0.199186770345083E+02
   0.216481909720334E-01
   0.197730963616277E+02
   0.217016652812144E-01
   0.196217488558656E+02
   0.216388068513551E-01
   0.194421333102639E+02
   0.213775652411709E-01
   0.192165286337198E+02
   0.208557750906128E-01
   0.189503301764690E+02
   0.202086686926807E-01
   0.186679568834682E+02
   0.195936798055766E-01
   0.183998905762691E+02
   0.190883544232893E-01
   0.181750307608711E+02
   0.187060589662893E-01
   0.180172391821796E+02
   0.184253262911842E-01
   0.179445870125419E+02
   0.181814557464646E-01
   0.179773650638380E+02
   0.179136148416555E-01
   0.181756088203855E+02
   0.177746046240110E-01
   0.185564711459796E+02
   0.183558645831624E-01
   0.189597710379741E+02
   0.183477073713444E-01
   0.192353598837981E+02
   0.182325028896923E-01
   0.194089851577829E+02
   0.182232341803064E-01
   0.196128512036845E+02
   0.189892487378176E-01
   0.198959636014437E+02
   0.194131095561024E-01
   0.203399802108732E+02
   0.166250680990133E-01
   0.207644465286639E+02
   0.199596125250230E-01
   0.210489673374530E+02
   0.210884324810124E-01
   0.212232938196430E+02
   0.213978769043995E-01
   0.213225022216369E+02
   0.215265736792930E-01
   0.213492987431292E+02
   0.214721407923871E-01
   0.212960480309495E+02
   0.211200950844691E-01
   0.212012628297576E+02
   0.207662119855504E-01
   0.211095833376887E+02
   0.208164194986393E-01
   0.210375481050892E+02
   0.210817412408567E-01
   0.209449925894581E+02
   0.212554718017579E-01
   0.208409597015237E+02
   0.214792961975739E-01
   0.207258903901852E+02
   0.216911811463844E-01
   0.205788010112204E+02
   0.217009686574211E-01
   0.204139035533706E+02
   0.216433816932845E-01
   0.192981668206158E+02
   0.199350663417336E-01
   0.191458526274108E+02
   0.198833578527156E-01
   0.190073314613238E+02
   0.199382318744356E-01
   0.188828240913290E+02
   0.201021800528076E-01
   0.187581689665618E+02
   0.202615288909681E-01
   0.186099144106322E+02
   0.203040917686440E-01
   0.184176087954941E+02
   0.201085623954704E-01
   0.181794340797818E+02
   0.196709269238554E-01
   0.179126114711612E+02
   0.190991007046355E-01
   0.176443161553009E+02
   0.185046729091599E-01
   0.174070981401623E+02
   0.180160536075071E-01
   0.172273917731143E+02
   0.176490999463850E-01
   0.171275396077225E+02
   0.173506225181334E-01
   0.171347532760165E+02
   0.170793034888677E-01
   0.172968846558857E+02
   0.170140568511065E-01
   0.176129076578128E+02
   0.174656927949013E-01
   0.179234862407231E+02
   0.175144342222743E-01
   0.181124701938343E+02
   0.172780167586862E-01
   0.182167394453445E+02
   0.170083269938674E-01
   0.184231748938689E+02
   0.174813444278025E-01
   0.187764692192203E+02
   0.180280376190391E-01
   0.192488221397552E+02
   0.172705386354682E-01
   0.197926042164627E+02
   0.190328079115634E-01
   0.201007127609108E+02
   0.196622569157361E-01
   0.202651061701505E+02
   0.199431849259906E-01
   0.203474724157092E+02
   0.201753365778125E-01
   0.203583012266553E+02
   0.202206544599965E-01
   0.202943877096879E+02
   0.199966474226122E-01
   0.201900992387774E+02
   0.196858692635488E-01
   0.200921960185606E+02
   0.196186792786495E-01
   0.200129279915197E+02
   0.197454713045888E-01
   0.199237805964989E+02
   0.198390128533042E-01
   0.198299874398977E+02
   0.199735634991273E-01
   0.197262018877767E+02
   0.200719485249865E-01
   0.195982532519133E+02
   0.200756759975721E-01
   0.194539334793558E+02
   0.200271305609494E-01
   0.181734027247512E+02
   0.183216039081244E-01
   0.180310325779929E+02
   0.182198704444017E-01
   0.179002994998143E+02
   0.181920492569709E-01
   0.177857764833903E+02
   0.182863901715591E-01
   0.176755963546912E+02
   0.184343097642466E-01
   0.175485562801609E+02
   0.185604700283060E-01
   0.173860465269354E+02
   0.186025698759489E-01
   0.171814728736988E+02
   0.184662773075893E-01
   0.169428610641436E+02
   0.181292028330621E-01
   0.166899821767151E+02
   0.176366087360468E-01
   0.164536449710571E+02
   0.171240422637570E-01
   0.162620876456786E+02
   0.166807122503959E-01
   0.161442164535518E+02
   0.163311451632187E-01
   0.161349799570560E+02
   0.160922206020022E-01
   0.162708536964830E+02
   0.160437715203492E-01
   0.165307386767389E+02
   0.162637674171999E-01
   0.167674906510137E+02
   0.162721977509464E-01
   0.168784381466698E+02
   0.160742177845878E-01
   0.168949677047742E+02
   0.155208624904184E-01
   0.170779346742013E+02
   0.157792630866531E-01
   0.175007565171669E+02
   0.162979732076281E-01
   0.181053404585597E+02
   0.169807541704440E-01
   0.187121966343563E+02
   0.179943359337740E-01
   0.190282602970149E+02
   0.182057814256374E-01
   0.191727253845981E+02
   0.184107356363979E-01
   0.192309774038370E+02
   0.186027403327377E-01
   0.192253611568724E+02
   0.187062532630594E-01
   0.191550861016012E+02
   0.186292351955518E-01
   0.190464704204131E+02
   0.184258388460348E-01
   0.189403485518177E+02
   0.183192758487910E-01
   0.188483077713028E+02
   0.183345210937536E-01
   0.187530440295260E+02
   0.183455980826993E-01
   0.186584340160718E+02
   0.184034024697744E-01
   0.185579301557688E+02
   0.184355139730285E-01
   0.184427785892508E+02
   0.184381318019828E-01
   0.183143758075590E+02
   0.184061977735244E-01
   0.168680181269609E+02
   0.167189867579272E-01
   0.167337500784713E+02
   0.166132522725682E-01
   0.166067338608253E+02
   0.165311328897326E-01
   0.164942478770734E+02
   0.165250878946186E-01
   0.163883327437432E+02
   0.165775351284608E-01
   0.162717756100542E+02
   0.166433532105332E-01
   0.161294024178349E+02
   0.167041182789135E-01
   0.159537749958384E+02
   0.166976339931915E-01
   0.157460576223203E+02
   0.165587286894672E-01
   0.155187661230957E+02
   0.162666902887547E-01
   0.152969489706328E+02
   0.158846301863231E-01
   0.151055734368163E+02
   0.154456949590524E-01
   0.149787905867781E+02
   0.150577527913585E-01
   0.149611714294813E+02
   0.148470867765722E-01
   0.150830507971956E+02
   0.148627142684307E-01
   0.153044468351663E+02
   0.149998122493526E-01
   0.154865290347141E+02
   0.149936231886778E-01
   0.155204394766827E+02
   0.147657071062331E-01
   0.154250835823874E+02
   0.139245766293143E-01
   0.155619743104791E+02
   0.139128601966114E-01
   0.160559169644573E+02
   0.146179274413937E-01
   0.168268069934098E+02
   0.158139469071155E-01
   0.175193740215231E+02
   0.170724700209690E-01
   0.178406094315756E+02
   0.170348151883429E-01
   0.179544144392058E+02
   0.170192151002576E-01
   0.179799284957408E+02
   0.170564006175537E-01
   0.179519612003953E+02
   0.171120057793661E-01
   0.178720506246567E+02
   0.170905071075460E-01
   0.177587320384042E+02
   0.169929078986720E-01
   0.176435509234212E+02
   0.169178445917220E-01
   0.175358860471361E+02
   0.168631746392533E-01
   0.174281921209497E+02
   0.168060302091919E-01
   0.173250409492509E+02
   0.167939346083073E-01
   0.172219593858591E+02
   0.167823613843814E-01
   0.171135696003567E+02
   0.167849454891495E-01
   0.169968978568005E+02
   0.167816165620885E-01
   0.153777643810825E+02
   0.150423217038242E-01
   0.152506668537851E+02
   0.149515428551158E-01
   0.151263283391379E+02
   0.148507792975812E-01
   0.150130275034254E+02
   0.147841437302502E-01
   0.149061898071941E+02
   0.147692312493582E-01
   0.147931412133628E+02
   0.147729414349091E-01
   0.146618082670174E+02
   0.147688566188884E-01
   0.145067901490545E+02
   0.147708287602780E-01
   0.143256455417914E+02
   0.147037086102060E-01
   0.141257235794342E+02
   0.145425901583782E-01
   0.139256607923700E+02
   0.143019729128065E-01
   0.137444989023756E+02
   0.139420453863967E-01
   0.136165837641142E+02
   0.135495076628850E-01
   0.135968895888851E+02
   0.133939245808301E-01
   0.137172036312323E+02
   0.135637023936280E-01
   0.139233554350890E+02
   0.138257270969228E-01
   0.140735510744205E+02
   0.139175749601640E-01
   0.140312591066785E+02
   0.136049289864210E-01
   0.137855780548491E+02
   0.122104034628768E-01
   0.138538072366621E+02
   0.117149892606682E-01
   0.144146892293905E+02
   0.127984812485440E-01
   0.154136860029968E+02
   0.154402666879616E-01
   0.162085059615372E+02
   0.169949519436075E-01
   0.165317627260690E+02
   0.165780582326530E-01
   0.166056731534385E+02
   0.160872223217980E-01
   0.165930312410904E+02
   0.158202321090344E-01
   0.165367959943152E+02
   0.156965060717253E-01
   0.164405496140103E+02
   0.155884201367808E-01
   0.163170057617530E+02
   0.154715222823949E-01
   0.161899220693174E+02
   0.154058222415036E-01
   0.160653331636051E+02
   0.153158199175848E-01
   0.159417410017638E+02
   0.152103551376030E-01
   0.158250387692374E+02
   0.151417678732954E-01
   0.157146871450020E+02
   0.151007041225035E-01
   0.156072062862485E+02
   0.150883045642705E-01
   0.154973564992511E+02
   0.150868594020262E-01
   0.136918821361828E+02
   0.136585421020912E-01
   0.135706905432344E+02
   0.135558882973462E-01
   0.134494828160546E+02
   0.134375133470739E-01
   0.133368250108706E+02
   0.133461999532182E-01
   0.132281703492944E+02
   0.132822789108280E-01
   0.131157342728108E+02
   0.132357445244996E-01
   0.129907313368216E+02
   0.131761298638395E-01
   0.128493526097252E+02
   0.131288405999756E-01
   0.126889316580902E+02
   0.130660760673228E-01
   0.125134522643298E+02
   0.129798895078325E-01
   0.123370136017830E+02
   0.129177731990959E-01
   0.121733534689798E+02
   0.128125452486612E-01
   0.120515863629238E+02
   0.126214119659730E-01
   0.120287827315266E+02
   0.125339018044732E-01
   0.121492111799759E+02
   0.127379304100776E-01
   0.123613777881858E+02
   0.131352493082321E-01
   0.125072975512836E+02
   0.133421431361324E-01
   0.124039835756732E+02
   0.129636507238156E-01
   0.119519940556390E+02
   0.960072050624143E-02
   0.119410098984589E+02
   0.898360046059933E-02
   0.125369646196159E+02
   0.103033393013506E-01
   0.137385256750059E+02
   0.146726309386712E-01
   0.146636221680571E+02
   0.169727551344329E-01
   0.150305686054388E+02
   0.168452227977508E-01
   0.150882072760636E+02
   0.161237103251472E-01
   0.150439540621284E+02
   0.156050153713362E-01
   0.149592466956650E+02
   0.152508811782028E-01
   0.148407907875688E+02
   0.149537051916044E-01
   0.147009233480599E+02
   0.146734976723734E-01
   0.145583877451867E+02
   0.144505945271027E-01
   0.144169742084051E+02
   0.142449706553811E-01
   0.142775460040778E+02
   0.140536288866413E-01
   0.141453302220100E+02
   0.139069911865145E-01
   0.140244537220388E+02
   0.138111590181043E-01
   0.139131529881080E+02
   0.137587514302934E-01
   0.138054227390670E+02
   0.137228993641858E-01
   0.117821748200892E+02
   0.126764661752257E-01
   0.116650477164471E+02
   0.125936011271161E-01
   0.115468985919307E+02
   0.124973207712835E-01
   0.114361706620754E+02
   0.123974932148051E-01
   0.113273213395320E+02
   0.123078542672046E-01
   0.112166722251289E+02
   0.122360395461489E-01
   0.110987677136736E+02
   0.121704094733788E-01
   0.109702634414707E+02
   0.121133282590303E-01
   0.108289673434752E+02
   0.120782255369691E-01
   0.106743078682460E+02
   0.120248592958278E-01
   0.105161200735059E+02
   0.119649184022664E-01
   0.103674003057530E+02
   0.118809635384832E-01
   0.102541137337892E+02
   0.117283291963959E-01
   0.102296695108700E+02
   0.116279001879873E-01
   0.103473102255017E+02
   0.117749456163642E-01
   0.105744524441662E+02
   0.122509359994775E-01
   0.107467457149282E+02
   0.127144858937775E-01
   0.106322834168742E+02
   0.124470104666980E-01
   0.100192399450686E+02
   0.865801184211042E-02
   0.992268252466295E+01
   0.776605612034860E-02
   0.104800020677425E+02
   0.864203497546142E-02
   0.117604778659662E+02
   0.136206578934629E-01
   0.127249257525477E+02
   0.158651083022122E-01
   0.131594132921322E+02
   0.162498173658324E-01
   0.132663757083423E+02
   0.158307911011071E-01
   0.132416813500228E+02
   0.154205134774663E-01
   0.131561766970930E+02
   0.149941331427376E-01
   0.130284496359914E+02
   0.145406841376638E-01
   0.128755488134448E+02
   0.141113471754818E-01
   0.127192443389213E+02
   0.137649429727109E-01
   0.125623226109845E+02
   0.134711340921945E-01
   0.124091161057686E+02
   0.132405501469539E-01
   0.122595002764914E+02
   0.130288004298182E-01
   0.121240008157298E+02
   0.128737299078268E-01
   0.120031890838652E+02
   0.127763044809001E-01
   0.118927899426206E+02
   0.127253833648095E-01
   0.962062505133047E+01
   0.116963732642278E-01
   0.950054842040364E+01
   0.115827431073848E-01
   0.938139054695809E+01
   0.114659375740023E-01
   0.927658520373140E+01
   0.113982823129515E-01
   0.916976704514462E+01
   0.113154065806027E-01
   0.906171553423165E+01
   0.112425892227703E-01
   0.895148156466174E+01
   0.111839975732545E-01
   0.883700707760736E+01
   0.111383980482777E-01
   0.871520418395247E+01
   0.111032005182471E-01
   0.858454682250473E+01
   0.110658912369285E-01
   0.845283087160416E+01
   0.110273344957572E-01
   0.833067415336834E+01
   0.109709126451912E-01
   0.823967476990634E+01
   0.108801497582067E-01
   0.822272116719844E+01
   0.108251483479827E-01
   0.833013212891305E+01
   0.109245906556699E-01
   0.855823998293222E+01
   0.113374147803806E-01
   0.875933444748088E+01
   0.119644803531186E-01
   0.870739202805220E+01
   0.122332888315707E-01
   0.804024322465598E+01
   0.840444584855823E-02
   0.787850216059578E+01
   0.758335820793261E-02
   0.831211877789843E+01
   0.815903865221696E-02
   0.941988194940721E+01
   0.115587170104218E-01
   0.102783828970559E+02
   0.132151870869861E-01
   0.107478317653349E+02
   0.139652831598444E-01
   0.109432497953928E+02
   0.140762821598434E-01
   0.109991583624420E+02
   0.140981804577751E-01
   0.109773815931606E+02
   0.140084371209004E-01
   0.108977222661286E+02
   0.137621260068301E-01
   0.107747874912707E+02
   0.134547100604953E-01
   0.106278972684996E+02
   0.131209827361796E-01
   0.104668490875814E+02
   0.127900580549976E-01
   0.103016765396663E+02
   0.125079901573687E-01
   0.101399483251850E+02
   0.122583050505687E-01
   0.999139983874471E+01
   0.120560521854023E-01
   0.985695735800607E+01
   0.119006933899683E-01
   0.973670869192151E+01
   0.117911324732119E-01
   0.719238660046639E+01
   0.106989796528127E-01
   0.707331746059740E+01
   0.105808314691272E-01
   0.695630932422161E+01
   0.104655498743304E-01
   0.684591329917820E+01
   0.103588187413756E-01
   0.673661676361333E+01
   0.102510552652530E-01
   0.663061134453447E+01
   0.101715505446658E-01
   0.652891273470288E+01
   0.101198868562292E-01
   0.643015555609368E+01
   0.100967814753946E-01
   0.633032243714540E+01
   0.100799321240431E-01
   0.622659792942034E+01
   0.100668405105789E-01
   0.612857933143438E+01
   0.100607507565363E-01
   0.604330886301289E+01
   0.100484787648795E-01
   0.598707885979929E+01
   0.100272158542435E-01
   0.598788827579572E+01
   0.100238106243812E-01
   0.607995057467438E+01
   0.100993060915246E-01
   0.627491741906130E+01
   0.103762675621147E-01
   0.647595835747049E+01
   0.109107303807065E-01
   0.651847918352337E+01
   0.116209000980796E-01
   0.607064745228083E+01
   0.958614221723959E-02
   0.587716276185008E+01
   0.905168854330823E-02
   0.607806849051780E+01
   0.870286759753233E-02
   0.672018175978099E+01
   0.946561428452064E-02
   0.732219668697433E+01
   0.100193093360681E-01
   0.775413603371783E+01
   0.106300702103071E-01
   0.801528214120026E+01
   0.110669469230052E-01
   0.815948988744061E+01
   0.114174625343092E-01
   0.823908519959574E+01
   0.117404228100572E-01
   0.825420355725680E+01
   0.119153196174264E-01
   0.820671273543779E+01
   0.119291452326168E-01
   0.811617103821943E+01
   0.118379645154806E-01
   0.799121410357521E+01
   0.116514335336853E-01
   0.784683795053226E+01
   0.114431657628042E-01
   0.769810942293549E+01
   0.112342880243957E-01
   0.755821966137544E+01
   0.110613256742204E-01
   0.742505582922181E+01
   0.109050370245823E-01
   0.730645534010789E+01
   0.107952950342438E-01
   0.433396956558719E+01
   0.930079655904213E-02
   0.422728942749724E+01
   0.921690134960204E-02
   0.412640188035999E+01
   0.914609961941967E-02
   0.402839050298375E+01
   0.907531887906809E-02
   0.393080635554381E+01
   0.899801660607991E-02
   0.383731566755004E+01
   0.893499779648500E-02
   0.375124652687461E+01
   0.889711958030264E-02
   0.367147730357849E+01
   0.888401258664322E-02
   0.359444801100307E+01
   0.887872811996816E-02
   0.351467141748920E+01
   0.885151491740801E-02
   0.345336635306718E+01
   0.885903056189538E-02
   0.341046827814599E+01
   0.887443065929034E-02
   0.339377664848243E+01
   0.889549863652994E-02
   0.341766120383856E+01
   0.893053009378005E-02
   0.349554337016766E+01
   0.899190087516982E-02
   0.363066385805762E+01
   0.915175265633219E-02
   0.377718314050447E+01
   0.946542680753787E-02
   0.381204956058942E+01
   0.984170476396568E-02
   0.357172298599059E+01
   0.911358500549716E-02
   0.339043989219727E+01
   0.853069645314975E-02
   0.341613175541699E+01
   0.801552034163066E-02
   0.369046229903523E+01
   0.791146755627219E-02
   0.403186779232602E+01
   0.796743966464274E-02
   0.434267851789643E+01
   0.821846830406731E-02
   0.457671103431647E+01
   0.847965795767812E-02
   0.474912367683488E+01
   0.875018002779289E-02
   0.488581893317187E+01
   0.908394251236566E-02
   0.497739951608051E+01
   0.938672192350355E-02
   0.501428773259083E+01
   0.959623890125079E-02
   0.499703306508261E+01
   0.968465846690800E-02
   0.493334484297531E+01
   0.966514831619416E-02
   0.483770168451100E+01
   0.958265574025192E-02
   0.472932604911616E+01
   0.948566150631474E-02
   0.462795140357732E+01
   0.943139510323822E-02
   0.452844414145812E+01
   0.938751219303027E-02
   0.443091943454605E+01
   0.934353277669253E-02
   0.786165417691760E+00
   0.728269931135494E-02
   0.719419342223599E+00
   0.727889173909345E-02
   0.649599143459692E+00
   0.726032150716799E-02
   0.577065402590671E+00
   0.723046058950303E-02
   0.502525664045096E+00
   0.718582726222691E-02
   0.431828286440835E+00
   0.713933907956981E-02
   0.369433518692155E+00
   0.710493673097188E-02
   0.313544964814523E+00
   0.708113730599325E-02
   0.262400403775240E+00
   0.705999297884319E-02
   0.222549940017863E+00
   0.704749017207728E-02
   0.203721343989879E+00
   0.706103668036382E-02
   0.202386427575895E+00
   0.708048789357194E-02
   0.219885026148675E+00
   0.710493697172707E-02
   0.259995759430676E+00
   0.713572697829462E-02
   0.323557246837474E+00
   0.718007253846307E-02
   0.403522988261049E+00
   0.726833663824100E-02
   0.484391469002751E+00
   0.747036655251291E-02
   0.501618969448010E+00
   0.768314777849446E-02
   0.376656891223512E+00
   0.741660981219263E-02
   0.230178546747559E+00
   0.703952092549710E-02
   0.158685394172489E+00
   0.667356778174875E-02
   0.220790277506977E+00
   0.646638504921474E-02
   0.353902663966847E+00
   0.635861478099274E-02
   0.510526959718978E+00
   0.634366248130874E-02
   0.657972842913492E+00
   0.637454664844442E-02
   0.791832327923795E+00
   0.644781067938683E-02
   0.916821724608386E+00
   0.659709432795859E-02
   0.102549497104742E+01
   0.680427125593583E-02
   0.110313486446400E+01
   0.701277582165425E-02
   0.113890722415504E+01
   0.716013870394621E-02
   0.113408411147363E+01
   0.723739611824083E-02
   0.109778823868872E+01
   0.726497192581390E-02
   0.104189119946220E+01
   0.726067744547035E-02
   0.982432578691816E+00
   0.726761600943439E-02
   0.920703651903061E+00
   0.727917720616293E-02
   0.851982070167843E+00
   0.727642413807636E-02
  -0.376209769186733E+01
   0.489564200930053E-02
  -0.379087349706846E+01
   0.490967847667807E-02
  -0.382462998291947E+01
   0.490303984286301E-02
  -0.386217166519052E+01
   0.487800507312455E-02
  -0.390113206800794E+01
   0.483840417323493E-02
  -0.393259146505972E+01
   0.479664984684784E-02
  -0.395292173977463E+01
   0.476299492050316E-02
  -0.396072660744822E+01
   0.474454155082938E-02
  -0.395698217171271E+01
   0.473822965846899E-02
  -0.394145456457244E+01
   0.474187439814101E-02
  -0.391495859446276E+01
   0.474753557758109E-02
  -0.388128969025311E+01
   0.475445753083601E-02
  -0.384195236483348E+01
   0.476887432324645E-02
  -0.379714803824252E+01
   0.479830329439841E-02
  -0.375224320761014E+01
   0.484473086267227E-02
  -0.371543802700728E+01
   0.491981065224374E-02
  -0.369970618652969E+01
   0.503073122675763E-02
  -0.372678508376054E+01
   0.513719967485542E-02
  -0.380734475681984E+01
   0.514155919996946E-02
  -0.391330292460450E+01
   0.504007667899307E-02
  -0.400630233680170E+01
   0.487400264569500E-02
  -0.406029512506255E+01
   0.469399681584957E-02
  -0.407331934770941E+01
   0.453522198436695E-02
  -0.404971137242338E+01
   0.442362125504322E-02
  -0.399846383894171E+01
   0.437232233709541E-02
  -0.392680450680215E+01
   0.438794656617535E-02
  -0.384302299484655E+01
   0.446157239637380E-02
  -0.376151817000502E+01
   0.456842393026198E-02
  -0.369550329178756E+01
   0.468140940106911E-02
  -0.365418072171673E+01
   0.477096089284145E-02
  -0.363980522612084E+01
   0.481964410371872E-02
  -0.364723722009681E+01
   0.483469179717826E-02
  -0.366733828281161E+01
   0.483491144452254E-02
  -0.369118514123564E+01
   0.483989362646705E-02
  -0.371453636814433E+01
   0.485267450396647E-02
  -0.373735179052076E+01
   0.487183229991433E-02
  -0.998691712623059E+01
   0.274386264664001E-02
  -0.992982825552806E+01
   0.276913220429122E-02
  -0.988035498662845E+01
   0.278073756870329E-02
  -0.983342786697756E+01
   0.278317518715955E-02
  -0.977288619106608E+01
   0.279557899930505E-02
  -0.969243932448727E+01
   0.282400110231758E-02
  -0.958651099021413E+01
   0.287400858312247E-02
  -0.945036164693691E+01
   0.295077661467550E-02
  -0.930654213155563E+01
   0.303339871789698E-02
  -0.916023030794292E+01
   0.311883625591126E-02
  -0.902017093126689E+01
   0.320142781629544E-02
  -0.889838592131184E+01
   0.327614692218133E-02
  -0.878525301953619E+01
   0.336115681757343E-02
  -0.872499728930650E+01
   0.340444095650939E-02
  -0.871763938264886E+01
   0.341176375474839E-02
  -0.876745438728982E+01
   0.338250433047918E-02
  -0.888307490934331E+01
   0.330891631654646E-02
  -0.907701882585574E+01
   0.317491720430805E-02
  -0.928792868506495E+01
   0.305002655769944E-02
  -0.951003657742533E+01
   0.292937969678706E-02
  -0.973100458829690E+01
   0.281363984782524E-02
  -0.994706491372503E+01
   0.269429897377136E-02
  -0.101486323187964E+02
   0.257570231920961E-02
  -0.102858550636858E+02
   0.249971309562419E-02
  -0.103661084838281E+02
   0.245969825728838E-02
  -0.104002588535702E+02
   0.244787223597435E-02
  -0.104020418742564E+02
   0.245499959863228E-02
  -0.103863878223223E+02
   0.247112153789769E-02
  -0.103634734018837E+02
   0.248960881460293E-02
  -0.103405259696067E+02
   0.250561980900769E-02
  -0.103187608591900E+02
   0.251885240739541E-02
  -0.102946312854977E+02
   0.253285851953681E-02
  -0.102641987459076E+02
   0.255152046388089E-02
  -0.102204435501587E+02
   0.258103274016770E-02
  -0.101551393829800E+02
   0.262789429999210E-02
  -0.100592725913620E+02
   0.269886437762256E-02
