   0.509736450594314E+01
   0.519339185723549E-02
   0.393757586236376E+01
   0.494631007131997E-02
   0.319009002032866E+01
   0.475474987042754E-02
   0.277173094515176E+01
   0.461680733911208E-02
   0.269950609827530E+01
   0.453550575085338E-02
   0.309994192628890E+01
   0.451643210656871E-02
   0.259576509499836E+01
   0.456607603962822E-02
   0.263550383875900E+01
   0.468859946726163E-02
   0.318577104125422E+01
   0.488493072450555E-02
   0.423714729866912E+01
   0.515148822071266E-02
   0.582030784441276E+01
   0.548154141816857E-02
   0.813056756485714E+01
   0.586296025863104E-02
   0.114459900761295E+02
   0.628276498361146E-02
   0.143452146018613E+02
   0.671886192698729E-02
   0.169504874772783E+02
   0.714848223472450E-02
   0.192908603881027E+02
   0.755337824460197E-02
   0.212760406106585E+02
   0.792060058803541E-02
   0.228853895850636E+02
   0.824186001822569E-02
   0.241362346562457E+02
   0.851245946427403E-02
   0.250641289368087E+02
   0.873253980152110E-02
   0.257096166097361E+02
   0.890684844284235E-02
   0.261078220576441E+02
   0.903841254370801E-02
   0.262797840098862E+02
   0.912664911402730E-02
   0.262263512045299E+02
   0.916718484316411E-02
   0.259283344551361E+02
   0.915215504432087E-02
   0.253518818515572E+02
   0.907415379970104E-02
   0.244515221016204E+02
   0.892971885576349E-02
   0.231693768606775E+02
   0.871671443363017E-02
   0.214321732014295E+02
   0.843389117860620E-02
   0.191485589772372E+02
   0.808351584984708E-02
   0.162094148793200E+02
   0.767423629903681E-02
   0.124909108336033E+02
   0.722230269271971E-02
   0.962426858187107E+01
   0.675173138812671E-02
   0.753121598588727E+01
   0.629126042094299E-02
   0.611459522374332E+01
   0.586818240023380E-02
   0.531110207244005E+01
   0.550043265053787E-02
   0.851352221391869E+01
   0.662212877069479E-02
   0.907837659753796E+01
   0.638258743703319E-02
   0.886007561055172E+01
   0.617225071844729E-02
   0.805081178584514E+01
   0.595957173938398E-02
   0.649549675874731E+01
   0.579676370308687E-02
   0.579083515651042E+01
   0.572305549381091E-02
   0.556487081493920E+01
   0.572774730019577E-02
   0.579824763922646E+01
   0.582554171480217E-02
   0.654186555813532E+01
   0.599952363206076E-02
   0.796983390251008E+01
   0.622651869743161E-02
   0.824391555327366E+01
   0.654114504846675E-02
   0.910451542295555E+01
   0.690640060380557E-02
   0.106346124745767E+02
   0.745320369462527E-02
   0.127589571278321E+02
   0.808153526874202E-02
   0.156269376026285E+02
   0.868678359219729E-02
   0.195811762899116E+02
   0.924739467373181E-02
   0.222904178199593E+02
   0.975414097931519E-02
   0.240946985988014E+02
   0.101876081976028E-01
   0.252422914241705E+02
   0.104993315567765E-01
   0.259284953571922E+02
   0.106793775349454E-01
   0.263221441947049E+02
   0.108350875606300E-01
   0.265665127566765E+02
   0.110007387566691E-01
   0.267588477121490E+02
   0.111790122377712E-01
   0.268990758073391E+02
   0.113599594365768E-01
   0.269019900009954E+02
   0.114663198021870E-01
   0.266917940387863E+02
   0.114327654062092E-01
   0.262229359880583E+02
   0.113089835968198E-01
   0.254609308587561E+02
   0.111119836708841E-01
   0.243495475829450E+02
   0.108180751545781E-01
   0.227755769802622E+02
   0.104001053274779E-01
   0.205733199463169E+02
   0.985273864631881E-02
   0.175745697316123E+02
   0.920926457205694E-02
   0.136486462405665E+02
   0.849602741735380E-02
   0.111269282122396E+02
   0.782111266439147E-02
   0.957508973177341E+01
   0.728364251457423E-02
   0.872940669188765E+01
   0.690643459777110E-02
   0.111269098541878E+02
   0.863926702060855E-02
   0.107517139244337E+02
   0.840404149245277E-02
   0.102703770785582E+02
   0.816989413941405E-02
   0.962559398321025E+01
   0.776925433677306E-02
   0.891446026613571E+01
   0.736883078248228E-02
   0.850485972688824E+01
   0.728381433137300E-02
   0.839652497268582E+01
   0.738284643813124E-02
   0.858968566120953E+01
   0.760049182491724E-02
   0.907397353218177E+01
   0.784787643495472E-02
   0.992968461344608E+01
   0.816607722889673E-02
   0.112952485656843E+02
   0.845076440321616E-02
   0.116239294687365E+02
   0.819887560800266E-02
   0.131521554794010E+02
   0.887223169632309E-02
   0.152452991767133E+02
   0.965475609892116E-02
   0.179354856134883E+02
   0.102014376386095E-01
   0.216342500342416E+02
   0.107576511229176E-01
   0.239483520628833E+02
   0.113680342042842E-01
   0.253314139740147E+02
   0.120164349624541E-01
   0.260370127565235E+02
   0.123921034717403E-01
   0.262658527916898E+02
   0.122335659277868E-01
   0.262356672281127E+02
   0.122857315970898E-01
   0.261908810494913E+02
   0.124713152439838E-01
   0.263964833341332E+02
   0.127357331937304E-01
   0.268214539869238E+02
   0.132296517844267E-01
   0.271120236906598E+02
   0.135931146753264E-01
   0.271218777264569E+02
   0.134175685576576E-01
   0.268465559565547E+02
   0.132347914193835E-01
   0.263401329923586E+02
   0.130947901787455E-01
   0.256408266685548E+02
   0.128488807557036E-01
   0.246098195014664E+02
   0.123890963985506E-01
   0.229209224294625E+02
   0.116886543090480E-01
   0.202735468219613E+02
   0.109934071565887E-01
   0.163759460139234E+02
   0.101079156432452E-01
   0.139628497084951E+02
   0.939554507850874E-02
   0.125467694277188E+02
   0.903189329966595E-02
   0.116864194386235E+02
   0.888917806843413E-02
   0.139627429755073E+02
   0.111203375455708E-01
   0.134067799040270E+02
   0.107245942452939E-01
   0.128400934290832E+02
   0.103265518639699E-01
   0.122543163410747E+02
   0.993913259166291E-02
   0.116899252619761E+02
   0.950004940654154E-02
   0.113213042294023E+02
   0.929785012251014E-02
   0.111848352032474E+02
   0.936134472136592E-02
   0.112513721219429E+02
   0.951211348261199E-02
   0.115022574601185E+02
   0.963753744233876E-02
   0.119639517400494E+02
   0.964604567745533E-02
   0.126932117768044E+02
   0.974823495414455E-02
   0.137716205342049E+02
   0.946910474558222E-02
   0.165171379000982E+02
   0.104501719368870E-01
   0.189208726157355E+02
   0.108692032392398E-01
   0.212957760971372E+02
   0.111443169886895E-01
   0.236516783266550E+02
   0.115857263117979E-01
   0.253232009776121E+02
   0.121567433028685E-01
   0.262292629473238E+02
   0.127181203300052E-01
   0.264878519319317E+02
   0.130405285140292E-01
   0.262414550601952E+02
   0.131137626888154E-01
   0.256958242964817E+02
   0.132785029087177E-01
   0.251756871464198E+02
   0.133899934725612E-01
   0.254272369349290E+02
   0.136273688057865E-01
   0.264218414303510E+02
   0.146461272702067E-01
   0.270375120069866E+02
   0.149562567648631E-01
   0.271788991625355E+02
   0.146280820283402E-01
   0.269332878027789E+02
   0.147802313709694E-01
   0.264938051354157E+02
   0.144327022201489E-01
   0.261478286591382E+02
   0.141296639769628E-01
   0.257491302525865E+02
   0.137961238605287E-01
   0.246262894393616E+02
   0.132729526952856E-01
   0.223949778435476E+02
   0.126499420882427E-01
   0.187636924865635E+02
   0.119728682022351E-01
   0.166116456410456E+02
   0.115630362889019E-01
   0.153740973702094E+02
   0.114238555294721E-01
   0.145770606746933E+02
   0.113106814060603E-01
   0.165038145300033E+02
   0.136632665273937E-01
   0.159035529185422E+02
   0.130754093008262E-01
   0.153165723704587E+02
   0.124561564589807E-01
   0.147702856050095E+02
   0.119690978028857E-01
   0.142831933050435E+02
   0.115426900907070E-01
   0.139270750611994E+02
   0.112669867888198E-01
   0.137293038383515E+02
   0.111780346431144E-01
   0.136745244348484E+02
   0.111681395229062E-01
   0.137522187973127E+02
   0.111315682476151E-01
   0.139913845077939E+02
   0.110242357292098E-01
   0.144690204098755E+02
   0.107692134613823E-01
   0.154840186982118E+02
   0.106286782401255E-01
   0.181245059358354E+02
   0.115302944283999E-01
   0.206688316225552E+02
   0.117019007499526E-01
   0.229052339849883E+02
   0.118294552052302E-01
   0.248992505989136E+02
   0.122720200157300E-01
   0.262479804968286E+02
   0.129494171871980E-01
   0.267794813529654E+02
   0.135762883472538E-01
   0.266521065795238E+02
   0.138061533136880E-01
   0.259437580815433E+02
   0.137565299119746E-01
   0.248158373810129E+02
   0.140824071187697E-01
   0.234576861369112E+02
   0.139140245995071E-01
   0.237670597675469E+02
   0.144546083531825E-01
   0.259016892008016E+02
   0.158025367315482E-01
   0.268087499411492E+02
   0.154881212428468E-01
   0.269889629803140E+02
   0.156398592146694E-01
   0.266160593525615E+02
   0.158675545553970E-01
   0.260191205721855E+02
   0.154427258415165E-01
   0.259962003847371E+02
   0.148918853469898E-01
   0.264602933141828E+02
   0.147245306796424E-01
   0.259419461222421E+02
   0.142848691628250E-01
   0.241179932172495E+02
   0.138813048655570E-01
   0.207509872383197E+02
   0.136189325681553E-01
   0.188628164983273E+02
   0.134547150267395E-01
   0.178166281647043E+02
   0.138029983061047E-01
   0.171152491577990E+02
   0.139719683825307E-01
   0.186515789153558E+02
   0.157694962746141E-01
   0.180475513574858E+02
   0.149468892980593E-01
   0.174797929711161E+02
   0.141864053371784E-01
   0.169814658468953E+02
   0.136516622619386E-01
   0.165552367666888E+02
   0.132662190131838E-01
   0.162200189453339E+02
   0.129728679120073E-01
   0.159859561536508E+02
   0.127633027734744E-01
   0.158487820524734E+02
   0.126055312008863E-01
   0.158112512710064E+02
   0.124462346669530E-01
   0.159097119087692E+02
   0.123240411455055E-01
   0.162122321357005E+02
   0.121795564129774E-01
   0.169288068401180E+02
   0.118646964253093E-01
   0.186456383693792E+02
   0.120435969008020E-01
   0.215115713764321E+02
   0.124992015490750E-01
   0.236716875708319E+02
   0.125386357682507E-01
   0.256297168811097E+02
   0.130947648034040E-01
   0.268451082872549E+02
   0.139467956906502E-01
   0.270344643518772E+02
   0.146209528546224E-01
   0.265838778680404E+02
   0.145294844234870E-01
   0.254490001663593E+02
   0.146868279292115E-01
   0.237749368390457E+02
   0.148529467548440E-01
   0.229325027941032E+02
   0.148761418597059E-01
   0.233302055751547E+02
   0.152439272139370E-01
   0.255750698707358E+02
   0.162290568242509E-01
   0.264959159710368E+02
   0.161220936986816E-01
   0.266277477344506E+02
   0.165480343261871E-01
   0.259966118293072E+02
   0.165620866192967E-01
   0.249110742161188E+02
   0.159952261323841E-01
   0.251705412103969E+02
   0.152886193538869E-01
   0.269479257516494E+02
   0.152376200720261E-01
   0.270108535833791E+02
   0.150378644070986E-01
   0.255516222257914E+02
   0.148963439575980E-01
   0.224273167613823E+02
   0.152621939335274E-01
   0.207904774470071E+02
   0.155641454877240E-01
   0.199046676664544E+02
   0.163054429214901E-01
   0.192593197336932E+02
   0.163278401072314E-01
   0.204177799355222E+02
   0.172072926182855E-01
   0.198399610924251E+02
   0.162660731617083E-01
   0.193208715427904E+02
   0.155196532315098E-01
   0.188819416327535E+02
   0.150426464016585E-01
   0.185118045302910E+02
   0.147206356204647E-01
   0.182052456005174E+02
   0.144468495429540E-01
   0.179600622493048E+02
   0.141795423768549E-01
   0.177767781656644E+02
   0.139315253630048E-01
   0.176683090493512E+02
   0.137359323923156E-01
   0.176720915289488E+02
   0.136709376341358E-01
   0.178356429513736E+02
   0.136344727963620E-01
   0.182887151636328E+02
   0.132491299300695E-01
   0.194203363549830E+02
   0.126930004555190E-01
   0.218672690406131E+02
   0.128698680670773E-01
   0.238433645392616E+02
   0.132370300382096E-01
   0.259860480653802E+02
   0.137477298094862E-01
   0.272074893013980E+02
   0.151539497680720E-01
   0.269951938291694E+02
   0.159335370417788E-01
   0.263013348709789E+02
   0.156308618170831E-01
   0.247610795544240E+02
   0.157434518872232E-01
   0.236720201700778E+02
   0.161011048971343E-01
   0.231661930319663E+02
   0.163065552302440E-01
   0.234766481849007E+02
   0.161202855078626E-01
   0.252626140232869E+02
   0.165643056311483E-01
   0.260366342958319E+02
   0.167754112639542E-01
   0.261194687539642E+02
   0.169259884737514E-01
   0.251689379727842E+02
   0.169959205172065E-01
   0.246454964875564E+02
   0.165123985599994E-01
   0.251712840550630E+02
   0.158598424864058E-01
   0.274364057233498E+02
   0.152476404689307E-01
   0.278914925185908E+02
   0.154562644134435E-01
   0.267384279746368E+02
   0.157763885918827E-01
   0.238452749263365E+02
   0.168831969761854E-01
   0.224323520556921E+02
   0.178984470309657E-01
   0.216362024679381E+02
   0.184698698358763E-01
   0.210148892350033E+02
   0.180463405497121E-01
   0.218628699503542E+02
   0.182314900506354E-01
   0.213384768803912E+02
   0.174558881909622E-01
   0.208824920485757E+02
   0.169081955337338E-01
   0.205033964040687E+02
   0.165863933025757E-01
   0.201822463361769E+02
   0.163060166175005E-01
   0.199068622338283E+02
   0.160278740709291E-01
   0.196677602782560E+02
   0.157146564538426E-01
   0.194646121755912E+02
   0.154030759074550E-01
   0.193125388537480E+02
   0.151600681025009E-01
   0.192439955998288E+02
   0.150931146348201E-01
   0.192923512961718E+02
   0.150836962106574E-01
   0.195334531120867E+02
   0.145935620787815E-01
   0.202228245847086E+02
   0.137477721255591E-01
   0.217659077816517E+02
   0.133055221327377E-01
   0.234535342433745E+02
   0.140953038164177E-01
   0.260642501647141E+02
   0.145334141921823E-01
   0.274301817774420E+02
   0.164332659507646E-01
   0.266291370558018E+02
   0.176482174332552E-01
   0.258248787811271E+02
   0.171400139213141E-01
   0.248247968859941E+02
   0.169288351113542E-01
   0.240920851634650E+02
   0.179088688258184E-01
   0.237366565023881E+02
   0.179689037813732E-01
   0.238890662382524E+02
   0.172364484318916E-01
   0.247798794699834E+02
   0.167917037582441E-01
   0.253600816360961E+02
   0.169958358066741E-01
   0.254922532371200E+02
   0.174385897544228E-01
   0.251040389565178E+02
   0.176751145918840E-01
   0.249170273985675E+02
   0.176462807482496E-01
   0.255132788149564E+02
   0.167085133438639E-01
   0.278610971303402E+02
   0.151246151830243E-01
   0.285891058825386E+02
   0.158572094990003E-01
   0.276993184482753E+02
   0.166660794583936E-01
   0.250551532355364E+02
   0.187753147330603E-01
   0.237902940495259E+02
   0.198281611860513E-01
   0.230197683411853E+02
   0.195899940605585E-01
   0.224236826400076E+02
   0.190314055907626E-01
   0.230503205281784E+02
   0.195106486791813E-01
   0.225899263916629E+02
   0.190519462944691E-01
   0.221925943492556E+02
   0.186817267968317E-01
   0.218638373884332E+02
   0.184536868640529E-01
   0.215864587535155E+02
   0.182372128724389E-01
   0.213447790170883E+02
   0.180245201810357E-01
   0.211237325918863E+02
   0.177843878222061E-01
   0.209164156734584E+02
   0.175310633760472E-01
   0.207337557113435E+02
   0.172992634613247E-01
   0.205977017892943E+02
   0.170535028464066E-01
   0.205417094986491E+02
   0.167144180894101E-01
   0.206307980275121E+02
   0.159466016844845E-01
   0.210448801811375E+02
   0.150543869541345E-01
   0.221314155037225E+02
   0.143990224798677E-01
   0.234674186833995E+02
   0.144291444152650E-01
   0.259475799880019E+02
   0.145914237339482E-01
   0.276381349562716E+02
   0.172058465784348E-01
   0.268360836664984E+02
   0.193904219765608E-01
   0.260066576700649E+02
   0.186407853560381E-01
   0.253390082848681E+02
   0.180675425666619E-01
   0.246991112330764E+02
   0.192188624429747E-01
   0.243930545727193E+02
   0.191064773721471E-01
   0.244534998506808E+02
   0.183645464920231E-01
   0.249398402929340E+02
   0.180498953275163E-01
   0.254249645672308E+02
   0.180302160320282E-01
   0.256064341780984E+02
   0.185729009171930E-01
   0.254731208266871E+02
   0.188252412980048E-01
   0.254225510224671E+02
   0.187943380589451E-01
   0.259441410801364E+02
   0.174937534729360E-01
   0.281402206273096E+02
   0.153380160647350E-01
   0.291014684549007E+02
   0.165224059253269E-01
   0.284448059746526E+02
   0.176973140583741E-01
   0.260431361249924E+02
   0.205961912362873E-01
   0.248627994873738E+02
   0.209365426887739E-01
   0.241087348969451E+02
   0.202571595772279E-01
   0.235550830239716E+02
   0.199725287020403E-01
   0.240281983930613E+02
   0.208979367582100E-01
   0.236262165145415E+02
   0.205881700451187E-01
   0.232781354201251E+02
   0.203051724254565E-01
   0.229908756302034E+02
   0.201147069524536E-01
   0.227522227640839E+02
   0.199765463485587E-01
   0.225430044989141E+02
   0.198586388282135E-01
   0.223415764975374E+02
   0.197129351526851E-01
   0.221321043572657E+02
   0.195064112673344E-01
   0.219203421073304E+02
   0.192709705108778E-01
   0.217245880596410E+02
   0.189213839503379E-01
   0.215826944541245E+02
   0.184205070705475E-01
   0.215616934357358E+02
   0.176037566791241E-01
   0.218151398680155E+02
   0.162801153499066E-01
   0.227304666098681E+02
   0.156927561729840E-01
   0.236754505174156E+02
   0.155312469414943E-01
   0.255564171678938E+02
   0.150343909834636E-01
   0.278413672120422E+02
   0.177376759503190E-01
   0.273410874121967E+02
   0.205962442955108E-01
   0.264691602460259E+02
   0.206882413357973E-01
   0.261071735230912E+02
   0.190361448020675E-01
   0.253139094293573E+02
   0.205017109167993E-01
   0.250212049249309E+02
   0.202076995834135E-01
   0.250194383249167E+02
   0.197518599650128E-01
   0.253269243753178E+02
   0.193845899775670E-01
   0.258210710751522E+02
   0.194472082957769E-01
   0.260357719107801E+02
   0.200861960709368E-01
   0.260242639671946E+02
   0.202054764478155E-01
   0.259931896663946E+02
   0.199172400853807E-01
   0.263481293030247E+02
   0.184364292545360E-01
   0.281976367594469E+02
   0.163473990723299E-01
   0.294329781403443E+02
   0.175674181661090E-01
   0.289862320587615E+02
   0.189070122659555E-01
   0.268294419797635E+02
   0.222700851601339E-01
   0.257139873005449E+02
   0.222406724827115E-01
   0.249843194776777E+02
   0.213403522770628E-01
   0.244736611466392E+02
   0.211715246769357E-01
   0.248366473312145E+02
   0.222860309334711E-01
   0.244783493334385E+02
   0.220089026016166E-01
   0.241683201561426E+02
   0.217708458985458E-01
   0.239141974189395E+02
   0.216189436680117E-01
   0.237081648937726E+02
   0.215830150150580E-01
   0.235268928069353E+02
   0.215694167999133E-01
   0.233427217193938E+02
   0.215206456098990E-01
   0.231299519452067E+02
   0.213389249235709E-01
   0.228894843901395E+02
   0.210348259264387E-01
   0.226417629605739E+02
   0.205288016757894E-01
   0.224327005017782E+02
   0.198408953536384E-01
   0.223357340408053E+02
   0.189065565802539E-01
   0.225070113328336E+02
   0.176553519461556E-01
   0.234765189552705E+02
   0.170425788698770E-01
   0.240246148445906E+02
   0.176750197923511E-01
   0.255282882950479E+02
   0.161499772898688E-01
   0.280653525472174E+02
   0.180478813057341E-01
   0.281208042520883E+02
   0.208710744258061E-01
   0.269787292425508E+02
   0.224973210321030E-01
   0.263810192754022E+02
   0.209460385261096E-01
   0.258441914489913E+02
   0.218125986063605E-01
   0.256105385432662E+02
   0.215871555488420E-01
   0.255845725538056E+02
   0.210745538195304E-01
   0.258193712218511E+02
   0.204540633007181E-01
   0.264298957998667E+02
   0.202530635281157E-01
   0.266373804725083E+02
   0.215789497252330E-01
   0.266844698029845E+02
   0.214977047783585E-01
   0.266214672768648E+02
   0.211866576113642E-01
   0.267790596581449E+02
   0.198384214282885E-01
   0.279619758931710E+02
   0.186715731931351E-01
   0.296144897290183E+02
   0.190465598138268E-01
   0.293470960702792E+02
   0.204013375981504E-01
   0.274366553653733E+02
   0.239413957330820E-01
   0.263926630365610E+02
   0.235634072311762E-01
   0.257040132178525E+02
   0.226347869484249E-01
   0.252349262088400E+02
   0.225089460205585E-01
   0.254842177786466E+02
   0.235191653234370E-01
   0.251569054831509E+02
   0.232393251061363E-01
   0.248750510181591E+02
   0.230350657431772E-01
   0.246457256505163E+02
   0.229456354987319E-01
   0.244628412394069E+02
   0.230042384725105E-01
   0.243008429855665E+02
   0.230850537914675E-01
   0.241273415494350E+02
   0.231142038335867E-01
   0.239081958278324E+02
   0.229295117881884E-01
   0.236413454938119E+02
   0.225080520863606E-01
   0.233550298551880E+02
   0.218242607174407E-01
   0.231041896483670E+02
   0.209478786434099E-01
   0.229693194318981E+02
   0.199915518624502E-01
   0.230852495001237E+02
   0.192205026282930E-01
   0.237286459230649E+02
   0.188417741651583E-01
   0.243750584824948E+02
   0.196657302898275E-01
   0.256872302426287E+02
   0.179684187771814E-01
   0.282535924832575E+02
   0.189434458760890E-01
   0.285838665651445E+02
   0.209258935406778E-01
   0.274447759801284E+02
   0.232354202639116E-01
   0.267452010954772E+02
   0.224833542727041E-01
   0.263131224781300E+02
   0.225993829670647E-01
   0.261463829506149E+02
   0.228460884935587E-01
   0.261272784862196E+02
   0.223545026191227E-01
   0.263422886398907E+02
   0.215640109720765E-01
   0.272319171082533E+02
   0.203870119981702E-01
   0.273250700272478E+02
   0.220591345138528E-01
   0.274296721642803E+02
   0.222085420455599E-01
   0.273016849066156E+02
   0.226497298953423E-01
   0.272654686789309E+02
   0.216091194024741E-01
   0.280091635824012E+02
   0.205020876338294E-01
   0.296929794112657E+02
   0.202781061839366E-01
   0.295403121010767E+02
   0.219265829396907E-01
   0.278711907507953E+02
   0.254554208177915E-01
   0.269154663283983E+02
   0.247525401942318E-01
   0.262799054496230E+02
   0.238656799280974E-01
   0.258475465556370E+02
   0.237354847842140E-01
   0.259770510260265E+02
   0.246551292674176E-01
   0.256712435684127E+02
   0.243753984747144E-01
   0.254081889608538E+02
   0.241898734200488E-01
   0.251930430585051E+02
   0.241323690584104E-01
   0.250201639994958E+02
   0.241969168323250E-01
   0.248653792761201E+02
   0.242961482252440E-01
   0.246940632620498E+02
   0.243343358210292E-01
   0.244665831608878E+02
   0.241005678649048E-01
   0.241804531703511E+02
   0.235638323370383E-01
   0.238749515368300E+02
   0.227839391588317E-01
   0.236126833236530E+02
   0.218979020969581E-01
   0.234745250595828E+02
   0.212052162798768E-01
   0.235595985940781E+02
   0.208316770587143E-01
   0.240173502157506E+02
   0.200467078849600E-01
   0.246848992761406E+02
   0.206714488317288E-01
   0.259264464585197E+02
   0.202577703725800E-01
   0.283856602794505E+02
   0.208232110590850E-01
   0.288531996494846E+02
   0.214267119024994E-01
   0.278840419829026E+02
   0.230193988960931E-01
   0.271086208090154E+02
   0.239693405735299E-01
   0.267303254377246E+02
   0.237827503214831E-01
   0.266162879252811E+02
   0.240931486041103E-01
   0.266189279421449E+02
   0.236872234858552E-01
   0.268204264671320E+02
   0.229450295979655E-01
   0.276752481011209E+02
   0.212876117382303E-01
   0.280785716254991E+02
   0.224955188565090E-01
   0.282860792377910E+02
   0.222839829325857E-01
   0.280158709204213E+02
   0.237116493270121E-01
   0.277724857580565E+02
   0.235663666924659E-01
   0.282002153309845E+02
   0.222599920906712E-01
   0.296774378347205E+02
   0.211514249012179E-01
   0.295774952069568E+02
   0.231152611240518E-01
   0.281350690779406E+02
   0.261219267330650E-01
   0.272914845471130E+02
   0.256196412769472E-01
   0.267185846243978E+02
   0.250387291821085E-01
   0.263158776340109E+02
   0.248799058254409E-01
   0.263174445930443E+02
   0.256812016289348E-01
   0.260255123962210E+02
   0.254159009517722E-01
   0.257724120797369E+02
   0.252333741125168E-01
   0.255604115131198E+02
   0.251232410046579E-01
   0.253851261029275E+02
   0.250743789972783E-01
   0.252264255438203E+02
   0.250913314900607E-01
   0.250507277034740E+02
   0.250970457019524E-01
   0.248161044255142E+02
   0.248477802251546E-01
   0.245217093999414E+02
   0.242845674141452E-01
   0.242179162344685E+02
   0.235923895954389E-01
   0.239701064010229E+02
   0.229359543556424E-01
   0.238488754903247E+02
   0.225042803509410E-01
   0.239162095120283E+02
   0.220631398550434E-01
   0.242755389245779E+02
   0.212641735128890E-01
   0.249416881399395E+02
   0.217709778804369E-01
   0.261485230336948E+02
   0.225600817279127E-01
   0.284404677208738E+02
   0.221189579150690E-01
   0.289690926501376E+02
   0.216060190743494E-01
   0.283822707851267E+02
   0.222525063833069E-01
   0.274056461236583E+02
   0.247028065753622E-01
   0.270760898273028E+02
   0.250706558100958E-01
   0.270039200038609E+02
   0.252226742411232E-01
   0.270351308702705E+02
   0.249112682124693E-01
   0.272228281311899E+02
   0.246510535979346E-01
   0.277769816675830E+02
   0.229302099022298E-01
   0.284070456408447E+02
   0.232461967143234E-01
   0.287653597295060E+02
   0.229358251385523E-01
   0.287687811002180E+02
   0.238948259530020E-01
   0.282550751209306E+02
   0.255888375797612E-01
   0.284266619333350E+02
   0.242416577118044E-01
   0.295680884243056E+02
   0.222414354098900E-01
   0.294293739693026E+02
   0.243847512115599E-01
   0.282566319166406E+02
   0.267332316932475E-01
   0.275365995295640E+02
   0.265165319182577E-01
   0.270226729571542E+02
   0.261612128133154E-01
   0.266408357319049E+02
   0.259300243602232E-01
   0.265049431320630E+02
   0.264326827008801E-01
   0.262206629510717E+02
   0.262045760503273E-01
   0.259706726987650E+02
   0.260236403574447E-01
   0.257550784940703E+02
   0.258242495093925E-01
   0.255705417881014E+02
   0.256353982300733E-01
   0.254023415282497E+02
   0.255892788909626E-01
   0.252180420824498E+02
   0.255912584813132E-01
   0.249769994989858E+02
   0.253387527386802E-01
   0.246837673378426E+02
   0.247908258710776E-01
   0.243951573244382E+02
   0.242250673320034E-01
   0.241747487234237E+02
   0.238000587947148E-01
   0.240795257106571E+02
   0.234719003484449E-01
   0.241447569722160E+02
   0.228147944780685E-01
   0.244592211812559E+02
   0.220727888443163E-01
   0.251224499494091E+02
   0.227661668175561E-01
   0.262847448644841E+02
   0.240120445349435E-01
   0.283809701835289E+02
   0.222614352927960E-01
   0.289450617948825E+02
   0.216125329625798E-01
   0.285800530836084E+02
   0.219364397002285E-01
   0.275950502596349E+02
   0.249847745838169E-01
   0.273256190870368E+02
   0.259208993927284E-01
   0.272960329349100E+02
   0.261250650795024E-01
   0.273619089876701E+02
   0.259343007428010E-01
   0.275307993035367E+02
   0.258273357602171E-01
   0.278987323240960E+02
   0.239577697487737E-01
   0.283880990053294E+02
   0.239904255888918E-01
   0.289320431661711E+02
   0.236711623078284E-01
   0.291721639435603E+02
   0.242118465571070E-01
   0.286568833041534E+02
   0.271693875274773E-01
   0.286195211948711E+02
   0.263497472415510E-01
   0.293560264347707E+02
   0.237252226355340E-01
   0.290505631109092E+02
   0.261056456064736E-01
   0.282600717054570E+02
   0.273154368326961E-01
   0.276563159684447E+02
   0.272923110355822E-01
   0.271877780292564E+02
   0.269944047088241E-01
   0.268199806605663E+02
   0.266914298816277E-01
   0.265439190224691E+02
   0.263616928942096E-01
   0.262617627997184E+02
   0.261323909949904E-01
   0.260094042246542E+02
   0.259173359499167E-01
   0.257865933194507E+02
   0.256710305419778E-01
   0.255906669679111E+02
   0.254666886413334E-01
   0.254087842840844E+02
   0.253948591241975E-01
   0.252117715405432E+02
   0.253526313654935E-01
   0.249655757753514E+02
   0.250955766636476E-01
   0.246810013691878E+02
   0.246378808942700E-01
   0.244145056623422E+02
   0.242088401730552E-01
   0.242237940152002E+02
   0.238974682861876E-01
   0.241599398705376E+02
   0.236385484698275E-01
   0.242453801446351E+02
   0.230111851138879E-01
   0.245457442786439E+02
   0.223090009323519E-01
   0.252046031497862E+02
   0.232109752840708E-01
   0.262982366399437E+02
   0.243387384802848E-01
   0.282121680227107E+02
   0.218154151667845E-01
   0.288019716960943E+02
   0.215005351022973E-01
   0.285845080810453E+02
   0.218259283863500E-01
   0.276748712560475E+02
   0.249936870173656E-01
   0.274711920015614E+02
   0.264893932690846E-01
   0.274877579588022E+02
   0.269914604225937E-01
   0.275890411497937E+02
   0.267760947117142E-01
   0.277401272895888E+02
   0.264460782605290E-01
   0.280010198707639E+02
   0.249846825270383E-01
   0.283829798283166E+02
   0.246779232101285E-01
   0.288190461212709E+02
   0.248870621300838E-01
   0.293259290255916E+02
   0.247640713742804E-01
   0.289666252702887E+02
   0.275968771868084E-01
   0.287214663428789E+02
   0.276866226536160E-01
   0.289802124766117E+02
   0.255005112163694E-01
   0.287529090331018E+02
   0.269306411993108E-01
   0.281698899936043E+02
   0.274801046138269E-01
   0.276517120195683E+02
   0.274568285327231E-01
   0.272145383645730E+02
   0.270040665768673E-01
   0.268557008944956E+02
   0.266284179153602E-01
   0.264639338246505E+02
   0.250642160251196E-01
   0.261789668332491E+02
   0.247185319048864E-01
   0.259175971173420E+02
   0.243681674698600E-01
   0.256809284681379E+02
   0.240283612441667E-01
   0.254693204363630E+02
   0.238075971389162E-01
   0.252715596709776E+02
   0.237410219853954E-01
   0.250625244537602E+02
   0.237350199192365E-01
   0.248155647754225E+02
   0.235946547272802E-01
   0.245460058072275E+02
   0.233680789723052E-01
   0.243069121437181E+02
   0.232157667751819E-01
   0.241475572357634E+02
   0.231169682477298E-01
   0.241130482167346E+02
   0.230322026406428E-01
   0.242293321105829E+02
   0.227555568524019E-01
   0.245289219383301E+02
   0.221214536602173E-01
   0.251822875372017E+02
   0.232929274342947E-01
   0.261821062152927E+02
   0.240277907764957E-01
   0.279456739867852E+02
   0.215624980009235E-01
   0.285497807175663E+02
   0.215081319462661E-01
   0.284393759508278E+02
   0.216957662240953E-01
   0.276525816048685E+02
   0.256305262601591E-01
   0.274980270068764E+02
   0.268420687322043E-01
   0.275539405376160E+02
   0.274476603005985E-01
   0.277041378395852E+02
   0.274305659079640E-01
   0.278463514324057E+02
   0.268649678943752E-01
   0.280504115213023E+02
   0.258600631067348E-01
   0.283684280976258E+02
   0.259432979762120E-01
   0.287178358602002E+02
   0.259658403637474E-01
   0.292642338709946E+02
   0.255176560794324E-01
   0.292274300117155E+02
   0.266708348048154E-01
   0.287068268316034E+02
   0.278501591115361E-01
   0.286935191378188E+02
   0.262378391701363E-01
   0.284681204713138E+02
   0.268425007840912E-01
   0.279950159865260E+02
   0.268574850593293E-01
   0.275363681392648E+02
   0.265168266160527E-01
   0.271266003979475E+02
   0.259088059003810E-01
   0.267752961981703E+02
   0.254338969350695E-01
   0.263035961293268E+02
   0.233989864495797E-01
   0.260144621701679E+02
   0.229945112011478E-01
   0.257449776740079E+02
   0.226137919054272E-01
   0.254981674799251E+02
   0.223010665062989E-01
   0.252736838694962E+02
   0.220889939720350E-01
   0.250599543616898E+02
   0.219600636556571E-01
   0.248368619895237E+02
   0.218677681284952E-01
   0.245879573353359E+02
   0.217355066136523E-01
   0.243333258383431E+02
   0.216495169710269E-01
   0.241178959606955E+02
   0.216711020330256E-01
   0.239834358635930E+02
   0.217812174698897E-01
   0.239720594428163E+02
   0.220065742445457E-01
   0.241123826833184E+02
   0.222271337790817E-01
   0.244136150912108E+02
   0.218275831490882E-01
   0.250552581841606E+02
   0.233988337953917E-01
   0.259426237025308E+02
   0.235681412656841E-01
   0.275678416314850E+02
   0.215430531383571E-01
   0.281731302216109E+02
   0.216381355795958E-01
   0.281511020042757E+02
   0.215837626617851E-01
   0.275034477089783E+02
   0.258792875959151E-01
   0.273845843984093E+02
   0.264880571178673E-01
   0.274689797241270E+02
   0.269203579376032E-01
   0.276885516732621E+02
   0.274050233288349E-01
   0.278387191539175E+02
   0.270931007921430E-01
   0.280154596603064E+02
   0.264549757950922E-01
   0.282894733862501E+02
   0.268414595311164E-01
   0.285686801780579E+02
   0.268423505991369E-01
   0.289392607352332E+02
   0.268100649990155E-01
   0.291615609789638E+02
   0.262940843444714E-01
   0.285625923562951E+02
   0.273273293152630E-01
   0.284121612042594E+02
   0.263542545590737E-01
   0.281664641624942E+02
   0.262093429232816E-01
   0.277517357595152E+02
   0.255774420580143E-01
   0.273409322295452E+02
   0.250062109584478E-01
   0.269577534876765E+02
   0.243581038149867E-01
   0.266149612653288E+02
   0.238379711871336E-01
   0.261196975935352E+02
   0.225449097609050E-01
   0.258294967850421E+02
   0.221232490491591E-01
   0.255554813777379E+02
   0.217315726175364E-01
   0.253018443127419E+02
   0.214303691487892E-01
   0.250669040590381E+02
   0.212111600187098E-01
   0.248384208667670E+02
   0.210458652013729E-01
   0.246002885311493E+02
   0.208972691436121E-01
   0.243441026364632E+02
   0.207225905768333E-01
   0.240930029090591E+02
   0.206068322312760E-01
   0.238862926599427E+02
   0.206037123772260E-01
   0.237606045045941E+02
   0.207457237914168E-01
   0.237560532053705E+02
   0.211083406834571E-01
   0.239070292405939E+02
   0.217568032398660E-01
   0.242246067531091E+02
   0.223599232567675E-01
   0.248169486919574E+02
   0.236118588758965E-01
   0.255859343083131E+02
   0.227965082639796E-01
   0.270583875758046E+02
   0.214977673103244E-01
   0.276511225414459E+02
   0.216981171512898E-01
   0.277182459338149E+02
   0.217175944457340E-01
   0.272218153518493E+02
   0.263279808355650E-01
   0.271347400488872E+02
   0.261759321607891E-01
   0.272361626403552E+02
   0.257977551857806E-01
   0.275436992699655E+02
   0.267495567560288E-01
   0.277082944338255E+02
   0.271518106331679E-01
   0.278731699441846E+02
   0.266746165362572E-01
   0.281127833426137E+02
   0.272740228406222E-01
   0.283384135205849E+02
   0.276252034817158E-01
   0.285978652236673E+02
   0.281023489741408E-01
   0.288341260669484E+02
   0.264156095017295E-01
   0.282944586683408E+02
   0.269374822381988E-01
   0.281007591611351E+02
   0.262901229619666E-01
   0.278427963466666E+02
   0.255895911856698E-01
   0.274736523277867E+02
   0.246994587227520E-01
   0.271101583475325E+02
   0.241055553792492E-01
   0.267576969894060E+02
   0.235134703976619E-01
   0.264276975532900E+02
   0.229982181582973E-01
   0.259394974604766E+02
   0.231752840731883E-01
   0.256538545934936E+02
   0.226642012579059E-01
   0.253816729265462E+02
   0.222036677430347E-01
   0.251259072423350E+02
   0.218370599552877E-01
   0.248840540802645E+02
   0.215645076814686E-01
   0.246436350671195E+02
   0.213601810257379E-01
   0.243916408954377E+02
   0.212048071941598E-01
   0.241249165056532E+02
   0.210500225577342E-01
   0.238675140547443E+02
   0.209590301459534E-01
   0.236550661493956E+02
   0.209802135758194E-01
   0.235196276849686E+02
   0.211270766781701E-01
   0.234985559250446E+02
   0.214735775387360E-01
   0.236301741378832E+02
   0.221613383394612E-01
   0.239313740604780E+02
   0.230685087967152E-01
   0.244614846497240E+02
   0.239820522292335E-01
   0.251258619203309E+02
   0.224417914749246E-01
   0.263998856797131E+02
   0.213397432334721E-01
   0.269646177363569E+02
   0.214159240672876E-01
   0.271284520665234E+02
   0.222502147597151E-01
   0.267851840913362E+02
   0.264926802713075E-01
   0.267488859186493E+02
   0.260225163323429E-01
   0.268829071536383E+02
   0.251335490841971E-01
   0.272907195457268E+02
   0.255690124043149E-01
   0.274621217256266E+02
   0.274967881825555E-01
   0.276322465399306E+02
   0.274582581097514E-01
   0.278330866579875E+02
   0.279277712335052E-01
   0.280009245118212E+02
   0.281465479020091E-01
   0.281571129487103E+02
   0.283298875439148E-01
   0.282412662105184E+02
   0.275306955123123E-01
   0.279262130120630E+02
   0.276725377131344E-01
   0.277435053662166E+02
   0.272027332201805E-01
   0.274984584364520E+02
   0.263602183796797E-01
   0.271813181981270E+02
   0.254986270905509E-01
   0.268687444507263E+02
   0.249152464005383E-01
   0.265511947414333E+02
   0.243160231721924E-01
   0.262391135601772E+02
   0.237220696550711E-01
   0.257523962542002E+02
   0.252511062342545E-01
   0.254829696951179E+02
   0.246771284784661E-01
   0.252223193723964E+02
   0.241106883190266E-01
   0.249719247341966E+02
   0.236074759268262E-01
   0.247293541309327E+02
   0.232146934055306E-01
   0.244815580477633E+02
   0.229167579855160E-01
   0.242170580307427E+02
   0.227028616914458E-01
   0.239362377775429E+02
   0.224972464457077E-01
   0.236631229848061E+02
   0.223239892714504E-01
   0.234306904670324E+02
   0.222264732265904E-01
   0.232667253615766E+02
   0.221638958683634E-01
   0.232042871237687E+02
   0.221684282590594E-01
   0.232800944186008E+02
   0.223668739895888E-01
   0.235119728608175E+02
   0.228011749300472E-01
   0.239797359128199E+02
   0.241404435590432E-01
   0.245799233676883E+02
   0.235403575078353E-01
   0.255751204489335E+02
   0.208600419934709E-01
   0.261040414446346E+02
   0.215284634942865E-01
   0.263513906766536E+02
   0.232406529272967E-01
   0.261834536434666E+02
   0.263848726728750E-01
   0.262196772821319E+02
   0.255702878415127E-01
   0.264080950306731E+02
   0.243904353387659E-01
   0.269768313608366E+02
   0.241263740132486E-01
   0.270757041007645E+02
   0.273602507175792E-01
   0.272551581179409E+02
   0.279676293872642E-01
   0.274170401579787E+02
   0.281465912536383E-01
   0.275322319465664E+02
   0.281510538617210E-01
   0.276031962961014E+02
   0.278865762970323E-01
   0.276175223873658E+02
   0.277593738039963E-01
   0.274342033206693E+02
   0.282823669985659E-01
   0.272941443348326E+02
   0.283734018700396E-01
   0.270909564198637E+02
   0.278978903724290E-01
   0.268403695082635E+02
   0.274017190989378E-01
   0.265859933605188E+02
   0.269574723259197E-01
   0.263120185712423E+02
   0.264223060356849E-01
   0.260310235201398E+02
   0.258415317110146E-01
   0.254543125737361E+02
   0.273678243789773E-01
   0.252151377786984E+02
   0.269842641633262E-01
   0.249800433488832E+02
   0.264777079706483E-01
   0.247477718416220E+02
   0.258843501372370E-01
   0.245150040322781E+02
   0.253257665097306E-01
   0.242670906800237E+02
   0.248056121150328E-01
   0.239925129713520E+02
   0.243208555706756E-01
   0.236960371726287E+02
   0.238495378318063E-01
   0.234027698914805E+02
   0.234212296166765E-01
   0.231445260002044E+02
   0.230803075526791E-01
   0.229471595187560E+02
   0.227699295451538E-01
   0.228385024913823E+02
   0.224727250915061E-01
   0.228443446245280E+02
   0.221841109448320E-01
   0.229811712849285E+02
   0.219332724699033E-01
   0.233530224377433E+02
   0.227052530279216E-01
   0.239153627146001E+02
   0.242737453141396E-01
   0.245727133731853E+02
   0.213251970874291E-01
   0.250418770719853E+02
   0.219474700204049E-01
   0.253306573051946E+02
   0.236236820539417E-01
   0.254132600445227E+02
   0.256865284818403E-01
   0.255492967301768E+02
   0.249095615548938E-01
   0.258235666902333E+02
   0.229947465758629E-01
   0.264272315707980E+02
   0.241526718808142E-01
   0.265416498374672E+02
   0.269180529958627E-01
   0.267257750295305E+02
   0.279951728262481E-01
   0.268531270705466E+02
   0.277660187131142E-01
   0.269295582812980E+02
   0.276613535985186E-01
   0.269395177071308E+02
   0.272898231670633E-01
   0.269064769119182E+02
   0.272105608822715E-01
   0.267898255543289E+02
   0.278106334810082E-01
   0.266911192898141E+02
   0.283080158191603E-01
   0.265396575637954E+02
   0.283431160281946E-01
   0.263554488983746E+02
   0.283634527630067E-01
   0.261623170239461E+02
   0.283322572002482E-01
   0.259383845210798E+02
   0.280625932548450E-01
   0.256991038223955E+02
   0.277373730814597E-01
   0.249347510932595E+02
   0.273189648718971E-01
   0.247305678949951E+02
   0.272358047582040E-01
   0.245318350421334E+02
   0.270670761526365E-01
   0.243337569407209E+02
   0.267123223414263E-01
   0.241284540836475E+02
   0.262454150351779E-01
   0.238971311107935E+02
   0.256465999051809E-01
   0.236251938935324E+02
   0.249048870966786E-01
   0.233211993596447E+02
   0.241615135455441E-01
   0.230121609827435E+02
   0.235232737258634E-01
   0.227300473705081E+02
   0.230241198734616E-01
   0.225018952640307E+02
   0.226204589672799E-01
   0.223531284617750E+02
   0.222914443347977E-01
   0.223031554769347E+02
   0.219446463905927E-01
   0.223694964733465E+02
   0.214565163493615E-01
   0.226302972507219E+02
   0.210547341105735E-01
   0.231072997128398E+02
   0.220390571014050E-01
   0.236399461074849E+02
   0.220459560361163E-01
   0.240271592611110E+02
   0.222264534607019E-01
   0.242760849170657E+02
   0.223749457213398E-01
   0.244800094051867E+02
   0.240800875095341E-01
   0.247326372677130E+02
   0.242676350179137E-01
   0.251597275106409E+02
   0.210487674120606E-01
   0.256263878173580E+02
   0.247707106393090E-01
   0.258577827246077E+02
   0.266371612845600E-01
   0.260371021628729E+02
   0.270745065263869E-01
   0.261438291032447E+02
   0.268877834330614E-01
   0.261910385142345E+02
   0.267507471283822E-01
   0.261619174859177E+02
   0.263266544473501E-01
   0.260896850780140E+02
   0.260291181393533E-01
   0.259907798962282E+02
   0.263049922496801E-01
   0.259134541105643E+02
   0.268085302513394E-01
   0.258015265133184E+02
   0.270685191888461E-01
   0.256690278078719E+02
   0.273653344118424E-01
   0.255241494691982E+02
   0.276232602341032E-01
   0.253437818087311E+02
   0.275700777663570E-01
   0.251442066037885E+02
   0.274553732840397E-01
   0.241793264311587E+02
   0.255848368804288E-01
   0.240006110336183E+02
   0.255786003527767E-01
   0.238317956722411E+02
   0.256433666979913E-01
   0.236696659748443E+02
   0.256853046335460E-01
   0.235011854586871E+02
   0.255946268355692E-01
   0.233029279071013E+02
   0.252741200688479E-01
   0.230552263664774E+02
   0.246470834044249E-01
   0.227631729310305E+02
   0.238688394574815E-01
   0.224522469358270E+02
   0.231198528768412E-01
   0.221550725052605E+02
   0.224945260857171E-01
   0.219026960453965E+02
   0.220136657925569E-01
   0.217211963510261E+02
   0.216594137292053E-01
   0.216308725412900E+02
   0.213633416541940E-01
   0.216547604549331E+02
   0.210573419470355E-01
   0.218557838145663E+02
   0.209065877927195E-01
   0.222587006591944E+02
   0.216372037406346E-01
   0.226771477408539E+02
   0.216538890012045E-01
   0.229672878773169E+02
   0.215245916870157E-01
   0.231583282636817E+02
   0.214967954124168E-01
   0.234019463317228E+02
   0.224096491669108E-01
   0.237500506410474E+02
   0.230866290499119E-01
   0.242685030079455E+02
   0.202636054513536E-01
   0.247359944187572E+02
   0.239876794568376E-01
   0.250214672904217E+02
   0.251181819709512E-01
   0.251937075019237E+02
   0.254460277429280E-01
   0.252895714428118E+02
   0.255824630936571E-01
   0.253171563838969E+02
   0.255275445728483E-01
   0.252649668555719E+02
   0.251333316803284E-01
   0.251685187468977E+02
   0.247271210591170E-01
   0.250705668846094E+02
   0.247627423815382E-01
   0.249956892483887E+02
   0.250637412074061E-01
   0.249008783972355E+02
   0.252524736286985E-01
   0.247966482886604E+02
   0.255052090315456E-01
   0.246809691656212E+02
   0.257453399389898E-01
   0.245315559231951E+02
   0.257567637160459E-01
   0.243619793717994E+02
   0.256864531693840E-01
   0.232231993992501E+02
   0.235996274460688E-01
   0.230603688210629E+02
   0.235220344442663E-01
   0.229085274451831E+02
   0.235662002238568E-01
   0.227693862926409E+02
   0.237403301741674E-01
   0.226297099699777E+02
   0.239126408796876E-01
   0.224652062614706E+02
   0.239515120613960E-01
   0.222535102265489E+02
   0.237133276200472E-01
   0.219918585759920E+02
   0.231904270866457E-01
   0.216977276533249E+02
   0.225044039034869E-01
   0.213999089544563E+02
   0.217861637298743E-01
   0.211335267147751E+02
   0.211890309103474E-01
   0.209276308653900E+02
   0.207372376825722E-01
   0.208072666989919E+02
   0.203747487053772E-01
   0.208025461518108E+02
   0.200540956471050E-01
   0.209647953005034E+02
   0.199801123031797E-01
   0.212974468897059E+02
   0.205329792519573E-01
   0.216196344471973E+02
   0.205961684934450E-01
   0.218198148364569E+02
   0.203263659007435E-01
   0.219394357667029E+02
   0.200121606999421E-01
   0.221852833123462E+02
   0.205917143101461E-01
   0.226070637045343E+02
   0.213753233179475E-01
   0.231597985858811E+02
   0.208220050196824E-01
   0.237425287957921E+02
   0.227482601456777E-01
   0.240511907036977E+02
   0.233797521097900E-01
   0.242110240346231E+02
   0.236745011817704E-01
   0.242914950476669E+02
   0.239408359932709E-01
   0.243047380893301E+02
   0.240050592756358E-01
   0.242421723418196E+02
   0.237552016028156E-01
   0.241354621861810E+02
   0.233902590314791E-01
   0.240319141408070E+02
   0.232911071735645E-01
   0.239494067891111E+02
   0.234236729552079E-01
   0.238577327309852E+02
   0.235143475255418E-01
   0.237638395641367E+02
   0.236598080796077E-01
   0.236605585738723E+02
   0.237685902254795E-01
   0.235324367859069E+02
   0.237746881333862E-01
   0.233855968978440E+02
   0.237166033620545E-01
   0.220861244247893E+02
   0.216777647203469E-01
   0.219341533098204E+02
   0.215427929567657E-01
   0.217904833617478E+02
   0.214898020273265E-01
   0.216612354874223E+02
   0.215803273491524E-01
   0.215361917078956E+02
   0.217379856311116E-01
   0.213939197383428E+02
   0.218752052742221E-01
   0.212143319977567E+02
   0.219186291823082E-01
   0.209892689324662E+02
   0.217544622812015E-01
   0.207259540234629E+02
   0.213521602274468E-01
   0.204449127850228E+02
   0.207637342030840E-01
   0.201794005303151E+02
   0.201488042080536E-01
   0.199604230585111E+02
   0.196143965921940E-01
   0.198202324601544E+02
   0.191937204595875E-01
   0.197974147254401E+02
   0.189080422500864E-01
   0.199317812541311E+02
   0.188497120900708E-01
   0.202034472953176E+02
   0.191147726346291E-01
   0.204495454141598E+02
   0.191213533077762E-01
   0.205703503533924E+02
   0.188957715309603E-01
   0.206007809678031E+02
   0.182630116252237E-01
   0.208208264751518E+02
   0.185867275527768E-01
   0.213120009342991E+02
   0.192918504914663E-01
   0.220038665559997E+02
   0.203614484954120E-01
   0.226475338443673E+02
   0.214726621983159E-01
   0.229618451832763E+02
   0.216458767068815E-01
   0.230993325113416E+02
   0.218522533591473E-01
   0.231560459359652E+02
   0.220729370703236E-01
   0.231544797380104E+02
   0.222057088270527E-01
   0.230867084566117E+02
   0.221248777356676E-01
   0.229763026156259E+02
   0.218833604338401E-01
   0.228652259180049E+02
   0.217407577260780E-01
   0.227691317206116E+02
   0.217398812595979E-01
   0.226706045894850E+02
   0.217320018645666E-01
   0.225753423808193E+02
   0.217860486005892E-01
   0.224755899009030E+02
   0.218171764515564E-01
   0.223615194947284E+02
   0.218214141897150E-01
   0.222322351991845E+02
   0.217840826506878E-01
   0.207774601646307E+02
   0.198115761307472E-01
   0.206346804849913E+02
   0.196749234887340E-01
   0.204948550706224E+02
   0.195597248783323E-01
   0.203662014972797E+02
   0.195299107042562E-01
   0.202437142620051E+02
   0.195726372555846E-01
   0.201109204943184E+02
   0.196366957458080E-01
   0.199517480144835E+02
   0.197003741038133E-01
   0.197573142568635E+02
   0.196891301879994E-01
   0.195272394964556E+02
   0.195230054227850E-01
   0.192737724602539E+02
   0.191754679917560E-01
   0.190238414069943E+02
   0.187208027642727E-01
   0.188049108226318E+02
   0.181985095950788E-01
   0.186550166733980E+02
   0.177372887553226E-01
   0.186232307711478E+02
   0.174848462379792E-01
   0.187430622992564E+02
   0.174987034282983E-01
   0.189735706025341E+02
   0.176576312641149E-01
   0.191646574409979E+02
   0.176414676569052E-01
   0.192090116077776E+02
   0.173810683882611E-01
   0.191278744784079E+02
   0.164353208950210E-01
   0.192983204576030E+02
   0.164357537068990E-01
   0.198596310875517E+02
   0.173304539591162E-01
   0.207199980544790E+02
   0.189490186894599E-01
   0.214485410696497E+02
   0.203735736196627E-01
   0.217660198143318E+02
   0.202656606584707E-01
   0.218705794050300E+02
   0.202166988954586E-01
   0.218942928163100E+02
   0.202587936301932E-01
   0.218720637827410E+02
   0.203403201671059E-01
   0.217960229531552E+02
   0.203241399573214E-01
   0.216824609837257E+02
   0.202090111912236E-01
   0.215635399107565E+02
   0.201078966573732E-01
   0.214513623511301E+02
   0.200259611819540E-01
   0.213399305569108E+02
   0.199384951413100E-01
   0.212355095706294E+02
   0.199099578645032E-01
   0.211330710535014E+02
   0.198889561324811E-01
   0.210264593366340E+02
   0.198921254719732E-01
   0.209101187199486E+02
   0.198896225225400E-01
   0.192974644327258E+02
   0.178875125959625E-01
   0.191633243532293E+02
   0.177732031016532E-01
   0.190266624142823E+02
   0.176405474934872E-01
   0.188951523371353E+02
   0.175375917190531E-01
   0.187688286231432E+02
   0.174975414276338E-01
   0.186369749507438E+02
   0.174852816093604E-01
   0.184870690615278E+02
   0.174691091616413E-01
   0.183128677709138E+02
   0.174657225016113E-01
   0.181100999213482E+02
   0.173835689901019E-01
   0.178850145793870E+02
   0.171893542665193E-01
   0.176575690675347E+02
   0.169016142502312E-01
   0.174491604997076E+02
   0.164765683792798E-01
   0.172981869680671E+02
   0.160169700299639E-01
   0.172643980993145E+02
   0.158298840260555E-01
   0.173826902980492E+02
   0.160163182176364E-01
   0.175975862481454E+02
   0.163113987262402E-01
   0.177590483101043E+02
   0.164063548358853E-01
   0.177310610043276E+02
   0.160605477649911E-01
   0.175034503832861E+02
   0.145258586996953E-01
   0.176018273281247E+02
   0.139587318802826E-01
   0.182277988342181E+02
   0.152780119437041E-01
   0.193026336939064E+02
   0.183908021517669E-01
   0.201336413700534E+02
   0.201773618202088E-01
   0.204557384577548E+02
   0.196697910607679E-01
   0.205206531174275E+02
   0.190928826110474E-01
   0.205068278138259E+02
   0.187950662317776E-01
   0.204590811028303E+02
   0.186867174500658E-01
   0.203682236248484E+02
   0.185754670326857E-01
   0.202464931042586E+02
   0.184467234118709E-01
   0.201173571976602E+02
   0.183644541415907E-01
   0.199884816678848E+02
   0.182454874454851E-01
   0.198615139878991E+02
   0.181042719039261E-01
   0.197434119399641E+02
   0.180103849390997E-01
   0.196336998686303E+02
   0.179543575241595E-01
   0.195284314102685E+02
   0.179397286898016E-01
   0.194196380284978E+02
   0.179410118509970E-01
   0.176369582906477E+02
   0.162932469725637E-01
   0.175108193559807E+02
   0.161736959198173E-01
   0.173786470543319E+02
   0.160304187456827E-01
   0.172455674201138E+02
   0.158972835557943E-01
   0.171138236242432E+02
   0.157951625282223E-01
   0.169789749894775E+02
   0.157195835409861E-01
   0.168321140321491E+02
   0.156329964195803E-01
   0.166690322443476E+02
   0.155662658053244E-01
   0.164855360637251E+02
   0.154843626104668E-01
   0.162836764334746E+02
   0.153684995504792E-01
   0.160781419450863E+02
   0.152740128678312E-01
   0.158854199106512E+02
   0.151311943811134E-01
   0.157392758905185E+02
   0.148981988655263E-01
   0.157026290608561E+02
   0.147949352433244E-01
   0.158228789996247E+02
   0.150313762327959E-01
   0.160467144801047E+02
   0.154897777643905E-01
   0.162103953805536E+02
   0.157359414282386E-01
   0.161306702835531E+02
   0.153585408985812E-01
   0.157109957283046E+02
   0.116691457349197E-01
   0.157306835828725E+02
   0.109983831847928E-01
   0.163863286496205E+02
   0.125860679558158E-01
   0.176417566329629E+02
   0.175138132710758E-01
   0.185945794747957E+02
   0.200845321669735E-01
   0.189630755699626E+02
   0.199151056204628E-01
   0.190129733994829E+02
   0.190749430083843E-01
   0.189680879192421E+02
   0.184846040920402E-01
   0.188951313825407E+02
   0.181277473408024E-01
   0.187830596242159E+02
   0.177961946581985E-01
   0.186470204229435E+02
   0.174860382408837E-01
   0.185048029029657E+02
   0.172348044782854E-01
   0.183605883099550E+02
   0.169943529368965E-01
   0.182198213481531E+02
   0.167638980179899E-01
   0.180871949389244E+02
   0.165841898700605E-01
   0.179675426743349E+02
   0.164663580946736E-01
   0.178589160876024E+02
   0.164059744390540E-01
   0.177522613243400E+02
   0.163669186659419E-01
   0.157718387948029E+02
   0.151529065753954E-01
   0.156516792167267E+02
   0.150599409398133E-01
   0.155242241303527E+02
   0.149515500927570E-01
   0.153903466827428E+02
   0.148037713256050E-01
   0.152544039471317E+02
   0.146638112650924E-01
   0.151169485683060E+02
   0.145496772651703E-01
   0.149727341269251E+02
   0.144460290873736E-01
   0.148181880268526E+02
   0.143559801704412E-01
   0.146502300135934E+02
   0.142946631238510E-01
   0.144671918973128E+02
   0.142132666321913E-01
   0.142786479860575E+02
   0.141248017745313E-01
   0.140999012998485E+02
   0.140136753656976E-01
   0.139613684131714E+02
   0.138322532237886E-01
   0.139226167386095E+02
   0.137202480653977E-01
   0.140413364613149E+02
   0.139005603530328E-01
   0.142849202625042E+02
   0.144715801151155E-01
   0.144821346738673E+02
   0.150329955816690E-01
   0.144003864824301E+02
   0.148090972516080E-01
   0.138252946578776E+02
   0.106455931226388E-01
   0.137581339440583E+02
   0.967448184281942E-02
   0.143646482773234E+02
   0.107127969141216E-01
   0.156875105372837E+02
   0.163475958511430E-01
   0.166726104024639E+02
   0.188149352232919E-01
   0.171129515489334E+02
   0.192313528363585E-01
   0.172166795314581E+02
   0.187331444449771E-01
   0.171937290678360E+02
   0.182525319930844E-01
   0.171231548452451E+02
   0.178097839486422E-01
   0.170050654964165E+02
   0.173081251328088E-01
   0.168580490757509E+02
   0.168262449482974E-01
   0.167040433015339E+02
   0.164340856369462E-01
   0.165455926326014E+02
   0.160929412066143E-01
   0.163939117876532E+02
   0.158254596660360E-01
   0.162459567594131E+02
   0.155767744300268E-01
   0.161131239589894E+02
   0.153941888688666E-01
   0.159956578236302E+02
   0.152821969850551E-01
   0.158849634909585E+02
   0.152171246871531E-01
   0.136907571167135E+02
   0.140987297003967E-01
   0.135726115650076E+02
   0.140007281654679E-01
   0.134473360854539E+02
   0.138901222204898E-01
   0.133145491505795E+02
   0.137526396558221E-01
   0.131770058505241E+02
   0.136076434601785E-01
   0.130387274578138E+02
   0.134862315592132E-01
   0.128984912443578E+02
   0.133859180033202E-01
   0.127538239750559E+02
   0.133017326370119E-01
   0.126013497898835E+02
   0.132313562633518E-01
   0.124395142825633E+02
   0.131652484005301E-01
   0.122736752173570E+02
   0.130972540171987E-01
   0.121166969301614E+02
   0.130112435580349E-01
   0.119953911677033E+02
   0.128923822087655E-01
   0.119595918248313E+02
   0.128218672703136E-01
   0.120665414798500E+02
   0.129472377811970E-01
   0.123128303761335E+02
   0.134556886553664E-01
   0.125423123005345E+02
   0.142176832057221E-01
   0.125258057683727E+02
   0.146065962397671E-01
   0.118940866743449E+02
   0.103334947598542E-01
   0.117601193596911E+02
   0.944844910164569E-02
   0.122323252663087E+02
   0.101378928637766E-01
   0.133680439295453E+02
   0.139489869935121E-01
   0.142456472219551E+02
   0.157701467636129E-01
   0.147299151906967E+02
   0.166267679997063E-01
   0.149325353267003E+02
   0.167444525771541E-01
   0.149975944656596E+02
   0.167563054534494E-01
   0.149952184865846E+02
   0.166844968541135E-01
   0.149303326799970E+02
   0.164280082966465E-01
   0.148174299038788E+02
   0.160888417241619E-01
   0.146768977603990E+02
   0.157153494386544E-01
   0.145191214465279E+02
   0.153424707409196E-01
   0.143585417631144E+02
   0.150244215536606E-01
   0.142020451228662E+02
   0.147433704823567E-01
   0.140597553891178E+02
   0.145208319199112E-01
   0.139317586609209E+02
   0.143574772036421E-01
   0.138098042557541E+02
   0.142186204194146E-01
   0.113750660343639E+02
   0.130363866880600E-01
   0.112547805726105E+02
   0.129117545306701E-01
   0.111296892466039E+02
   0.127877134147987E-01
   0.109979573697129E+02
   0.126460599153262E-01
   0.108618521355312E+02
   0.125001528919094E-01
   0.107267292834634E+02
   0.123878261710976E-01
   0.105939982256836E+02
   0.123043855729625E-01
   0.104628220614868E+02
   0.122504530862337E-01
   0.103295963770279E+02
   0.122024991073140E-01
   0.101928192115684E+02
   0.121725744868269E-01
   0.100540591226736E+02
   0.121351598662272E-01
   0.992496217887575E+01
   0.120876185252653E-01
   0.982875748813814E+01
   0.120312433983308E-01
   0.980116512446881E+01
   0.119949208466948E-01
   0.988632821346093E+01
   0.120784759848148E-01
   0.100958923662579E+02
   0.124292279356400E-01
   0.103177012650248E+02
   0.130539904128885E-01
   0.103876415446793E+02
   0.139073030639237E-01
   0.996094104579942E+01
   0.116076550084789E-01
   0.979329328867515E+01
   0.110418710925325E-01
   0.100230761982801E+02
   0.106385149509285E-01
   0.106896243882577E+02
   0.114529163057581E-01
   0.113152292943412E+02
   0.120561178250835E-01
   0.117732559919113E+02
   0.127752243535067E-01
   0.120579443157897E+02
   0.132974023956717E-01
   0.122267050935315E+02
   0.137208683106760E-01
   0.123340669519127E+02
   0.141273924372061E-01
   0.123699589909917E+02
   0.143489295957059E-01
   0.123393247778509E+02
   0.143842944513157E-01
   0.122612972367546E+02
   0.142958131734421E-01
   0.121450307979892E+02
   0.140934923318530E-01
   0.120082419539586E+02
   0.138628972992833E-01
   0.118688862395683E+02
   0.136391560949274E-01
   0.117384609026650E+02
   0.134596511266886E-01
   0.116167624619402E+02
   0.133211228286292E-01
   0.114936862218276E+02
   0.131648674899731E-01
   0.866624396395333E+01
   0.115028960816300E-01
   0.855815310934219E+01
   0.114233779437707E-01
   0.844784591837714E+01
   0.113472650478863E-01
   0.833155985423737E+01
   0.112606416050417E-01
   0.820998364066150E+01
   0.111636275291759E-01
   0.808829285351950E+01
   0.110805939787244E-01
   0.797043735419737E+01
   0.110214868814345E-01
   0.785736426054753E+01
   0.109909942872456E-01
   0.774657630119470E+01
   0.109749157003442E-01
   0.763566806460093E+01
   0.109681566210707E-01
   0.752176022893351E+01
   0.109366914522126E-01
   0.741730840892770E+01
   0.108811273542342E-01
   0.734727839135589E+01
   0.108475766591394E-01
   0.733187304487547E+01
   0.108406374425050E-01
   0.739280558424783E+01
   0.108940898897522E-01
   0.752905076778898E+01
   0.110732678150160E-01
   0.768653720393848E+01
   0.114205215927801E-01
   0.774151269039944E+01
   0.118580362823180E-01
   0.752113552989389E+01
   0.110316887187493E-01
   0.736366220469339E+01
   0.103695625237409E-01
   0.741551570548967E+01
   0.977307447778882E-02
   0.771679383260403E+01
   0.963797473360814E-02
   0.809018403933886E+01
   0.970543322800037E-02
   0.843983917621073E+01
   0.100289259957055E-01
   0.871480537501664E+01
   0.103751556885790E-01
   0.892698585289065E+01
   0.107298754320581E-01
   0.910194788155559E+01
   0.111623609118534E-01
   0.922071332719225E+01
   0.115287521857415E-01
   0.928083874158702E+01
   0.117874589465359E-01
   0.928263429245577E+01
   0.119074338258553E-01
   0.923324754020392E+01
   0.118989280765432E-01
   0.914590449852567E+01
   0.117988688299969E-01
   0.904954066507057E+01
   0.117049113698242E-01
   0.895464533861466E+01
   0.116414750083679E-01
   0.886246154248520E+01
   0.116043795116211E-01
   0.876724203371791E+01
   0.115598466091810E-01
   0.531626631765392E+01
   0.918675303341641E-02
   0.524189900264744E+01
   0.919165772594734E-02
   0.516037133328979E+01
   0.917983644410356E-02
   0.507030959411010E+01
   0.915220596095415E-02
   0.497280489435401E+01
   0.910582545137133E-02
   0.487279342135019E+01
   0.905190606812277E-02
   0.477552888691805E+01
   0.900695297962260E-02
   0.468318484250550E+01
   0.898134876118910E-02
   0.459429550959624E+01
   0.897038461672956E-02
   0.450609000127754E+01
   0.895706354810300E-02
   0.441481712758984E+01
   0.890858014082603E-02
   0.434069135198470E+01
   0.886408499843924E-02
   0.429418131006982E+01
   0.883354572928901E-02
   0.428481090624116E+01
   0.881888545438643E-02
   0.431821563711619E+01
   0.883263333649794E-02
   0.438908277075251E+01
   0.891327783627539E-02
   0.447646108103571E+01
   0.913129694456825E-02
   0.451054502778473E+01
   0.936358869973868E-02
   0.441076638787396E+01
   0.904600495033459E-02
   0.430031121820313E+01
   0.861944887400815E-02
   0.426742466190910E+01
   0.821101445472592E-02
   0.436523384026126E+01
   0.796303787695787E-02
   0.454619292871803E+01
   0.786145139986202E-02
   0.475558123437389E+01
   0.788117562621948E-02
   0.495557175264062E+01
   0.795712899221260E-02
   0.513750620356370E+01
   0.807615527871834E-02
   0.530486817650202E+01
   0.827902503501395E-02
   0.544783010937564E+01
   0.853916141751541E-02
   0.555398996823361E+01
   0.879736326485965E-02
   0.561435831677554E+01
   0.898633553541334E-02
   0.563081020693154E+01
   0.909741005203482E-02
   0.560617203287556E+01
   0.912664706741561E-02
   0.556220525571612E+01
   0.913094155962337E-02
   0.551027456028343E+01
   0.914443487974596E-02
   0.545337431681877E+01
   0.916565468088119E-02
   0.538933216602696E+01
   0.918450147186170E-02
   0.109736072379511E+01
   0.640070997774360E-02
   0.104739591345271E+01
   0.641939527097765E-02
   0.988899538159258E+00
   0.641536709734789E-02
   0.922103524693389E+00
   0.639046863217310E-02
   0.849036355006983E+00
   0.635003809763641E-02
   0.772872696409114E+00
   0.629753663472080E-02
   0.697258466963363E+00
   0.624636688938962E-02
   0.624554181474703E+00
   0.620774079965308E-02
   0.553737554804790E+00
   0.617622553340955E-02
   0.483354372403448E+00
   0.614139487073671E-02
   0.414120880098810E+00
   0.608749448799583E-02
   0.362864252592957E+00
   0.604894352265027E-02
   0.332992939887261E+00
   0.603221551519582E-02
   0.325792679991390E+00
   0.603808289330249E-02
   0.340072979181754E+00
   0.607021326949645E-02
   0.372015220831008E+00
   0.614852454232291E-02
   0.409065002424369E+00
   0.628327590846378E-02
   0.426017482594193E+00
   0.642507957129019E-02
   0.404410909862124E+00
   0.645149824576529E-02
   0.367797707544036E+00
   0.635531882553246E-02
   0.350291467109070E+00
   0.618390612406197E-02
   0.373373888841937E+00
   0.599151047695081E-02
   0.438609319886533E+00
   0.582782896586337E-02
   0.535694467114009E+00
   0.571946447469886E-02
   0.651941009265157E+00
   0.567977668755996E-02
   0.778294871990525E+00
   0.571540020656850E-02
   0.906780300136564E+00
   0.581579456821114E-02
   0.102595417985336E+01
   0.595545120436074E-02
   0.112447596884820E+01
   0.610394619447668E-02
   0.119373836310528E+01
   0.622568882584970E-02
   0.123084030833109E+01
   0.629744286160666E-02
   0.123939071458756E+01
   0.632392333536048E-02
   0.122860747333942E+01
   0.633008531356380E-02
   0.120640420056249E+01
   0.633846673280743E-02
   0.117672777723402E+01
   0.635306138175535E-02
   0.114050074066486E+01
   0.637435912839809E-02
  -0.408857554092421E+01
   0.437088685660019E-02
  -0.410954350369728E+01
   0.437440908940506E-02
  -0.413457078326462E+01
   0.437610312880938E-02
  -0.416324405739029E+01
   0.437550738653542E-02
  -0.419441718491677E+01
   0.437334827584015E-02
  -0.422753330177111E+01
   0.436966112023469E-02
  -0.426141753717873E+01
   0.436554031962019E-02
  -0.429513054634207E+01
   0.436164714766263E-02
  -0.432810583618708E+01
   0.435765094623544E-02
  -0.435970758790602E+01
   0.435295446192769E-02
  -0.438895073816394E+01
   0.434735344254994E-02
  -0.441435516180456E+01
   0.434204691688757E-02
  -0.443532691475596E+01
   0.433748648926585E-02
  -0.445199239680071E+01
   0.433376040986576E-02
  -0.446510355800212E+01
   0.433104442443297E-02
  -0.447601586347862E+01
   0.432954217448634E-02
  -0.448670670698423E+01
   0.432803843302241E-02
  -0.449918493868420E+01
   0.432249124549727E-02
  -0.451370239826393E+01
   0.430761542781235E-02
  -0.452459648268058E+01
   0.428587153174711E-02
  -0.452585914888364E+01
   0.426189313061474E-02
  -0.451346883622034E+01
   0.424036170479274E-02
  -0.448571698389053E+01
   0.422573811793243E-02
  -0.444354476882308E+01
   0.422075839832892E-02
  -0.438994245627560E+01
   0.422621869003587E-02
  -0.432920193693894E+01
   0.424108006720924E-02
  -0.426644100572774E+01
   0.426244002475288E-02
  -0.420690154262179E+01
   0.428631631884202E-02
  -0.415499484128463E+01
   0.430882222844407E-02
  -0.411365675007167E+01
   0.432695011966707E-02
  -0.408398496664802E+01
   0.433949022449333E-02
  -0.406539848118764E+01
   0.434735122764933E-02
  -0.405639543399070E+01
   0.435257040764317E-02
  -0.405533562974765E+01
   0.435700603419388E-02
  -0.406090267022826E+01
   0.436154298236632E-02
  -0.407218315607873E+01
   0.436631833772574E-02
