   0.891209825430508E+00
   0.385985460619613E-02
  -0.225954428890294E+00
   0.369321726633126E-02
  -0.971796180327472E+00
   0.356430316404215E-02
  -0.141314832104345E+01
   0.346782557108233E-02
  -0.152276467890055E+01
   0.340429589692913E-02
  -0.116728237085915E+01
   0.337895636984556E-02
  -0.164418790493923E+01
   0.342434399023778E-02
  -0.158513054561819E+01
   0.351398231000058E-02
  -0.101444894821637E+01
   0.364827126456625E-02
   0.607582640077829E-01
   0.382803791256077E-02
   0.164060910204273E+01
   0.405377290559216E-02
   0.390447354370840E+01
   0.432359547164191E-02
   0.710638043944202E+01
   0.462792136026045E-02
   0.992734874970308E+01
   0.494810600310156E-02
   0.124763734424999E+02
   0.526585385724472E-02
   0.147742705255774E+02
   0.556646118468503E-02
   0.167275927493661E+02
   0.583963013796564E-02
   0.183132926628744E+02
   0.607884531623912E-02
   0.195469766880326E+02
   0.628040909417454E-02
   0.204630114877645E+02
   0.644438697212086E-02
   0.211011781508587E+02
   0.657439233629483E-02
   0.214962193963269E+02
   0.667282379419462E-02
   0.216691247305308E+02
   0.673941352685525E-02
   0.216209768487574E+02
   0.677102252610093E-02
   0.213330608492787E+02
   0.676183632523012E-02
   0.207722089328038E+02
   0.670633635855195E-02
   0.198938829016976E+02
   0.660189534798802E-02
   0.186415313612697E+02
   0.644680599735716E-02
   0.169438113578660E+02
   0.623993121167690E-02
   0.147122026887936E+02
   0.598258588013147E-02
   0.118417824423414E+02
   0.568084798542028E-02
   0.821502587265039E+01
   0.534672341411170E-02
   0.539422058948987E+01
   0.499819761926908E-02
   0.332557131386904E+01
   0.465766102200822E-02
   0.192978429776969E+01
   0.434653579304355E-02
   0.112751124106867E+01
   0.407924795131891E-02
   0.364850667757556E+01
   0.479679201210429E-02
   0.422279536835682E+01
   0.461637330869027E-02
   0.398802910548590E+01
   0.444974018569816E-02
   0.313356907029302E+01
   0.427275279428982E-02
   0.150840669861878E+01
   0.412815986539433E-02
   0.754762781477121E+00
   0.405678384463755E-02
   0.516617549551379E+00
   0.405754615183890E-02
   0.762792526615691E+00
   0.413300417490053E-02
   0.154505524160032E+01
   0.427280216893368E-02
   0.303640491923685E+01
   0.445812121504714E-02
   0.336069842368606E+01
   0.470651496383441E-02
   0.427824983362531E+01
   0.499692819379513E-02
   0.587673539221572E+01
   0.542531900241611E-02
   0.806456502574553E+01
   0.591678898644115E-02
   0.109657369647300E+02
   0.639040940643958E-02
   0.149099261501568E+02
   0.682683401326737E-02
   0.176120782339224E+02
   0.721793436319247E-02
   0.194098274389859E+02
   0.754946591860315E-02
   0.205513908320499E+02
   0.778600770611657E-02
   0.212322765026023E+02
   0.792100954104367E-02
   0.216211566788561E+02
   0.803581174330846E-02
   0.218613853683090E+02
   0.815743375983068E-02
   0.220504625850628E+02
   0.828929920473609E-02
   0.221887539697543E+02
   0.842450169600826E-02
   0.221916300710303E+02
   0.850481817561305E-02
   0.219834091703765E+02
   0.848076543118771E-02
   0.215178808138660E+02
   0.838891270701580E-02
   0.207596525562446E+02
   0.824152929477760E-02
   0.196513394473643E+02
   0.802003740952915E-02
   0.180781025981714E+02
   0.770255182924475E-02
   0.158714577935081E+02
   0.728350929058777E-02
   0.128580818277289E+02
   0.678727681689206E-02
   0.889884531730454E+01
   0.623615329830289E-02
   0.632314196863097E+01
   0.571556922651049E-02
   0.473646185062992E+01
   0.530304131141303E-02
   0.387140414423058E+01
   0.501413159375437E-02
   0.609259503819593E+01
   0.634394013576527E-02
   0.570746197174778E+01
   0.616679638653123E-02
   0.519931501803861E+01
   0.596405091413281E-02
   0.450785170121856E+01
   0.560939384078137E-02
   0.375940762167620E+01
   0.528641613591939E-02
   0.331329675877079E+01
   0.520067190276549E-02
   0.317247207981960E+01
   0.524041320851291E-02
   0.335708474392026E+01
   0.537814726376134E-02
   0.388346483071804E+01
   0.559265986084916E-02
   0.480102327588748E+01
   0.585530888037264E-02
   0.623941747160695E+01
   0.607677764953615E-02
   0.664486908244230E+01
   0.592502980003510E-02
   0.826163902727894E+01
   0.646024659473147E-02
   0.104399441888056E+02
   0.708573711838020E-02
   0.131770012117877E+02
   0.753532065878521E-02
   0.168965067943354E+02
   0.798137769133097E-02
   0.192162266326920E+02
   0.845683494696517E-02
   0.205980766448225E+02
   0.895209471361100E-02
   0.213006667326406E+02
   0.923692717983630E-02
   0.215265229292694E+02
   0.911659259340933E-02
   0.214924965104117E+02
   0.914959580209991E-02
   0.214432826409575E+02
   0.928120445976824E-02
   0.216438222741267E+02
   0.947530629317921E-02
   0.220635659136809E+02
   0.984553167995054E-02
   0.223504008221831E+02
   0.101194653973456E-01
   0.223583056697180E+02
   0.998969957915423E-02
   0.220808331230737E+02
   0.985274171731071E-02
   0.215705381853105E+02
   0.974690922016331E-02
   0.208638205214525E+02
   0.956057241271322E-02
   0.198203647932715E+02
   0.920916508180337E-02
   0.181119614199695E+02
   0.867034143747637E-02
   0.154316847734962E+02
   0.812656524184319E-02
   0.114741764957508E+02
   0.744052218448867E-02
   0.901628733828818E+01
   0.689143908668507E-02
   0.755637192303284E+01
   0.662145616639862E-02
   0.666732215814575E+01
   0.652550662650760E-02
   0.887326892614255E+01
   0.832868387020596E-02
   0.830739732567668E+01
   0.802176175643370E-02
   0.772598005642713E+01
   0.769848658436385E-02
   0.711330629284161E+01
   0.736323165783948E-02
   0.651817584098336E+01
   0.698369263719105E-02
   0.612376739624796E+01
   0.680434025631188E-02
   0.596561443569280E+01
   0.682559691042654E-02
   0.603142925668391E+01
   0.692800172064984E-02
   0.631252583969180E+01
   0.703069636408260E-02
   0.683527008080806E+01
   0.707346945628162E-02
   0.761756075223880E+01
   0.710433994115466E-02
   0.877858715822499E+01
   0.690050579428412E-02
   0.116228222604426E+02
   0.765839524801379E-02
   0.141025725354283E+02
   0.802937871475412E-02
   0.165197306717228E+02
   0.828718937305351E-02
   0.188931515350784E+02
   0.864985180665789E-02
   0.205678017765930E+02
   0.909480500474664E-02
   0.214716243858177E+02
   0.952428910805623E-02
   0.217273875819527E+02
   0.976751784147199E-02
   0.214783890082680E+02
   0.981464772943509E-02
   0.209294874266032E+02
   0.992528004330581E-02
   0.204063008236992E+02
   0.999427062585097E-02
   0.206518155302131E+02
   0.101653691557734E-01
   0.216385924756523E+02
   0.109326967661151E-01
   0.222492331756641E+02
   0.111718533762886E-01
   0.223872013686886E+02
   0.109277520553854E-01
   0.221374471511057E+02
   0.110385331198729E-01
   0.216915913490146E+02
   0.107781426939822E-01
   0.213328113989316E+02
   0.105528187866476E-01
   0.209147584483058E+02
   0.102962140371149E-01
   0.197682810432245E+02
   0.988831612846622E-02
   0.175082240413504E+02
   0.940212509200509E-02
   0.138376271707316E+02
   0.889767340724442E-02
   0.116267246650169E+02
   0.860159725582008E-02
   0.103427149407679E+02
   0.854159056701198E-02
   0.950844013153927E+01
   0.847107360827853E-02
   0.113956530990042E+02
   0.103883732493672E-01
   0.107906333807354E+02
   0.992113043898466E-02
   0.102003365912374E+02
   0.942597755574114E-02
   0.964377979675746E+01
   0.902918575932248E-02
   0.914025022863244E+01
   0.867158765443891E-02
   0.876733192579257E+01
   0.843373866541009E-02
   0.855639564294684E+01
   0.833870316950586E-02
   0.850564998287739E+01
   0.831920953088570E-02
   0.861098024472119E+01
   0.829153815865092E-02
   0.890186433015255E+01
   0.822330440821267E-02
   0.944000930268404E+01
   0.800920645998388E-02
   0.105293133555053E+02
   0.786047958729770E-02
   0.132580077307754E+02
   0.853611956159674E-02
   0.158642570703484E+02
   0.871414016418636E-02
   0.181325650581929E+02
   0.886097694861161E-02
   0.201343818421821E+02
   0.921940932543082E-02
   0.214787280157982E+02
   0.973818804725645E-02
   0.220048949662967E+02
   0.102152508818324E-01
   0.218746557961304E+02
   0.103871099208541E-01
   0.211653339956222E+02
   0.103374281896391E-01
   0.200352673301809E+02
   0.105661810919556E-01
   0.186779670798098E+02
   0.104186580684680E-01
   0.189794537791147E+02
   0.108089318220542E-01
   0.211043322820728E+02
   0.118298794024565E-01
   0.220064037442496E+02
   0.116073954887563E-01
   0.221824653383927E+02
   0.117216662607769E-01
   0.218057795455537E+02
   0.118850762802450E-01
   0.212019955161182E+02
   0.115670905368454E-01
   0.211615703220915E+02
   0.111630065393160E-01
   0.215987214309026E+02
   0.110308614016673E-01
   0.210530989034551E+02
   0.106842662276776E-01
   0.192060184400203E+02
   0.103759675882584E-01
   0.158251942165692E+02
   0.102695342723163E-01
   0.138801679066636E+02
   0.102055080776644E-01
   0.127720602951747E+02
   0.104995106563720E-01
   0.120259839793222E+02
   0.106292039149870E-01
   0.135426970939556E+02
   0.121086077038982E-01
   0.129400793046062E+02
   0.114477417001230E-01
   0.123773867241150E+02
   0.108435811793572E-01
   0.118791883263357E+02
   0.104216807019503E-01
   0.114466954057163E+02
   0.101112010366027E-01
   0.111029241498424E+02
   0.986722346090516E-02
   0.108638274624362E+02
   0.968588041558572E-02
   0.107346789328648E+02
   0.955232779075922E-02
   0.107238247960717E+02
   0.942673408908354E-02
   0.108690081771360E+02
   0.934207867479489E-02
   0.112313299330984E+02
   0.922288035070982E-02
   0.120210812314605E+02
   0.893905108435778E-02
   0.138191112112368E+02
   0.904877236532803E-02
   0.167302292425337E+02
   0.938995015076976E-02
   0.189107273088348E+02
   0.946172618125190E-02
   0.208634696158027E+02
   0.989437845404971E-02
   0.220642947610013E+02
   0.105338959193871E-01
   0.222453709652767E+02
   0.110470292366716E-01
   0.217926715487339E+02
   0.109766225223543E-01
   0.206598168107154E+02
   0.110849332828893E-01
   0.189842139692334E+02
   0.112084508645423E-01
   0.181460900839794E+02
   0.112032615560595E-01
   0.185353281742275E+02
   0.114431459713895E-01
   0.207705847911984E+02
   0.121950837830217E-01
   0.216863495819114E+02
   0.121291876380944E-01
   0.218134754419698E+02
   0.124496265656955E-01
   0.211810363291074E+02
   0.124495303293724E-01
   0.200907928930926E+02
   0.120250729409343E-01
   0.203269516250230E+02
   0.115078206103532E-01
   0.220666100215143E+02
   0.114554525119641E-01
   0.220964383112561E+02
   0.112821980290996E-01
   0.206154518067433E+02
   0.111793429628698E-01
   0.174896887307646E+02
   0.116163785044816E-01
   0.157944584049253E+02
   0.119320941337309E-01
   0.148446069164006E+02
   0.125264394231683E-01
   0.141622140211324E+02
   0.125498682644778E-01
   0.153191629582290E+02
   0.133046676397486E-01
   0.147463467199296E+02
   0.125413782756969E-01
   0.142357208689539E+02
   0.119479113926668E-01
   0.138014293830618E+02
   0.115779680451919E-01
   0.134304759962409E+02
   0.113273484485206E-01
   0.131209174228292E+02
   0.111070737037541E-01
   0.128763638434070E+02
   0.108882879934304E-01
   0.127039821331262E+02
   0.106861140215687E-01
   0.126211611799236E+02
   0.105300361369835E-01
   0.126681891212361E+02
   0.104904475816552E-01
   0.128908856734537E+02
   0.104703083883174E-01
   0.134182344279430E+02
   0.101425709178943E-01
   0.146301710336321E+02
   0.967353975093213E-02
   0.171126299519576E+02
   0.975796189848344E-02
   0.190986919584253E+02
   0.100649143543752E-01
   0.212203675703143E+02
   0.104429995864497E-01
   0.224145153806786E+02
   0.114836764784406E-01
   0.221925488152430E+02
   0.120869425223701E-01
   0.214977198112924E+02
   0.118636579327368E-01
   0.199652813427569E+02
   0.119564122223324E-01
   0.188704607736936E+02
   0.122782798505498E-01
   0.183564507564776E+02
   0.124208599875330E-01
   0.186676287214639E+02
   0.121931812761919E-01
   0.204551304423301E+02
   0.125310762291283E-01
   0.212239124743138E+02
   0.126943417285428E-01
   0.213008933170974E+02
   0.128122634558222E-01
   0.203537202550625E+02
   0.128591656536312E-01
   0.198244862161178E+02
   0.124959307967844E-01
   0.203226522884548E+02
   0.120056879985789E-01
   0.225383556063985E+02
   0.115017304305320E-01
   0.229526487870132E+02
   0.116218681430451E-01
   0.217754100965394E+02
   0.118703656640376E-01
   0.188849017118443E+02
   0.129304395779725E-01
   0.174145081288956E+02
   0.138197956376716E-01
   0.165666220642225E+02
   0.142933888643774E-01
   0.159217723583118E+02
   0.139790678983771E-01
   0.167750680571484E+02
   0.141675076668728E-01
   0.162572324914648E+02
   0.135402319986810E-01
   0.158110091082297E+02
   0.131155804442922E-01
   0.154381031043031E+02
   0.128762878547621E-01
   0.151182114690706E+02
   0.126608762691060E-01
   0.148422161436344E+02
   0.124373016621531E-01
   0.146057460567097E+02
   0.121790860945299E-01
   0.144137738228670E+02
   0.119189842945922E-01
   0.142852553787966E+02
   0.117142553063785E-01
   0.142577082432074E+02
   0.116709860345019E-01
   0.143657292349945E+02
   0.116872239289372E-01
   0.146830854059989E+02
   0.112905056152072E-01
   0.154545475724566E+02
   0.106014941604283E-01
   0.170398320172680E+02
   0.102025334198132E-01
   0.187294715491877E+02
   0.108128338312336E-01
   0.212993554971480E+02
   0.110964308664636E-01
   0.226227102636852E+02
   0.124808654899134E-01
   0.218137074559097E+02
   0.134541885003865E-01
   0.210091602123019E+02
   0.130975362562553E-01
   0.200190099716341E+02
   0.129756744307277E-01
   0.192651996096463E+02
   0.137925633660826E-01
   0.188993329069812E+02
   0.138248425137300E-01
   0.190647048369675E+02
   0.132087276008999E-01
   0.199741050809420E+02
   0.128637827847700E-01
   0.205470287491438E+02
   0.129903560623267E-01
   0.206698225086531E+02
   0.133468670183546E-01
   0.202724748224869E+02
   0.135351974592449E-01
   0.200798437729994E+02
   0.135128663448579E-01
   0.206592320285303E+02
   0.127593369746415E-01
   0.229464428913525E+02
   0.114477042057000E-01
   0.236248869703668E+02
   0.119399280962329E-01
   0.227063246539644E+02
   0.125575164955067E-01
   0.200624227906158E+02
   0.144519880406701E-01
   0.187480559582918E+02
   0.153758416915327E-01
   0.179454242812848E+02
   0.152239481271929E-01
   0.173377085224135E+02
   0.148165664161861E-01
   0.179681819074351E+02
   0.152542192438467E-01
   0.175157594663493E+02
   0.149019878762095E-01
   0.171278609779235E+02
   0.146261419720461E-01
   0.168053846752261E+02
   0.144651752461001E-01
   0.165299909847050E+02
   0.143042260601251E-01
   0.162889243385584E+02
   0.141380398045452E-01
   0.160713444888604E+02
   0.139403349698603E-01
   0.158757255494472E+02
   0.137293280074070E-01
   0.157160282401548E+02
   0.135317526790891E-01
   0.156195479901387E+02
   0.133321980879819E-01
   0.156215830792711E+02
   0.130637076364132E-01
   0.157861437937645E+02
   0.124355104004727E-01
   0.162829091873539E+02
   0.117210973920629E-01
   0.174218845222720E+02
   0.111810104010811E-01
   0.187568361493758E+02
   0.111710400153681E-01
   0.211833532377664E+02
   0.112045439151652E-01
   0.228119682491949E+02
   0.130789475762458E-01
   0.219972524120193E+02
   0.148160875586699E-01
   0.211663585235128E+02
   0.143434583867242E-01
   0.205035681748358E+02
   0.139057153847825E-01
   0.198405192772341E+02
   0.148946383731951E-01
   0.195276089572782E+02
   0.148115564579597E-01
   0.196038256891259E+02
   0.141882733958838E-01
   0.201111584661159E+02
   0.139469637539635E-01
   0.205886706046840E+02
   0.138800647512034E-01
   0.207513036142659E+02
   0.143100123411560E-01
   0.206060565415337E+02
   0.145146690472153E-01
   0.205568716510674E+02
   0.145027316733197E-01
   0.210807062598561E+02
   0.134709285949942E-01
   0.232073988349617E+02
   0.116493786359008E-01
   0.241100878737448E+02
   0.124475096918312E-01
   0.234194534368260E+02
   0.133366890171964E-01
   0.210109344604543E+02
   0.158962573254639E-01
   0.197931265846650E+02
   0.162423107034308E-01
   0.190271966122901E+02
   0.157754719747694E-01
   0.184705963131636E+02
   0.156074445997605E-01
   0.189419721971349E+02
   0.164294039185623E-01
   0.185482759585962E+02
   0.162045809512122E-01
   0.182090723798864E+02
   0.160017341780038E-01
   0.179274691482546E+02
   0.158707750295362E-01
   0.176904648646904E+02
   0.157746652033397E-01
   0.174818453180481E+02
   0.156874325071179E-01
   0.172843210317185E+02
   0.155694834675703E-01
   0.170871632769101E+02
   0.153969952755767E-01
   0.168992010263197E+02
   0.151966348919209E-01
   0.167440840476821E+02
   0.149135824988868E-01
   0.166609049837337E+02
   0.145181988165137E-01
   0.167148915754342E+02
   0.138674338135365E-01
   0.170469006170426E+02
   0.127885407117833E-01
   0.180101807122350E+02
   0.122504056045493E-01
   0.189699304855229E+02
   0.121637749459530E-01
   0.207933957670812E+02
   0.116401347379063E-01
   0.229912173831265E+02
   0.134761435551792E-01
   0.224645240886619E+02
   0.157132216620190E-01
   0.215831566465803E+02
   0.159641184608635E-01
   0.212286607756644E+02
   0.146491119337376E-01
   0.204178925455436E+02
   0.159567598918808E-01
   0.201240481672386E+02
   0.157732044805532E-01
   0.201404303286251E+02
   0.154220476952999E-01
   0.204643480348403E+02
   0.151052222637898E-01
   0.209449286321259E+02
   0.150544191678471E-01
   0.211315406956754E+02
   0.155460815176391E-01
   0.211078041624675E+02
   0.156393922972021E-01
   0.210869394458924E+02
   0.154615042596500E-01
   0.214648996696686E+02
   0.143306518383841E-01
   0.232449165166799E+02
   0.124747716536153E-01
   0.244124969842481E+02
   0.132327398031205E-01
   0.239274035909838E+02
   0.142373232033862E-01
   0.217552434060244E+02
   0.172268159132297E-01
   0.206179617136094E+02
   0.173199671598250E-01
   0.198914940279677E+02
   0.166979067654984E-01
   0.193828282000902E+02
   0.166201401303766E-01
   0.197354524102469E+02
   0.175812037297954E-01
   0.193859344002118E+02
   0.173860993985528E-01
   0.190842291611684E+02
   0.172194958865518E-01
   0.188349618978414E+02
   0.171181810700265E-01
   0.186296378962548E+02
   0.171031929735117E-01
   0.184484242359821E+02
   0.170996573586644E-01
   0.182684974738457E+02
   0.170617276106115E-01
   0.180696144583167E+02
   0.169129211803151E-01
   0.178556114072334E+02
   0.166643033791227E-01
   0.176510541346367E+02
   0.162635848471577E-01
   0.175012333374752E+02
   0.157242784501038E-01
   0.174757905611932E+02
   0.149835718012536E-01
   0.177177246018372E+02
   0.139484671982774E-01
   0.187238822234468E+02
   0.132867459577299E-01
   0.192937554883941E+02
   0.139301304515717E-01
   0.207537614542301E+02
   0.125694701772440E-01
   0.231856158482230E+02
   0.136804830341729E-01
   0.232010602699464E+02
   0.157929027036985E-01
   0.220433056554773E+02
   0.173812325512975E-01
   0.214608668167790E+02
   0.162838290728522E-01
   0.209096846950246E+02
   0.170725966394947E-01
   0.206746998015053E+02
   0.169408080967697E-01
   0.206648365464128E+02
   0.165470109066093E-01
   0.209114888025852E+02
   0.159978306793236E-01
   0.215011235631605E+02
   0.156394750167831E-01
   0.216729739046104E+02
   0.166916218743144E-01
   0.217079060310624E+02
   0.166330285658525E-01
   0.216585667257923E+02
   0.164826277075206E-01
   0.218498539616259E+02
   0.154852417552283E-01
   0.229894322199108E+02
   0.143641226258984E-01
   0.245630578649609E+02
   0.143396780031161E-01
   0.242549091889931E+02
   0.153428764105666E-01
   0.223194732599461E+02
   0.185527418122123E-01
   0.212680224262450E+02
   0.184179982527018E-01
   0.205912905665507E+02
   0.177755101413366E-01
   0.201274932529417E+02
   0.177278628913560E-01
   0.203602051267894E+02
   0.185833127576297E-01
   0.200421447165442E+02
   0.183850886882126E-01
   0.197680954762365E+02
   0.182423815359358E-01
   0.195427590570568E+02
   0.181856274259261E-01
   0.193597038245067E+02
   0.182402429977650E-01
   0.191975113261827E+02
   0.183092080943489E-01
   0.190292786395965E+02
   0.183365500357616E-01
   0.188267267382433E+02
   0.181946917435450E-01
   0.185901203839258E+02
   0.178667388666424E-01
   0.183496967585635E+02
   0.173397153568914E-01
   0.181574853442053E+02
   0.166603926703947E-01
   0.180878569127577E+02
   0.159032878740134E-01
   0.182640392209631E+02
   0.152499840481073E-01
   0.189447202503391E+02
   0.148444678225833E-01
   0.196050599567444E+02
   0.155600807103594E-01
   0.208902754257400E+02
   0.140931515038281E-01
   0.233388737496310E+02
   0.143181734632262E-01
   0.236234591289776E+02
   0.157462767396623E-01
   0.224647622490731E+02
   0.179311414864635E-01
   0.217784238873150E+02
   0.175700858875640E-01
   0.213377810945056E+02
   0.177577654418176E-01
   0.211657973901813E+02
   0.179898344879154E-01
   0.211581417609427E+02
   0.176040932173785E-01
   0.213800554921094E+02
   0.168878958090325E-01
   0.222408955605021E+02
   0.155765494592890E-01
   0.222949699825143E+02
   0.169328555503470E-01
   0.223857425185650E+02
   0.170678117111190E-01
   0.222680298293772E+02
   0.175755702306977E-01
   0.222704718900673E+02
   0.168883879733390E-01
   0.230068441720298E+02
   0.158994811219001E-01
   0.246084190970351E+02
   0.152572738235385E-01
   0.244163877071585E+02
   0.164787516924259E-01
   0.227129551945121E+02
   0.197475589501335E-01
   0.217602125213460E+02
   0.193944736886269E-01
   0.211407809206823E+02
   0.187836166134869E-01
   0.207159661186437E+02
   0.187262341044362E-01
   0.208253027366417E+02
   0.194722396171153E-01
   0.205291563877023E+02
   0.192700024510208E-01
   0.202736045022905E+02
   0.191349384521488E-01
   0.200620876004726E+02
   0.190922741048939E-01
   0.198891414195643E+02
   0.191400020890938E-01
   0.197350991934582E+02
   0.192197405283416E-01
   0.195714473822945E+02
   0.192640057835197E-01
   0.193643791748852E+02
   0.191045286539560E-01
   0.191122009430793E+02
   0.187079666041816E-01
   0.188535016047392E+02
   0.181226124756532E-01
   0.186462684855790E+02
   0.174451841691858E-01
   0.185642816321024E+02
   0.168974165002893E-01
   0.186994640481261E+02
   0.165641901094945E-01
   0.191943729715353E+02
   0.158753655343714E-01
   0.198705412577351E+02
   0.163833413547005E-01
   0.210832776553586E+02
   0.159302783682441E-01
   0.234306199894970E+02
   0.156913892220820E-01
   0.238508970099520E+02
   0.160468456187296E-01
   0.228630227621111E+02
   0.176547404323447E-01
   0.220931034733243E+02
   0.187528623805913E-01
   0.217088449884955E+02
   0.187206144476220E-01
   0.215856398679170E+02
   0.189977558456946E-01
   0.215936784857704E+02
   0.186725974839641E-01
   0.217977622528714E+02
   0.179905812116570E-01
   0.226243129253049E+02
   0.162426030969035E-01
   0.229792086927541E+02
   0.170521500196991E-01
   0.231688308678936E+02
   0.168631659091854E-01
   0.229024570361090E+02
   0.182278112760956E-01
   0.226980815256360E+02
   0.183919032829619E-01
   0.231420892286345E+02
   0.173062773470758E-01
   0.245574178988930E+02
   0.159146845004628E-01
   0.244145564540500E+02
   0.174025705906336E-01
   0.229414960397293E+02
   0.202826580016221E-01
   0.221056011967957E+02
   0.200966382710500E-01
   0.215488312071795E+02
   0.197150704244076E-01
   0.211553071519887E+02
   0.196257826306978E-01
   0.211377023678598E+02
   0.202361029518587E-01
   0.208559738805682E+02
   0.200396997593624E-01
   0.206107342474513E+02
   0.198975130855023E-01
   0.204034148123804E+02
   0.198004281111658E-01
   0.202300404384426E+02
   0.197483155256850E-01
   0.200748496839400E+02
   0.197665009292069E-01
   0.199104827933203E+02
   0.198071657107887E-01
   0.196998123672102E+02
   0.196634641091776E-01
   0.194408723542970E+02
   0.192645255479145E-01
   0.191811930295619E+02
   0.187577149114685E-01
   0.189812132263655E+02
   0.182652312744275E-01
   0.189062714242902E+02
   0.179261992829252E-01
   0.190155791996518E+02
   0.175412763962214E-01
   0.194088679689310E+02
   0.168592340659153E-01
   0.200800429303805E+02
   0.172555161179299E-01
   0.212514196645237E+02
   0.177498023933379E-01
   0.234392045478608E+02
   0.166260691069939E-01
   0.239270034899323E+02
   0.161123151124577E-01
   0.233193552603153E+02
   0.168321847806934E-01
   0.223433416916422E+02
   0.192709884161832E-01
   0.220062142382256E+02
   0.197311360495661E-01
   0.219208101947828E+02
   0.198824291729717E-01
   0.219505578809139E+02
   0.196283763796778E-01
   0.221369467462016E+02
   0.193512982688466E-01
   0.226717761280302E+02
   0.176538484829783E-01
   0.232499339769168E+02
   0.175946409150641E-01
   0.235834248509655E+02
   0.172333400834302E-01
   0.235742346635099E+02
   0.180750093122700E-01
   0.230952705710809E+02
   0.198849952719464E-01
   0.233000641131715E+02
   0.188485222478709E-01
   0.244132629289327E+02
   0.167787829816942E-01
   0.242297251600939E+02
   0.184780221110950E-01
   0.230328778450127E+02
   0.207787103165441E-01
   0.223208466803639E+02
   0.207921152802678E-01
   0.218217426656374E+02
   0.205692665906909E-01
   0.214508208064138E+02
   0.204128313591656E-01
   0.213038696300429E+02
   0.207658047405892E-01
   0.210309157906726E+02
   0.205955674496185E-01
   0.207905128126122E+02
   0.204516500269889E-01
   0.205829452695362E+02
   0.202868452546885E-01
   0.204046239783984E+02
   0.201337174232024E-01
   0.202442619982772E+02
   0.201230482908012E-01
   0.200745806888440E+02
   0.201815122495478E-01
   0.198584571284623E+02
   0.200415847537569E-01
   0.195986398186670E+02
   0.196509810455590E-01
   0.193479573023991E+02
   0.192341408130324E-01
   0.191658558788069E+02
   0.189151083370069E-01
   0.191071221179919E+02
   0.186560126540751E-01
   0.192070381195354E+02
   0.181007430519114E-01
   0.195497882409125E+02
   0.174709249760379E-01
   0.202159688135167E+02
   0.180316129771022E-01
   0.213395552676857E+02
   0.188909392848304E-01
   0.233410355857034E+02
   0.167017509774982E-01
   0.238675634529401E+02
   0.160639006431732E-01
   0.234822921474807E+02
   0.164561832549872E-01
   0.224940751008413E+02
   0.194571033350394E-01
   0.222110791418133E+02
   0.203810691528105E-01
   0.221620551041376E+02
   0.205673491355931E-01
   0.222186486426851E+02
   0.204048212756343E-01
   0.223826676819615E+02
   0.202586738053498E-01
   0.227387664976815E+02
   0.185300434050044E-01
   0.231862006096669E+02
   0.183153692825585E-01
   0.236972702579596E+02
   0.178239755599930E-01
   0.239097440424428E+02
   0.181553101848631E-01
   0.234171856308760E+02
   0.209986564958425E-01
   0.234227705668742E+02
   0.204724145130546E-01
   0.241607412138541E+02
   0.180304949234493E-01
   0.238235955405193E+02
   0.200494921162960E-01
   0.230132623291474E+02
   0.212736934630525E-01
   0.224152536482696E+02
   0.213669675079982E-01
   0.219612335638743E+02
   0.211685442014270E-01
   0.216067466320398E+02
   0.209515183947980E-01
   0.213366089715144E+02
   0.207039348659624E-01
   0.210681570623294E+02
   0.205393732563343E-01
   0.208291445759143E+02
   0.203839698911247E-01
   0.206200474174874E+02
   0.202135497358335E-01
   0.204358866325227E+02
   0.200771139786301E-01
   0.202651605751990E+02
   0.200511088032500E-01
   0.200833896717088E+02
   0.200576608748585E-01
   0.198600914793691E+02
   0.198885522231953E-01
   0.196039351157648E+02
   0.195433951612447E-01
   0.193671052106066E+02
   0.192076522788618E-01
   0.192044497504126E+02
   0.189540458087048E-01
   0.191669352073128E+02
   0.187355945134329E-01
   0.192787053441871E+02
   0.182056586413053E-01
   0.195990105430431E+02
   0.175955521796428E-01
   0.202607629998116E+02
   0.183709458488425E-01
   0.213171028653958E+02
   0.191431964727309E-01
   0.231427855559018E+02
   0.163425377947114E-01
   0.236941374862137E+02
   0.159423792800102E-01
   0.234573866833869E+02
   0.162995786030060E-01
   0.225423571000843E+02
   0.194494935109807E-01
   0.223188425354504E+02
   0.208089036506950E-01
   0.223080528094848E+02
   0.212184253037056E-01
   0.223905234855985E+02
   0.210155431836164E-01
   0.225344110505623E+02
   0.207011699871406E-01
   0.227868095194996E+02
   0.193499010190760E-01
   0.231369793581350E+02
   0.189347902229536E-01
   0.235443853963185E+02
   0.189549440186843E-01
   0.240089486132064E+02
   0.185318533599841E-01
   0.236591933361427E+02
   0.211567297624188E-01
   0.234636147764537E+02
   0.214815454496188E-01
   0.237511117726255E+02
   0.196420309247586E-01
   0.235034885119294E+02
   0.208611017262885E-01
   0.229075755213490E+02
   0.214301145285387E-01
   0.223958409429985E+02
   0.214740245404838E-01
   0.219756343572118E+02
   0.211523831574986E-01
   0.216335953462366E+02
   0.208891724717590E-01
   0.212645101145561E+02
   0.197582877798617E-01
   0.209958402539664E+02
   0.195030244116192E-01
   0.207513404077937E+02
   0.192416449047830E-01
   0.205325036588610E+02
   0.189989695514086E-01
   0.203364277131966E+02
   0.188500178029033E-01
   0.201523568397273E+02
   0.188221625790015E-01
   0.199589046613930E+02
   0.188415103076692E-01
   0.197325973183423E+02
   0.187455316239051E-01
   0.194865399959145E+02
   0.185669861702489E-01
   0.192697242777687E+02
   0.184339127936644E-01
   0.191295897137855E+02
   0.183311626468328E-01
   0.191118362176408E+02
   0.182330487323099E-01
   0.192441691601131E+02
   0.179710155988711E-01
   0.195524603862355E+02
   0.173727430395156E-01
   0.202095813478242E+02
   0.184335237958145E-01
   0.211772243189971E+02
   0.189042275083032E-01
   0.228532358537045E+02
   0.161381836260050E-01
   0.234166175198639E+02
   0.159257855648718E-01
   0.232887796225473E+02
   0.161696830133567E-01
   0.224933964574515E+02
   0.199474783862445E-01
   0.223162712442036E+02
   0.210681556501458E-01
   0.223366774984295E+02
   0.215247412566101E-01
   0.224566724447032E+02
   0.214523567440431E-01
   0.225890320076200E+02
   0.209652237291138E-01
   0.227865653375030E+02
   0.200354624312757E-01
   0.230816641452783E+02
   0.200093826329495E-01
   0.234082163643952E+02
   0.199454858262290E-01
   0.239075583982824E+02
   0.191851829569400E-01
   0.238644806933460E+02
   0.201604988232960E-01
   0.234020861573284E+02
   0.215547202859252E-01
   0.234337430136282E+02
   0.203605649969417E-01
   0.232015929369980E+02
   0.208932726554696E-01
   0.227259351439230E+02
   0.209879917138088E-01
   0.222786886035878E+02
   0.207773498751450E-01
   0.218898308897705E+02
   0.203522085395993E-01
   0.215584689634838E+02
   0.200206253472038E-01
   0.211082894596793E+02
   0.184764187698860E-01
   0.208372928119992E+02
   0.181669548571016E-01
   0.205879884075471E+02
   0.178831328913795E-01
   0.203623114114134E+02
   0.176619206367551E-01
   0.201564792337602E+02
   0.175191025187543E-01
   0.199590910885462E+02
   0.174385686459741E-01
   0.197529124537678E+02
   0.173824853258337E-01
   0.195240991493939E+02
   0.172878734362151E-01
   0.192904138920652E+02
   0.172210331257983E-01
   0.190932423374790E+02
   0.172288481554394E-01
   0.189727536573547E+02
   0.172933202896679E-01
   0.189714113288845E+02
   0.174397953370306E-01
   0.191184176824857E+02
   0.175646528488148E-01
   0.194160667090576E+02
   0.170967120005596E-01
   0.200598717604218E+02
   0.185171500026696E-01
   0.209242699731886E+02
   0.185832205042813E-01
   0.224585749258791E+02
   0.161276384551866E-01
   0.230214644863777E+02
   0.160242051776261E-01
   0.229835671850245E+02
   0.160897782247968E-01
   0.223253372055090E+02
   0.201577507268410E-01
   0.221838575990736E+02
   0.207822445709661E-01
   0.222255451024133E+02
   0.210363915886382E-01
   0.224021984483799E+02
   0.213319810950886E-01
   0.225374045536981E+02
   0.210607102464838E-01
   0.227085071121535E+02
   0.204755957723062E-01
   0.229666940272418E+02
   0.207511040725370E-01
   0.232279903295275E+02
   0.207039295269413E-01
   0.235608912969342E+02
   0.204284363308187E-01
   0.237661655879212E+02
   0.197976752083555E-01
   0.232264010893736E+02
   0.211277977727715E-01
   0.231252539367124E+02
   0.205236146560156E-01
   0.228851552337628E+02
   0.204553570229463E-01
   0.224783619031542E+02
   0.200272947060692E-01
   0.220839786015034E+02
   0.196411219584889E-01
   0.217233298196126E+02
   0.191833270017079E-01
   0.214012884168525E+02
   0.188060564505736E-01
   0.209110715769433E+02
   0.177600768222634E-01
   0.206405766306031E+02
   0.174330941174912E-01
   0.203898921184240E+02
   0.171481756456407E-01
   0.201605508997035E+02
   0.169430621588209E-01
   0.199471935750677E+02
   0.167978005276299E-01
   0.197377652819890E+02
   0.166888693521767E-01
   0.195186584272418E+02
   0.165878085464307E-01
   0.192837197424620E+02
   0.164619288092113E-01
   0.190536167574769E+02
   0.163755837385001E-01
   0.188644823925228E+02
   0.163694447384976E-01
   0.187515949311274E+02
   0.164683133841288E-01
   0.187550356678442E+02
   0.167372151742858E-01
   0.189087273186559E+02
   0.172257632654544E-01
   0.192177915617385E+02
   0.176085743897733E-01
   0.198033171790935E+02
   0.186676968981380E-01
   0.205577097045881E+02
   0.179769399434067E-01
   0.219410091986470E+02
   0.161222343717229E-01
   0.224916887015773E+02
   0.161149976147724E-01
   0.225414563934889E+02
   0.162462046422422E-01
   0.220352348586859E+02
   0.205968942973915E-01
   0.219242378217002E+02
   0.205639293756111E-01
   0.219793099700394E+02
   0.201177842518845E-01
   0.222324745146073E+02
   0.207628576043446E-01
   0.223747608037091E+02
   0.210590523416513E-01
   0.225327778745446E+02
   0.206154539222950E-01
   0.227632327085639E+02
   0.211140818598029E-01
   0.229768576606421E+02
   0.214018275294889E-01
   0.232094448319939E+02
   0.216850401842048E-01
   0.234262745394410E+02
   0.200161847711758E-01
   0.229387619430404E+02
   0.208575498276636E-01
   0.227882577190262E+02
   0.204971218953916E-01
   0.225430210148012E+02
   0.199799939846613E-01
   0.221873332517911E+02
   0.193346160199995E-01
   0.218420320884926E+02
   0.189276759336260E-01
   0.215108541093377E+02
   0.185012160378058E-01
   0.212005981701676E+02
   0.181131582461590E-01
   0.207000759774236E+02
   0.182050954439062E-01
   0.204364474873264E+02
   0.178231251744514E-01
   0.201898695086257E+02
   0.174899751601716E-01
   0.199603767741960E+02
   0.172320094619710E-01
   0.197422922720180E+02
   0.170433998652849E-01
   0.195234073811441E+02
   0.169032767313255E-01
   0.192929002292165E+02
   0.167977999848465E-01
   0.190496391948891E+02
   0.166912757579410E-01
   0.188152336313058E+02
   0.166296234857384E-01
   0.186223703853764E+02
   0.166493029038367E-01
   0.185020547130221E+02
   0.167619724382725E-01
   0.184913307081334E+02
   0.170330400865225E-01
   0.186276934814320E+02
   0.175835371323663E-01
   0.189225932306965E+02
   0.182790690289351E-01
   0.194382455462447E+02
   0.189739613905735E-01
   0.200884869187187E+02
   0.176689556298943E-01
   0.212864327245810E+02
   0.160875820353654E-01
   0.218121903381338E+02
   0.160314483589926E-01
   0.219529802666690E+02
   0.167860935075587E-01
   0.216002394664767E+02
   0.208279105205815E-01
   0.215348011097006E+02
   0.204725451410335E-01
   0.216224525246211E+02
   0.196312617889800E-01
   0.219632365976276E+02
   0.197624267256277E-01
   0.221132843064385E+02
   0.214213552283555E-01
   0.222760872401836E+02
   0.213635491406709E-01
   0.224732412191676E+02
   0.217751708847980E-01
   0.226340916389794E+02
   0.219744962678309E-01
   0.227708863819751E+02
   0.220631636970623E-01
   0.228405124769191E+02
   0.212124144890909E-01
   0.225609123930846E+02
   0.215557912983939E-01
   0.224075072437398E+02
   0.212446713828061E-01
   0.221746595134921E+02
   0.205835949270225E-01
   0.218701341441114E+02
   0.199358007375615E-01
   0.215738532418491E+02
   0.195255464063087E-01
   0.212741606601086E+02
   0.190754241822793E-01
   0.209802461418507E+02
   0.186204742334020E-01
   0.204741658056953E+02
   0.198426212870551E-01
   0.202265358121791E+02
   0.194130754051103E-01
   0.199918935262982E+02
   0.189959958294999E-01
   0.197686732048559E+02
   0.186271570696292E-01
   0.195513942642833E+02
   0.183410088116858E-01
   0.193275341500130E+02
   0.181272823875451E-01
   0.190877148276046E+02
   0.179797593893892E-01
   0.188340653611737E+02
   0.178412229705782E-01
   0.185882697392774E+02
   0.177252638616919E-01
   0.183803652641377E+02
   0.176628503193950E-01
   0.182372016130942E+02
   0.176221258761644E-01
   0.181911026186617E+02
   0.176330773404616E-01
   0.182776954567244E+02
   0.178079398399936E-01
   0.185089951816945E+02
   0.181516521191689E-01
   0.189627413606376E+02
   0.192066050988936E-01
   0.195384947496968E+02
   0.185694467049248E-01
   0.204806724874553E+02
   0.159223311657925E-01
   0.209738733107164E+02
   0.163698923781775E-01
   0.211932773431215E+02
   0.178061182365445E-01
   0.210111595019093E+02
   0.208505517893794E-01
   0.210079520994091E+02
   0.201281812571384E-01
   0.211465492637036E+02
   0.190306573433512E-01
   0.216333487810034E+02
   0.184409959378740E-01
   0.217226774350938E+02
   0.213949558484163E-01
   0.218962672625626E+02
   0.219113266215843E-01
   0.220593739561562E+02
   0.220933096725970E-01
   0.221708787927963E+02
   0.221085180703414E-01
   0.222287781483235E+02
   0.218509082836177E-01
   0.222321511952788E+02
   0.216358226926367E-01
   0.220698208678062E+02
   0.221741357735877E-01
   0.219449885257268E+02
   0.222572802049690E-01
   0.217484242058269E+02
   0.218603471951338E-01
   0.215047402644916E+02
   0.214730046207477E-01
   0.212617470478440E+02
   0.211570232190119E-01
   0.210011457775034E+02
   0.207474159221667E-01
   0.207348503630145E+02
   0.202942342451667E-01
   0.201441384760621E+02
   0.215692845084541E-01
   0.199236290824059E+02
   0.212829301534294E-01
   0.197122844264953E+02
   0.209061661838414E-01
   0.195061366716612E+02
   0.204594618634940E-01
   0.192987711078581E+02
   0.200352195949866E-01
   0.190764196362985E+02
   0.196413227420815E-01
   0.188298285023360E+02
   0.192801458041941E-01
   0.185649272953128E+02
   0.189372445814271E-01
   0.183045510166404E+02
   0.186306221490266E-01
   0.180774988431472E+02
   0.183903609549962E-01
   0.179083712536092E+02
   0.181697878755447E-01
   0.178235172748635E+02
   0.179528602152024E-01
   0.178466566266980E+02
   0.177328242877964E-01
   0.179887034255921E+02
   0.175115024101139E-01
   0.183522303486525E+02
   0.181322435309644E-01
   0.188839969782815E+02
   0.192700394803849E-01
   0.195108458396786E+02
   0.166455844078794E-01
   0.199512232174419E+02
   0.171052691909993E-01
   0.202141276356003E+02
   0.185301666022617E-01
   0.202659042045840E+02
   0.204142197891733E-01
   0.203477156927012E+02
   0.196359641467711E-01
   0.205617862574974E+02
   0.178397134586463E-01
   0.210821528300832E+02
   0.184754322198539E-01
   0.211956970976580E+02
   0.211351862027401E-01
   0.213752872822265E+02
   0.220404355148643E-01
   0.215078282833777E+02
   0.218960061540342E-01
   0.215828136655877E+02
   0.218169962474173E-01
   0.215840095618018E+02
   0.214750026316748E-01
   0.215438065088391E+02
   0.213609066839314E-01
   0.214384135094222E+02
   0.219112174995413E-01
   0.213446528589617E+02
   0.223082688782697E-01
   0.211940896268808E+02
   0.223225358223912E-01
   0.210097058171208E+02
   0.223290304839428E-01
   0.208209255679979E+02
   0.223231254070761E-01
   0.206045523720984E+02
   0.221145525167883E-01
   0.203749212512967E+02
   0.218547046518467E-01
   0.196131719474580E+02
   0.216144416707049E-01
   0.194237919390900E+02
   0.215645288467389E-01
   0.192449327614308E+02
   0.214534740207138E-01
   0.190697261003666E+02
   0.211926256217689E-01
   0.188877389417061E+02
   0.208351104958096E-01
   0.186814406717146E+02
   0.203703241066962E-01
   0.184388273062323E+02
   0.197962518297133E-01
   0.181690174811397E+02
   0.192304572395843E-01
   0.178970139857484E+02
   0.187568778755484E-01
   0.176517324781394E+02
   0.183962837043071E-01
   0.174581421541245E+02
   0.181091552605817E-01
   0.173393106364768E+02
   0.178721492582762E-01
   0.173120496406627E+02
   0.176023664897255E-01
   0.173896500689358E+02
   0.171902105234656E-01
   0.176478534021225E+02
   0.168507870102044E-01
   0.180953348019331E+02
   0.175520655288698E-01
   0.186076966513083E+02
   0.174661789905592E-01
   0.189754563194887E+02
   0.176110946300223E-01
   0.192047976717160E+02
   0.177988468854527E-01
   0.193659974702112E+02
   0.192261469333866E-01
   0.195487173165424E+02
   0.191823926181148E-01
   0.198964211620026E+02
   0.161349944635413E-01
   0.202992991701818E+02
   0.192161250115485E-01
   0.205291477614511E+02
   0.210164120246207E-01
   0.207076998665840E+02
   0.214049997266606E-01
   0.208203527084993E+02
   0.212840078806676E-01
   0.208663067356067E+02
   0.211680424212561E-01
   0.208316288327782E+02
   0.207944079826388E-01
   0.207551623143393E+02
   0.205260634362870E-01
   0.206617242954571E+02
   0.207812351024497E-01
   0.205837612796354E+02
   0.211874575384482E-01
   0.204693825059083E+02
   0.214004469031504E-01
   0.203322862113735E+02
   0.216366110484890E-01
   0.201855383892080E+02
   0.218499332978508E-01
   0.200071924661225E+02
   0.218086733201390E-01
   0.198126820990822E+02
   0.217165265369704E-01
   0.188655536478329E+02
   0.203154718975211E-01
   0.186987057393590E+02
   0.203261084781009E-01
   0.185461290880901E+02
   0.203991919883064E-01
   0.184028208526431E+02
   0.204536489744926E-01
   0.182542871345202E+02
   0.203975206467489E-01
   0.180784446902835E+02
   0.201530046578547E-01
   0.178583840513484E+02
   0.196623647852916E-01
   0.175998336492106E+02
   0.190546956961903E-01
   0.173271052525260E+02
   0.184805898990597E-01
   0.170700244623524E+02
   0.180124609409879E-01
   0.168566152217916E+02
   0.176612916929124E-01
   0.167097881745346E+02
   0.174045190308551E-01
   0.166467146770426E+02
   0.171786048500781E-01
   0.166867101944450E+02
   0.169247673801572E-01
   0.168892083465797E+02
   0.167926397632616E-01
   0.172690284602317E+02
   0.173337115084140E-01
   0.176741922015545E+02
   0.173269815158552E-01
   0.179514680191708E+02
   0.172233153840146E-01
   0.181255621983148E+02
   0.172263549241886E-01
   0.183224243433408E+02
   0.179529675872487E-01
   0.185899342612236E+02
   0.183075616477805E-01
   0.190149432730253E+02
   0.155467483035586E-01
   0.194312424759901E+02
   0.187642623561020E-01
   0.197185915191797E+02
   0.198902473575604E-01
   0.198942806243963E+02
   0.201904165801235E-01
   0.199943567472366E+02
   0.203158657740553E-01
   0.200194097815674E+02
   0.202591494576134E-01
   0.199629695533625E+02
   0.199168722369893E-01
   0.198645819220709E+02
   0.195748305803204E-01
   0.197696540914636E+02
   0.196248309657709E-01
   0.196922007343194E+02
   0.198742309588705E-01
   0.195933802017409E+02
   0.200370617263755E-01
   0.194826304229875E+02
   0.202461017968069E-01
   0.193615750044970E+02
   0.204436244510994E-01
   0.192096809317934E+02
   0.204478735981630E-01
   0.190414049642463E+02
   0.203901889813906E-01
   0.179255140548172E+02
   0.187934586560138E-01
   0.177727940700741E+02
   0.187464257718719E-01
   0.176351673425823E+02
   0.188016155231297E-01
   0.175121819217421E+02
   0.189599897012233E-01
   0.173894835763824E+02
   0.191136125737565E-01
   0.172440560898218E+02
   0.191559534305411E-01
   0.170562695272729E+02
   0.189724481732251E-01
   0.168248536120112E+02
   0.185601945898005E-01
   0.165672301965244E+02
   0.180232924763452E-01
   0.163101190539192E+02
   0.174674393451489E-01
   0.160850029410327E+02
   0.170131052732973E-01
   0.159171575817277E+02
   0.166736035469418E-01
   0.158278464226818E+02
   0.163968497696088E-01
   0.158432816437442E+02
   0.161433106855297E-01
   0.160104302573658E+02
   0.160841158044622E-01
   0.163268676243550E+02
   0.165091503763695E-01
   0.166399438352950E+02
   0.165598468694736E-01
   0.168312635361082E+02
   0.163395012070702E-01
   0.169363314549206E+02
   0.160895320813901E-01
   0.171359831014557E+02
   0.165353981708471E-01
   0.174733349548955E+02
   0.170172755360143E-01
   0.179260504311398E+02
   0.162107505575239E-01
   0.184636788579347E+02
   0.179269906474298E-01
   0.187752889632185E+02
   0.185558318283302E-01
   0.189423669528474E+02
   0.188298296321110E-01
   0.190254807189003E+02
   0.190508763503102E-01
   0.190343141535171E+02
   0.190884182057668E-01
   0.189671691093897E+02
   0.188691718062689E-01
   0.188594087454812E+02
   0.185706961177185E-01
   0.187577150218462E+02
   0.185083547459839E-01
   0.186726578449981E+02
   0.186282754249559E-01
   0.185768239785117E+02
   0.187166836308551E-01
   0.184759413879117E+02
   0.188423860044103E-01
   0.183655856325347E+02
   0.189322083570819E-01
   0.182320410619441E+02
   0.189306274325286E-01
   0.180835310572960E+02
   0.188813195548440E-01
   0.168002340244356E+02
   0.172746649162111E-01
   0.166570383414698E+02
   0.171801614348834E-01
   0.165269522960713E+02
   0.171574943979608E-01
   0.164137170808088E+02
   0.172507741092505E-01
   0.163050810952455E+02
   0.173940012475926E-01
   0.161801758664413E+02
   0.175153565663823E-01
   0.160211523621702E+02
   0.175557988892739E-01
   0.158222109123282E+02
   0.174270264857522E-01
   0.155919586544412E+02
   0.171097136433007E-01
   0.153500040059035E+02
   0.166472184237584E-01
   0.151260171718167E+02
   0.161672288268685E-01
   0.149469041178747E+02
   0.157533197614269E-01
   0.148402460042282E+02
   0.154276246268183E-01
   0.148397812280415E+02
   0.152055236425903E-01
   0.149811075627605E+02
   0.151630885492579E-01
   0.152427424565443E+02
   0.153730774650207E-01
   0.154822786498103E+02
   0.153867369043852E-01
   0.155956073095461E+02
   0.152021530742648E-01
   0.156129944558300E+02
   0.146788125296234E-01
   0.157900735759033E+02
   0.149224091423022E-01
   0.161979255876811E+02
   0.153911437057224E-01
   0.167822970921276E+02
   0.159691529972452E-01
   0.173846538419748E+02
   0.169580725694849E-01
   0.177057077122648E+02
   0.171817200083543E-01
   0.178542886773552E+02
   0.173844852856935E-01
   0.179136157744974E+02
   0.175670632403357E-01
   0.179059019212555E+02
   0.176604419677952E-01
   0.178321394327983E+02
   0.175815978739591E-01
   0.177197506259913E+02
   0.173856500953786E-01
   0.176091764839722E+02
   0.172850313846338E-01
   0.175108359256284E+02
   0.172998749519624E-01
   0.174082983483562E+02
   0.173107874971252E-01
   0.173062208941546E+02
   0.173644247499626E-01
   0.171987517130130E+02
   0.173917294946223E-01
   0.170774565593308E+02
   0.173896256304014E-01
   0.169441258984737E+02
   0.173558323872669E-01
   0.154897546803249E+02
   0.157533218796133E-01
   0.153541580251298E+02
   0.156545184860685E-01
   0.152275733660632E+02
   0.155805178791066E-01
   0.151163961880169E+02
   0.155796888672130E-01
   0.150119658583313E+02
   0.156333152453762E-01
   0.148972479362280E+02
   0.156980748572692E-01
   0.147577705028498E+02
   0.157564554387021E-01
   0.145869487893423E+02
   0.157501158391649E-01
   0.143868495720689E+02
   0.156191734913509E-01
   0.141701880165573E+02
   0.153450772020144E-01
   0.139608580911711E+02
   0.149868939898077E-01
   0.137823493394261E+02
   0.145754143292251E-01
   0.136672171491372E+02
   0.142120833019866E-01
   0.136586011140395E+02
   0.140161777111108E-01
   0.137860717236902E+02
   0.140344654034218E-01
   0.140099279542871E+02
   0.141678608719804E-01
   0.141945465980622E+02
   0.141681138479717E-01
   0.142302698950573E+02
   0.139544528066864E-01
   0.141350996430130E+02
   0.131509967860518E-01
   0.142673956784704E+02
   0.131403994809509E-01
   0.147478043202903E+02
   0.137940367739783E-01
   0.154997535780885E+02
   0.148744141703436E-01
   0.161896787178899E+02
   0.160886116351287E-01
   0.165175939626420E+02
   0.160735511127431E-01
   0.166369968251373E+02
   0.160670845009024E-01
   0.166642402369447E+02
   0.161022573768772E-01
   0.166342293977257E+02
   0.161500864124620E-01
   0.165505536767106E+02
   0.161241172557424E-01
   0.164328967191611E+02
   0.160277982514895E-01
   0.163123176180780E+02
   0.159553711615155E-01
   0.161973544997551E+02
   0.159031057234566E-01
   0.160812414278119E+02
   0.158487102038301E-01
   0.159699843958306E+02
   0.158363307688785E-01
   0.158595427309192E+02
   0.158227174923345E-01
   0.157446007939885E+02
   0.158212508899411E-01
   0.156222736516025E+02
   0.158142308683912E-01
   0.139876712543616E+02
   0.141525330120636E-01
   0.138586210554868E+02
   0.140673336557511E-01
   0.137343563487759E+02
   0.139754297380696E-01
   0.136223331761119E+02
   0.139178988492226E-01
   0.135169666990534E+02
   0.139083186562165E-01
   0.134056114415592E+02
   0.139146533690522E-01
   0.132769360004446E+02
   0.139122316191994E-01
   0.131263670304835E+02
   0.139141459621767E-01
   0.129525901757826E+02
   0.138512042471131E-01
   0.127635277260075E+02
   0.137019129225298E-01
   0.125765303270030E+02
   0.134787054050695E-01
   0.124088104407136E+02
   0.131418822604604E-01
   0.122928721363070E+02
   0.127726118980616E-01
   0.122823030474019E+02
   0.126280645465535E-01
   0.124083099012392E+02
   0.127933912751800E-01
   0.126170545475641E+02
   0.130469181714427E-01
   0.127687756858862E+02
   0.131395635654596E-01
   0.127266103951474E+02
   0.128408453979993E-01
   0.124788935172831E+02
   0.114952603861807E-01
   0.125437948892297E+02
   0.110265512727214E-01
   0.130933359142336E+02
   0.120443324471354E-01
   0.140809025473100E+02
   0.145530415914039E-01
   0.148752262123955E+02
   0.160461154587810E-01
   0.152055791109663E+02
   0.156596467799527E-01
   0.152857537530535E+02
   0.151942008837371E-01
   0.152753415692794E+02
   0.149363169534496E-01
   0.152169930368106E+02
   0.148105074407711E-01
   0.151166590847967E+02
   0.147004904267018E-01
   0.149881032227607E+02
   0.145832262350576E-01
   0.148543875002061E+02
   0.145165886521154E-01
   0.147207475888148E+02
   0.144279514060078E-01
   0.145865726779386E+02
   0.143247410605630E-01
   0.144605954709776E+02
   0.142583621355753E-01
   0.143423242820066E+02
   0.142172374137532E-01
   0.142279771611765E+02
   0.142024772082314E-01
   0.141117038048437E+02
   0.141968479085430E-01
   0.122819004047233E+02
   0.128306377794738E-01
   0.121579760139118E+02
   0.127337782865450E-01
   0.120361711735302E+02
   0.126244521675949E-01
   0.119244492697206E+02
   0.125439159683833E-01
   0.118170179223902E+02
   0.124882386033810E-01
   0.117059867636053E+02
   0.124469180158201E-01
   0.115834616141874E+02
   0.123922251598209E-01
   0.114465921548819E+02
   0.123484928316508E-01
   0.112939363810115E+02
   0.122911970635418E-01
   0.111305833298832E+02
   0.122177157187346E-01
   0.109690923042493E+02
   0.121716779924915E-01
   0.108206111616826E+02
   0.120836623377511E-01
   0.107118596596360E+02
   0.119088111836041E-01
   0.106983264635192E+02
   0.118266415176844E-01
   0.108240855450095E+02
   0.120199246310825E-01
   0.110380463742749E+02
   0.123983304506471E-01
   0.111831237156884E+02
   0.125927528674682E-01
   0.110763961416700E+02
   0.122173223937949E-01
   0.106155910629424E+02
   0.896152761218377E-02
   0.106012814982187E+02
   0.836565869498768E-02
   0.111894768450332E+02
   0.961049062146842E-02
   0.123911961662056E+02
   0.138208634571169E-01
   0.133215939699373E+02
   0.160486240924403E-01
   0.136966256548980E+02
   0.159376374465035E-01
   0.137610047218076E+02
   0.152485231192456E-01
   0.137200012101593E+02
   0.147524081784683E-01
   0.136332658327011E+02
   0.144050903023700E-01
   0.135106798926442E+02
   0.141150826105730E-01
   0.133654273600839E+02
   0.138404334902341E-01
   0.132148208078543E+02
   0.136196418409340E-01
   0.130615024939275E+02
   0.134139321688784E-01
   0.129074216565648E+02
   0.132187546740378E-01
   0.127638524123730E+02
   0.130756133300540E-01
   0.126341618424224E+02
   0.129825899210206E-01
   0.125157999971980E+02
   0.129317554293190E-01
   0.124007610088207E+02
   0.128935443914648E-01
   0.103414530627545E+02
   0.118899767777680E-01
   0.102211115329725E+02
   0.118160528279959E-01
   0.101016840294643E+02
   0.117303221408923E-01
   0.999116293690995E+01
   0.116430287911076E-01
   0.988286904657636E+01
   0.115636377235633E-01
   0.977300870575443E+01
   0.114985345645904E-01
   0.965717915598363E+01
   0.114381487197957E-01
   0.953333099185670E+01
   0.113861394301850E-01
   0.940062462162833E+01
   0.113573410791890E-01
   0.925958699882401E+01
   0.113177006046382E-01
   0.911775370044464E+01
   0.112750754926983E-01
   0.898531172369771E+01
   0.112077635860260E-01
   0.888580215922089E+01
   0.110694800189467E-01
   0.887131184472218E+01
   0.109743906945789E-01
   0.899489133073588E+01
   0.111121406614710E-01
   0.922295876710078E+01
   0.115579921623985E-01
   0.939242264303087E+01
   0.119897998347194E-01
   0.927138078441892E+01
   0.117106532296144E-01
   0.864656165331725E+01
   0.804219389425561E-02
   0.854749907778689E+01
   0.717911093894947E-02
   0.910226763246686E+01
   0.801291201184213E-02
   0.103908886112239E+02
   0.128093478757084E-01
   0.113663044535151E+02
   0.149995123547246E-01
   0.118098541420245E+02
   0.153779707773384E-01
   0.119234449809416E+02
   0.149737492381315E-01
   0.119035619602583E+02
   0.145913100443401E-01
   0.118161241244978E+02
   0.141753259454158E-01
   0.116838473253743E+02
   0.137348620305890E-01
   0.115260836147434E+02
   0.133209463066384E-01
   0.113611464934618E+02
   0.129842316647521E-01
   0.111895727247973E+02
   0.126925661986557E-01
   0.110149889745175E+02
   0.124371833886484E-01
   0.108505329909642E+02
   0.122242587871472E-01
   0.107049746619688E+02
   0.120759719972004E-01
   0.105771774511587E+02
   0.119870342064151E-01
   0.104581333797887E+02
   0.119342261645313E-01
   0.813068596177534E+01
   0.109328459604232E-01
   0.800612249253111E+01
   0.108326938764086E-01
   0.788390164891265E+01
   0.107290880984887E-01
   0.777769553116261E+01
   0.106738326421077E-01
   0.766986093570734E+01
   0.106006559909482E-01
   0.756104902790773E+01
   0.105329024006130E-01
   0.745154281184651E+01
   0.104760072168867E-01
   0.734100165145686E+01
   0.104312145789937E-01
   0.722781830860831E+01
   0.103987233852990E-01
   0.711209849624149E+01
   0.103732120469017E-01
   0.699823954050468E+01
   0.103515561060459E-01
   0.689400525333796E+01
   0.103135876026234E-01
   0.681838202048924E+01
   0.102378047654594E-01
   0.681330139876346E+01
   0.101892109744445E-01
   0.692936327662095E+01
   0.102871993552258E-01
   0.716015016875728E+01
   0.106753541509752E-01
   0.735902048148224E+01
   0.112633879219846E-01
   0.730085383008323E+01
   0.114962564190080E-01
   0.662324238890300E+01
   0.780650203185877E-02
   0.646036228177865E+01
   0.700811046099922E-02
   0.689637386105147E+01
   0.755603954980830E-02
   0.802047614247346E+01
   0.108561327224903E-01
   0.889369368554492E+01
   0.124813374324556E-01
   0.937250530242955E+01
   0.132053731654743E-01
   0.957473851541457E+01
   0.133118602109913E-01
   0.963510710669988E+01
   0.133393365730151E-01
   0.961161856952584E+01
   0.132476461722341E-01
   0.952580466487799E+01
   0.129978918532928E-01
   0.939956384002023E+01
   0.127079504381709E-01
   0.924387301731204E+01
   0.123867228463487E-01
   0.906452499280685E+01
   0.120505810859358E-01
   0.886970433276960E+01
   0.117165742485336E-01
   0.868867170661583E+01
   0.114601790748122E-01
   0.852824546655640E+01
   0.112713765043283E-01
   0.838742509924662E+01
   0.111389099413392E-01
   0.825502378904189E+01
   0.110203720722033E-01
   0.563045829857981E+01
   0.996597800388770E-02
   0.550371968806474E+01
   0.985828563579403E-02
   0.537914016439013E+01
   0.975232913801372E-02
   0.526280728017959E+01
   0.965402809047355E-02
   0.514911952425356E+01
   0.955314846649537E-02
   0.503923069409094E+01
   0.947343383614280E-02
   0.493565546343596E+01
   0.941571575240181E-02
   0.483940791949265E+01
   0.938497179311844E-02
   0.474791259650720E+01
   0.936382256585071E-02
   0.466180399347892E+01
   0.936492624205934E-02
   0.458323192461140E+01
   0.937596422588733E-02
   0.451617560701562E+01
   0.937611903319363E-02
   0.447698765721229E+01
   0.936897309221941E-02
   0.449211495105854E+01
   0.937171319377900E-02
   0.459822954209822E+01
   0.946054350134494E-02
   0.480175645807522E+01
   0.973660543682320E-02
   0.500494698942502E+01
   0.102468316058804E-01
   0.504705082281116E+01
   0.109133652368887E-01
   0.459960559645202E+01
   0.896600507061832E-02
   0.440719436652815E+01
   0.844124051471460E-02
   0.461423179097808E+01
   0.811178870189104E-02
   0.527297032561780E+01
   0.887947692138744E-02
   0.589014900955882E+01
   0.943531848434336E-02
   0.633233925474621E+01
   0.100269059444697E-01
   0.660019245536727E+01
   0.104465383644877E-01
   0.674835278364128E+01
   0.107858749948588E-01
   0.682690879703399E+01
   0.110925950943486E-01
   0.683234789574087E+01
   0.112273256243444E-01
   0.678514837875499E+01
   0.112622004487027E-01
   0.668607657029436E+01
   0.111759544595923E-01
   0.654191859263040E+01
   0.109798615345804E-01
   0.636979874391055E+01
   0.107447795295250E-01
   0.619176095146941E+01
   0.104951950680349E-01
   0.603260997405268E+01
   0.103143258786659E-01
   0.589235191060532E+01
   0.101893128169737E-01
   0.576031491508565E+01
   0.100771322659005E-01
   0.265328860494189E+01
   0.858459248079635E-02
   0.253854671195213E+01
   0.852682860987717E-02
   0.242195449310457E+01
   0.845728264320804E-02
   0.231178535494500E+01
   0.838853287561248E-02
   0.220569852655600E+01
   0.831400320622965E-02
   0.210367860068624E+01
   0.824016295758055E-02
   0.201299438959201E+01
   0.818753207096348E-02
   0.193593325421466E+01
   0.816444109098046E-02
   0.186894954578369E+01
   0.815782935424836E-02
   0.181434549963317E+01
   0.817247334549737E-02
   0.177332934317828E+01
   0.820076489249504E-02
   0.174989599082243E+01
   0.823283768886855E-02
   0.175202925310397E+01
   0.826988072657177E-02
   0.179362349155102E+01
   0.831820262931416E-02
   0.188999834388547E+01
   0.840211900691770E-02
   0.203771972560966E+01
   0.857078353071537E-02
   0.219002669606660E+01
   0.886913513535450E-02
   0.223154920384807E+01
   0.922848543374205E-02
   0.199949354846363E+01
   0.853884164415035E-02
   0.182145592901410E+01
   0.796466582550804E-02
   0.185980139090400E+01
   0.748167033387638E-02
   0.215015303041270E+01
   0.739849872639677E-02
   0.250597514605486E+01
   0.746229163851598E-02
   0.282668499239475E+01
   0.770337955078058E-02
   0.306681048066945E+01
   0.795185633067995E-02
   0.324354644083747E+01
   0.821491414338900E-02
   0.338304487728671E+01
   0.854569224988924E-02
   0.346969738118691E+01
   0.882628911659486E-02
   0.350394521852021E+01
   0.903118312635587E-02
   0.347847867187362E+01
   0.911588436383513E-02
   0.339529336216739E+01
   0.907869803374979E-02
   0.327060107896294E+01
   0.896448006153574E-02
   0.313586718313572E+01
   0.885246022842922E-02
   0.300489109573776E+01
   0.876520756425745E-02
   0.288819460174767E+01
   0.871705268393808E-02
   0.277528536613559E+01
   0.866841772434787E-02
  -0.106079351995129E+01
   0.673793611151840E-02
  -0.115198846408855E+01
   0.672652896898611E-02
  -0.125907860270239E+01
   0.666822296646175E-02
  -0.135035096810363E+01
   0.663916576102533E-02
  -0.143520255436220E+01
   0.660376750645612E-02
  -0.151158952677286E+01
   0.656386378215158E-02
  -0.157448527279960E+01
   0.653265344170595E-02
  -0.162313428976220E+01
   0.651553393663886E-02
  -0.166575597388489E+01
   0.649733607243704E-02
  -0.168865334820777E+01
   0.650680259000228E-02
  -0.169526419035397E+01
   0.652569443303864E-02
  -0.168342916030500E+01
   0.655005839662044E-02
  -0.165087618517422E+01
   0.658242536226085E-02
  -0.159538113580439E+01
   0.662093175001867E-02
  -0.151714987142990E+01
   0.667158260777963E-02
  -0.142424853634322E+01
   0.676070421118479E-02
  -0.133031896174537E+01
   0.695618479993640E-02
  -0.129674279640182E+01
   0.716590985299814E-02
  -0.140411436008648E+01
   0.692057599474262E-02
  -0.153386383128013E+01
   0.656204023828108E-02
  -0.157993771396076E+01
   0.623454697810323E-02
  -0.150368634510435E+01
   0.602630621339279E-02
  -0.135592120809687E+01
   0.591853479447862E-02
  -0.118785606218413E+01
   0.590011117499120E-02
  -0.103323358150197E+01
   0.592555462570227E-02
  -0.895645242739033E+00
   0.599363579253144E-02
  -0.769768206479157E+00
   0.613632016767500E-02
  -0.662434310115005E+00
   0.633433288721892E-02
  -0.586046224902387E+00
   0.653981041588413E-02
  -0.554211890837925E+00
   0.669057494337822E-02
  -0.570081893003080E+00
   0.677003391360763E-02
  -0.633387268368921E+00
   0.677041223091686E-02
  -0.719206109992318E+00
   0.674458972827693E-02
  -0.819839823245432E+00
   0.670000669023222E-02
  -0.902330415211603E+00
   0.670626165011555E-02
  -0.979472185731210E+00
   0.672592635667188E-02
  -0.604918263325871E+01
   0.439578913160176E-02
  -0.611079636514750E+01
   0.440181963629858E-02
  -0.617677318978167E+01
   0.438778333186626E-02
  -0.623939254914602E+01
   0.436505579264703E-02
  -0.629498434116622E+01
   0.433592233103368E-02
  -0.634046882244813E+01
   0.430106120159148E-02
  -0.637299860919103E+01
   0.426882936677424E-02
  -0.639154650036856E+01
   0.424615916518699E-02
  -0.639564055714004E+01
   0.423423215975135E-02
  -0.638434629802553E+01
   0.423388704090303E-02
  -0.635934551925070E+01
   0.423591087464396E-02
  -0.632199968241282E+01
   0.424352808480873E-02
  -0.627333311921136E+01
   0.426343753997316E-02
  -0.621620489095051E+01
   0.429743893160356E-02
  -0.615658370768496E+01
   0.434623000711646E-02
  -0.610160417352047E+01
   0.442173902372783E-02
  -0.606190195118237E+01
   0.453352998084535E-02
  -0.605796765065520E+01
   0.464494488091909E-02
  -0.610342362332455E+01
   0.465989180044455E-02
  -0.617139912238950E+01
   0.457448276927349E-02
  -0.622471070540297E+01
   0.442907787373288E-02
  -0.624145658395637E+01
   0.426644454450533E-02
  -0.621941220935487E+01
   0.412524238790414E-02
  -0.616710130929954E+01
   0.402745739843876E-02
  -0.609561811509430E+01
   0.398316505442763E-02
  -0.601254848056806E+01
   0.399763394808293E-02
  -0.592507754474536E+01
   0.406297460888264E-02
  -0.584441671356804E+01
   0.415951650595495E-02
  -0.578275010801289E+01
   0.426292749410543E-02
  -0.574994536057715E+01
   0.434456987486851E-02
  -0.574975969151934E+01
   0.438585803023523E-02
  -0.577845773189897E+01
   0.439046332398656E-02
  -0.582572508930001E+01
   0.437876209599243E-02
  -0.588205570400336E+01
   0.436762197374073E-02
  -0.593783142283605E+01
   0.436860286874686E-02
  -0.599250677031512E+01
   0.437974346653130E-02
  -0.137487337423137E+02
   0.189076380796124E-02
  -0.137625034092377E+02
   0.189207549594356E-02
  -0.137730973747750E+02
   0.189229225310171E-02
  -0.137758275018394E+02
   0.189312533210117E-02
  -0.137657969098222E+02
   0.189660753994247E-02
  -0.137404570547859E+02
   0.190409156838467E-02
  -0.136958404883957E+02
   0.191807887408747E-02
  -0.136300417253851E+02
   0.194042090715565E-02
  -0.135459836521608E+02
   0.197045537598565E-02
  -0.134500766044863E+02
   0.200592103982474E-02
  -0.133515251252609E+02
   0.204304927068362E-02
  -0.132620000093163E+02
   0.207662968503773E-02
  -0.131919699757303E+02
   0.210216491281190E-02
  -0.131449390055127E+02
   0.211951738870365E-02
  -0.131281529392270E+02
   0.212587914373610E-02
  -0.131438992376503E+02
   0.212145781812091E-02
  -0.131940700170252E+02
   0.210537583494569E-02
  -0.132764895851223E+02
   0.207657326058584E-02
  -0.133821533924153E+02
   0.203552937758034E-02
  -0.134969168060500E+02
   0.198673404884421E-02
  -0.136072370102390E+02
   0.193572364844011E-02
  -0.137020852177035E+02
   0.188795082749287E-02
  -0.137724858382539E+02
   0.184926606322417E-02
  -0.138148107593096E+02
   0.182296231872982E-02
  -0.138276967092757E+02
   0.181115048068509E-02
  -0.138169501477995E+02
   0.181224399900650E-02
  -0.137901050817084E+02
   0.182324346836979E-02
  -0.137548788931817E+02
   0.184041936769781E-02
  -0.137233596080886E+02
   0.185730739808595E-02
  -0.137002764149728E+02
   0.187088794144060E-02
  -0.136869375154477E+02
   0.188007363148957E-02
  -0.136815029576340E+02
   0.188598327385239E-02
  -0.136874343650075E+02
   0.188757679674152E-02
  -0.137007279769015E+02
   0.188735246292908E-02
  -0.137182234734478E+02
   0.188686772534399E-02
  -0.137350992466832E+02
   0.188792291279210E-02
