   0.198209916753691E+01
   0.416403153941577E-02
   0.882881468482036E+00
   0.397634936322698E-02
   0.165260912413569E+00
   0.383381527278384E-02
  -0.247278952581073E+00
   0.373052165600484E-02
  -0.333984961778851E+00
   0.366647784287545E-02
   0.359251237073266E-01
   0.364634704905155E-02
  -0.450740923013285E+00
   0.368973065782906E-02
  -0.418078846549062E+00
   0.378361889396687E-02
   0.109485972136041E+00
   0.392899565453962E-02
   0.113233069714187E+01
   0.412733898668449E-02
   0.265882597310349E+01
   0.437879581293531E-02
   0.491575800340186E+01
   0.467567488926438E-02
   0.816315940724125E+01
   0.500666597029357E-02
   0.110140929226813E+02
   0.535311098635878E-02
   0.135834859531446E+02
   0.569603417027897E-02
   0.158957084999348E+02
   0.602008996504798E-02
   0.178588510700784E+02
   0.631441880282677E-02
   0.194511452534102E+02
   0.657211170648752E-02
   0.206891563075326E+02
   0.678927501717603E-02
   0.216079206759088E+02
   0.696602156191161E-02
   0.222476432091403E+02
   0.710624354623308E-02
   0.226432781352665E+02
   0.721248778057142E-02
   0.228158566789858E+02
   0.728439731351114E-02
   0.227663790795277E+02
   0.731851324712128E-02
   0.224759649136405E+02
   0.730849769134296E-02
   0.219112311725058E+02
   0.724833324940427E-02
   0.210273879145944E+02
   0.713513193702201E-02
   0.197675828319305E+02
   0.696702859929707E-02
   0.180600962696233E+02
   0.674282346242300E-02
   0.158158999431840E+02
   0.646406307091194E-02
   0.129293039707520E+02
   0.613748021797606E-02
   0.928148429345898E+01
   0.577614250911102E-02
   0.645164227943702E+01
   0.539951728769512E-02
   0.437765200389258E+01
   0.503140098089114E-02
   0.297374270978262E+01
   0.469433673135052E-02
   0.218256135953526E+01
   0.440351440765486E-02
   0.494811848834210E+01
   0.523755575203997E-02
   0.553342943028073E+01
   0.504562755771534E-02
   0.532146897519477E+01
   0.487431065000135E-02
   0.450174443733352E+01
   0.469832177967516E-02
   0.292271003424973E+01
   0.456419541150211E-02
   0.219655130913832E+01
   0.450105112769852E-02
   0.196037675532519E+01
   0.450368325404367E-02
   0.218544057851024E+01
   0.457846486905641E-02
   0.292392132471027E+01
   0.471358971725611E-02
   0.435261949743076E+01
   0.489215857413081E-02
   0.461164575121970E+01
   0.514257225035849E-02
   0.548389864791161E+01
   0.544080697580687E-02
   0.705159865455930E+01
   0.589076808085343E-02
   0.922062188440996E+01
   0.641092550211267E-02
   0.121168329635619E+02
   0.691380747861802E-02
   0.160696677827746E+02
   0.737844123229191E-02
   0.187757873683089E+02
   0.779576901415042E-02
   0.205756166338213E+02
   0.815023155945709E-02
   0.217185016704697E+02
   0.840357092272877E-02
   0.224004606600153E+02
   0.854862810313809E-02
   0.227904654653806E+02
   0.867276920789887E-02
   0.230319463034300E+02
   0.880472175967313E-02
   0.232223609484980E+02
   0.894776684585160E-02
   0.233619808154005E+02
   0.909429494307996E-02
   0.233660690715286E+02
   0.918169910248897E-02
   0.231589753926868E+02
   0.915682476523848E-02
   0.226947486292113E+02
   0.905918809049253E-02
   0.219383930651075E+02
   0.890208344967656E-02
   0.208331079428311E+02
   0.866566068757862E-02
   0.192649296288226E+02
   0.832669950215252E-02
   0.170667245582730E+02
   0.787963254714565E-02
   0.140672090789286E+02
   0.735097157079069E-02
   0.101298527872732E+02
   0.676416470419534E-02
   0.758163574917150E+01
   0.621009908288836E-02
   0.600968694113725E+01
   0.577204140269541E-02
   0.515773472523920E+01
   0.546742696877861E-02
   0.743565965694708E+01
   0.690518450106991E-02
   0.706301893150273E+01
   0.671588456424356E-02
   0.657684634080482E+01
   0.651276510181046E-02
   0.591720005570748E+01
   0.615963947440312E-02
   0.519601098613530E+01
   0.582785952919478E-02
   0.477178218572159E+01
   0.575164311297700E-02
   0.464356064087890E+01
   0.581204998127968E-02
   0.482479299804889E+01
   0.597346739343866E-02
   0.531873075563484E+01
   0.618609288697455E-02
   0.618979813131052E+01
   0.644435927680867E-02
   0.757367083409942E+01
   0.665374977132887E-02
   0.793292110629671E+01
   0.646141233074683E-02
   0.950386646319532E+01
   0.701971770674859E-02
   0.116472053858260E+02
   0.767706619690295E-02
   0.143705460499330E+02
   0.814702397830337E-02
   0.180822811013061E+02
   0.861712746645012E-02
   0.203984567592104E+02
   0.912223844591592E-02
   0.217788351957134E+02
   0.965124688215514E-02
   0.224808627833843E+02
   0.995574641284717E-02
   0.227066704475781E+02
   0.982594917134592E-02
   0.226733120841229E+02
   0.986290199163651E-02
   0.226253457243250E+02
   0.100067950847325E-01
   0.228276292808451E+02
   0.102174055084239E-01
   0.232495189479291E+02
   0.106168164762887E-01
   0.235386078285867E+02
   0.109125639886514E-01
   0.235489210121268E+02
   0.107740268334132E-01
   0.232745935078164E+02
   0.106286159044330E-01
   0.227687038731630E+02
   0.105174160590671E-01
   0.220684121374442E+02
   0.103202107884282E-01
   0.210343648507935E+02
   0.994673953789558E-02
   0.193398637880495E+02
   0.937359215312188E-02
   0.166813471243640E+02
   0.879842906716810E-02
   0.127604757120607E+02
   0.807126494714757E-02
   0.103134314788298E+02
   0.748851910083064E-02
   0.887265486472814E+01
   0.720345347750986E-02
   0.799839674283887E+01
   0.710092218973152E-02
   0.102234401223499E+02
   0.900980834005342E-02
   0.966779787134340E+01
   0.868327572427420E-02
   0.910012044949256E+01
   0.834410105800493E-02
   0.850804728888026E+01
   0.800455087517524E-02
   0.793553509118171E+01
   0.762273109800999E-02
   0.755833282310292E+01
   0.744689960118463E-02
   0.741026599785199E+01
   0.748432113617601E-02
   0.747338406957495E+01
   0.760187266094224E-02
   0.773499446079249E+01
   0.771003748703311E-02
   0.821404748992524E+01
   0.770746533685859E-02
   0.896503343261664E+01
   0.775274002741495E-02
   0.100849750024798E+02
   0.751391492131454E-02
   0.128831309694004E+02
   0.831315570411798E-02
   0.153287145828673E+02
   0.868920204817164E-02
   0.177267038414159E+02
   0.894762019432525E-02
   0.200898540556065E+02
   0.932567296109989E-02
   0.217595053232612E+02
   0.979701736536154E-02
   0.226608994214773E+02
   0.102545290653116E-01
   0.229153895755913E+02
   0.105141583027928E-01
   0.226659152738871E+02
   0.105659111339767E-01
   0.221174043663806E+02
   0.106879425529114E-01
   0.215950743936431E+02
   0.107661817682899E-01
   0.218423974054110E+02
   0.109526336631360E-01
   0.228317135618293E+02
   0.117783171710686E-01
   0.234447666822690E+02
   0.120352422747828E-01
   0.235855165570094E+02
   0.117736809841645E-01
   0.233394973843963E+02
   0.118960698742291E-01
   0.228987282379363E+02
   0.116185858357435E-01
   0.225476307636743E+02
   0.113790285584579E-01
   0.221404193341965E+02
   0.111083000251322E-01
   0.210082073928192E+02
   0.106776829468455E-01
   0.187671716863044E+02
   0.101659237291310E-01
   0.151231703078312E+02
   0.963690437783036E-02
   0.129343253110357E+02
   0.932099712020985E-02
   0.116668581017776E+02
   0.924239180651797E-02
   0.108470446305307E+02
   0.916188500310783E-02
   0.127423674555045E+02
   0.111804555341621E-01
   0.121447333205700E+02
   0.106857205328162E-01
   0.115630188843910E+02
   0.101627361504433E-01
   0.110190564683178E+02
   0.974996406313657E-02
   0.105305387541682E+02
   0.938441443756000E-02
   0.101704632394844E+02
   0.914487350939326E-02
   0.996749166070018E+01
   0.905744373096918E-02
   0.991471818922475E+01
   0.904391891746928E-02
   0.100051047670207E+02
   0.901324603063717E-02
   0.102668413062182E+02
   0.892198452241952E-02
   0.107747342640602E+02
   0.868946351847011E-02
   0.118297796617762E+02
   0.853233493626458E-02
   0.145183895877624E+02
   0.924646608717209E-02
   0.170938326702054E+02
   0.941397786394796E-02
   0.193438447656072E+02
   0.955141975502151E-02
   0.213363818192284E+02
   0.992512076451386E-02
   0.226765618638967E+02
   0.104766450166322E-01
   0.232004202666483E+02
   0.109850871256941E-01
   0.230685535968793E+02
   0.111680073445139E-01
   0.223581854917360E+02
   0.111165101746375E-01
   0.212282050030220E+02
   0.113660812823883E-01
   0.198709078961297E+02
   0.112130741970334E-01
   0.201744243787747E+02
   0.116374825201559E-01
   0.223018980876472E+02
   0.127341733402387E-01
   0.232060692260608E+02
   0.124925149360588E-01
   0.233850591295604E+02
   0.126168899911577E-01
   0.230120582244500E+02
   0.127969126306791E-01
   0.224133944288341E+02
   0.124575904535023E-01
   0.223814476780286E+02
   0.120243042787620E-01
   0.228306929562834E+02
   0.118877968017294E-01
   0.222992421974688E+02
   0.115233588447347E-01
   0.204679351837348E+02
   0.111984670713453E-01
   0.171036346115834E+02
   0.110685345489540E-01
   0.151807483761089E+02
   0.109881367100985E-01
   0.140935942993569E+02
   0.112985209543577E-01
   0.133629143092460E+02
   0.114366471906895E-01
   0.148830644107878E+02
   0.129892296159352E-01
   0.142853234990921E+02
   0.122908578931319E-01
   0.137276469745602E+02
   0.116511936940237E-01
   0.132369492828255E+02
   0.112061916780819E-01
   0.128140769106840E+02
   0.108835443747757E-01
   0.124792699563696E+02
   0.106337996450919E-01
   0.122455119226419E+02
   0.104512314808089E-01
   0.121142024567940E+02
   0.103153859591813E-01
   0.120911156220085E+02
   0.101808286617847E-01
   0.122137933578218E+02
   0.100800497449520E-01
   0.125495429993646E+02
   0.994816323964856E-02
   0.133092631976014E+02
   0.965176614086007E-02
   0.150730544514905E+02
   0.976820875567027E-02
   0.179576647820601E+02
   0.101229564671259E-01
   0.201223793092635E+02
   0.101809324301283E-01
   0.220684649085639E+02
   0.106367293697459E-01
   0.232670972177931E+02
   0.113202589046152E-01
   0.234462492111225E+02
   0.118666584709081E-01
   0.229915458636129E+02
   0.117889130936358E-01
   0.218568390533943E+02
   0.119062493911546E-01
   0.201812053493116E+02
   0.120382775846174E-01
   0.193426414273742E+02
   0.120388827679002E-01
   0.197336457538539E+02
   0.123072074252305E-01
   0.219709284032255E+02
   0.131136027351641E-01
   0.228883885794246E+02
   0.130398061798527E-01
   0.230186275409556E+02
   0.133857556115581E-01
   0.223893668176515E+02
   0.133905527481888E-01
   0.213036334103932E+02
   0.129368140306794E-01
   0.215491821249168E+02
   0.123817242297694E-01
   0.233028748090273E+02
   0.123329905380203E-01
   0.233474149908768E+02
   0.121565604256528E-01
   0.218804674708838E+02
   0.120492543471738E-01
   0.187660494089168E+02
   0.124807354589876E-01
   0.170927517924596E+02
   0.128003087208153E-01
   0.161641758030689E+02
   0.134335829159174E-01
   0.154951284415006E+02
   0.134571809464844E-01
   0.166516869331151E+02
   0.142386840406226E-01
   0.160822908598796E+02
   0.134343155623051E-01
   0.155749409756297E+02
   0.128066456194970E-01
   0.151454558712077E+02
   0.124143339928285E-01
   0.147809322387617E+02
   0.121512235619486E-01
   0.144774860036927E+02
   0.119230914998067E-01
   0.142359830062675E+02
   0.116967640594030E-01
   0.140608293174336E+02
   0.114857916866763E-01
   0.139673875455597E+02
   0.113186964243174E-01
   0.139957070757353E+02
   0.112681249288467E-01
   0.141946978216753E+02
   0.112397979226040E-01
   0.146944071661354E+02
   0.108958024396574E-01
   0.158754811612354E+02
   0.104004813203693E-01
   0.183355248691476E+02
   0.104946677202064E-01
   0.203086899919303E+02
   0.108094284684341E-01
   0.224272953683950E+02
   0.112115773286050E-01
   0.236220722280002E+02
   0.123303653547572E-01
   0.233983612481232E+02
   0.129698544765077E-01
   0.227011560722304E+02
   0.127259157282641E-01
   0.211654388525908E+02
   0.128209491835442E-01
   0.200716617244251E+02
   0.131508082472914E-01
   0.195597150048827E+02
   0.133078612230656E-01
   0.198705132883100E+02
   0.130875931780533E-01
   0.216572803969798E+02
   0.134506444002450E-01
   0.224271921925842E+02
   0.136244199461538E-01
   0.225078092887409E+02
   0.137520751003923E-01
   0.215628914409302E+02
   0.138061148659838E-01
   0.210382678227009E+02
   0.134187893825495E-01
   0.215460608408410E+02
   0.128982231600669E-01
   0.237781975722269E+02
   0.123712636604453E-01
   0.242083762093864E+02
   0.125136854831502E-01
   0.230447343957060E+02
   0.127824360892493E-01
   0.201632353784879E+02
   0.138641340345576E-01
   0.187138226320169E+02
   0.147905230530716E-01
   0.178837329981009E+02
   0.152904723507012E-01
   0.172487667928176E+02
   0.149512697999158E-01
   0.181007972653954E+02
   0.151365681845476E-01
   0.175855795124189E+02
   0.144757970796130E-01
   0.171417793038940E+02
   0.140255305286601E-01
   0.167722053152093E+02
   0.137694566004368E-01
   0.164569442179114E+02
   0.135422626054379E-01
   0.161853049392661E+02
   0.133093629603906E-01
   0.159505256469734E+02
   0.130400033552632E-01
   0.157556103069659E+02
   0.127681370614282E-01
   0.156178682508794E+02
   0.125519100353276E-01
   0.155740836629916E+02
   0.124993762440333E-01
   0.156602548162897E+02
   0.125071750321147E-01
   0.159512958887290E+02
   0.120867949185315E-01
   0.166937374793022E+02
   0.113581304279248E-01
   0.182571849875173E+02
   0.109403736839369E-01
   0.199363816808485E+02
   0.115867090658186E-01
   0.225078332895371E+02
   0.118976889934877E-01
   0.238353603914785E+02
   0.133932270595702E-01
   0.230241616824676E+02
   0.144176332547736E-01
   0.222170325860392E+02
   0.140244663006707E-01
   0.212231446736052E+02
   0.138799164143803E-01
   0.204735783455992E+02
   0.147341762564840E-01
   0.201100351646029E+02
   0.147725738098659E-01
   0.202723257251333E+02
   0.141294836741547E-01
   0.211771238922206E+02
   0.137622329909646E-01
   0.217506109061614E+02
   0.139011339407704E-01
   0.218784860532266E+02
   0.142828727284165E-01
   0.214861197665660E+02
   0.144850704227079E-01
   0.212977981750144E+02
   0.144646130804992E-01
   0.218838825480470E+02
   0.136766851724357E-01
   0.241899490107575E+02
   0.123015200489719E-01
   0.248858534476886E+02
   0.128499299581158E-01
   0.239812036100702E+02
   0.135147442941791E-01
   0.213457752454426E+02
   0.154698450833636E-01
   0.200497133814196E+02
   0.164300212428786E-01
   0.192597779946762E+02
   0.162604715314640E-01
   0.186589928059121E+02
   0.158197661787231E-01
   0.192891963565772E+02
   0.162670467298807E-01
   0.188387394720563E+02
   0.158924102708437E-01
   0.184531123779264E+02
   0.156003388633072E-01
   0.181330538576575E+02
   0.154249636781830E-01
   0.178611100455571E+02
   0.152534841963684E-01
   0.176231788139711E+02
   0.150790843800517E-01
   0.174063357614532E+02
   0.148714845654048E-01
   0.172076049343775E+02
   0.146508294698731E-01
   0.170395696368607E+02
   0.144432948090507E-01
   0.169286229950110E+02
   0.142299103837345E-01
   0.169106422164514E+02
   0.139421632577518E-01
   0.170502921423683E+02
   0.132783261868576E-01
   0.175194325030170E+02
   0.125207250011139E-01
   0.186361883033445E+02
   0.119475286657536E-01
   0.199619495158180E+02
   0.119407953285936E-01
   0.223931986279557E+02
   0.119959402304750E-01
   0.240305687867093E+02
   0.140317612135609E-01
   0.232148975557969E+02
   0.158667506437523E-01
   0.223815996669359E+02
   0.153295071226346E-01
   0.217159454109151E+02
   0.148579991671519E-01
   0.210572983693275E+02
   0.158842106746445E-01
   0.207457254682249E+02
   0.157945047805793E-01
   0.208182625692737E+02
   0.151439244067781E-01
   0.213205713253953E+02
   0.148868116441773E-01
   0.217994506907676E+02
   0.148282776799396E-01
   0.219683424221567E+02
   0.152856860070833E-01
   0.218283643208006E+02
   0.155033093030464E-01
   0.217818376096382E+02
   0.154916543157749E-01
   0.223070011867848E+02
   0.144035296163399E-01
   0.244551186055869E+02
   0.125055929926460E-01
   0.253769892422793E+02
   0.133926504833288E-01
   0.247008945041254E+02
   0.143503025293593E-01
   0.223016464774712E+02
   0.169993185381861E-01
   0.210986705070390E+02
   0.173481397287248E-01
   0.203402609420754E+02
   0.168346868822110E-01
   0.197883770973913E+02
   0.166430441079454E-01
   0.202613499063331E+02
   0.174913687359334E-01
   0.198693213839357E+02
   0.172498356249858E-01
   0.195319951326228E+02
   0.170330244490168E-01
   0.192525458749457E+02
   0.168903565976084E-01
   0.190184209677650E+02
   0.167867000405211E-01
   0.188122541279776E+02
   0.166942500958029E-01
   0.186149579329431E+02
   0.165698391952389E-01
   0.184144415632947E+02
   0.163889732637994E-01
   0.182184735275923E+02
   0.161790184432205E-01
   0.180496396394092E+02
   0.158784270113352E-01
   0.179472876377434E+02
   0.154559946119097E-01
   0.179773769059066E+02
   0.147636598389298E-01
   0.182837599289791E+02
   0.136244003852558E-01
   0.192273316144188E+02
   0.130683811307319E-01
   0.201752460315099E+02
   0.129602255399885E-01
   0.220043768490872E+02
   0.124359499079424E-01
   0.242169161549388E+02
   0.144598687764636E-01
   0.236923983616972E+02
   0.168338738124503E-01
   0.228102892126157E+02
   0.170475661422575E-01
   0.224522680916852E+02
   0.156521049163930E-01
   0.216443281235348E+02
   0.169970584128589E-01
   0.213503531641464E+02
   0.167891516750565E-01
   0.213624431454242E+02
   0.164149752032027E-01
   0.216825164001591E+02
   0.160871065568714E-01
   0.221661176608987E+02
   0.160596617510799E-01
   0.223605921592332E+02
   0.165849404068591E-01
   0.223419597107876E+02
   0.166858665989065E-01
   0.223218655363184E+02
   0.164892034704435E-01
   0.226973959500937E+02
   0.152850737723662E-01
   0.244975864728536E+02
   0.133736418972056E-01
   0.256860506994691E+02
   0.142363149949335E-01
   0.252160639133609E+02
   0.153202868703522E-01
   0.230544473748933E+02
   0.184076530469249E-01
   0.219278302948111E+02
   0.184770561554068E-01
   0.212050013296950E+02
   0.177934832892575E-01
   0.206996735870853E+02
   0.176980775035395E-01
   0.210564687138656E+02
   0.186981544495043E-01
   0.207083049182588E+02
   0.184872544472434E-01
   0.204081828758285E+02
   0.183078452078426E-01
   0.201609260513907E+02
   0.181971763167678E-01
   0.199582543418151E+02
   0.181794660286337E-01
   0.197791572529568E+02
   0.181751468075713E-01
   0.195991316784860E+02
   0.181349159319441E-01
   0.193965034094904E+02
   0.179780352942831E-01
   0.191742226160910E+02
   0.177153731078712E-01
   0.189560009633890E+02
   0.172884181273160E-01
   0.187876181348697E+02
   0.167123072929365E-01
   0.187398031068905E+02
   0.159235473953155E-01
   0.189587502513952E+02
   0.148343520121521E-01
   0.199489451171558E+02
   0.141756552454962E-01
   0.205060532702172E+02
   0.148152728885852E-01
   0.219688655993778E+02
   0.134098859591248E-01
   0.244196964952648E+02
   0.146877931044881E-01
   0.244404198065627E+02
   0.169560888326818E-01
   0.232830547279142E+02
   0.185539956490497E-01
   0.226950629734871E+02
   0.173517831743256E-01
   0.221459645314691E+02
   0.181587282582389E-01
   0.219107882028584E+02
   0.180062403603507E-01
   0.218970874824201E+02
   0.175863096854928E-01
   0.221410429328090E+02
   0.170209376690825E-01
   0.227355177776270E+02
   0.166938806384878E-01
   0.229166062571738E+02
   0.178083855477999E-01
   0.229564076742413E+02
   0.177459272220442E-01
   0.229070093522930E+02
   0.175658045431554E-01
   0.230939071448992E+02
   0.164961501977249E-01
   0.242471822221421E+02
   0.153649027825796E-01
   0.258439158808885E+02
   0.154273326393545E-01
   0.255511189621334E+02
   0.165134522600517E-01
   0.236278492069125E+02
   0.198123550121912E-01
   0.225833112751608E+02
   0.196269729249012E-01
   0.219079424633764E+02
   0.189215800005447E-01
   0.214465340783825E+02
   0.188592574509688E-01
   0.216852575191203E+02
   0.197537187093126E-01
   0.213682661483560E+02
   0.195397804656562E-01
   0.210956088637997E+02
   0.193860883394249E-01
   0.208722377391948E+02
   0.193242642548034E-01
   0.206917446779910E+02
   0.193819367193087E-01
   0.205314314143073E+02
   0.194551086747763E-01
   0.203627045687483E+02
   0.194833234286707E-01
   0.201557735420191E+02
   0.193312614703053E-01
   0.199102358040923E+02
   0.189805936996263E-01
   0.196559381116234E+02
   0.184154479727064E-01
   0.194458346294188E+02
   0.176880348677628E-01
   0.193558901995600E+02
   0.168817014043145E-01
   0.195121472339718E+02
   0.161976796492861E-01
   0.201773191323013E+02
   0.157913345233663E-01
   0.208275062396517E+02
   0.165298478854567E-01
   0.221122418930333E+02
   0.150021354160914E-01
   0.245826170330818E+02
   0.153837516083693E-01
   0.248736078872990E+02
   0.169312886278794E-01
   0.237159924456938E+02
   0.191461883351451E-01
   0.230244278105265E+02
   0.186967066082643E-01
   0.225844601335784E+02
   0.188680238723393E-01
   0.224130774885960E+02
   0.191037907649323E-01
   0.224026306088028E+02
   0.186947201716534E-01
   0.226230358929287E+02
   0.179612324317835E-01
   0.234907387227402E+02
   0.166722463761755E-01
   0.235545893078294E+02
   0.181010250917221E-01
   0.236504893233406E+02
   0.182412430162563E-01
   0.235332845920304E+02
   0.187408145562690E-01
   0.235303460313032E+02
   0.179816019781751E-01
   0.242722558543203E+02
   0.169678450452945E-01
   0.258972709057834E+02
   0.164151773936015E-01
   0.257201055774361E+02
   0.177371804852841E-01
   0.240303871048430E+02
   0.210799294519230E-01
   0.230818086366489E+02
   0.206524165329062E-01
   0.224625782472099E+02
   0.199813510507587E-01
   0.220394897005825E+02
   0.199104655625818E-01
   0.221559956379409E+02
   0.206994312658093E-01
   0.218606789597686E+02
   0.204824351016105E-01
   0.216063631606196E+02
   0.203387482746205E-01
   0.213967212412524E+02
   0.202952314862160E-01
   0.212261253857424E+02
   0.203489731874342E-01
   0.210735570044924E+02
   0.204346917215467E-01
   0.209087430373039E+02
   0.204781994548900E-01
   0.206963911949381E+02
   0.203014052257208E-01
   0.204345608876875E+02
   0.198713966282728E-01
   0.201620879736521E+02
   0.192392362702688E-01
   0.199382214548947E+02
   0.185111310135423E-01
   0.198385288219335E+02
   0.179271492996569E-01
   0.199566480834836E+02
   0.175814465852553E-01
   0.204366120133250E+02
   0.168636820449785E-01
   0.211043852451831E+02
   0.173953918227069E-01
   0.223174527939642E+02
   0.169441472932132E-01
   0.246853204031293E+02
   0.168725141304694E-01
   0.251120982061096E+02
   0.172766571570257E-01
   0.241249847116204E+02
   0.188818069733963E-01
   0.233514663025081E+02
   0.199493242718490E-01
   0.229671690232431E+02
   0.198817041410586E-01
   0.228453713167927E+02
   0.201664190840467E-01
   0.228519613792477E+02
   0.198234119273929E-01
   0.230554856007296E+02
   0.191270061089107E-01
   0.238888462749275E+02
   0.173903848460002E-01
   0.242557743972882E+02
   0.182885199429730E-01
   0.244513856115882E+02
   0.180954970304041E-01
   0.241867184770420E+02
   0.194819674905910E-01
   0.239767800050177E+02
   0.195859935682859E-01
   0.244209638698035E+02
   0.184534681100974E-01
   0.258549393379469E+02
   0.171202998335446E-01
   0.257275061217947E+02
   0.187208593359873E-01
   0.242668985097912E+02
   0.216442612610982E-01
   0.234338293955542E+02
   0.213921411700505E-01
   0.228771385074775E+02
   0.209683966054708E-01
   0.224848646382135E+02
   0.208662893787130E-01
   0.224744697366514E+02
   0.215232331063775E-01
   0.221933267172433E+02
   0.213141722792446E-01
   0.219490632890321E+02
   0.211656420211038E-01
   0.217432390993049E+02
   0.210681183311900E-01
   0.215716203718235E+02
   0.210187983344628E-01
   0.214171254803999E+02
   0.210382244982368E-01
   0.212506528600863E+02
   0.210717465138514E-01
   0.210338649311223E+02
   0.209038166947914E-01
   0.207650520918674E+02
   0.204660180494584E-01
   0.204925098911630E+02
   0.199148075098496E-01
   0.202779558878933E+02
   0.193823737776617E-01
   0.201880191862774E+02
   0.190194756503699E-01
   0.202825611009073E+02
   0.186180030903070E-01
   0.206621016831771E+02
   0.179027204764847E-01
   0.213260596547313E+02
   0.183205071982034E-01
   0.224995592848416E+02
   0.188758790404504E-01
   0.247061448164485E+02
   0.178895924975105E-01
   0.251987906690271E+02
   0.173674341308795E-01
   0.245924332398361E+02
   0.180688707034329E-01
   0.236136782450835E+02
   0.205158640329435E-01
   0.232767330128751E+02
   0.209555833534475E-01
   0.231935795412177E+02
   0.211066923439586E-01
   0.232233783070548E+02
   0.208397852257886E-01
   0.234099823007654E+02
   0.205656270747360E-01
   0.239495170257655E+02
   0.188557518402374E-01
   0.245406285673828E+02
   0.188771854834713E-01
   0.248816625430880E+02
   0.185269559987581E-01
   0.248780120115605E+02
   0.193999144210239E-01
   0.243941910170654E+02
   0.211967319770399E-01
   0.245952628193505E+02
   0.200943644563649E-01
   0.257194603733152E+02
   0.180352223531827E-01
   0.255514126378768E+02
   0.198414849400405E-01
   0.243652397715335E+02
   0.221662162578820E-01
   0.236557953960922E+02
   0.221334070411353E-01
   0.231569988452027E+02
   0.218839229139805E-01
   0.227868631621643E+02
   0.217133891412899E-01
   0.226454476089552E+02
   0.221032709628217E-01
   0.223727039023120E+02
   0.219230976558693E-01
   0.221327012297791E+02
   0.217735681968785E-01
   0.219257056660398E+02
   0.216034035126004E-01
   0.217480038721259E+02
   0.214441911126971E-01
   0.215872091052133E+02
   0.214272393526735E-01
   0.214146048399316E+02
   0.214740589279670E-01
   0.211921941079679E+02
   0.213085742364113E-01
   0.209231515881984E+02
   0.208808525790403E-01
   0.206613473614343E+02
   0.204283461390108E-01
   0.204672547785619E+02
   0.200831291157755E-01
   0.203961599297248E+02
   0.198055655959612E-01
   0.204833307001811E+02
   0.192225004079552E-01
   0.208140193562865E+02
   0.185606603345976E-01
   0.214736808815692E+02
   0.191479204887984E-01
   0.226003114457581E+02
   0.200893820324070E-01
   0.246184580856525E+02
   0.179804112866805E-01
   0.251489558052039E+02
   0.173312005148926E-01
   0.247647593747778E+02
   0.177049587709815E-01
   0.237744627174733E+02
   0.207232106761650E-01
   0.234929470530783E+02
   0.216510353115838E-01
   0.234475153534244E+02
   0.218407666974959E-01
   0.235058487558196E+02
   0.216714563828306E-01
   0.236708183222348E+02
   0.215329639943096E-01
   0.240298711987665E+02
   0.197667675389480E-01
   0.244879087474650E+02
   0.196049513724502E-01
   0.250083902763621E+02
   0.191501909108501E-01
   0.252298500800836E+02
   0.195304041944745E-01
   0.247350633803294E+02
   0.224133529103691E-01
   0.247346852590877E+02
   0.218273407423991E-01
   0.254768194045031E+02
   0.193408547703811E-01
   0.251517893147629E+02
   0.214505828569159E-01
   0.243510604388072E+02
   0.226813135796891E-01
   0.237560861666169E+02
   0.227537737298190E-01
   0.233024003914321E+02
   0.225362338697966E-01
   0.229480971983579E+02
   0.223024734757680E-01
   0.226796556217291E+02
   0.220387275422671E-01
   0.224107176319360E+02
   0.218626695500706E-01
   0.221710095721704E+02
   0.216961814406834E-01
   0.219609714026138E+02
   0.215111575637087E-01
   0.217759880314363E+02
   0.213617232388000E-01
   0.216039860440583E+02
   0.213273561878266E-01
   0.214191811104048E+02
   0.213241517080146E-01
   0.211901897237930E+02
   0.211352128166105E-01
   0.209261809604802E+02
   0.207633740941433E-01
   0.206804606190113E+02
   0.204050739293409E-01
   0.205085526196205E+02
   0.201365913114516E-01
   0.204613588520371E+02
   0.199060498115434E-01
   0.205625826420949E+02
   0.193486840042185E-01
   0.208731097096797E+02
   0.187110592436205E-01
   0.215284941785010E+02
   0.195121784628839E-01
   0.225876911133749E+02
   0.203591538892824E-01
   0.244285778795134E+02
   0.176013410080451E-01
   0.249840112226350E+02
   0.172118352058295E-01
   0.247479739372060E+02
   0.175582366553888E-01
   0.238311280943563E+02
   0.207187710950956E-01
   0.236104634502680E+02
   0.221104187897407E-01
   0.236049988060738E+02
   0.225401892522025E-01
   0.236913084898298E+02
   0.223335423348701E-01
   0.238366121224859E+02
   0.220140100368264E-01
   0.240911783265473E+02
   0.206333194559923E-01
   0.244495918160166E+02
   0.202406045491700E-01
   0.248653021750078E+02
   0.203030418974905E-01
   0.253422842521534E+02
   0.199452922225590E-01
   0.249933176588439E+02
   0.226285961568263E-01
   0.247902080108997E+02
   0.229098766893033E-01
   0.250754124206036E+02
   0.209931691256947E-01
   0.248372162511454E+02
   0.222674247899877E-01
   0.242492258573639E+02
   0.228396846030760E-01
   0.237402713929941E+02
   0.228732111153072E-01
   0.233197845725690E+02
   0.225250512625153E-01
   0.229770843348866E+02
   0.222391905675589E-01
   0.226059449207972E+02
   0.210126104606585E-01
   0.223360541350236E+02
   0.207397447323549E-01
   0.220898279501274E+02
   0.204595954230154E-01
   0.218689293907236E+02
   0.201968276888667E-01
   0.216710198638162E+02
   0.200335490334129E-01
   0.214850074042416E+02
   0.199986821405184E-01
   0.212884654282480E+02
   0.200136653021853E-01
   0.210570997107586E+02
   0.199081635514618E-01
   0.208045127218370E+02
   0.197181893741886E-01
   0.205807687205336E+02
   0.195800672509633E-01
   0.204337184175335E+02
   0.194769410369850E-01
   0.204088063406199E+02
   0.193792318735287E-01
   0.205332557829296E+02
   0.191089714870352E-01
   0.208347558833725E+02
   0.184959315742310E-01
   0.214853848822531E+02
   0.195796455575610E-01
   0.224548317966515E+02
   0.201038867641278E-01
   0.241459627974702E+02
   0.173863042245179E-01
   0.247138833552904E+02
   0.172011821408694E-01
   0.245861771775901E+02
   0.174283563436504E-01
   0.237894252968282E+02
   0.212479694695857E-01
   0.236157291349251E+02
   0.223903800635620E-01
   0.236432597083671E+02
   0.228795792216699E-01
   0.237695838102144E+02
   0.228181249896937E-01
   0.239039068399493E+02
   0.223116067600780E-01
   0.241031284219753E+02
   0.213616125751094E-01
   0.244043678255872E+02
   0.213595625876436E-01
   0.247378251416352E+02
   0.213155793604138E-01
   0.252506827793351E+02
   0.206221171441550E-01
   0.252122534928430E+02
   0.216430603428946E-01
   0.247401574390200E+02
   0.230021782507765E-01
   0.247656416311478E+02
   0.217176934358470E-01
   0.245397550645058E+02
   0.222730743076041E-01
   0.240695107639405E+02
   0.223560953512362E-01
   0.236237973894511E+02
   0.221201405375377E-01
   0.232337053550023E+02
   0.216567008127553E-01
   0.229009684152513E+02
   0.212957778993774E-01
   0.224493313407202E+02
   0.196434076363459E-01
   0.221764690449034E+02
   0.193134750840919E-01
   0.219244812980305E+02
   0.190082015475063E-01
   0.216958669517101E+02
   0.187681029222640E-01
   0.214873793451347E+02
   0.186113556075008E-01
   0.212873727220620E+02
   0.185212731439629E-01
   0.210778006956569E+02
   0.184580250997695E-01
   0.208441082174780E+02
   0.183551496242039E-01
   0.206046061518075E+02
   0.182838101743184E-01
   0.204015983308104E+02
   0.182945565862644E-01
   0.202756035917529E+02
   0.183686782700897E-01
   0.202688962147232E+02
   0.185313507956616E-01
   0.204104864817530E+02
   0.186744980647036E-01
   0.207045851036677E+02
   0.182157238583563E-01
   0.213423783667333E+02
   0.196691581381575E-01
   0.222065001268564E+02
   0.197516114764635E-01
   0.237568627311562E+02
   0.173747663273137E-01
   0.243246324341289E+02
   0.173078482505820E-01
   0.242863497848898E+02
   0.173419356152846E-01
   0.236269187930087E+02
   0.214669236829487E-01
   0.234888061370071E+02
   0.220885400704815E-01
   0.235392011604422E+02
   0.223808253497026E-01
   0.237249350753692E+02
   0.227169800230651E-01
   0.238632087281779E+02
   0.224354486970472E-01
   0.240357895011005E+02
   0.218364992535359E-01
   0.242984334479611E+02
   0.221374597929618E-01
   0.245654704852259E+02
   0.221020500722788E-01
   0.249095599978731E+02
   0.218806059273291E-01
   0.251221127998895E+02
   0.212755604930722E-01
   0.245723709372573E+02
   0.225523991402308E-01
   0.244640200550750E+02
   0.218708799813951E-01
   0.242273078048067E+02
   0.217907842453618E-01
   0.238234062597113E+02
   0.213218098786697E-01
   0.234293371533047E+02
   0.208975165912628E-01
   0.230671259289042E+02
   0.204001665045964E-01
   0.227436191657524E+02
   0.199944209147791E-01
   0.222560136543202E+02
   0.188962193882326E-01
   0.219830767784953E+02
   0.185466714769281E-01
   0.217288325096696E+02
   0.182371728098354E-01
   0.214957515145572E+02
   0.180123278981100E-01
   0.212789969848081E+02
   0.178521374805635E-01
   0.210662829947584E+02
   0.177317550050364E-01
   0.208432996882913E+02
   0.176208424448229E-01
   0.206032701778632E+02
   0.174842914283487E-01
   0.203674393478732E+02
   0.173914024972291E-01
   0.201727345179186E+02
   0.173859138018938E-01
   0.200547333777775E+02
   0.174941599395481E-01
   0.200534398489001E+02
   0.177832957602561E-01
   0.202028380401072E+02
   0.183062301339272E-01
   0.205096906633679E+02
   0.187355927610197E-01
   0.210916451605700E+02
   0.198355753965740E-01
   0.218439041651545E+02
   0.191078651015850E-01
   0.232429296423047E+02
   0.173619292591626E-01
   0.237983806173796E+02
   0.173935473540735E-01
   0.238479535338868E+02
   0.174950189626018E-01
   0.233400597162467E+02
   0.219100290546774E-01
   0.232326322736412E+02
   0.218493966695585E-01
   0.232971309887034E+02
   0.214148762400727E-01
   0.235617984473833E+02
   0.221267242047242E-01
   0.237087507715816E+02
   0.224463682441827E-01
   0.238685796605854E+02
   0.219943323978278E-01
   0.241018977378099E+02
   0.225170554318701E-01
   0.243198340992115E+02
   0.228211251876133E-01
   0.245609608957136E+02
   0.231497971672373E-01
   0.247856830551750E+02
   0.214742040822714E-01
   0.242897963715386E+02
   0.222546648143182E-01
   0.241335950033644E+02
   0.218361394472710E-01
   0.238901231574728E+02
   0.212823762983694E-01
   0.235360201207648E+02
   0.205862849120461E-01
   0.231906327914550E+02
   0.201409279535265E-01
   0.228582732512541E+02
   0.196811982532393E-01
   0.225468751813331E+02
   0.192688976228529E-01
   0.220527525713756E+02
   0.193809529177675E-01
   0.217862418048670E+02
   0.189705839026931E-01
   0.215356862474335E+02
   0.186099003414961E-01
   0.213019811520129E+02
   0.183294390505519E-01
   0.210799605723917E+02
   0.181235451733329E-01
   0.208572046784695E+02
   0.179701927888335E-01
   0.206222680561355E+02
   0.178544438035909E-01
   0.203734420081591E+02
   0.177375935146568E-01
   0.201328925251847E+02
   0.176696142241741E-01
   0.199340293838603E+02
   0.176897034284173E-01
   0.198081057497834E+02
   0.178098169003145E-01
   0.197921900466677E+02
   0.180971762646944E-01
   0.199239228914450E+02
   0.186774249405835E-01
   0.202162237293684E+02
   0.194189205099359E-01
   0.207304511974564E+02
   0.201592243305506E-01
   0.213786763930624E+02
   0.187905906789388E-01
   0.225892920635095E+02
   0.173018119177672E-01
   0.231190941199004E+02
   0.172679114773147E-01
   0.232608569940473E+02
   0.180364936678339E-01
   0.229061579637343E+02
   0.221284927938194E-01
   0.228453762482549E+02
   0.217451365753213E-01
   0.229421901631977E+02
   0.208883970208969E-01
   0.232972689415770E+02
   0.210838782465006E-01
   0.234514329797553E+02
   0.228059554161523E-01
   0.236161726605584E+02
   0.227534652406291E-01
   0.238148907678760E+02
   0.231796713066220E-01
   0.239788555890538E+02
   0.233855502994905E-01
   0.241224557939503E+02
   0.234975837228812E-01
   0.241986932013748E+02
   0.226584253001266E-01
   0.239146262075575E+02
   0.229633149857465E-01
   0.237588979669127E+02
   0.226224891736059E-01
   0.235280317324803E+02
   0.219250562558014E-01
   0.232253218334959E+02
   0.212334041664308E-01
   0.229294284355241E+02
   0.207876985843740E-01
   0.226293611325637E+02
   0.203072386862380E-01
   0.223345765553193E+02
   0.198237222708900E-01
   0.218366325504767E+02
   0.211201961215709E-01
   0.215862566265918E+02
   0.206595434864740E-01
   0.213476258159639E+02
   0.202104741665303E-01
   0.211199832163802E+02
   0.198130434558702E-01
   0.208984076853012E+02
   0.195042109217618E-01
   0.206701303117230E+02
   0.192726445106756E-01
   0.204251616886269E+02
   0.191111657964155E-01
   0.201651046250820E+02
   0.189580777017313E-01
   0.199121591062888E+02
   0.188293335017122E-01
   0.196970819012741E+02
   0.187587870043827E-01
   0.195469762829948E+02
   0.187124225271511E-01
   0.194943444244597E+02
   0.187206467316263E-01
   0.195750469910443E+02
   0.188990298292574E-01
   0.198026397371744E+02
   0.192614595732839E-01
   0.202550572418707E+02
   0.203784884595754E-01
   0.208315443758784E+02
   0.197409129386949E-01
   0.217810370634450E+02
   0.170690846684252E-01
   0.222775313839864E+02
   0.175601203943350E-01
   0.224988996924979E+02
   0.190550124146318E-01
   0.223158606428520E+02
   0.221245801756266E-01
   0.223195785587039E+02
   0.213777835675542E-01
   0.224678511025164E+02
   0.202556345438759E-01
   0.229723084785101E+02
   0.197322568213732E-01
   0.230625036636816E+02
   0.227560111879248E-01
   0.232376147930907E+02
   0.232960320829554E-01
   0.234011008892734E+02
   0.234787025022362E-01
   0.235149367695513E+02
   0.234933246568727E-01
   0.235782084287523E+02
   0.232360785672758E-01
   0.235872719909748E+02
   0.230425393548752E-01
   0.234237877279003E+02
   0.235825540064855E-01
   0.232999668859538E+02
   0.236735119483885E-01
   0.231067796779040E+02
   0.232639014891574E-01
   0.228663204536895E+02
   0.228568850430955E-01
   0.226249176199991E+02
   0.225155752569829E-01
   0.223650276400288E+02
   0.220809020533035E-01
   0.220986530077913E+02
   0.216012822470274E-01
   0.215150422373616E+02
   0.229397173946545E-01
   0.212925879630125E+02
   0.226334666884950E-01
   0.210778360715354E+02
   0.222292247404038E-01
   0.208675253759371E+02
   0.217507026075268E-01
   0.206558654026081E+02
   0.212970050611781E-01
   0.204287649514234E+02
   0.208752622904358E-01
   0.201762986879440E+02
   0.204866022987586E-01
   0.199039855021419E+02
   0.201146428468453E-01
   0.196351341525289E+02
   0.197799613584470E-01
   0.193992807245181E+02
   0.195159989000959E-01
   0.192213931335875E+02
   0.192737001893072E-01
   0.191282465999538E+02
   0.190367194408425E-01
   0.191441185093003E+02
   0.187989108427850E-01
   0.192813961470877E+02
   0.185689143947696E-01
   0.196425052220963E+02
   0.192218178264235E-01
   0.201766295960768E+02
   0.204540586707110E-01
   0.208055359909799E+02
   0.177411366040621E-01
   0.212476159481761E+02
   0.182310687618013E-01
   0.215118645639075E+02
   0.197083443852069E-01
   0.215668313294124E+02
   0.216320531951540E-01
   0.216588356581586E+02
   0.208493123858156E-01
   0.218847939902546E+02
   0.190176390955268E-01
   0.224226084497312E+02
   0.197659523412545E-01
   0.225346644550916E+02
   0.224567220359605E-01
   0.227153537707447E+02
   0.234050067804072E-01
   0.228472750255516E+02
   0.232425728175947E-01
   0.229240300650029E+02
   0.231594589204165E-01
   0.229296292877811E+02
   0.228128189774719E-01
   0.228942232874800E+02
   0.227090479688030E-01
   0.227899405137472E+02
   0.232748831346667E-01
   0.226996052896677E+02
   0.237002377023523E-01
   0.225538225610713E+02
   0.237247245320428E-01
   0.223744117100971E+02
   0.237400031824627E-01
   0.221889576688846E+02
   0.237325453191969E-01
   0.219747127391143E+02
   0.235137550877083E-01
   0.217462161630944E+02
   0.232418974390044E-01
   0.209880356815045E+02
   0.229652526557963E-01
   0.207976639182245E+02
   0.229102749228528E-01
   0.206163320842580E+02
   0.227883043122039E-01
   0.204377394543352E+02
   0.225074783169385E-01
   0.202519914723296E+02
   0.221258711747399E-01
   0.200411489907944E+02
   0.216310250359060E-01
   0.197924363477393E+02
   0.210187627625614E-01
   0.195146719673398E+02
   0.204120851510186E-01
   0.192332262721886E+02
   0.199001683641678E-01
   0.189777547891289E+02
   0.195068522373068E-01
   0.187738314086995E+02
   0.191916917313121E-01
   0.186452220024696E+02
   0.189319758522234E-01
   0.186094813308103E+02
   0.186426534289107E-01
   0.186810204533054E+02
   0.182110269313132E-01
   0.189358118512520E+02
   0.178542436018768E-01
   0.193857033614751E+02
   0.186168535885420E-01
   0.198976285331208E+02
   0.185434405682303E-01
   0.202650158818406E+02
   0.186898557152383E-01
   0.204943284711230E+02
   0.188628450252601E-01
   0.206616135552747E+02
   0.203512224433212E-01
   0.208578911994930E+02
   0.203555474061458E-01
   0.212218539743692E+02
   0.172564338383898E-01
   0.216366182317013E+02
   0.204838719485158E-01
   0.218649390995001E+02
   0.223033092105008E-01
   0.220435410809147E+02
   0.227065668125152E-01
   0.221552640369139E+02
   0.225717094631366E-01
   0.222029029856479E+02
   0.224528812348407E-01
   0.221718660039790E+02
   0.220697565758375E-01
   0.220995892499618E+02
   0.217975583409257E-01
   0.220087428081186E+02
   0.220612117563674E-01
   0.219355889775383E+02
   0.224942959036330E-01
   0.218268756425106E+02
   0.227232661280851E-01
   0.216958577454424E+02
   0.229786508444842E-01
   0.215540314767833E+02
   0.232068729650374E-01
   0.213791941374766E+02
   0.231667976712929E-01
   0.211869413535827E+02
   0.230725376888740E-01
   0.202402792654281E+02
   0.215656692039385E-01
   0.200732010201443E+02
   0.215749272219813E-01
   0.199190568313156E+02
   0.216484569506679E-01
   0.197733713887593E+02
   0.217018500344303E-01
   0.196219401333874E+02
   0.216389280384493E-01
   0.194422594423504E+02
   0.213776361091233E-01
   0.192166053291237E+02
   0.208558068809517E-01
   0.189503703494874E+02
   0.202086710899966E-01
   0.186679712506763E+02
   0.195936622830362E-01
   0.183998881518137E+02
   0.190883253183563E-01
   0.181750193259549E+02
   0.187060251516099E-01
   0.180172256777623E+02
   0.184252933620281E-01
   0.179445777336508E+02
   0.181814280729233E-01
   0.179773656835853E+02
   0.179135950750271E-01
   0.181756249086488E+02
   0.177745943745182E-01
   0.185565091533083E+02
   0.183558693650944E-01
   0.189598376003735E+02
   0.183477338924804E-01
   0.192354581775853E+02
   0.182325499824313E-01
   0.194091181953328E+02
   0.182233040060517E-01
   0.196130233106869E+02
   0.189893476854741E-01
   0.198961847798045E+02
   0.194132519812852E-01
   0.203402678397383E+02
   0.166252828956782E-01
   0.207648130015142E+02
   0.199599232183694E-01
   0.210494267249832E+02
   0.210888519608064E-01
   0.212238596231618E+02
   0.213984075049494E-01
   0.213231901399731E+02
   0.215272368184789E-01
   0.213501191427580E+02
   0.214729383780543E-01
   0.212969992411998E+02
   0.211209989782400E-01
   0.212023319643426E+02
   0.207671917375297E-01
   0.211107472089137E+02
   0.208174731421561E-01
   0.210387696065081E+02
   0.210828432667544E-01
   0.209462214565254E+02
   0.212565667964584E-01
   0.208421438107776E+02
   0.214803385255863E-01
   0.207269784672139E+02
   0.216921105022939E-01
   0.205797563640430E+02
   0.217017541697908E-01
   0.204147073203630E+02
   0.216440174386002E-01
   0.192987254677088E+02
   0.199354427330227E-01
   0.191462864301695E+02
   0.198836353496496E-01
   0.190076557611986E+02
   0.199384282929036E-01
   0.188830571661641E+02
   0.201023132522573E-01
   0.187583289330483E+02
   0.202616134931467E-01
   0.186100173050568E+02
   0.203041380595609E-01
   0.184176681963113E+02
   0.201085785629314E-01
   0.181794612177680E+02
   0.196709197497839E-01
   0.179126157796805E+02
   0.190990771835875E-01
   0.176443056905096E+02
   0.185046397061147E-01
   0.174070799634851E+02
   0.180160166413579E-01
   0.172273722590032E+02
   0.176490642279706E-01
   0.171275246060525E+02
   0.173505920343807E-01
   0.171347481282297E+02
   0.170792808126683E-01
   0.172968945032584E+02
   0.170140433795182E-01
   0.176129382770006E+02
   0.174656932340247E-01
   0.179235432184273E+02
   0.175144514377977E-01
   0.181125569735967E+02
   0.172780503954621E-01
   0.182168592455756E+02
   0.170083801521261E-01
   0.184233313154522E+02
   0.174814220903673E-01
   0.187766699391864E+02
   0.180281511294360E-01
   0.192490799591476E+02
   0.172707087751001E-01
   0.197929327056750E+02
   0.190330710011499E-01
   0.201011227700013E+02
   0.196626146553409E-01
   0.202656084169051E+02
   0.199436342744784E-01
   0.203480803260559E+02
   0.201758956512814E-01
   0.203590243398677E+02
   0.202213276139833E-01
   0.202952244966818E+02
   0.199974146368889E-01
   0.201910376530448E+02
   0.196867011033785E-01
   0.200932147810926E+02
   0.196195602187986E-01
   0.200139936607266E+02
   0.197463742642357E-01
   0.199248484518412E+02
   0.198398927228123E-01
   0.198310123594564E+02
   0.199743843224411E-01
   0.197271412079843E+02
   0.200726706240186E-01
   0.195990767416090E+02
   0.200762826354925E-01
   0.194546256262236E+02
   0.200276197656662E-01
   0.181738715996320E+02
   0.183218999203275E-01
   0.180313949975402E+02
   0.182200866298708E-01
   0.179005684022085E+02
   0.181921993979792E-01
   0.177859673932016E+02
   0.182864890016857E-01
   0.176757246356862E+02
   0.184343695029651E-01
   0.175486355392636E+02
   0.185604992401384E-01
   0.173860883152870E+02
   0.186025750735728E-01
   0.171814868206137E+02
   0.184662637266017E-01
   0.169428553173848E+02
   0.181291756442127E-01
   0.166899637791033E+02
   0.176365731638028E-01
   0.164536201738810E+02
   0.171240032340958E-01
   0.162620621776018E+02
   0.166806740921418E-01
   0.161441956862176E+02
   0.163311111311043E-01
   0.161349689060289E+02
   0.160921928921224E-01
   0.162708571964991E+02
   0.160437519577521E-01
   0.165307618832565E+02
   0.162637593648096E-01
   0.167675385750501E+02
   0.162722030924469E-01
   0.168785144964749E+02
   0.160742374035469E-01
   0.168950757354664E+02
   0.155209000250667E-01
   0.170780765586683E+02
   0.157793202769924E-01
   0.175009373517951E+02
   0.162980589631006E-01
   0.181055700373134E+02
   0.169808991196560E-01
   0.187124851343834E+02
   0.179945550036126E-01
   0.190286158277463E+02
   0.182060667076028E-01
   0.191731573426465E+02
   0.184110905306413E-01
   0.192314975444668E+02
   0.186031803513340E-01
   0.192259791000026E+02
   0.187067880973686E-01
   0.191558012377866E+02
   0.186298534732217E-01
   0.190472724672330E+02
   0.184265166443106E-01
   0.189412186719300E+02
   0.183199923954765E-01
   0.188492164784841E+02
   0.183352501451092E-01
   0.187539513164144E+02
   0.183463001666189E-01
   0.186593016224805E+02
   0.184040505581121E-01
   0.185587233249058E+02
   0.184360816894328E-01
   0.184434727794994E+02
   0.184386090328631E-01
   0.183149582772716E+02
   0.184065829756791E-01
   0.168683953235485E+02
   0.167192218441627E-01
   0.167340390977922E+02
   0.166134237200424E-01
   0.166069453643647E+02
   0.165312506337587E-01
   0.164943947420448E+02
   0.165251633511521E-01
   0.163884276767207E+02
   0.165775783696570E-01
   0.162718298630022E+02
   0.166433715639129E-01
   0.161294255576224E+02
   0.167041171974428E-01
   0.159537750420994E+02
   0.166976176544789E-01
   0.157460413943236E+02
   0.165587008417307E-01
   0.155187395762195E+02
   0.162666548004292E-01
   0.152969174418689E+02
   0.158845909181961E-01
   0.151055418845419E+02
   0.154456554248544E-01
   0.149787638610288E+02
   0.150577152026650E-01
   0.149611542172901E+02
   0.148470526084098E-01
   0.150830476812079E+02
   0.148626858112504E-01
   0.153044625095774E+02
   0.149997926090457E-01
   0.154865683144811E+02
   0.149936148173603E-01
   0.155205063774873E+02
   0.147657119481671E-01
   0.154251814581831E+02
   0.139246010293181E-01
   0.155621030849758E+02
   0.139129002525219E-01
   0.160560784690121E+02
   0.146179885877418E-01
   0.168270072597750E+02
   0.158140590790856E-01
   0.175196183484652E+02
   0.170726330456781E-01
   0.178409039201929E+02
   0.170350159264175E-01
   0.179547679634061E+02
   0.170194640503338E-01
   0.179803514446155E+02
   0.170567109686930E-01
   0.179524639451482E+02
   0.171123920370698E-01
   0.178726340312534E+02
   0.170909649040137E-01
   0.177593884298853E+02
   0.169934221893690E-01
   0.176442649029572E+02
   0.169183979848423E-01
   0.175366327259094E+02
   0.168637453930920E-01
   0.174289350216325E+02
   0.168065769500445E-01
   0.173257487266635E+02
   0.167944381972670E-01
   0.172226046699478E+02
   0.167828040963545E-01
   0.171141329518451E+02
   0.167853200632471E-01
   0.169973689607655E+02
   0.167819210180901E-01
   0.153780432147120E+02
   0.150425026914416E-01
   0.152508763872052E+02
   0.149516754773243E-01
   0.151264770767436E+02
   0.148508701207166E-01
   0.150131257515015E+02
   0.147842009882181E-01
   0.149062476085045E+02
   0.147692626633580E-01
   0.147931674137409E+02
   0.147729528354175E-01
   0.146618103844156E+02
   0.147688523296810E-01
   0.145067745183021E+02
   0.147708120307290E-01
   0.143256175772935E+02
   0.147036821393234E-01
   0.141256880510844E+02
   0.145425567174839E-01
   0.139256219743134E+02
   0.143019352565451E-01
   0.137444608085572E+02
   0.139420057903781E-01
   0.136165506718643E+02
   0.135494667859046E-01
   0.135968658963108E+02
   0.133938828279436E-01
   0.137171936529693E+02
   0.135636623645819E-01
   0.139233634671745E+02
   0.138256922791032E-01
   0.140735820453068E+02
   0.139175496992484E-01
   0.140313174777145E+02
   0.136049169898628E-01
   0.137856678297584E+02
   0.122104191175822E-01
   0.138539249228898E+02
   0.117150186671986E-01
   0.144148323462715E+02
   0.127985233964583E-01
   0.154138545414971E+02
   0.154403377625030E-01
   0.162087003289367E+02
   0.169950397075476E-01
   0.165319884299566E+02
   0.165781562906556E-01
   0.166059392441951E+02
   0.160873540565154E-01
   0.165933461548146E+02
   0.158204015750395E-01
   0.165371714372323E+02
   0.156967334428633E-01
   0.164409883243727E+02
   0.155887067797752E-01
   0.163175034483891E+02
   0.154718627187822E-01
   0.161904678374976E+02
   0.154062082775074E-01
   0.160659078796433E+02
   0.153162429451522E-01
   0.159423097003304E+02
   0.152107564542750E-01
   0.158255777330510E+02
   0.151421383689574E-01
   0.157151763662853E+02
   0.151010333962055E-01
   0.156076311901647E+02
   0.150885865522719E-01
   0.154977090798480E+02
   0.150870913238929E-01
   0.136920492181666E+02
   0.136586737441677E-01
   0.135708087199252E+02
   0.135559857720434E-01
   0.134495585324800E+02
   0.134375804731844E-01
   0.133368660542628E+02
   0.133462425163063E-01
   0.132281839934238E+02
   0.132823021257088E-01
   0.131157267788658E+02
   0.132357523440888E-01
   0.129907079908247E+02
   0.131761251936931E-01
   0.128493178916317E+02
   0.131288256352352E-01
   0.126888894293783E+02
   0.130660525603211E-01
   0.125134059491843E+02
   0.129798592162666E-01
   0.123369661883700E+02
   0.129177375003354E-01
   0.121733077450531E+02
   0.128125043532244E-01
   0.120515460149301E+02
   0.126213638069120E-01
   0.120287520690115E+02
   0.125338467882852E-01
   0.121491940752305E+02
   0.127378717022628E-01
   0.123613779685606E+02
   0.131351904653886E-01
   0.125073203909155E+02
   0.133420926542777E-01
   0.124040342100564E+02
   0.129636157066866E-01
   0.119520786166298E+02
   0.960073399813981E-02
   0.119411197147207E+02
   0.898363276294846E-02
   0.125370922410386E+02
   0.103033830700306E-01
   0.137386620377565E+02
   0.146726683192934E-01
   0.146637623597985E+02
   0.169727548342410E-01
   0.150307206847993E+02
   0.168452220779848E-01
   0.150883781701381E+02
   0.161237242774592E-01
   0.150441503353833E+02
   0.156050414492988E-01
   0.149594818878980E+02
   0.152509506978678E-01
   0.148410695332820E+02
   0.149538233355703E-01
   0.147012453996416E+02
   0.146736693041036E-01
   0.145587477323128E+02
   0.144508219752385E-01
   0.144173612389257E+02
   0.142452758271169E-01
   0.142779224737644E+02
   0.140538994965047E-01
   0.141456825241511E+02
   0.139072396270006E-01
   0.140247698865424E+02
   0.138113840548261E-01
   0.139134235296627E+02
   0.137589486696314E-01
   0.138056420893047E+02
   0.137230650565226E-01
   0.117822071443976E+02
   0.126765625889837E-01
   0.116650541316859E+02
   0.125936746613772E-01
   0.115468836245476E+02
   0.124973730138532E-01
   0.114361396048429E+02
   0.123975285397315E-01
   0.113272785372239E+02
   0.123078760218123E-01
   0.112166210903303E+02
   0.122360497772224E-01
   0.110987109894589E+02
   0.121704092632380E-01
   0.109702034557882E+02
   0.121133183303544E-01
   0.108289061396984E+02
   0.120782064454254E-01
   0.106742472663195E+02
   0.120248317342839E-01
   0.105160614870334E+02
   0.119648829960742E-01
   0.103673449716802E+02
   0.118809193565244E-01
   0.102540650091172E+02
   0.117282712126357E-01
   0.102296320832141E+02
   0.116278306634606E-01
   0.103472866986961E+02
   0.117748642920505E-01
   0.105744453855540E+02
   0.122508448714248E-01
   0.107467612323206E+02
   0.127144002765565E-01
   0.106323277339932E+02
   0.124469466150187E-01
   0.100193198169098E+02
   0.865801241552396E-02
   0.992278446486964E+01
   0.776608148781448E-02
   0.104801131629536E+02
   0.864206827046413E-02
   0.117605816326475E+02
   0.136206647643102E-01
   0.127250145135460E+02
   0.158650663279031E-01
   0.131594927351525E+02
   0.162497663385012E-01
   0.132664516997049E+02
   0.158307554841325E-01
   0.132417569905350E+02
   0.154204690518020E-01
   0.131562653921063E+02
   0.149941142555960E-01
   0.130285572154080E+02
   0.145406964757592E-01
   0.128756777630440E+02
   0.141113944116240E-01
   0.127193959947480E+02
   0.137650468921812E-01
   0.125625009632071E+02
   0.134714017185879E-01
   0.124092715677397E+02
   0.132407195101689E-01
   0.122596364615499E+02
   0.130289501611558E-01
   0.121241151980608E+02
   0.128738715851261E-01
   0.120032780077797E+02
   0.127764356003451E-01
   0.118928507785702E+02
   0.127254994121954E-01
   0.962048324599714E+01
   0.116964877794575E-01
   0.950040767015911E+01
   0.115828324423649E-01
   0.938125360671441E+01
   0.114660018713591E-01
   0.927645501441816E+01
   0.113983283317964E-01
   0.916964488087054E+01
   0.113154385868686E-01
   0.906160177006265E+01
   0.112426095331681E-01
   0.895137610935186E+01
   0.111840065606302E-01
   0.883690972437994E+01
   0.111383951407949E-01
   0.871511475821708E+01
   0.111031850335911E-01
   0.858446519590751E+01
   0.110658630629124E-01
   0.845275637033764E+01
   0.110272937270254E-01
   0.833060561004948E+01
   0.109708564831433E-01
   0.823961523788575E+01
   0.108800674477685E-01
   0.822267725559570E+01
   0.108250523866406E-01
   0.833010497157026E+01
   0.109244803475985E-01
   0.855822970632437E+01
   0.113372886242486E-01
   0.875934630970347E+01
   0.119643518444734E-01
   0.870743263168658E+01
   0.122331819616718E-01
   0.804031875449984E+01
   0.840441311487104E-02
   0.787859575812873E+01
   0.758335588268118E-02
   0.831221225311545E+01
   0.815904794017516E-02
   0.941995287116548E+01
   0.115586989019590E-01
   0.102784206451758E+02
   0.132151363426525E-01
   0.107478367443698E+02
   0.139652272089162E-01
   0.109432244634189E+02
   0.140762371145016E-01
   0.109991063625360E+02
   0.140981429989188E-01
   0.109773130832159E+02
   0.140084264208844E-01
   0.108976433119449E+02
   0.137621474374425E-01
   0.107747023363049E+02
   0.134547642370152E-01
   0.106278087573389E+02
   0.131210782048595E-01
   0.104667585691062E+02
   0.127902282288686E-01
   0.103015642719009E+02
   0.125081413691693E-01
   0.101398219009936E+02
   0.122584545020223E-01
   0.999126605517327E+01
   0.120562018951659E-01
   0.985681955953814E+01
   0.119008372834497E-01
   0.973656838780077E+01
   0.117912649678588E-01
   0.719198690292794E+01
   0.106991970288039E-01
   0.707295667869872E+01
   0.105810079457143E-01
   0.695598802323488E+01
   0.104656832219314E-01
   0.684563059229912E+01
   0.103589162969482E-01
   0.673637002569155E+01
   0.102511245888304E-01
   0.663039728826364E+01
   0.101715970404495E-01
   0.652872805457443E+01
   0.101199133367440E-01
   0.642999709355025E+01
   0.100967882080456E-01
   0.633018721289309E+01
   0.100799178873167E-01
   0.622648336750895E+01
   0.100668053268477E-01
   0.612848197857470E+01
   0.100606954111292E-01
   0.604322452068622E+01
   0.100484025622994E-01
   0.598700674541640E+01
   0.100270810606205E-01
   0.598784149740914E+01
   0.100236698534475E-01
   0.607992743601435E+01
   0.100991541049688E-01
   0.627491338288183E+01
   0.103760956291566E-01
   0.647597654769563E+01
   0.109105474312149E-01
   0.651852393257869E+01
   0.116207290233607E-01
   0.607071799979219E+01
   0.958601849403227E-02
   0.587724633298071E+01
   0.905160723147951E-02
   0.607814186322853E+01
   0.870281918759926E-02
   0.672021837456504E+01
   0.946557394117531E-02
   0.732217710627504E+01
   0.100192664291234E-01
   0.775405198797718E+01
   0.106300324238378E-01
   0.801513194086850E+01
   0.110669257527397E-01
   0.815927601947643E+01
   0.114174649624356E-01
   0.823881501881681E+01
   0.117404651268001E-01
   0.825388186724001E+01
   0.119154079831614E-01
   0.820634501039740E+01
   0.119292807063195E-01
   0.811576096214783E+01
   0.118381456857296E-01
   0.799076567773875E+01
   0.116516623790131E-01
   0.784635196774719E+01
   0.114434015214352E-01
   0.769761142789801E+01
   0.112345446273266E-01
   0.755773101804062E+01
   0.110615923545115E-01
   0.742459055116628E+01
   0.109052989897438E-01
   0.730602088650581E+01
   0.107955390594879E-01
   0.433309739461614E+01
   0.930115303986870E-02
   0.422652583798378E+01
   0.921720354677605E-02
   0.412574261860787E+01
   0.914633590245468E-02
   0.402782765984763E+01
   0.907549624726590E-02
   0.393033015175832E+01
   0.899814530565339E-02
   0.383691645511896E+01
   0.893508607701239E-02
   0.375091565418016E+01
   0.889717262183668E-02
   0.367120729197938E+01
   0.888403282193706E-02
   0.359423190275840E+01
   0.887871514159795E-02
   0.351450340955014E+01
   0.885147123403497E-02
   0.345323801398955E+01
   0.885895327641477E-02
   0.341037284054999E+01
   0.887431965264271E-02
   0.339371165712273E+01
   0.889534334014460E-02
   0.341763062034979E+01
   0.893034888518105E-02
   0.349555151066516E+01
   0.899172378624218E-02
   0.363069200113617E+01
   0.915152602558142E-02
   0.377723859827988E+01
   0.946518825597005E-02
   0.381213108687408E+01
   0.984147413700581E-02
   0.357182301669795E+01
   0.911339074064905E-02
   0.339054110377183E+01
   0.853056050459525E-02
   0.341620128866383E+01
   0.801543591383909E-02
   0.369046321094135E+01
   0.791141406450722E-02
   0.403176870025396E+01
   0.796740018721606E-02
   0.434246075945391E+01
   0.821844039525691E-02
   0.457636601429678E+01
   0.847964745114383E-02
   0.474865017186603E+01
   0.875019825988346E-02
   0.488522251449553E+01
   0.908401743575384E-02
   0.497667879544392E+01
   0.938685150523316E-02
   0.501344742081732E+01
   0.959642663731453E-02
   0.499607875825403E+01
   0.968490618018051E-02
   0.493228729217431E+01
   0.966544454833959E-02
   0.483655710889749E+01
   0.958294768915497E-02
   0.472816694113456E+01
   0.948602589565648E-02
   0.462682449204752E+01
   0.943179038069463E-02
   0.452738553125123E+01
   0.938791409994501E-02
   0.442995005455322E+01
   0.934392265922144E-02
   0.784243680261458E+00
   0.728304188910484E-02
   0.717758562950171E+00
   0.727918373636422E-02
   0.648187723837055E+00
   0.726055482898377E-02
   0.575880184427502E+00
   0.723063885053931E-02
   0.501540155673454E+00
   0.718595414325955E-02
   0.431019214675817E+00
   0.713942103017898E-02
   0.368780854646780E+00
   0.710497742156926E-02
   0.313033034736955E+00
   0.708114079002720E-02
   0.262014691394840E+00
   0.705995855826508E-02
   0.222280651956118E+00
   0.704743142024850E-02
   0.203548862537918E+00
   0.706094365765027E-02
   0.202294293888388E+00
   0.708035844588751E-02
   0.219861612014632E+00
   0.710477297110766E-02
   0.260034753616046E+00
   0.713553747900437E-02
   0.323654281010776E+00
   0.717986845848536E-02
   0.403669201743859E+00
   0.726811447390728E-02
   0.484583010001104E+00
   0.747014168462470E-02
   0.501844916193560E+00
   0.768293731640588E-02
   0.376893022614949E+00
   0.741643916179942E-02
   0.230380496045607E+00
   0.703939908011582E-02
   0.158799929976551E+00
   0.667349876967592E-02
   0.220754945784316E+00
   0.646634033969498E-02
   0.353669688736014E+00
   0.635857747921477E-02
   0.510064527477243E+00
   0.634362711151639E-02
   0.657261699646850E+00
   0.637451471688129E-02
   0.790861188544814E+00
   0.644778695957837E-02
   0.915584264179370E+00
   0.659709073462455E-02
   0.102398368660021E+01
   0.680430161115729E-02
   0.110133990482940E+01
   0.701285252408277E-02
   0.113683556564984E+01
   0.716027464610934E-02
   0.113175802627752E+01
   0.723756367872287E-02
   0.109520151362368E+01
   0.726491307410398E-02
   0.103928435734059E+01
   0.726084699249064E-02
   0.979896720240315E+00
   0.726787086878432E-02
   0.918325209395952E+00
   0.727947169113123E-02
   0.849822561990641E+00
   0.727675986242758E-02
  -0.376675123763074E+01
   0.489517059228470E-02
  -0.379487901230033E+01
   0.490931033539852E-02
  -0.382802074455517E+01
   0.490274614240802E-02
  -0.386500510419375E+01
   0.487776115992880E-02
  -0.390347235531824E+01
   0.483818926257427E-02
  -0.393449555232136E+01
   0.479645375675538E-02
  -0.395443484493552E+01
   0.476281677250293E-02
  -0.396187865928569E+01
   0.474439468469671E-02
  -0.395779917736252E+01
   0.473811694968922E-02
  -0.394196553733383E+01
   0.474179937673583E-02
  -0.391520558937496E+01
   0.474748973364844E-02
  -0.388131893118222E+01
   0.475442791915973E-02
  -0.384181287638702E+01
   0.476884040876947E-02
  -0.379686941588306E+01
   0.479826199902823E-02
  -0.375183777367704E+01
   0.484469806695102E-02
  -0.371491415964081E+01
   0.491980569190757E-02
  -0.369907056066785E+01
   0.503078520036218E-02
  -0.372606003889298E+01
   0.513734280381280E-02
  -0.380660855098678E+01
   0.514177642537986E-02
  -0.391269119545481E+01
   0.504029787242844E-02
  -0.400597156279371E+01
   0.487414961365836E-02
  -0.406035440667758E+01
   0.469404857956834E-02
  -0.407383483104033E+01
   0.453519122842852E-02
  -0.405072796067653E+01
   0.442352467871219E-02
  -0.400001254810790E+01
   0.437217504440354E-02
  -0.392890690745772E+01
   0.438776313796974E-02
  -0.384569788230588E+01
   0.446136746698885E-02
  -0.376480709190627E+01
   0.456819038198696E-02
  -0.369952586662160E+01
   0.468106310519021E-02
  -0.365897096106203E+01
   0.477045472633619E-02
  -0.364532120634385E+01
   0.481893698308701E-02
  -0.365332187424999E+01
   0.483378026367851E-02
  -0.367367871278405E+01
   0.483394086897186E-02
  -0.369742565605598E+01
   0.483898782313353E-02
  -0.372038374671624E+01
   0.485191414121501E-02
  -0.374264036247962E+01
   0.487122467822526E-02
  -0.100009751933841E+02
   0.273954240918861E-02
  -0.994177153407014E+01
   0.276568250811018E-02
  -0.989039293201981E+01
   0.277798178145241E-02
  -0.984180319139932E+01
   0.278093711371416E-02
  -0.977984301691674E+01
   0.279369405694659E-02
  -0.969819282583196E+01
   0.282233649644190E-02
  -0.959124260411569E+01
   0.287246349838099E-02
  -0.945427247243402E+01
   0.294923402141357E-02
  -0.930935400923743E+01
   0.303226208254366E-02
  -0.916187151482566E+01
   0.311829547896195E-02
  -0.902083552969466E+01
   0.320137102326594E-02
  -0.889826622677561E+01
   0.327644831938338E-02
  -0.878469671573967E+01
   0.336151287256634E-02
  -0.872406804060881E+01
   0.340486003892265E-02
  -0.871633946118649E+01
   0.341231855776123E-02
  -0.876577512230167E+01
   0.338328132181703E-02
  -0.888096434979240E+01
   0.331005348292905E-02
  -0.907436622889443E+01
   0.317661986179606E-02
  -0.928513498451960E+01
   0.305198008747751E-02
  -0.950761494953893E+01
   0.293120978193759E-02
  -0.972965519326188E+01
   0.281485888675871E-02
  -0.994706788514402E+01
   0.269483620433159E-02
  -0.101500216488661E+02
   0.257568896195108E-02
  -0.102886844384116E+02
   0.249923386842575E-02
  -0.103704314689834E+02
   0.245881250576634E-02
  -0.104060962378371E+02
   0.244663845834551E-02
  -0.104093108798848E+02
   0.245353072879993E-02
  -0.103948646057597E+02
   0.246961654663739E-02
  -0.103747053798979E+02
   0.248686787417325E-02
  -0.103545627813543E+02
   0.250156380298124E-02
  -0.103356636249567E+02
   0.251331701037458E-02
  -0.103139470011067E+02
   0.252599538377341E-02
  -0.102846887972415E+02
   0.254401861488913E-02
  -0.102404751336152E+02
   0.257383366603245E-02
  -0.101734698915591E+02
   0.262163652391724E-02
  -0.100755559206365E+02
   0.269354073760390E-02
