   0.199444696624733E+01
   0.416785701697717E-02
   0.894768217031072E+00
   0.397979112083721E-02
   0.176968215328986E+00
   0.383698864483113E-02
  -0.235614412432394E+00
   0.373352552922830E-02
  -0.322307372152005E+00
   0.366940346635576E-02
   0.476619674637335E-01
   0.364928503717352E-02
  -0.439149194937575E+00
   0.369265063535204E-02
  -0.406688543027484E+00
   0.378661161413364E-02
   0.120607586404426E+00
   0.393214915512810E-02
   0.114322959219661E+01
   0.413073825348131E-02
   0.266967416113314E+01
   0.438248733669401E-02
   0.492649281594502E+01
   0.467966513138137E-02
   0.817381005705162E+01
   0.501097069912671E-02
   0.110246238349505E+02
   0.535774263522209E-02
   0.135938955022507E+02
   0.570099122441804E-02
   0.159060154952303E+02
   0.602535754488831E-02
   0.178690789991632E+02
   0.631997095004000E-02
   0.194613226487533E+02
   0.657791605204744E-02
   0.206993163279418E+02
   0.679529776828586E-02
   0.216181005376066E+02
   0.697223181203730E-02
   0.222578835579206E+02
   0.711261643220348E-02
   0.226536223567480E+02
   0.721900263395770E-02
   0.228263502426178E+02
   0.729103402038194E-02
   0.227770688658337E+02
   0.732524837123752E-02
   0.224868983744618E+02
   0.731530081254954E-02
   0.219224550334549E+02
   0.725516602309289E-02
   0.210389457926499E+02
   0.714194984666170E-02
   0.197795107064203E+02
   0.697378115897595E-02
   0.180724142862600E+02
   0.674945415021230E-02
   0.158285982127434E+02
   0.647051157278248E-02
   0.129423191394684E+02
   0.614368505886206E-02
   0.929466373987710E+01
   0.578204261723742E-02
   0.646496814548914E+01
   0.540505678271461E-02
   0.439093981898664E+01
   0.503653273007438E-02
   0.298676602779123E+01
   0.469903158822870E-02
   0.219522743506900E+01
   0.440776133714664E-02
   0.496285422391112E+01
   0.524263227262976E-02
   0.554777130085965E+01
   0.505051717726808E-02
   0.533576392033876E+01
   0.487915214618869E-02
   0.451617552945064E+01
   0.470308572999846E-02
   0.293736581497703E+01
   0.456888208351826E-02
   0.221149310359921E+01
   0.450578897334082E-02
   0.197553852640432E+01
   0.450854288769976E-02
   0.220073090109594E+01
   0.458354176923606E-02
   0.293912283080259E+01
   0.471888100661119E-02
   0.436734351646288E+01
   0.489750054959901E-02
   0.462561704846611E+01
   0.514784736286933E-02
   0.549716098230904E+01
   0.544606530785619E-02
   0.706419587357047E+01
   0.589621786620110E-02
   0.923264531848335E+01
   0.641670098924027E-02
   0.121284012863606E+02
   0.691994893528636E-02
   0.160809809669717E+02
   0.738494241158449E-02
   0.187868779487170E+02
   0.780259241253700E-02
   0.205865361641204E+02
   0.815732043080817E-02
   0.217293060976463E+02
   0.841084264086566E-02
   0.224112062825757E+02
   0.855600384909026E-02
   0.228012089700627E+02
   0.868025083947783E-02
   0.230427448078087E+02
   0.881233951926547E-02
   0.232332736325793E+02
   0.895555597817256E-02
   0.233730715223541E+02
   0.910228523013494E-02
   0.233774103852293E+02
   0.918986858745685E-02
   0.231706558623477E+02
   0.916510686840442E-02
   0.227068831586938E+02
   0.906755037841743E-02
   0.219511353383051E+02
   0.891050714150081E-02
   0.208466663546011E+02
   0.867411430839783E-02
   0.192795841865727E+02
   0.833513891937067E-02
   0.170828319873858E+02
   0.788800944290147E-02
   0.140851383344435E+02
   0.735922162182201E-02
   0.101496220218448E+02
   0.677213104113506E-02
   0.760115748320714E+01
   0.621762589952242E-02
   0.602743704056927E+01
   0.577897711876505E-02
   0.517365833073028E+01
   0.547326328760379E-02
   0.745085155303953E+01
   0.691102089474677E-02
   0.707790584661163E+01
   0.672176691623125E-02
   0.659212362166681E+01
   0.651929086296521E-02
   0.593285890987552E+01
   0.616619484685972E-02
   0.521200959328827E+01
   0.583419590201227E-02
   0.478822531937362E+01
   0.575817610357247E-02
   0.466046402107025E+01
   0.581904320934082E-02
   0.484211540700434E+01
   0.598119804155416E-02
   0.533616508611905E+01
   0.619445001774346E-02
   0.620685478913837E+01
   0.645299815917190E-02
   0.758960941629284E+01
   0.666145424558687E-02
   0.794787666244057E+01
   0.646819510716853E-02
   0.951789932237516E+01
   0.702659138843889E-02
   0.116603758227742E+02
   0.768424852224424E-02
   0.143830786589284E+02
   0.815442769049454E-02
   0.180943301128445E+02
   0.862479773097521E-02
   0.204101598038951E+02
   0.913021737546004E-02
   0.217902933028336E+02
   0.965955909718802E-02
   0.224921551291857E+02
   0.996421416653805E-02
   0.227178644801254E+02
   0.983423428195098E-02
   0.226844712850113E+02
   0.987117794558182E-02
   0.226365282742296E+02
   0.100151873198461E-01
   0.228388932849359E+02
   0.102260067552788E-01
   0.232609252628043E+02
   0.106258198954083E-01
   0.235502234572837E+02
   0.109219222203980E-01
   0.235608298065377E+02
   0.107834115971224E-01
   0.232869122763098E+02
   0.106380609498343E-01
   0.227815993432879E+02
   0.105269989410141E-01
   0.220821342704660E+02
   0.103299104160949E-01
   0.210493080546280E+02
   0.995646390183253E-02
   0.193567294683866E+02
   0.938322479598334E-02
   0.167016521716783E+02
   0.880798174824959E-02
   0.127881449352392E+02
   0.808035022300970E-02
   0.103400636481252E+02
   0.749745838227005E-02
   0.889347557757511E+01
   0.721342329670930E-02
   0.801546591292490E+01
   0.710847319179481E-02
   0.102381874347962E+02
   0.901583958517258E-02
   0.968266491856539E+01
   0.868980971444440E-02
   0.911566193807369E+01
   0.835172056454813E-02
   0.852427220648478E+01
   0.801284880785197E-02
   0.795226219395334E+01
   0.763105370121890E-02
   0.757552110572428E+01
   0.745534915175991E-02
   0.742792839861713E+01
   0.749331275764423E-02
   0.749131524321792E+01
   0.761120782078538E-02
   0.775303589569995E+01
   0.771988055088083E-02
   0.823181460919482E+01
   0.771750411092691E-02
   0.898181259727395E+01
   0.776173027259430E-02
   0.101008078825018E+02
   0.752208364472996E-02
   0.128979250541957E+02
   0.832158166575200E-02
   0.153425414868918E+02
   0.869753142161553E-02
   0.177398023350346E+02
   0.895585768918955E-02
   0.201024152778394E+02
   0.933399934458597E-02
   0.217716793397994E+02
   0.980554577489720E-02
   0.226727979519561E+02
   0.102632630662037E-01
   0.229270997112219E+02
   0.105229590423068E-01
   0.226775107051692E+02
   0.105746466039255E-01
   0.221289496587794E+02
   0.106967075609132E-01
   0.216066199767041E+02
   0.107749825559067E-01
   0.218539991947161E+02
   0.109616090105671E-01
   0.228434251178313E+02
   0.117880316505629E-01
   0.234566407827394E+02
   0.120452671768932E-01
   0.235976250541886E+02
   0.117836241666482E-01
   0.233519401729185E+02
   0.119062939048402E-01
   0.229116457625416E+02
   0.116287945104063E-01
   0.225612380311362E+02
   0.113893110118365E-01
   0.221550056038871E+02
   0.111186898038980E-01
   0.210241126529471E+02
   0.106880327276509E-01
   0.187847671899476E+02
   0.101758990184934E-01
   0.151423281504062E+02
   0.964507637990659E-02
   0.129532648510115E+02
   0.932855519342107E-02
   0.116839501797172E+02
   0.924957048788465E-02
   0.108626477920129E+02
   0.916856190613684E-02
   0.127572652868348E+02
   0.111882325763839E-01
   0.121598680712023E+02
   0.106937797378062E-01
   0.115787867620382E+02
   0.101715070452520E-01
   0.110355232404451E+02
   0.975939023332142E-02
   0.105475945070551E+02
   0.939419687921083E-02
   0.101879704330263E+02
   0.915478148259092E-02
   0.998538169925134E+01
   0.906763053638419E-02
   0.993282502055507E+01
   0.905428264195253E-02
   0.100232829483891E+02
   0.902389160818380E-02
   0.102848009712048E+02
   0.893277886214657E-02
   0.107919704653720E+02
   0.869946763057759E-02
   0.118461831796618E+02
   0.854192703791007E-02
   0.145337287884606E+02
   0.925608611592554E-02
   0.171081406794297E+02
   0.942312064192573E-02
   0.193573852464640E+02
   0.956023738663006E-02
   0.213493666481944E+02
   0.993395226406903E-02
   0.226891488937690E+02
   0.104856976502945E-01
   0.232127206294740E+02
   0.109943314791781E-01
   0.230806554828330E+02
   0.111772133388922E-01
   0.223701648391255E+02
   0.111255356470456E-01
   0.212401302831469E+02
   0.113752117908367E-01
   0.198828126453565E+02
   0.112220313002866E-01
   0.201863699200211E+02
   0.116468163639232E-01
   0.223139226511605E+02
   0.127444587914992E-01
   0.232182102831937E+02
   0.125026893216858E-01
   0.233973798551883E+02
   0.126272775442278E-01
   0.230246360559684E+02
   0.128075955446752E-01
   0.224263383356326E+02
   0.124681810699762E-01
   0.223949536667921E+02
   0.120347907655080E-01
   0.228450068000436E+02
   0.118985239874871E-01
   0.223144927490379E+02
   0.115340897544552E-01
   0.204841171527429E+02
   0.112089435550742E-01
   0.171202891348106E+02
   0.110777752291209E-01
   0.151972886850282E+02
   0.109965067481051E-01
   0.141095083621347E+02
   0.113069477187017E-01
   0.133781569995364E+02
   0.114447934718678E-01
   0.148983220125719E+02
   0.129989314485353E-01
   0.143008364912255E+02
   0.123004805322374E-01
   0.137437071982112E+02
   0.116611482642218E-01
   0.132536332257767E+02
   0.112165990226882E-01
   0.128313122239504E+02
   0.108943045042837E-01
   0.124969296130480E+02
   0.106447260529022E-01
   0.122634880927747E+02
   0.104622857543719E-01
   0.121323525992340E+02
   0.103264999519834E-01
   0.121092974400333E+02
   0.101920347838854E-01
   0.122317891776794E+02
   0.100913747901400E-01
   0.125669977736810E+02
   0.995913896424508E-02
   0.133260585605458E+02
   0.966267139284325E-02
   0.150888251402508E+02
   0.977854186538357E-02
   0.179723618944058E+02
   0.101328110273441E-01
   0.201362973701564E+02
   0.101902721354536E-01
   0.220818319407613E+02
   0.106461218756118E-01
   0.232800733195825E+02
   0.113299628003886E-01
   0.234589354661682E+02
   0.118765195249277E-01
   0.230040290020987E+02
   0.117984868968892E-01
   0.218691963705061E+02
   0.119157406567692E-01
   0.201935185058858E+02
   0.120477391913889E-01
   0.193549265376975E+02
   0.120482671362909E-01
   0.197459599669973E+02
   0.123169085836641E-01
   0.219832782553809E+02
   0.131240249587363E-01
   0.229008121142339E+02
   0.130502250848339E-01
   0.230311845027894E+02
   0.133965221128711E-01
   0.224021096507318E+02
   0.134014241608745E-01
   0.213166278549697E+02
   0.129474590570988E-01
   0.215626314954409E+02
   0.123921661606816E-01
   0.233170724081517E+02
   0.123438164391574E-01
   0.233623493652033E+02
   0.121675989508785E-01
   0.218960084781272E+02
   0.120602083864002E-01
   0.187817694573969E+02
   0.124909151631366E-01
   0.171085269608439E+02
   0.128101732864310E-01
   0.161798113629017E+02
   0.134439504350700E-01
   0.155104855596538E+02
   0.134672775570912E-01
   0.166673133323308E+02
   0.142496882975078E-01
   0.160981971229273E+02
   0.134451500991162E-01
   0.155913361311511E+02
   0.128176820184827E-01
   0.151623934587041E+02
   0.124256858848442E-01
   0.147983519706302E+02
   0.121628367667608E-01
   0.144952800602208E+02
   0.119348411647443E-01
   0.142540399637311E+02
   0.117085576350314E-01
   0.140790213389753E+02
   0.114975676035902E-01
   0.139855814921326E+02
   0.113304892256624E-01
   0.140137222119771E+02
   0.112800168102318E-01
   0.142122617002904E+02
   0.112515227684481E-01
   0.147113703828847E+02
   0.109073690497120E-01
   0.158915462665028E+02
   0.104112779532468E-01
   0.183505519701692E+02
   0.105047677225816E-01
   0.203229496396253E+02
   0.108191951895775E-01
   0.224410244744588E+02
   0.112213767143889E-01
   0.236354305021234E+02
   0.123408676168769E-01
   0.234114280010918E+02
   0.129804810337893E-01
   0.227140188187691E+02
   0.127360847574362E-01
   0.211781702056518E+02
   0.128309408885481E-01
   0.200843730749692E+02
   0.131608410303809E-01
   0.195724117217600E+02
   0.133178764158913E-01
   0.198832067286046E+02
   0.130977158726400E-01
   0.216699676710828E+02
   0.134611468030366E-01
   0.224399145651867E+02
   0.136350703627653E-01
   0.225206306640584E+02
   0.137628384013278E-01
   0.215758384825935E+02
   0.138169524392402E-01
   0.210514144401066E+02
   0.134294016628996E-01
   0.215595967075288E+02
   0.129087254014001E-01
   0.237924206421581E+02
   0.123819108965707E-01
   0.242232297031606E+02
   0.125248985040440E-01
   0.230600531031424E+02
   0.127938821287517E-01
   0.201786522493839E+02
   0.138751994540589E-01
   0.187294311107296E+02
   0.148020080133221E-01
   0.178993999178332E+02
   0.153023958774280E-01
   0.172643539807899E+02
   0.149627317065792E-01
   0.181168132192522E+02
   0.151485876306813E-01
   0.176018948606420E+02
   0.144877398823118E-01
   0.171585339388124E+02
   0.140376602446615E-01
   0.167894281564662E+02
   0.137818381614122E-01
   0.164745824430700E+02
   0.135548139598390E-01
   0.162032668777930E+02
   0.133219894747115E-01
   0.159687081901358E+02
   0.130526158272033E-01
   0.157738955110182E+02
   0.127806777244258E-01
   0.156361285916582E+02
   0.125643951994859E-01
   0.155921504523789E+02
   0.125118482693056E-01
   0.156779117053008E+02
   0.125195221247410E-01
   0.159683869624878E+02
   0.120988407282275E-01
   0.167100471815723E+02
   0.113695177602256E-01
   0.182725178563024E+02
   0.109506411657631E-01
   0.199509633471098E+02
   0.115969179498992E-01
   0.225219178991595E+02
   0.119079717951859E-01
   0.238491048437177E+02
   0.134046069265516E-01
   0.230376091246520E+02
   0.144292313971671E-01
   0.222302792304119E+02
   0.140354375647128E-01
   0.212362584881424E+02
   0.138905221100042E-01
   0.204866984089665E+02
   0.147451476146059E-01
   0.201231522849174E+02
   0.147834918061611E-01
   0.202854126791395E+02
   0.141401063313485E-01
   0.211901625464501E+02
   0.137726649965686E-01
   0.217636472008538E+02
   0.139116316602926E-01
   0.218916031344047E+02
   0.142935985778312E-01
   0.214993553919675E+02
   0.144958904284215E-01
   0.213111962952200E+02
   0.144754150786448E-01
   0.218976080785888E+02
   0.136873336942864E-01
   0.242043049455980E+02
   0.123119630476181E-01
   0.249007861518278E+02
   0.128613998676928E-01
   0.239965453139028E+02
   0.135268021065282E-01
   0.213612210708151E+02
   0.154820715784086E-01
   0.200654172908040E+02
   0.164428477551778E-01
   0.192756208544777E+02
   0.162732613284460E-01
   0.186748708121265E+02
   0.158320799987049E-01
   0.193056250127210E+02
   0.162801566747781E-01
   0.188554740370915E+02
   0.159055673539582E-01
   0.184702446474384E+02
   0.156136817201958E-01
   0.181505950939310E+02
   0.154385081658226E-01
   0.178790128706127E+02
   0.152671647083008E-01
   0.176413618904752E+02
   0.150928327774377E-01
   0.174247038258861E+02
   0.148852370561796E-01
   0.172260427165751E+02
   0.146645037731819E-01
   0.170579517164343E+02
   0.144568554151524E-01
   0.169467930531074E+02
   0.142432703609328E-01
   0.169284168523561E+02
   0.139551641621126E-01
   0.170675306833318E+02
   0.132908303282081E-01
   0.175359754441419E+02
   0.125327221973486E-01
   0.186518274568184E+02
   0.119583737431109E-01
   0.199768552893296E+02
   0.119510381968376E-01
   0.224076385080246E+02
   0.120061617919388E-01
   0.240447126252351E+02
   0.140437421837278E-01
   0.232287613636410E+02
   0.158795192422841E-01
   0.223952602425745E+02
   0.153413426727881E-01
   0.217294657159840E+02
   0.148692993174224E-01
   0.210708251311094E+02
   0.158958936687319E-01
   0.207592523475158E+02
   0.158060511032825E-01
   0.208317594986826E+02
   0.151551621486791E-01
   0.213340069450710E+02
   0.148978500076390E-01
   0.218128775723045E+02
   0.148393038093521E-01
   0.219818469291678E+02
   0.152969746289083E-01
   0.218419723697091E+02
   0.155146981765140E-01
   0.217955687670020E+02
   0.155030001448152E-01
   0.223209674087647E+02
   0.144144511880240E-01
   0.244696870139693E+02
   0.125161150060813E-01
   0.253921138798878E+02
   0.134046498081223E-01
   0.247164132026466E+02
   0.143631865007116E-01
   0.223173073051444E+02
   0.170127715338448E-01
   0.211146143835412E+02
   0.173618732340717E-01
   0.203563705478180E+02
   0.168480391577183E-01
   0.198046018411090E+02
   0.166561761400562E-01
   0.202782199046083E+02
   0.175055914329028E-01
   0.198865031924993E+02
   0.172641914099762E-01
   0.195495439040140E+02
   0.170475576965163E-01
   0.192704607512443E+02
   0.169050607493504E-01
   0.190366570422438E+02
   0.168015462706785E-01
   0.188307368687932E+02
   0.167091933388147E-01
   0.186335959118538E+02
   0.165848139062063E-01
   0.184331222187541E+02
   0.164038670115640E-01
   0.182370704579004E+02
   0.161937332883067E-01
   0.180680036351590E+02
   0.158928011651579E-01
   0.179652543529854E+02
   0.154698324859421E-01
   0.179948153992634E+02
   0.147768375326111E-01
   0.183005473822607E+02
   0.136367510850566E-01
   0.192433155188844E+02
   0.130799354373991E-01
   0.201905035799094E+02
   0.129709753543127E-01
   0.220191770107954E+02
   0.124462971773562E-01
   0.242314781461934E+02
   0.144723749879124E-01
   0.237067044233786E+02
   0.168476532177188E-01
   0.228243996218929E+02
   0.170607215338661E-01
   0.224662218191562E+02
   0.156641670237616E-01
   0.216582705997289E+02
   0.170095086579380E-01
   0.213642966240299E+02
   0.168013217389483E-01
   0.213763593944554E+02
   0.164268840042057E-01
   0.216963872231048E+02
   0.160988327043099E-01
   0.221799863914256E+02
   0.160714889855242E-01
   0.223745468581802E+02
   0.165971098847423E-01
   0.223560083361761E+02
   0.166981153464786E-01
   0.223360024335361E+02
   0.165011904512620E-01
   0.227116893119468E+02
   0.152963378954479E-01
   0.245124295189056E+02
   0.133847559041971E-01
   0.257014508592239E+02
   0.142491882788167E-01
   0.252318631455702E+02
   0.153342350143536E-01
   0.230704457548378E+02
   0.184223875896465E-01
   0.219441150317197E+02
   0.184918124849130E-01
   0.212214691641379E+02
   0.178077291376183E-01
   0.207162989377806E+02
   0.177121720718396E-01
   0.210738184273383E+02
   0.187135811188504E-01
   0.207259650569263E+02
   0.185028200149851E-01
   0.204261858888540E+02
   0.183235806422846E-01
   0.201792634015638E+02
   0.182130834896809E-01
   0.199768827515903E+02
   0.181955649696344E-01
   0.197980054787033E+02
   0.181913902321925E-01
   0.196181101243621E+02
   0.181512235768819E-01
   0.194155004426346E+02
   0.179942438958790E-01
   0.191931128814053E+02
   0.177313164831998E-01
   0.189746410170982E+02
   0.173038569837507E-01
   0.188058591477336E+02
   0.167270213370759E-01
   0.187575290206196E+02
   0.159374374738323E-01
   0.189758672818778E+02
   0.148474329628113E-01
   0.199653518392502E+02
   0.141882994926450E-01
   0.205217538714383E+02
   0.148274210339715E-01
   0.219840685433473E+02
   0.134209454165137E-01
   0.244347008833621E+02
   0.147007821787023E-01
   0.244551897195469E+02
   0.169706492210946E-01
   0.232976262701001E+02
   0.185684496067295E-01
   0.227094508015939E+02
   0.173648577974699E-01
   0.221603332688727E+02
   0.181719611177889E-01
   0.219251745663015E+02
   0.180192885163274E-01
   0.219114687677817E+02
   0.175990882051589E-01
   0.221554017959520E+02
   0.170334657474379E-01
   0.227498891247407E+02
   0.167065424092094E-01
   0.229310731721929E+02
   0.178217174486278E-01
   0.229709600188513E+02
   0.177592115807601E-01
   0.229216352095322E+02
   0.175787451586170E-01
   0.231086379727730E+02
   0.165083096327039E-01
   0.242623434595728E+02
   0.153773234184462E-01
   0.258596571409125E+02
   0.154414561206523E-01
   0.255672717329877E+02
   0.165287708484868E-01
   0.236442673304260E+02
   0.198285101853316E-01
   0.226000087594150E+02
   0.196428350382827E-01
   0.219248349630425E+02
   0.189369098360962E-01
   0.214636142699781E+02
   0.188744877497865E-01
   0.217031192539469E+02
   0.197703783277822E-01
   0.213864332070549E+02
   0.195565721109600E-01
   0.211140996014185E+02
   0.194030621294067E-01
   0.208910384260763E+02
   0.193414542501882E-01
   0.207108118866951E+02
   0.193993870808428E-01
   0.205506950830579E+02
   0.194727567285020E-01
   0.203820759162365E+02
   0.195010571419038E-01
   0.201751408926665E+02
   0.193488425901365E-01
   0.199294759952093E+02
   0.189977676637132E-01
   0.196749167059300E+02
   0.184319283887209E-01
   0.194644191633367E+02
   0.177036032495055E-01
   0.193739809400504E+02
   0.168963688816359E-01
   0.195296717857841E+02
   0.162118287994569E-01
   0.201941729703332E+02
   0.158050760791029E-01
   0.208437040090621E+02
   0.165434542152639E-01
   0.221278972409777E+02
   0.150143718958439E-01
   0.245980917914036E+02
   0.153977315121861E-01
   0.248888406622132E+02
   0.169464066718018E-01
   0.237310197698852E+02
   0.191614240513901E-01
   0.230392692860795E+02
   0.187107392125441E-01
   0.225992707722511E+02
   0.188818138209063E-01
   0.224279303796874E+02
   0.191177225386490E-01
   0.224175124850672E+02
   0.187084731292205E-01
   0.226379259447027E+02
   0.179747485325074E-01
   0.235056735958770E+02
   0.166858396116177E-01
   0.235696198326678E+02
   0.181153300633506E-01
   0.236656046398875E+02
   0.182555931339139E-01
   0.235484730449119E+02
   0.187550823565840E-01
   0.235456063666396E+02
   0.179950612356450E-01
   0.242878132950619E+02
   0.169812894964718E-01
   0.259134096145367E+02
   0.164304327843104E-01
   0.257366647997784E+02
   0.177539354265096E-01
   0.240472736898251E+02
   0.210975123453272E-01
   0.230989686875983E+02
   0.206693872628437E-01
   0.224799455527055E+02
   0.199978170086329E-01
   0.220570693420920E+02
   0.199269021009629E-01
   0.221743930646128E+02
   0.207174333575209E-01
   0.218793743351074E+02
   0.205005796761262E-01
   0.216253655009026E+02
   0.203571033364264E-01
   0.214160121824268E+02
   0.203138536327411E-01
   0.212456588293645E+02
   0.203678773138926E-01
   0.210932631133633E+02
   0.204537911146004E-01
   0.209285340466707E+02
   0.204973348499720E-01
   0.207161568968003E+02
   0.203202627829278E-01
   0.204541846035432E+02
   0.198896786322451E-01
   0.201814500812805E+02
   0.192566946098870E-01
   0.199572087998417E+02
   0.185276478523018E-01
   0.198570547640374E+02
   0.179429281596548E-01
   0.199746393864170E+02
   0.175968869296382E-01
   0.204539540699721E+02
   0.168782963980560E-01
   0.211211038090954E+02
   0.174098831060239E-01
   0.223336398319697E+02
   0.169581076299895E-01
   0.247012970961506E+02
   0.168883092159617E-01
   0.251278088582799E+02
   0.172926660312123E-01
   0.241404699755805E+02
   0.188974830970808E-01
   0.233667785454541E+02
   0.199644839650187E-01
   0.229824484748924E+02
   0.198964215957118E-01
   0.228607175328352E+02
   0.201813626589624E-01
   0.228673756232142E+02
   0.198383069585715E-01
   0.230709412884433E+02
   0.191417532285739E-01
   0.239043597295523E+02
   0.174051057611007E-01
   0.242714219378057E+02
   0.183042361362425E-01
   0.244671273420928E+02
   0.181111273049361E-01
   0.242025335680783E+02
   0.194977562520596E-01
   0.239926459156056E+02
   0.196010786180189E-01
   0.244370341695474E+02
   0.184681913694624E-01
   0.258715255310819E+02
   0.171364511584207E-01
   0.257445309424953E+02
   0.187387287867743E-01
   0.242842740042706E+02
   0.216627191870555E-01
   0.234514865551076E+02
   0.214101195378549E-01
   0.228950187869821E+02
   0.209861096900248E-01
   0.225029761091022E+02
   0.208840555821064E-01
   0.224934095835015E+02
   0.215426771550176E-01
   0.222125542798907E+02
   0.213337891896553E-01
   0.219685800583293E+02
   0.211854957570460E-01
   0.217630203388435E+02
   0.210882198336784E-01
   0.215916155575565E+02
   0.210390852281798E-01
   0.214372665435002E+02
   0.210585957479448E-01
   0.212708567258453E+02
   0.210920440951457E-01
   0.210540292759258E+02
   0.209237379101269E-01
   0.207850729930806E+02
   0.204852967946691E-01
   0.205122864574574E+02
   0.199333225035225E-01
   0.202973915762144E+02
   0.194001313514287E-01
   0.202070298970899E+02
   0.190366751472852E-01
   0.203010596220826E+02
   0.186347276468591E-01
   0.206799714860780E+02
   0.179185106324411E-01
   0.213433233049965E+02
   0.183361071607554E-01
   0.225163155929182E+02
   0.188917855119528E-01
   0.247226490781822E+02
   0.179068407375453E-01
   0.252149874559338E+02
   0.173841196948360E-01
   0.246083981433758E+02
   0.180850168315359E-01
   0.236294714974961E+02
   0.205319178006139E-01
   0.232925017052949E+02
   0.209714265844903E-01
   0.232094387817966E+02
   0.211227070240330E-01
   0.232393459253774E+02
   0.208558736656288E-01
   0.234260253788210E+02
   0.205818551573306E-01
   0.239656125445875E+02
   0.188716971212952E-01
   0.245568811693942E+02
   0.188940619586095E-01
   0.248980305251366E+02
   0.185439181017334E-01
   0.248945024458145E+02
   0.194171959466717E-01
   0.244107187959797E+02
   0.212137656072890E-01
   0.246119246902181E+02
   0.201107315470648E-01
   0.257365325517213E+02
   0.180523649089982E-01
   0.255689305413918E+02
   0.198603062914771E-01
   0.243831204287313E+02
   0.221855151454675E-01
   0.236739767534488E+02
   0.221525678546466E-01
   0.231754149882348E+02
   0.219030264558733E-01
   0.228055206654019E+02
   0.217325984274847E-01
   0.226649089715118E+02
   0.221240126917196E-01
   0.223924370734985E+02
   0.219440366573509E-01
   0.221526999894053E+02
   0.217947242333281E-01
   0.219459375590872E+02
   0.216246824762011E-01
   0.217684158156362E+02
   0.214654612262314E-01
   0.216077395975737E+02
   0.214484567191313E-01
   0.214351836058666E+02
   0.214951557750729E-01
   0.212127346546044E+02
   0.213293212792785E-01
   0.209435648576611E+02
   0.209010347453718E-01
   0.206815491848016E+02
   0.204479497344917E-01
   0.204871591177166E+02
   0.201022288791669E-01
   0.204156756918637E+02
   0.198241975257216E-01
   0.205023539130619E+02
   0.192404328077889E-01
   0.208324375284055E+02
   0.185776220239023E-01
   0.214914976736585E+02
   0.191646861609995E-01
   0.226176319081743E+02
   0.201067751158293E-01
   0.246354792413080E+02
   0.179982509760487E-01
   0.251656427970385E+02
   0.173484178033841E-01
   0.247812013363971E+02
   0.177216330351568E-01
   0.237907354854746E+02
   0.207398855910225E-01
   0.235092102509879E+02
   0.216678159935371E-01
   0.234638962228598E+02
   0.218578088178555E-01
   0.235223783863130E+02
   0.216886965938998E-01
   0.236874583110238E+02
   0.215504773807093E-01
   0.240465591643440E+02
   0.197836427546150E-01
   0.245047480252489E+02
   0.196225125590047E-01
   0.250253731026023E+02
   0.191681475519890E-01
   0.252470036871366E+02
   0.195489304593444E-01
   0.247522746783764E+02
   0.224322403041301E-01
   0.247519862617255E+02
   0.218456161643904E-01
   0.254944269484969E+02
   0.193590745552273E-01
   0.251698042168283E+02
   0.214702699980209E-01
   0.243694572369255E+02
   0.227014231016221E-01
   0.237748023083593E+02
   0.227741550616655E-01
   0.233213519803668E+02
   0.225566520426333E-01
   0.229672877932108E+02
   0.223229928641287E-01
   0.226995853692129E+02
   0.220598777295260E-01
   0.224308942020610E+02
   0.218839366936959E-01
   0.221914195364318E+02
   0.217175216013580E-01
   0.219815780121430E+02
   0.215324372661361E-01
   0.217967424352320E+02
   0.213828604256611E-01
   0.216248414262647E+02
   0.213484118647966E-01
   0.214400840515179E+02
   0.213451559656808E-01
   0.212110691856823E+02
   0.211560258017565E-01
   0.209469612416871E+02
   0.207838602528387E-01
   0.207010693877993E+02
   0.204252526430491E-01
   0.205289090927369E+02
   0.201564989673429E-01
   0.204813615953522E+02
   0.199255749688433E-01
   0.205821131649293E+02
   0.193674351631744E-01
   0.208920683107659E+02
   0.187288727086872E-01
   0.215468565251510E+02
   0.195298239712069E-01
   0.226055489079077E+02
   0.203772870958808E-01
   0.244461031128766E+02
   0.176193054725120E-01
   0.250011932134284E+02
   0.172294738497735E-01
   0.247648980247598E+02
   0.175754383353310E-01
   0.238478868373111E+02
   0.207359442041936E-01
   0.236272195239640E+02
   0.221280060791725E-01
   0.236218992860960E+02
   0.225582737567525E-01
   0.237084006775496E+02
   0.223519003019281E-01
   0.238538453493103E+02
   0.220325189557392E-01
   0.241084707263127E+02
   0.206512999703841E-01
   0.244670242158774E+02
   0.202588990146623E-01
   0.248828835191483E+02
   0.203218990562318E-01
   0.253600898866817E+02
   0.199649494194942E-01
   0.250112173202653E+02
   0.226488441989977E-01
   0.248081626781529E+02
   0.229296807420539E-01
   0.250935692568930E+02
   0.210123076911778E-01
   0.248557570885906E+02
   0.222876363802141E-01
   0.242681497693723E+02
   0.228604070076836E-01
   0.237595090554796E+02
   0.228943100837275E-01
   0.233392394082503E+02
   0.225460171160073E-01
   0.229967638878610E+02
   0.222601823642013E-01
   0.226262994172253E+02
   0.210328225047533E-01
   0.223566251385559E+02
   0.207598490693124E-01
   0.221106011697315E+02
   0.204795516228568E-01
   0.218898743015278E+02
   0.202166169197827E-01
   0.216920955004165E+02
   0.200532149443423E-01
   0.215061741132514E+02
   0.200183323374111E-01
   0.213096784373928E+02
   0.200333722353466E-01
   0.210783000258040E+02
   0.199278768221943E-01
   0.208256353927863E+02
   0.197378578173250E-01
   0.206017491035173E+02
   0.195997366176896E-01
   0.204544794529326E+02
   0.194965937570957E-01
   0.204292471329358E+02
   0.193987257892392E-01
   0.205532564364327E+02
   0.191279806570661E-01
   0.208542338233554E+02
   0.185142314164959E-01
   0.215042685645976E+02
   0.195977821434293E-01
   0.224731959701905E+02
   0.201222051669006E-01
   0.241639914662807E+02
   0.174045299438421E-01
   0.247315685227604E+02
   0.172193226998062E-01
   0.246035894484557E+02
   0.174459780109005E-01
   0.238066796990080E+02
   0.212660843602325E-01
   0.236329729513286E+02
   0.224086696850693E-01
   0.236606706096953E+02
   0.228985160928199E-01
   0.237872310860131E+02
   0.228375502804595E-01
   0.239217265365678E+02
   0.223310242717193E-01
   0.241210265800063E+02
   0.213806624897793E-01
   0.244223934173888E+02
   0.213789434934081E-01
   0.247560021379128E+02
   0.213352672335518E-01
   0.252691249909359E+02
   0.206427603859924E-01
   0.252308513361212E+02
   0.216641934654755E-01
   0.247587652182270E+02
   0.230228292721950E-01
   0.247843854547457E+02
   0.217373660286949E-01
   0.245588515637669E+02
   0.222934533799933E-01
   0.240889693753241E+02
   0.223768309926696E-01
   0.236435391327590E+02
   0.221409120528331E-01
   0.232536349640939E+02
   0.216770765397507E-01
   0.229211002890598E+02
   0.213160239727285E-01
   0.224701414818293E+02
   0.196623538587985E-01
   0.221974750517016E+02
   0.193322308175168E-01
   0.219456718383670E+02
   0.190267996157648E-01
   0.217172142698288E+02
   0.187865866060806E-01
   0.215088446650196E+02
   0.186297582725145E-01
   0.213089174809510E+02
   0.185396367569646E-01
   0.210993827179406E+02
   0.184763861749757E-01
   0.208656729897941E+02
   0.183734979411436E-01
   0.206260960436049E+02
   0.183021933591409E-01
   0.204229532312680E+02
   0.183130453464386E-01
   0.202967509969346E+02
   0.183873041176079E-01
   0.202897432336291E+02
   0.185501043163100E-01
   0.204309278980884E+02
   0.186932614448387E-01
   0.207245593214099E+02
   0.182342218511072E-01
   0.213617703628453E+02
   0.196876901210594E-01
   0.222253458856623E+02
   0.197697682984324E-01
   0.237753988533971E+02
   0.173934034877600E-01
   0.243428266141380E+02
   0.173265556568776E-01
   0.243042565974168E+02
   0.173599107909593E-01
   0.236446661655744E+02
   0.214856733148514E-01
   0.235065270943955E+02
   0.221070388978504E-01
   0.235571062378646E+02
   0.224000154850586E-01
   0.237431220554681E+02
   0.227370643587512E-01
   0.238816085767748E+02
   0.224557080015537E-01
   0.240542948829598E+02
   0.218565482167725E-01
   0.243170603029416E+02
   0.221578537957105E-01
   0.245842558371955E+02
   0.221226918638807E-01
   0.249286133462107E+02
   0.219021884386545E-01
   0.251413714755731E+02
   0.212973641972504E-01
   0.245916298291504E+02
   0.225733577839777E-01
   0.244833906263849E+02
   0.218909338338449E-01
   0.242470002531073E+02
   0.218111164554721E-01
   0.238434296137548E+02
   0.213420597853006E-01
   0.234496081159106E+02
   0.209174614996749E-01
   0.230875589012750E+02
   0.204195603441527E-01
   0.227642313255431E+02
   0.200135478584011E-01
   0.222773893360747E+02
   0.189147789544462E-01
   0.220046368405040E+02
   0.185650420710563E-01
   0.217505666270123E+02
   0.182554209136506E-01
   0.215176305794821E+02
   0.180304997578727E-01
   0.213009810552316E+02
   0.178702368386211E-01
   0.210883323141900E+02
   0.177497892192935E-01
   0.208653714410682E+02
   0.176388115504155E-01
   0.206253093938303E+02
   0.175021571438826E-01
   0.203893899815761E+02
   0.174092023932428E-01
   0.201945378190554E+02
   0.174037218397423E-01
   0.200763194772969E+02
   0.175120660132287E-01
   0.200747230586817E+02
   0.178014040406849E-01
   0.202237268178402E+02
   0.183246665081468E-01
   0.205301367510162E+02
   0.187544794990410E-01
   0.211115572328079E+02
   0.198546887152378E-01
   0.218632491753193E+02
   0.191257740759612E-01
   0.232619744817935E+02
   0.173808980046420E-01
   0.238170806515913E+02
   0.174126606083458E-01
   0.238663605895210E+02
   0.175134189939920E-01
   0.233582837416785E+02
   0.219292545878550E-01
   0.232508256890297E+02
   0.218680206890787E-01
   0.233155126860228E+02
   0.214337767600080E-01
   0.235805023537380E+02
   0.221468783584602E-01
   0.237277159304585E+02
   0.224672520905685E-01
   0.238876866290368E+02
   0.220151495893488E-01
   0.241211245388262E+02
   0.225382144073404E-01
   0.243392203447628E+02
   0.228426130823576E-01
   0.245806062268183E+02
   0.231721671786732E-01
   0.248055768405811E+02
   0.214964673446359E-01
   0.243097214630801E+02
   0.222759575137472E-01
   0.241536428176211E+02
   0.218566585144300E-01
   0.239104725252703E+02
   0.213028108212724E-01
   0.235566785661189E+02
   0.206064461319942E-01
   0.232115161475331E+02
   0.201606568065991E-01
   0.228793034336566E+02
   0.197003216373078E-01
   0.225680688136466E+02
   0.192876865890101E-01
   0.220748359331892E+02
   0.194005333875976E-01
   0.218085058251158E+02
   0.189899719709987E-01
   0.215581162497912E+02
   0.186291407730456E-01
   0.213245436066697E+02
   0.183485497540742E-01
   0.211026129612478E+02
   0.181425282322581E-01
   0.208799048102583E+02
   0.179890572232357E-01
   0.206449712725425E+02
   0.178732042298933E-01
   0.203960909398852E+02
   0.177562116213931E-01
   0.201554291303516E+02
   0.176881176521200E-01
   0.199563927361833E+02
   0.177081596483834E-01
   0.198302242993097E+02
   0.178282936165102E-01
   0.198139803919979E+02
   0.181157587965866E-01
   0.199452998528327E+02
   0.186962471543640E-01
   0.202371464580934E+02
   0.194381964091654E-01
   0.207508851073995E+02
   0.201789208411561E-01
   0.213985597444656E+02
   0.188087483985525E-01
   0.226088413559291E+02
   0.173208570194971E-01
   0.231382873682144E+02
   0.172869059758650E-01
   0.232797647430582E+02
   0.180554240705969E-01
   0.229248572722428E+02
   0.221479560243068E-01
   0.228640544757721E+02
   0.217640054681851E-01
   0.229610457883309E+02
   0.209070938433804E-01
   0.233164952848707E+02
   0.211038003713529E-01
   0.234709382442736E+02
   0.228272747077568E-01
   0.236358505459323E+02
   0.227749599755819E-01
   0.238346933943204E+02
   0.232013547277438E-01
   0.239988223859013E+02
   0.234074033702565E-01
   0.241426872156237E+02
   0.235200432601327E-01
   0.242192006561369E+02
   0.226812954306356E-01
   0.239352379785705E+02
   0.229855569365460E-01
   0.237796799190592E+02
   0.226443140572918E-01
   0.235491114465483E+02
   0.219467158806538E-01
   0.232467015359640E+02
   0.212547884846745E-01
   0.229510284823328E+02
   0.208086119219681E-01
   0.226511098641277E+02
   0.203275092154484E-01
   0.223564838549530E+02
   0.198435735397877E-01
   0.218595504137101E+02
   0.211420225249472E-01
   0.216093532562422E+02
   0.206811344512275E-01
   0.213708812771528E+02
   0.202318277443034E-01
   0.211433589356325E+02
   0.198341412833993E-01
   0.209218573636349E+02
   0.195250570452489E-01
   0.206936077381079E+02
   0.192932552765332E-01
   0.204486184434957E+02
   0.191315721929920E-01
   0.201884788584775E+02
   0.189782296988184E-01
   0.199353879077358E+02
   0.188492204006380E-01
   0.197200992544307E+02
   0.187784396791390E-01
   0.195697060034564E+02
   0.187318284483329E-01
   0.195167024687550E+02
   0.187397901081393E-01
   0.195969513269875E+02
   0.189179250400854E-01
   0.198240612468637E+02
   0.192803620231204E-01
   0.202759953853556E+02
   0.203981933464358E-01
   0.208519906650051E+02
   0.197602628426436E-01
   0.218010813498684E+02
   0.170875597250297E-01
   0.222972076101584E+02
   0.175789486046834E-01
   0.225182942005872E+02
   0.190744525249775E-01
   0.223350407170281E+02
   0.221441036414465E-01
   0.223387647482256E+02
   0.213967856121299E-01
   0.224872145555161E+02
   0.202742585609502E-01
   0.229921060267423E+02
   0.197522230735690E-01
   0.230825582687721E+02
   0.227775210968572E-01
   0.232578622128285E+02
   0.233179572204344E-01
   0.234214839966668E+02
   0.235005942972699E-01
   0.235354979044666E+02
   0.235152740598480E-01
   0.235990446483360E+02
   0.232583328034597E-01
   0.236084109747279E+02
   0.230654886472759E-01
   0.234451112056391E+02
   0.236056575964728E-01
   0.233215195191703E+02
   0.236968026401969E-01
   0.231286383556231E+02
   0.232872560916415E-01
   0.228884816412936E+02
   0.228801822764009E-01
   0.226473190888899E+02
   0.225386050876954E-01
   0.223876054628259E+02
   0.221034903998050E-01
   0.221213959418379E+02
   0.216234375992444E-01
   0.215388844055012E+02
   0.229638980780389E-01
   0.213166128038870E+02
   0.226575493627581E-01
   0.211020172903410E+02
   0.222530947949385E-01
   0.208918195464222E+02
   0.217742279473839E-01
   0.206802215226984E+02
   0.213201215800422E-01
   0.204531313121919E+02
   0.208979250598037E-01
   0.202006208402109E+02
   0.205087856451622E-01
   0.199281948864091E+02
   0.201362763192667E-01
   0.196591603162358E+02
   0.198010211641112E-01
   0.194230492693817E+02
   0.195365072684950E-01
   0.192448211610455E+02
   0.192936320970552E-01
   0.191512485991754E+02
   0.190560379884944E-01
   0.191666199689846E+02
   0.188175815070933E-01
   0.193033805646018E+02
   0.185871496995353E-01
   0.196639777923235E+02
   0.192403799642194E-01
   0.201976357330720E+02
   0.204739086885926E-01
   0.208260769872300E+02
   0.177593026869985E-01
   0.212677613019032E+02
   0.182494338659998E-01
   0.215317069489298E+02
   0.197272012316925E-01
   0.215865015778953E+02
   0.216511886659554E-01
   0.216785562052680E+02
   0.208682925300505E-01
   0.219047166852099E+02
   0.190360062397932E-01
   0.224429796500127E+02
   0.197864775826457E-01
   0.225552845533321E+02
   0.224782225081407E-01
   0.227361963305684E+02
   0.234272513253066E-01
   0.228682742895526E+02
   0.232644869454459E-01
   0.229452255094410E+02
   0.231813196392706E-01
   0.229511158199488E+02
   0.228349331221112E-01
   0.229160356004631E+02
   0.227317694460011E-01
   0.228120047178018E+02
   0.232981322142771E-01
   0.227219548163405E+02
   0.237241234683105E-01
   0.225764911895825E+02
   0.237489194108067E-01
   0.223973907693122E+02
   0.237643828203059E-01
   0.222122119940877E+02
   0.237571273134316E-01
   0.219981824221894E+02
   0.235382743342737E-01
   0.217698738159214E+02
   0.232662396384402E-01
   0.210128512120838E+02
   0.229899429709070E-01
   0.208226685739605E+02
   0.229350574975404E-01
   0.206414945870674E+02
   0.228130886644859E-01
   0.204630145791941E+02
   0.225320862551454E-01
   0.202773249746688E+02
   0.221501310905029E-01
   0.200664845992567E+02
   0.216547512825228E-01
   0.198177145927678E+02
   0.210417909901618E-01
   0.195398170493471E+02
   0.204343193613944E-01
   0.192581584327517E+02
   0.199216168799408E-01
   0.190023880321761E+02
   0.195275540486815E-01
   0.187980744169467E+02
   0.192116668730076E-01
   0.186689862163757E+02
   0.189512534784348E-01
   0.186326959262473E+02
   0.186612262871005E-01
   0.187036671185592E+02
   0.182289359093718E-01
   0.189579053051082E+02
   0.178716331288917E-01
   0.194073175275549E+02
   0.186350679004631E-01
   0.199187245736252E+02
   0.185616146380776E-01
   0.202856741662154E+02
   0.187077988535665E-01
   0.205146600820913E+02
   0.188802797938934E-01
   0.206818107906673E+02
   0.203693982805167E-01
   0.208781810113319E+02
   0.203744353303486E-01
   0.212424090815410E+02
   0.172744813397399E-01
   0.216575526951996E+02
   0.205046527117636E-01
   0.218861521010845E+02
   0.223249030091267E-01
   0.220650067537467E+02
   0.227284641891542E-01
   0.221769303615370E+02
   0.225933739483021E-01
   0.222247994946047E+02
   0.224744730413533E-01
   0.221940713005265E+02
   0.220915151591617E-01
   0.221221423685217E+02
   0.218197445112712E-01
   0.220316016173103E+02
   0.220839439362749E-01
   0.219587769978842E+02
   0.225177836310361E-01
   0.218503970897765E+02
   0.227470713949249E-01
   0.217197075209071E+02
   0.230027721649667E-01
   0.215781842919332E+02
   0.232314014659449E-01
   0.214035950086850E+02
   0.231914529517390E-01
   0.212115574214875E+02
   0.230972188253007E-01
   0.202661473277145E+02
   0.215894130214662E-01
   0.200992666154935E+02
   0.215988002111300E-01
   0.199452846761110E+02
   0.216724905808916E-01
   0.197997136219519E+02
   0.217259885046073E-01
   0.196483408665120E+02
   0.216629810160863E-01
   0.194686633961455E+02
   0.214013664560388E-01
   0.192429534367529E+02
   0.208789598890448E-01
   0.189765803725048E+02
   0.202310234944025E-01
   0.186939535301038E+02
   0.196151649358569E-01
   0.184255412988366E+02
   0.191089756022068E-01
   0.182002392128598E+02
   0.187258651775496E-01
   0.180419153488935E+02
   0.184443866048811E-01
   0.179686639050480E+02
   0.181998211546990E-01
   0.180008245034308E+02
   0.179313641904212E-01
   0.181984712545569E+02
   0.177919340149613E-01
   0.185788138068556E+02
   0.183736331682866E-01
   0.189815743082691E+02
   0.183652432166053E-01
   0.192567199902733E+02
   0.182496793731663E-01
   0.194300457289406E+02
   0.182400361219459E-01
   0.196338256631214E+02
   0.190065603508282E-01
   0.199170972440851E+02
   0.194315602228049E-01
   0.203614842229708E+02
   0.166432048118333E-01
   0.207863646685063E+02
   0.199801247726939E-01
   0.210712725120223E+02
   0.211095176149093E-01
   0.212460029321927E+02
   0.214193643560736E-01
   0.213456047828712E+02
   0.215483574936192E-01
   0.213728197902819E+02
   0.214941266060304E-01
   0.213200318541172E+02
   0.211422871746424E-01
   0.212257274467106E+02
   0.207887419611589E-01
   0.211344777003296E+02
   0.208394397088915E-01
   0.210628545508027E+02
   0.211054297504206E-01
   0.209706644117592E+02
   0.212793697507699E-01
   0.208669440451253E+02
   0.215034329291965E-01
   0.207521069313365E+02
   0.217155505555429E-01
   0.206051632376070E+02
   0.217253636665427E-01
   0.204403577269900E+02
   0.216677174027851E-01
   0.193258086244181E+02
   0.199579961512037E-01
   0.191735757239043E+02
   0.199062385300297E-01
   0.190351112177473E+02
   0.199611627395535E-01
   0.189106287040063E+02
   0.201252553441320E-01
   0.187859623031116E+02
   0.202846870149118E-01
   0.186376615511825E+02
   0.203271968945267E-01
   0.184452666572242E+02
   0.201313995627414E-01
   0.182069301371623E+02
   0.196931968842152E-01
   0.179398543291901E+02
   0.191205972311803E-01
   0.176711957761697E+02
   0.185252636342859E-01
   0.174334999606618E+02
   0.180357539932227E-01
   0.172532099540967E+02
   0.176679726460548E-01
   0.171526980956302E+02
   0.173687142797634E-01
   0.171592272567024E+02
   0.170966758922175E-01
   0.173206889304326E+02
   0.170309634732863E-01
   0.176361045598438E+02
   0.174827632168328E-01
   0.179460798153853E+02
   0.175312625475826E-01
   0.181345723034078E+02
   0.172943943390850E-01
   0.182385308147234E+02
   0.170242106427114E-01
   0.184448636568709E+02
   0.174975564105749E-01
   0.187982915360156E+02
   0.180453184136964E-01
   0.192710019499194E+02
   0.172888430728339E-01
   0.198151633200117E+02
   0.190522288752501E-01
   0.201236954323443E+02
   0.196822164874977E-01
   0.202885472305289E+02
   0.199636106045331E-01
   0.203713776215010E+02
   0.201962965193974E-01
   0.203826824903221E+02
   0.202419888666827E-01
   0.203192485048877E+02
   0.200182061805995E-01
   0.202154369031984E+02
   0.197076335190220E-01
   0.201179621532127E+02
   0.196407341013098E-01
   0.200391030574492E+02
   0.197679432412656E-01
   0.199503565235893E+02
   0.198616508484585E-01
   0.198569185447484E+02
   0.199963897288471E-01
   0.197534062759839E+02
   0.200949097231045E-01
   0.196256510935396E+02
   0.200986864566847E-01
   0.194814717992614E+02
   0.200501396759181E-01
   0.182024573677232E+02
   0.183434961940777E-01
   0.180601993572038E+02
   0.182416719755175E-01
   0.179295429858871E+02
   0.182138150966947E-01
   0.178150549414721E+02
   0.183082189477666E-01
   0.177048740349207E+02
   0.184562158241100E-01
   0.175778028040992E+02
   0.185824252298112E-01
   0.174152219070679E+02
   0.186245194690443E-01
   0.172105038454636E+02
   0.184880058162650E-01
   0.169716451123861E+02
   0.181504383386484E-01
   0.167183918089782E+02
   0.176570970484523E-01
   0.164815433258742E+02
   0.171436677859491E-01
   0.162893465874600E+02
   0.166994664982040E-01
   0.161707474429477E+02
   0.163490731130380E-01
   0.161607549955494E+02
   0.161094384328890E-01
   0.162958761769986E+02
   0.160604957954831E-01
   0.165550426420992E+02
   0.162803210937892E-01
   0.167910987429181E+02
   0.162883722564151E-01
   0.169014908417999E+02
   0.160898876469471E-01
   0.169177078969422E+02
   0.155358802612479E-01
   0.171005398380902E+02
   0.157943706582381E-01
   0.175234233835887E+02
   0.163137455394682E-01
   0.181283211058063E+02
   0.169984470238358E-01
   0.187355404997872E+02
   0.180128872003946E-01
   0.190520842576777E+02
   0.182247876025348E-01
   0.191970913195119E+02
   0.184303099668969E-01
   0.192558850411791E+02
   0.186228796495686E-01
   0.192508202890508E+02
   0.187269052195189E-01
   0.191810533833607E+02
   0.186501537415560E-01
   0.190729219930037E+02
   0.184469394950193E-01
   0.189672256136884E+02
   0.183405273723322E-01
   0.188755819321487E+02
   0.183559116234984E-01
   0.187807803041584E+02
   0.183671716267092E-01
   0.186865857147315E+02
   0.184251355688098E-01
   0.185864056684319E+02
   0.184573354806514E-01
   0.184714978913538E+02
   0.184600227961941E-01
   0.183432845855999E+02
   0.184281340847945E-01
   0.168989125893049E+02
   0.167402171479162E-01
   0.167647956743021E+02
   0.166344040473293E-01
   0.166378833428546E+02
   0.165521956385430E-01
   0.165254439308967E+02
   0.165460945981863E-01
   0.164195384313648E+02
   0.165985189867891E-01
   0.163029639862506E+02
   0.166643265739736E-01
   0.161605337645340E+02
   0.167250968102538E-01
   0.159847746233341E+02
   0.167185312696765E-01
   0.157768126325750E+02
   0.165793539818431E-01
   0.155491303142536E+02
   0.162868062538389E-01
   0.153267590364650E+02
   0.159040554706104E-01
   0.151346727313496E+02
   0.154642847997439E-01
   0.150070764472700E+02
   0.150755000671544E-01
   0.149886174508556E+02
   0.148641790928734E-01
   0.151096442393966E+02
   0.148793755127341E-01
   0.153301843703184E+02
   0.150161037766581E-01
   0.155114440014797E+02
   0.150093420026215E-01
   0.155447146931082E+02
   0.147807168990254E-01
   0.154490767667654E+02
   0.139389299221463E-01
   0.155857937682041E+02
   0.139269904730088E-01
   0.160796999512462E+02
   0.146325556452299E-01
   0.168507951434878E+02
   0.158305894263652E-01
   0.175436987292617E+02
   0.170903748066921E-01
   0.178655095531844E+02
   0.170533129948568E-01
   0.179799758525117E+02
   0.170383683640632E-01
   0.180061190090409E+02
   0.170760037902657E-01
   0.179788058982921E+02
   0.171322444720037E-01
   0.178994449949010E+02
   0.171109712524434E-01
   0.177866337054836E+02
   0.170135748268706E-01
   0.176718764113897E+02
   0.169385574648379E-01
   0.175645854350389E+02
   0.168836244237391E-01
   0.174574593050393E+02
   0.168268399715053E-01
   0.173548122832941E+02
   0.168149208410315E-01
   0.172521197453324E+02
   0.168034109397213E-01
   0.171440297369886E+02
   0.168060771597583E-01
   0.170275992867398E+02
   0.168028443834057E-01
   0.154110886714323E+02
   0.150632468854521E-01
   0.152841942233468E+02
   0.149724247299503E-01
   0.151600018322706E+02
   0.148715624605857E-01
   0.150467694223365E+02
   0.148047874322890E-01
   0.149399606693185E+02
   0.147897731682502E-01
   0.148269154886860E+02
   0.147934003056292E-01
   0.146955408767922E+02
   0.147892208437846E-01
   0.145403989695065E+02
   0.147911007893358E-01
   0.143590012537474E+02
   0.147237603931323E-01
   0.141586526645851E+02
   0.145622304966774E-01
   0.139579632258585E+02
   0.143210198630747E-01
   0.137759814326151E+02
   0.139602941824512E-01
   0.136471283123873E+02
   0.135668762923781E-01
   0.136264821002807E+02
   0.134107203310077E-01
   0.137458103774368E+02
   0.135802295086696E-01
   0.139509292496161E+02
   0.138418438460723E-01
   0.141001376693048E+02
   0.139329778781957E-01
   0.140571043964838E+02
   0.136193530534877E-01
   0.138112408064386E+02
   0.122243287390601E-01
   0.138792698547643E+02
   0.117282719181789E-01
   0.144400079341319E+02
   0.128124993838186E-01
   0.154389114778984E+02
   0.154560323068407E-01
   0.162340192951082E+02
   0.170123205193545E-01
   0.165580254766056E+02
   0.165965771068414E-01
   0.166327726185439E+02
   0.161065784914953E-01
   0.166208659863885E+02
   0.158398041509848E-01
   0.165654386680076E+02
   0.157169858326799E-01
   0.164698004493846E+02
   0.156089325679727E-01
   0.163468083196975E+02
   0.154921691516678E-01
   0.162201509733513E+02
   0.154263102128571E-01
   0.160958843540521E+02
   0.153352271591763E-01
   0.159730454542818E+02
   0.152306906061338E-01
   0.158569776213557E+02
   0.151624232274372E-01
   0.157471009007679E+02
   0.151214173556861E-01
   0.156399846877531E+02
   0.151090796083581E-01
   0.155304330090448E+02
   0.151077409104799E-01
   0.137284082248269E+02
   0.136798727571033E-01
   0.136074942530751E+02
   0.135772028083281E-01
   0.134865038152258E+02
   0.134587596877064E-01
   0.133739564465338E+02
   0.133672417836730E-01
   0.132653708587557E+02
   0.133031299633950E-01
   0.131529783912017E+02
   0.132564239933993E-01
   0.130279617572753E+02
   0.131965861986554E-01
   0.128864668024577E+02
   0.131490612598265E-01
   0.127257725260662E+02
   0.130859843738415E-01
   0.125497982553185E+02
   0.129992740900132E-01
   0.123726014704211E+02
   0.129364596995380E-01
   0.122079307487420E+02
   0.128303931991816E-01
   0.120850177670297E+02
   0.126383242051150E-01
   0.120611077713654E+02
   0.125503660384579E-01
   0.121803818881363E+02
   0.127543312894660E-01
   0.123912931085196E+02
   0.131512692031247E-01
   0.125360262336914E+02
   0.133573991466693E-01
   0.124318534002199E+02
   0.129777569660360E-01
   0.119799391400642E+02
   0.961401766937135E-02
   0.119687646250227E+02
   0.899655171179000E-02
   0.125644459361511E+02
   0.103172703198118E-01
   0.137654668319526E+02
   0.146879915981505E-01
   0.146906770735229E+02
   0.169894442093093E-01
   0.150585652469038E+02
   0.168642796807443E-01
   0.151172381081128E+02
   0.161440814809653E-01
   0.150738506021868E+02
   0.156255002403777E-01
   0.149901549396521E+02
   0.152727547990250E-01
   0.148724082306647E+02
   0.149754364918405E-01
   0.147331728906248E+02
   0.146951976943244E-01
   0.145910880938500E+02
   0.144717029562179E-01
   0.144498659994402E+02
   0.142630376329208E-01
   0.143115478526385E+02
   0.140742037434923E-01
   0.141801535214347E+02
   0.139282589683402E-01
   0.140598644532327E+02
   0.138324697154902E-01
   0.139490053554151E+02
   0.137800346296703E-01
   0.138416360031731E+02
   0.137442081566916E-01
   0.118229315091148E+02
   0.126992623830842E-01
   0.117061817129097E+02
   0.126163821054941E-01
   0.115883585947620E+02
   0.125200818176267E-01
   0.114778215237550E+02
   0.124199846268721E-01
   0.113691299302741E+02
   0.123301064035255E-01
   0.112586106359154E+02
   0.122580590373909E-01
   0.111407581541572E+02
   0.121921207552680E-01
   0.110121650559698E+02
   0.121346429237828E-01
   0.108705767957933E+02
   0.120990846759308E-01
   0.107153634513924E+02
   0.120451472203887E-01
   0.105563031564348E+02
   0.119845656691387E-01
   0.104063606211306E+02
   0.118998398541124E-01
   0.102916359156861E+02
   0.117460042321949E-01
   0.102658425615380E+02
   0.116450015859396E-01
   0.103820288245727E+02
   0.117917716909715E-01
   0.106076038191447E+02
   0.122673531675277E-01
   0.107784236687902E+02
   0.127301385227503E-01
   0.106628961828394E+02
   0.124612846599332E-01
   0.100500448514778E+02
   0.867154683370832E-02
   0.995327983048830E+01
   0.777923609063785E-02
   0.105101662983579E+02
   0.865548461800695E-02
   0.117897097253757E+02
   0.136351782091844E-01
   0.127541132372028E+02
   0.158802385422545E-01
   0.131896450526575E+02
   0.162678963074723E-01
   0.132977974024308E+02
   0.158507175254658E-01
   0.132740788705361E+02
   0.154405140726517E-01
   0.131897595667616E+02
   0.150157101363433E-01
   0.130629555328061E+02
   0.145626941690196E-01
   0.129108536360124E+02
   0.141336143893770E-01
   0.127550931375136E+02
   0.137864387250996E-01
   0.125979887653593E+02
   0.134848640919252E-01
   0.124466446041274E+02
   0.132615809185286E-01
   0.122981155376256E+02
   0.130514161081707E-01
   0.121633705623844E+02
   0.128965989204083E-01
   0.120431123722363E+02
   0.127991483682462E-01
   0.119331563019368E+02
   0.127481986573591E-01
   0.966701203072139E+01
   0.117212946871841E-01
   0.954750739720023E+01
   0.116078585084335E-01
   0.942888660133220E+01
   0.114912198609572E-01
   0.932442572607424E+01
   0.114232371358767E-01
   0.921796256186337E+01
   0.113402726352446E-01
   0.911024755368947E+01
   0.112674670119040E-01
   0.900024967235122E+01
   0.112088084251587E-01
   0.888581708430558E+01
   0.111629858233985E-01
   0.876378078227780E+01
   0.111274344876293E-01
   0.863255011282495E+01
   0.110897221053887E-01
   0.849982306486543E+01
   0.110507403273369E-01
   0.837611561234902E+01
   0.109935898097145E-01
   0.828317197179126E+01
   0.109008031457322E-01
   0.826453497206476E+01
   0.108452347221128E-01
   0.836997021417147E+01
   0.109436248586038E-01
   0.859601361768851E+01
   0.113553549782072E-01
   0.879523358747346E+01
   0.119814724997542E-01
   0.874182117452303E+01
   0.122485587561730E-01
   0.807473873379407E+01
   0.841822579306897E-02
   0.791272661504485E+01
   0.759688450333770E-02
   0.834579767292182E+01
   0.817250234096492E-02
   0.945227855441764E+01
   0.115706995456554E-01
   0.103106915347045E+02
   0.132271656403133E-01
   0.107812337361910E+02
   0.139800897491681E-01
   0.109779530563340E+02
   0.140931587014069E-01
   0.110350000993844E+02
   0.141157915301992E-01
   0.110145267130350E+02
   0.140278009473365E-01
   0.109359727866477E+02
   0.137824878061266E-01
   0.108140142636893E+02
   0.134757512663947E-01
   0.106679362747808E+02
   0.131420372423681E-01
   0.105075168386187E+02
   0.128088183326132E-01
   0.103438969364877E+02
   0.125297537243836E-01
   0.101834482387093E+02
   0.122815991025236E-01
   0.100358858892902E+02
   0.120801001567264E-01
   0.990219128781555E+01
   0.119251369922646E-01
   0.978255065500899E+01
   0.118158495414555E-01
   0.724612495922732E+01
   0.107248878184026E-01
   0.712794013551839E+01
   0.106073502908123E-01
   0.701184535708594E+01
   0.104927155847907E-01
   0.690222995213253E+01
   0.103863121747672E-01
   0.679368963146678E+01
   0.102789781422905E-01
   0.668837352897649E+01
   0.101998650485700E-01
   0.658723637077713E+01
   0.101485695760728E-01
   0.648878874281618E+01
   0.101257345224367E-01
   0.638890602750069E+01
   0.101091105154969E-01
   0.628465173977740E+01
   0.100962057504267E-01
   0.618544196666344E+01
   0.100901368681025E-01
   0.609816099473866E+01
   0.100773953885723E-01
   0.603900460130567E+01
   0.100515534113195E-01
   0.603787178204657E+01
   0.100491024536661E-01
   0.612723935871508E+01
   0.101227849453439E-01
   0.631946999843898E+01
   0.103975411405188E-01
   0.651809919467892E+01
   0.109302122349028E-01
   0.655845028940807E+01
   0.116371345769379E-01
   0.611009084585361E+01
   0.960081142191589E-02
   0.591619762404417E+01
   0.906603127785238E-02
   0.611660250824608E+01
   0.871625442553278E-02
   0.675772906329691E+01
   0.947629780010106E-02
   0.735984343975968E+01
   0.100296018815619E-01
   0.779287925763299E+01
   0.106421021274714E-01
   0.805541483933324E+01
   0.110807394015113E-01
   0.820093230769492E+01
   0.114323321257610E-01
   0.828188602897641E+01
   0.117568489291467E-01
   0.829819372618361E+01
   0.119328579243676E-01
   0.825180929277933E+01
   0.119476365491660E-01
   0.816229827740756E+01
   0.118570737717864E-01
   0.803840251429395E+01
   0.116705430837849E-01
   0.789551490907977E+01
   0.114639639520278E-01
   0.774818567903653E+01
   0.112564601313222E-01
   0.760946084630793E+01
   0.110847469154321E-01
   0.747723289200857E+01
   0.109294225426204E-01
   0.735943869520168E+01
   0.108204872725943E-01
   0.439816131656704E+01
   0.932605875451507E-02
   0.429287866847904E+01
   0.924341399723501E-02
   0.419345524123618E+01
   0.917364443898944E-02
   0.409683075934414E+01
   0.910377051118380E-02
   0.400052087573419E+01
   0.902720972559908E-02
   0.390818874899370E+01
   0.896485849127460E-02
   0.382308990242610E+01
   0.892766961270042E-02
   0.374398771108831E+01
   0.891540431454235E-02
   0.366708830667238E+01
   0.891083776776417E-02
   0.358680929037746E+01
   0.888457916543492E-02
   0.352402098678238E+01
   0.889265008109189E-02
   0.347861824926248E+01
   0.890794912355291E-02
   0.345858640813377E+01
   0.892717634001998E-02
   0.347911657786227E+01
   0.896104374909432E-02
   0.355346787253120E+01
   0.902031462220390E-02
   0.368522267826173E+01
   0.917744303653598E-02
   0.382891457482595E+01
   0.948853351253890E-02
   0.386149635879617E+01
   0.986162843546622E-02
   0.362008478923308E+01
   0.913132103366155E-02
   0.343805740406914E+01
   0.854633775620141E-02
   0.346318248847520E+01
   0.802923094992048E-02
   0.373706998096360E+01
   0.792323963201378E-02
   0.407889818314438E+01
   0.797866382938395E-02
   0.439093985616702E+01
   0.823045270147936E-02
   0.462655803986155E+01
   0.849277182808502E-02
   0.480053099421342E+01
   0.876421776159552E-02
   0.493869708586590E+01
   0.909900995703117E-02
   0.503150431317485E+01
   0.940237161046507E-02
   0.506953273725244E+01
   0.961251286500450E-02
   0.505338992729507E+01
   0.970152040651858E-02
   0.499088772056706E+01
   0.968260025239729E-02
   0.489659750087214E+01
   0.960114751691881E-02
   0.478958790430643E+01
   0.950541731176784E-02
   0.468926605479415E+01
   0.945244556891177E-02
   0.459070809856187E+01
   0.941002267246714E-02
   0.449422083844130E+01
   0.936781254349361E-02
   0.868024326728880E+00
   0.730719302926029E-02
   0.803397726714967E+00
   0.730439903373894E-02
   0.736039746615550E+00
   0.728720450896345E-02
   0.665805774444106E+00
   0.725852591725756E-02
   0.593234881685897E+00
   0.721460137410371E-02
   0.524193332041886E+00
   0.716857386201185E-02
   0.463063527592243E+00
   0.713460324518161E-02
   0.407984590954254E+00
   0.711160447370537E-02
   0.357030817000198E+00
   0.709178911684135E-02
   0.316143295401632E+00
   0.708027569567735E-02
   0.294989879904483E+00
   0.709467357193441E-02
   0.290017633586389E+00
   0.711442380300494E-02
   0.302643269017024E+00
   0.713769416948931E-02
   0.337651235147657E+00
   0.716675074124388E-02
   0.396605418548820E+00
   0.720913783593634E-02
   0.473035645584437E+00
   0.729578851436568E-02
   0.551492933760766E+00
   0.749647003276836E-02
   0.567289336526003E+00
   0.770789420796601E-02
   0.441440414282164E+00
   0.743911120567446E-02
   0.294410282971793E+00
   0.705944916950334E-02
   0.222235024972959E+00
   0.669035295852498E-02
   0.284253500779949E+00
   0.648082744581157E-02
   0.418239227869093E+00
   0.637201932826264E-02
   0.576531156223639E+00
   0.635710169425161E-02
   0.726031048160186E+00
   0.638854607512244E-02
   0.861953264617505E+00
   0.646246096720681E-02
   0.988814798047109E+00
   0.661240492456923E-02
   0.109904294125931E+01
   0.682005451312290E-02
   0.117795374140554E+01
   0.702891869399937E-02
   0.121483441795937E+01
   0.717668784040934E-02
   0.121101231901060E+01
   0.725436971960116E-02
   0.117523561492836E+01
   0.728099607968892E-02
   0.112043090643918E+01
   0.727819118590110E-02
   0.106148221105611E+01
   0.728657742113961E-02
   0.100028875465631E+01
   0.729974139589368E-02
   0.932957767527131E+00
   0.730040369708774E-02
  -0.364356715290811E+01
   0.491996150841552E-02
  -0.366701723990442E+01
   0.493827399897955E-02
  -0.369560447349285E+01
   0.493498856385632E-02
  -0.372882795963913E+01
   0.491181426187718E-02
  -0.376508007047599E+01
   0.487168238939623E-02
  -0.379486053931609E+01
   0.482855821650066E-02
  -0.381461159205672E+01
   0.479330545105995E-02
  -0.382299444342474E+01
   0.477357242007623E-02
  -0.382036333558363E+01
   0.476751146693338E-02
  -0.380786569499290E+01
   0.477150385827583E-02
  -0.378584033751037E+01
   0.477862788274459E-02
  -0.375817376900752E+01
   0.478706366768629E-02
  -0.372797748011362E+01
   0.479887068393383E-02
  -0.369170106782548E+01
   0.482587846925394E-02
  -0.365280476224338E+01
   0.487165357015548E-02
  -0.361857152136104E+01
   0.494845923409918E-02
  -0.360194231248284E+01
   0.506344987796383E-02
  -0.362601184459470E+01
   0.517461866731294E-02
  -0.370553599958921E+01
   0.517875471963560E-02
  -0.381064466360446E+01
   0.507518342431938E-02
  -0.390373744186648E+01
   0.490466058825049E-02
  -0.395747763186472E+01
   0.472023630033324E-02
  -0.396934285134225E+01
   0.455816014582181E-02
  -0.394363280455215E+01
   0.444461653826488E-02
  -0.388973146078234E+01
   0.439241693985644E-02
  -0.381527141668892E+01
   0.440784940600458E-02
  -0.372881112687894E+01
   0.448176411162148E-02
  -0.364491395049268E+01
   0.458923001294624E-02
  -0.357710073261142E+01
   0.470284152213803E-02
  -0.353472690224076E+01
   0.479282395442002E-02
  -0.352012940928756E+01
   0.484155898473305E-02
  -0.352817593044972E+01
   0.485616261621876E-02
  -0.354946254320925E+01
   0.485591848256512E-02
  -0.357498517413928E+01
   0.486027906716571E-02
  -0.359992206204150E+01
   0.487246025425160E-02
  -0.362288940056623E+01
   0.489213436803183E-02
  -0.975726967832137E+01
   0.279749967939215E-02
  -0.967264603727060E+01
   0.284820801922561E-02
  -0.960299645134187E+01
   0.287671321734924E-02
  -0.954029579389696E+01
   0.289053184744106E-02
  -0.948078804925853E+01
   0.289406832010613E-02
  -0.940317309838764E+01
   0.291288817021604E-02
  -0.930498692545680E+01
   0.295126190264094E-02
  -0.918439276110571E+01
   0.301283778349567E-02
  -0.904100613697668E+01
   0.310019415421782E-02
  -0.890876089295753E+01
   0.318000525147958E-02
  -0.877750127900384E+01
   0.327003445222880E-02
  -0.865430667877890E+01
   0.336742564078208E-02
  -0.857578854530286E+01
   0.342724396540985E-02
  -0.853695535009223E+01
   0.345985207557013E-02
  -0.853697872244031E+01
   0.347060207664105E-02
  -0.857867309539080E+01
   0.345985517512047E-02
  -0.866791290418666E+01
   0.342205394559876E-02
  -0.881399152651414E+01
   0.334431205465487E-02
  -0.902783404929269E+01
   0.320723373432024E-02
  -0.924050519996998E+01
   0.308574187157859E-02
  -0.947241934649971E+01
   0.294395883948798E-02
  -0.969765513680974E+01
   0.280103739008263E-02
  -0.990447121424419E+01
   0.266417875279593E-02
  -0.100418125448839E+02
   0.257757075536677E-02
  -0.101191864067655E+02
   0.253207956779161E-02
  -0.101490221900947E+02
   0.251805814596595E-02
  -0.101460257093771E+02
   0.252501572204039E-02
  -0.101248972921650E+02
   0.254277470002503E-02
  -0.100992502149656E+02
   0.256178513817500E-02
  -0.100770523821005E+02
   0.257645937083956E-02
  -0.100600011837023E+02
   0.258594367238615E-02
  -0.100446385801324E+02
   0.259355560895597E-02
  -0.100248289675699E+02
   0.260462037302344E-02
  -0.999340172700817E+01
   0.262502741839528E-02
  -0.994330059856543E+01
   0.266027028557043E-02
  -0.986713825451297E+01
   0.271587939482834E-02
