   0.837253032062341E+01
   0.643892250976381E-02
   0.724223856760949E+01
   0.615067952350143E-02
   0.651443754779371E+01
   0.592604035490226E-02
   0.610424468940050E+01
   0.576293835543155E-02
   0.602739050255757E+01
   0.566511697264287E-02
   0.641072491558664E+01
   0.563856039228433E-02
   0.589900237455796E+01
   0.569197284209412E-02
   0.591986717742464E+01
   0.583034623331433E-02
   0.643697078811215E+01
   0.605491366017890E-02
   0.744264116663242E+01
   0.636144097781590E-02
   0.897003586399708E+01
   0.674175719879848E-02
   0.112198638568742E+02
   0.718126695450261E-02
   0.144828670374949E+02
   0.766497059308038E-02
   0.173378264041792E+02
   0.816732301840258E-02
   0.199067641256006E+02
   0.866233198827728E-02
   0.222183678077944E+02
   0.912928292730901E-02
   0.241814318357520E+02
   0.955350984649222E-02
   0.257744200470511E+02
   0.992553565931166E-02
   0.270138320061496E+02
   0.102398361877444E-01
   0.279345207376618E+02
   0.104964491612116E-01
   0.285764783530688E+02
   0.107007856206685E-01
   0.289744018986117E+02
   0.108561988863095E-01
   0.291490123097879E+02
   0.109618062818437E-01
   0.291009465193398E+02
   0.110123206606494E-01
   0.288109223713538E+02
   0.109984207866416E-01
   0.282451440286439E+02
   0.109114160546480E-01
   0.273583586942827E+02
   0.107473460320631E-01
   0.260930459225098E+02
   0.105038353329616E-01
   0.243764063285377E+02
   0.101795176766888E-01
   0.221176598796728E+02
   0.977704125981137E-02
   0.192083464648989E+02
   0.930636101771774E-02
   0.155253648804835E+02
   0.878610390802576E-02
   0.127168718264347E+02
   0.824365938791610E-02
   0.106898941610422E+02
   0.771197801073565E-02
   0.933040218786157E+01
   0.722243558672161E-02
   0.856611188804365E+01
   0.679593264146018E-02
   0.116840763728791E+02
   0.810552317383319E-02
   0.122515958886173E+02
   0.783033153082637E-02
   0.120409480374981E+02
   0.758750547829255E-02
   0.112455835111491E+02
   0.733979317654167E-02
   0.970804742104699E+01
   0.714686441280115E-02
   0.900825367220365E+01
   0.705440769358611E-02
   0.877599183699065E+01
   0.705271576693790E-02
   0.899001418714537E+01
   0.715762509193078E-02
   0.970341758777711E+01
   0.735417933230536E-02
   0.110930380973072E+02
   0.761769098082818E-02
   0.113340847719001E+02
   0.798604438165409E-02
   0.121535942512705E+02
   0.840552401959086E-02
   0.136359045752862E+02
   0.903330451827925E-02
   0.157115968768401E+02
   0.975284188914316E-02
   0.185420289128415E+02
   0.104443250965222E-01
   0.224742520082002E+02
   0.110866422274343E-01
   0.251688711727597E+02
   0.116708692029298E-01
   0.269640597553447E+02
   0.121739001597067E-01
   0.281064628988376E+02
   0.125372853864452E-01
   0.287903917957184E+02
   0.127482124999400E-01
   0.291843530889436E+02
   0.129328949369557E-01
   0.294313857578241E+02
   0.131309274298771E-01
   0.296285048725782E+02
   0.133445529818520E-01
   0.297753037237315E+02
   0.135616148413960E-01
   0.297861353335255E+02
   0.136908548758210E-01
   0.295850558732840E+02
   0.136552660323127E-01
   0.291268746226930E+02
   0.135142892024726E-01
   0.283776111377773E+02
   0.132886675213623E-01
   0.272816059181470E+02
   0.129510447225654E-01
   0.257263149497798E+02
   0.124702949223994E-01
   0.235470872255911E+02
   0.118408734504500E-01
   0.205777235056832E+02
   0.111018124532758E-01
   0.166910231192998E+02
   0.102807631496004E-01
   0.142199861241241E+02
   0.950116205903753E-02
   0.127084787259690E+02
   0.887637038432282E-02
   0.118879965093307E+02
   0.843560065799104E-02
   0.142511485144364E+02
   0.103830700687173E-01
   0.138885000892087E+02
   0.101206993823114E-01
   0.134174710408988E+02
   0.986076562974889E-02
   0.127835455346112E+02
   0.940946461555042E-02
   0.120775592041964E+02
   0.894416555504522E-02
   0.116663798340162E+02
   0.883937171247914E-02
   0.115506042727791E+02
   0.895031739979116E-02
   0.117213938413568E+02
   0.917919697233018E-02
   0.121776412824254E+02
   0.945293184504202E-02
   0.130018922452473E+02
   0.982801933613955E-02
   0.143378742317738E+02
   0.102050071208843E-01
   0.146230886211039E+02
   0.989969916500495E-02
   0.161086665149849E+02
   0.106788228349109E-01
   0.181599045486783E+02
   0.115728865720339E-01
   0.208187530582051E+02
   0.121841930261702E-01
   0.245025253695511E+02
   0.128159196531758E-01
   0.268093351029405E+02
   0.135222459246468E-01
   0.281895219387764E+02
   0.142816224675055E-01
   0.288941284551185E+02
   0.147231664662724E-01
   0.291229860801794E+02
   0.145360337555818E-01
   0.290946109392033E+02
   0.146018053896531E-01
   0.290535406627799E+02
   0.148269497358901E-01
   0.292650329171050E+02
   0.151439817290475E-01
   0.296977595230097E+02
   0.157307079924973E-01
   0.299966297710048E+02
   0.161628920657770E-01
   0.300147712504568E+02
   0.159571104429885E-01
   0.297486878015919E+02
   0.157446567577804E-01
   0.292530810511005E+02
   0.155851869871944E-01
   0.285668089830102E+02
   0.153026749028254E-01
   0.275510361414497E+02
   0.147712879379774E-01
   0.258791750619281E+02
   0.139596297855874E-01
   0.232517413808091E+02
   0.131592992805549E-01
   0.193802365452858E+02
   0.121278329646129E-01
   0.170098955345161E+02
   0.112959928114297E-01
   0.156286349495900E+02
   0.108548498703540E-01
   0.147937367541903E+02
   0.106760430091960E-01
   0.170580999514669E+02
   0.131808917006772E-01
   0.165108872787062E+02
   0.127282939563414E-01
   0.159483496617092E+02
   0.122740573190408E-01
   0.153669683404631E+02
   0.118396307978698E-01
   0.148056336086644E+02
   0.113494911795427E-01
   0.144330612929767E+02
   0.111156037114684E-01
   0.142863798139633E+02
   0.111814573291605E-01
   0.143331118076597E+02
   0.113390887909551E-01
   0.145547291349017E+02
   0.114622243282255E-01
   0.149818507407293E+02
   0.114612778175382E-01
   0.156793062153808E+02
   0.116214060802590E-01
   0.167143718692885E+02
   0.113257635108149E-01
   0.194194064921331E+02
   0.124848236824462E-01
   0.217920562401391E+02
   0.129402273235044E-01
   0.241491280171332E+02
   0.132256172692539E-01
   0.264987479548154E+02
   0.137244450317456E-01
   0.281703436859532E+02
   0.143894577267030E-01
   0.290783895626084E+02
   0.150494875323092E-01
   0.293386649155986E+02
   0.154315214327010E-01
   0.290936838042703E+02
   0.155255330717262E-01
   0.285502566505452E+02
   0.157296912695507E-01
   0.280331982017612E+02
   0.158714162326655E-01
   0.282913037212102E+02
   0.161583202538890E-01
   0.292952233369289E+02
   0.173628827089278E-01
   0.299194961790790E+02
   0.177272954927517E-01
   0.300687403367319E+02
   0.173398408150848E-01
   0.298314457543755E+02
   0.175237844974791E-01
   0.294013169509583E+02
   0.171160114158197E-01
   0.290679952468483E+02
   0.167621314973309E-01
   0.286843402395646E+02
   0.163797813469731E-01
   0.275758595754049E+02
   0.157781183339812E-01
   0.253563181867381E+02
   0.150540048822393E-01
   0.217339766325961E+02
   0.142242442619233E-01
   0.196203055744709E+02
   0.137239956594168E-01
   0.184202109605323E+02
   0.135361833382268E-01
   0.176530604915893E+02
   0.133960457838674E-01
   0.195788580825555E+02
   0.160477500974580E-01
   0.189823152631832E+02
   0.153765057956828E-01
   0.183935605217036E+02
   0.146672573982872E-01
   0.178456439297380E+02
   0.141127907791849E-01
   0.173572799157532E+02
   0.136352147339034E-01
   0.169947962667902E+02
   0.133181731314892E-01
   0.167850929761445E+02
   0.132085957820623E-01
   0.167107137680182E+02
   0.131843063047303E-01
   0.167597418821320E+02
   0.131238074901691E-01
   0.169632183080764E+02
   0.129870010805905E-01
   0.174001392363137E+02
   0.126952203797784E-01
   0.183723238394776E+02
   0.125673541571071E-01
   0.209769262442124E+02
   0.136643865097161E-01
   0.235025048872332E+02
   0.138418032001292E-01
   0.257318718232839E+02
   0.139571819949553E-01
   0.277291501392202E+02
   0.144660382191422E-01
   0.290855308745401E+02
   0.152654950988175E-01
   0.296230673427165E+02
   0.160068893258966E-01
   0.294987744988689E+02
   0.162829592541998E-01
   0.287914951469150E+02
   0.162368395587160E-01
   0.276651299842645E+02
   0.166331348031431E-01
   0.263074280864744E+02
   0.164475952336727E-01
   0.266245642005495E+02
   0.170997756646446E-01
   0.287701173532344E+02
   0.186879984180698E-01
   0.296860164802017E+02
   0.183085145724767E-01
   0.298739321742247E+02
   0.184880775950017E-01
   0.295080567139583E+02
   0.187605947844875E-01
   0.289190856369770E+02
   0.182598709644596E-01
   0.289099665094120E+02
   0.176078170273030E-01
   0.293919477657926E+02
   0.174238746522581E-01
   0.288883330721262E+02
   0.169234066846933E-01
   0.270713646831128E+02
   0.164491991288398E-01
   0.236979900155875E+02
   0.160446863076128E-01
   0.218440443700847E+02
   0.157984020132913E-01
   0.208421779257566E+02
   0.161937512272248E-01
   0.201738098513600E+02
   0.163958363736569E-01
   0.217071523694397E+02
   0.184102205340514E-01
   0.211025780810870E+02
   0.174768877244236E-01
   0.205293275758705E+02
   0.166089669038302E-01
   0.200252477282016E+02
   0.159934983986463E-01
   0.195939098927966E+02
   0.155527454876760E-01
   0.192500868673533E+02
   0.152107012599379E-01
   0.190026790261862E+02
   0.149607647712835E-01
   0.188459719607668E+02
   0.147685858027679E-01
   0.187810367883899E+02
   0.145713854930693E-01
   0.188441226846505E+02
   0.144140553825969E-01
   0.191037620160784E+02
   0.142351646191643E-01
   0.197742366147729E+02
   0.138909610955436E-01
   0.214523975308175E+02
   0.141334979708122E-01
   0.243123312919324E+02
   0.146934943508783E-01
   0.264748098503674E+02
   0.147139812746450E-01
   0.284460764472363E+02
   0.153703036264196E-01
   0.296770386292564E+02
   0.163883882963343E-01
   0.298753746277388E+02
   0.171877976719756E-01
   0.294280821923934E+02
   0.170869336449105E-01
   0.282925758437587E+02
   0.172844380774308E-01
   0.266192855220614E+02
   0.174804312942468E-01
   0.257746953970223E+02
   0.175205793412402E-01
   0.261807655175816E+02
   0.179867049254236E-01
   0.284369154285249E+02
   0.191437758382022E-01
   0.293675724199150E+02
   0.190086876629483E-01
   0.295070102690869E+02
   0.195100386418114E-01
   0.288809567537400E+02
   0.195289626183794E-01
   0.278008261250097E+02
   0.188589658894669E-01
   0.280768477273433E+02
   0.180194160450959E-01
   0.298781062113418E+02
   0.179812041053276E-01
   0.299587464505595E+02
   0.177719871364157E-01
   0.285057197544427E+02
   0.176026840476448E-01
   0.253684074918587E+02
   0.178891724205825E-01
   0.237658176757718E+02
   0.181695839226368E-01
   0.229229986083153E+02
   0.190171462484854E-01
   0.223044950875052E+02
   0.190445681524462E-01
   0.234541607393527E+02
   0.200115102420179E-01
   0.228734822675566E+02
   0.189508803594601E-01
   0.223472876402369E+02
   0.180998873656439E-01
   0.219008845857161E+02
   0.175455877790066E-01
   0.215232928790077E+02
   0.171666819591118E-01
   0.212070456412553E+02
   0.168426166436427E-01
   0.209481737074972E+02
   0.165257169468430E-01
   0.207460190006351E+02
   0.162323902347746E-01
   0.206118335579046E+02
   0.159974719308231E-01
   0.205814326876390E+02
   0.159025394156103E-01
   0.207018024791045E+02
   0.158366381511236E-01
   0.211055390900759E+02
   0.153949732301383E-01
   0.221936039472582E+02
   0.147787324056245E-01
   0.246389387603494E+02
   0.150400159789703E-01
   0.266250433136171E+02
   0.154518792980453E-01
   0.287915897508467E+02
   0.160764884878826E-01
   0.300374091959825E+02
   0.177645486299916E-01
   0.298354867313847E+02
   0.186822824835928E-01
   0.291445386268652E+02
   0.183284332565216E-01
   0.275999556583262E+02
   0.184608449289656E-01
   0.265133826282940E+02
   0.188396567353259E-01
   0.260129106068902E+02
   0.190832695660275E-01
   0.263257899629187E+02
   0.189403497426757E-01
   0.281167406891482E+02
   0.194652410288326E-01
   0.289025353187867E+02
   0.197176310435290E-01
   0.289928924920659E+02
   0.198897076856731E-01
   0.280448501334198E+02
   0.199661921558728E-01
   0.275260385509206E+02
   0.193931891187620E-01
   0.280718747992193E+02
   0.186262338233150E-01
   0.303670779079978E+02
   0.179502212953959E-01
   0.308444447280874E+02
   0.182352226154520E-01
   0.296997728620852E+02
   0.186092575564260E-01
   0.267929104538595E+02
   0.197274913250583E-01
   0.254133271717887E+02
   0.208172118502664E-01
   0.246504822023339E+02
   0.214559813129049E-01
   0.240458479838671E+02
   0.209587582647125E-01
   0.248835988628045E+02
   0.211463046154670E-01
   0.243552932871660E+02
   0.202715299821461E-01
   0.238914192333321E+02
   0.196363998247873E-01
   0.235045692668612E+02
   0.192532490469323E-01
   0.231753986946498E+02
   0.189179834560580E-01
   0.228906319721269E+02
   0.185906699572764E-01
   0.226388877948623E+02
   0.182272540472780E-01
   0.224186069196160E+02
   0.178706132805013E-01
   0.222429302368159E+02
   0.175910862248476E-01
   0.221413102830852E+02
   0.174939189728424E-01
   0.221460184848363E+02
   0.174480314027496E-01
   0.223355501153724E+02
   0.168754385429449E-01
   0.229767783087035E+02
   0.159106151768752E-01
   0.245103321094658E+02
   0.154435628513835E-01
   0.262143054243761E+02
   0.163606743374482E-01
   0.288613058712226E+02
   0.169369908686159E-01
   0.302616536929050E+02
   0.192339624470006E-01
   0.294700247165343E+02
   0.206331694612529E-01
   0.286684373410206E+02
   0.200194464639550E-01
   0.276619783636114E+02
   0.197532970608046E-01
   0.269432496662639E+02
   0.208438811757345E-01
   0.265943898651261E+02
   0.209181446664398E-01
   0.267403177574271E+02
   0.201109492462404E-01
   0.276238905029194E+02
   0.196003699314611E-01
   0.282206020871586E+02
   0.198843759937035E-01
   0.283604806900825E+02
   0.203838999523916E-01
   0.279778154591098E+02
   0.206353312444049E-01
   0.277960846226173E+02
   0.205957752815720E-01
   0.284114810550783E+02
   0.195329641907593E-01
   0.307943678231638E+02
   0.177673910532224E-01
   0.315501109567313E+02
   0.186874639459460E-01
   0.306725375603243E+02
   0.196371566814887E-01
   0.280177313417798E+02
   0.218789447152257E-01
   0.267815142745427E+02
   0.230143875610324E-01
   0.260304404023842E+02
   0.227129313874681E-01
   0.254421111333861E+02
   0.220462017968958E-01
   0.260614768280506E+02
   0.225569770922715E-01
   0.255960062265182E+02
   0.220235337624508E-01
   0.251907104246670E+02
   0.215807650059106E-01
   0.248548792096482E+02
   0.213045313114747E-01
   0.245696315552729E+02
   0.210369429202100E-01
   0.243192372231273E+02
   0.207811694046721E-01
   0.240866606427614E+02
   0.204999394523388E-01
   0.238633898292603E+02
   0.202097154593461E-01
   0.236581182752825E+02
   0.199434391678650E-01
   0.234898039387917E+02
   0.196523539087525E-01
   0.233910150444438E+02
   0.192495507831581E-01
   0.234286783815937E+02
   0.183725740181751E-01
   0.237921936399744E+02
   0.173419839157586E-01
   0.248583707397755E+02
   0.166063884322670E-01
   0.262157683102233E+02
   0.166733584206406E-01
   0.287378229357411E+02
   0.169453493410061E-01
   0.304752521401299E+02
   0.201245225103596E-01
   0.296850889623794E+02
   0.226430585049291E-01
   0.288593642524350E+02
   0.216961165203754E-01
   0.281895601451247E+02
   0.210354694125779E-01
   0.275659834105466E+02
   0.222967243435069E-01
   0.272642112439128E+02
   0.221594760914133E-01
   0.273153968961811E+02
   0.213382758061593E-01
   0.277916807487603E+02
   0.209727483596333E-01
   0.282895883838335E+02
   0.210007252750324E-01
   0.284864296110750E+02
   0.216251847732103E-01
   0.283618109550844E+02
   0.219058449772564E-01
   0.283126666147183E+02
   0.218561316125276E-01
   0.288447855765367E+02
   0.203733126379022E-01
   0.310780879809069E+02
   0.179825229626592E-01
   0.320730145378170E+02
   0.194606395414863E-01
   0.314330127070451E+02
   0.208440325617956E-01
   0.290267434058161E+02
   0.239666209577644E-01
   0.278672575712842E+02
   0.243010023644289E-01
   0.271190367861660E+02
   0.234665395738448E-01
   0.265669114885874E+02
   0.230931622972345E-01
   0.270374536393719E+02
   0.240880331394349E-01
   0.266297546178202E+02
   0.237151324658250E-01
   0.262740796724830E+02
   0.233690613981815E-01
   0.259801561355471E+02
   0.231324227531513E-01
   0.257347478694064E+02
   0.229544806970984E-01
   0.255179913324902E+02
   0.228053061777314E-01
   0.253061536349606E+02
   0.226302902371681E-01
   0.250812194952383E+02
   0.223914932942166E-01
   0.248468162643268E+02
   0.221196863513741E-01
   0.246183042904156E+02
   0.217098232885894E-01
   0.244333148326330E+02
   0.211212481468418E-01
   0.243611762549865E+02
   0.201764971779941E-01
   0.245654652753474E+02
   0.186726016216077E-01
   0.254601258877631E+02
   0.180548457748904E-01
   0.264201103255218E+02
   0.178804622783957E-01
   0.283401406223725E+02
   0.173765184218121E-01
   0.306885944734248E+02
   0.207501103515456E-01
   0.302097564362681E+02
   0.240709188593649E-01
   0.293474860531930E+02
   0.240465781935811E-01
   0.289811411435267E+02
   0.221653397880141E-01
   0.282011209425053E+02
   0.237326088977346E-01
   0.279091542325175E+02
   0.233545478960987E-01
   0.278961605663222E+02
   0.228228282875149E-01
   0.281953804788669E+02
   0.224213845326749E-01
   0.287046934736675E+02
   0.225829593404327E-01
   0.289416208257577E+02
   0.233337394997815E-01
   0.289397192093767E+02
   0.234731159729278E-01
   0.289042612993227E+02
   0.231013695534102E-01
   0.292528126518341E+02
   0.213787465838104E-01
   0.311411934798317E+02
   0.191166424835904E-01
   0.324170507988580E+02
   0.206895865868318E-01
   0.319911836860002E+02
   0.222722005201395E-01
   0.298365417940120E+02
   0.258836224825386E-01
   0.287317213554678E+02
   0.257620631134356E-01
   0.279979777213913E+02
   0.246593615626209E-01
   0.274853595074234E+02
   0.244193197813866E-01
   0.278515462036408E+02
   0.256368561767792E-01
   0.274868822387969E+02
   0.252971441868192E-01
   0.271696854452694E+02
   0.250024357075673E-01
   0.269094998414741E+02
   0.248091433013284E-01
   0.266980262450295E+02
   0.247495785468390E-01
   0.265104508815376E+02
   0.247197509449285E-01
   0.263166236581552E+02
   0.246537888512249E-01
   0.260880242396310E+02
   0.244391898301453E-01
   0.258237609721909E+02
   0.240840398316963E-01
   0.255420481630265E+02
   0.234904380068803E-01
   0.252897847184724E+02
   0.226843555405781E-01
   0.251439973291869E+02
   0.216034405095151E-01
   0.252706352088551E+02
   0.201949923488978E-01
   0.262239232152367E+02
   0.196301455534901E-01
   0.267739368737246E+02
   0.202485644557095E-01
   0.283132600689133E+02
   0.186128808131151E-01
   0.309270089113482E+02
   0.211392718828487E-01
   0.310132566423281E+02
   0.244958064694467E-01
   0.298862768074798E+02
   0.261359494559381E-01
   0.292796361632197E+02
   0.242605118091164E-01
   0.287533403679327E+02
   0.251754883235417E-01
   0.285206075505388E+02
   0.248796147352363E-01
   0.284841942781436E+02
   0.242788821413024E-01
   0.287125483400449E+02
   0.236073393664102E-01
   0.293422829834392E+02
   0.235515236674353E-01
   0.295777578506677E+02
   0.250800192363616E-01
   0.296347242362977E+02
   0.249857988093980E-01
   0.295644620250192E+02
   0.245510148798503E-01
   0.297030394917633E+02
   0.229427633371186E-01
   0.309111741260404E+02
   0.217377914127546E-01
   0.326127075301992E+02
   0.224360454247055E-01
   0.323694897186396E+02
   0.240450451393363E-01
   0.304683120104263E+02
   0.277993231535598E-01
   0.294255465901958E+02
   0.272391399816830E-01
   0.287270239718080E+02
   0.261015078200621E-01
   0.282538139634246E+02
   0.259153965947548E-01
   0.285102029865259E+02
   0.270296695196481E-01
   0.281759895196732E+02
   0.266871348542211E-01
   0.278873993817755E+02
   0.264336086753471E-01
   0.276527112985900E+02
   0.263150176537099E-01
   0.274654531518613E+02
   0.263684676818403E-01
   0.272979535419755E+02
   0.264489260886156E-01
   0.271148271920601E+02
   0.264695469515763E-01
   0.268786305240678E+02
   0.262435186760454E-01
   0.265861072183467E+02
   0.257434824485211E-01
   0.262645771842141E+02
   0.249358264089414E-01
   0.259713489585790E+02
   0.239074665050930E-01
   0.257919137268310E+02
   0.228011576833843E-01
   0.258696543965728E+02
   0.219413786233605E-01
   0.264951208374990E+02
   0.215903356194260E-01
   0.271432105392086E+02
   0.224785282597054E-01
   0.284803670971671E+02
   0.206407803391347E-01
   0.311337670611221E+02
   0.222254353468612E-01
   0.314994157442293E+02
   0.246316402817086E-01
   0.303787009993330E+02
   0.270130753861046E-01
   0.296719969707849E+02
   0.259716853522762E-01
   0.292461807906808E+02
   0.260306490890269E-01
   0.290830229873864E+02
   0.262849768897183E-01
   0.290561693334900E+02
   0.257145807759255E-01
   0.292674181601543E+02
   0.248742208739566E-01
   0.301797260086953E+02
   0.238410656893630E-01
   0.303038040489853E+02
   0.257451090832023E-01
   0.304197029036356E+02
   0.259084314176975E-01
   0.302866159490738E+02
   0.262875883016498E-01
   0.302254147332183E+02
   0.249751662129647E-01
   0.309698486949571E+02
   0.237774322889786E-01
   0.327069551797623E+02
   0.238963665138194E-01
   0.325798013650144E+02
   0.258522102629649E-01
   0.309262854629577E+02
   0.295414016483284E-01
   0.299650313803573E+02
   0.285765410252447E-01
   0.293168755955748E+02
   0.274871777437364E-01
   0.288788121044622E+02
   0.273010756571747E-01
   0.290174117458112E+02
   0.283400809124153E-01
   0.287042817718203E+02
   0.280005566124397E-01
   0.284348141912677E+02
   0.277740885543099E-01
   0.282146843425235E+02
   0.277002480042908E-01
   0.280376614654211E+02
   0.277694238990765E-01
   0.278771920219912E+02
   0.278738544610312E-01
   0.276952190341113E+02
   0.278970589867425E-01
   0.274487268962395E+02
   0.275977797276041E-01
   0.271351582707584E+02
   0.269485205023769E-01
   0.267945015700561E+02
   0.260180411398106E-01
   0.264927605000637E+02
   0.249727809561202E-01
   0.263162563103215E+02
   0.241686704488034E-01
   0.263696384169317E+02
   0.237610108803518E-01
   0.268083327931722E+02
   0.229163125976646E-01
   0.274782664107864E+02
   0.236157728881102E-01
   0.287464404347116E+02
   0.232544747811928E-01
   0.312883972963585E+02
   0.244741041946995E-01
   0.317933194102214E+02
   0.252836033524117E-01
   0.308418580859633E+02
   0.268516108185676E-01
   0.300651327873183E+02
   0.276741310567554E-01
   0.296912571734973E+02
   0.273707081861874E-01
   0.295833786487881E+02
   0.277028006466343E-01
   0.295820486724360E+02
   0.272362616729713E-01
   0.297824291093578E+02
   0.264560274136712E-01
   0.306584988815366E+02
   0.249144738907475E-01
   0.310980134531542E+02
   0.264280488023755E-01
   0.313193593434071E+02
   0.262081965157876E-01
   0.310489266478615E+02
   0.276626423091746E-01
   0.307796926917897E+02
   0.272652998034473E-01
   0.311921822281492E+02
   0.257918664247184E-01
   0.327087430164102E+02
   0.249294918089609E-01
   0.326350910807428E+02
   0.272338154971826E-01
   0.312095318818028E+02
   0.303029667224328E-01
   0.303577676252324E+02
   0.295602153693276E-01
   0.297723701101856E+02
   0.288314472165102E-01
   0.293626981877936E+02
   0.286192368606572E-01
   0.293720970217725E+02
   0.295541877967286E-01
   0.290723823891136E+02
   0.292351617860881E-01
   0.288128213190791E+02
   0.290194560082844E-01
   0.285953150698879E+02
   0.288946758333381E-01
   0.284147696444332E+02
   0.288409375214160E-01
   0.282488893134268E+02
   0.288476724539698E-01
   0.280606227727309E+02
   0.288160725705284E-01
   0.278052420489666E+02
   0.284769822571415E-01
   0.274831246270618E+02
   0.277838209571360E-01
   0.271466220788144E+02
   0.269479865097329E-01
   0.268646614926038E+02
   0.261647557891962E-01
   0.267119301849800E+02
   0.256594636311111E-01
   0.267528336722838E+02
   0.251752172332061E-01
   0.270943834113652E+02
   0.243013641062598E-01
   0.277638951343477E+02
   0.248835493396014E-01
   0.290019748725115E+02
   0.259039872807479E-01
   0.313708919731710E+02
   0.260350951478702E-01
   0.319326851095924E+02
   0.255516814451456E-01
   0.313640559824139E+02
   0.261430185477752E-01
   0.303904049577229E+02
   0.285681749696057E-01
   0.300666371610455E+02
   0.288591686352007E-01
   0.300032954107498E+02
   0.290103836052242E-01
   0.300350272102662E+02
   0.286559330104369E-01
   0.302242413296622E+02
   0.284127265807257E-01
   0.307931800351073E+02
   0.267146286109296E-01
   0.314605575456886E+02
   0.273333435944131E-01
   0.318370690622818E+02
   0.270752907274849E-01
   0.318505816469100E+02
   0.281142117177977E-01
   0.313146477203931E+02
   0.296809764407479E-01
   0.314597276473001E+02
   0.280959767579735E-01
   0.326163416179057E+02
   0.261844824834918E-01
   0.325058145396693E+02
   0.286408511811489E-01
   0.313470298162462E+02
   0.309974227647780E-01
   0.306189715876621E+02
   0.306018157547506E-01
   0.300934016001655E+02
   0.301466645713650E-01
   0.297032116436424E+02
   0.298585020040286E-01
   0.295689082134591E+02
   0.304652621026326E-01
   0.292760509898999E+02
   0.301909835521067E-01
   0.290187956128588E+02
   0.299799295577885E-01
   0.287958112768896E+02
   0.297503298258133E-01
   0.286034137318038E+02
   0.295270457468496E-01
   0.284255372486489E+02
   0.294435969901867E-01
   0.282269837065854E+02
   0.293907325708381E-01
   0.279650735478421E+02
   0.290430378026804E-01
   0.276461355542182E+02
   0.283719270755963E-01
   0.273295040078452E+02
   0.276901975155392E-01
   0.270817306259200E+02
   0.271810628916250E-01
   0.269617834895250E+02
   0.267976547782256E-01
   0.270054041500083E+02
   0.260685211574255E-01
   0.273053799330142E+02
   0.252561663217046E-01
   0.279726937306322E+02
   0.260417180589071E-01
   0.291683164195976E+02
   0.275832972912211E-01
   0.313343656904372E+02
   0.262317640434463E-01
   0.319293925982490E+02
   0.256035131597326E-01
   0.315818357278313E+02
   0.258810322593262E-01
   0.306028064631786E+02
   0.289236143242087E-01
   0.303433697721465E+02
   0.298567362927846E-01
   0.303267812726441E+02
   0.300734225560892E-01
   0.303984742668003E+02
   0.298621264686570E-01
   0.305711222821311E+02
   0.297885947695138E-01
   0.309482866114658E+02
   0.278488931122589E-01
   0.314677865617422E+02
   0.280852266555537E-01
   0.320347378662759E+02
   0.279147192033566E-01
   0.322946635653751E+02
   0.286179714545633E-01
   0.317656016019864E+02
   0.316121480715898E-01
   0.316955060506455E+02
   0.305594940655946E-01
   0.324265653642296E+02
   0.278310622082698E-01
   0.321411659044687E+02
   0.304561459758196E-01
   0.313616004655537E+02
   0.316392504012924E-01
   0.307513422769390E+02
   0.315225481424315E-01
   0.302711839358035E+02
   0.311487381862998E-01
   0.298931836133370E+02
   0.307806516828973E-01
   0.296065270226014E+02
   0.303825172469021E-01
   0.293142135958094E+02
   0.301006896269432E-01
   0.290526985532033E+02
   0.298402645402176E-01
   0.288193816609935E+02
   0.295332510570046E-01
   0.286123524601098E+02
   0.292681044444130E-01
   0.284189343722867E+02
   0.291497111544198E-01
   0.282076033075102E+02
   0.290588091779008E-01
   0.279423181177841E+02
   0.287265931911528E-01
   0.276359688381765E+02
   0.281818548343614E-01
   0.273474290710973E+02
   0.276797161736947E-01
   0.271365074491370E+02
   0.273212910585512E-01
   0.270548820889126E+02
   0.270299811157878E-01
   0.271243852505394E+02
   0.263367380774538E-01
   0.274154453610727E+02
   0.255806219746055E-01
   0.280782806850590E+02
   0.265700369538830E-01
   0.292038709868313E+02
   0.279708991158018E-01
   0.311824666330711E+02
   0.257287695437153E-01
   0.318037455378820E+02
   0.255027579944878E-01
   0.316029220247666E+02
   0.258100188738672E-01
   0.307010118559005E+02
   0.289487338576231E-01
   0.305115877945566E+02
   0.305305585540444E-01
   0.305465605559907E+02
   0.310999779044180E-01
   0.306601526987680E+02
   0.308784047444776E-01
   0.308163590089796E+02
   0.305432806665747E-01
   0.310837581563226E+02
   0.290273569498259E-01
   0.314883576341124E+02
   0.288175221982197E-01
   0.319446502570875E+02
   0.291773400668657E-01
   0.324804829868317E+02
   0.293029608082355E-01
   0.321160096464986E+02
   0.322514612099490E-01
   0.318342678807833E+02
   0.321390210740919E-01
   0.320696500120024E+02
   0.297086211203903E-01
   0.318541746966317E+02
   0.312803093463924E-01
   0.312770641281359E+02
   0.318060094749426E-01
   0.307518402540948E+02
   0.317270707163288E-01
   0.303011513767259E+02
   0.311746961517577E-01
   0.299295415841707E+02
   0.307134427465660E-01
   0.295150815101929E+02
   0.288161551601403E-01
   0.292180730483360E+02
   0.283957606334153E-01
   0.289458127674736E+02
   0.279812654831290E-01
   0.286966708172203E+02
   0.275695598524878E-01
   0.284721196107832E+02
   0.272885350378188E-01
   0.282617311989368E+02
   0.271834303586892E-01
   0.280386518941875E+02
   0.271477102246462E-01
   0.277745768873967E+02
   0.269650737988326E-01
   0.274871000146221E+02
   0.267003351687501E-01
   0.272313541321062E+02
   0.265299015174338E-01
   0.270580064513020E+02
   0.264301931793842E-01
   0.270123050675153E+02
   0.263539116126013E-01
   0.271195909598888E+02
   0.260721110116301E-01
   0.274169294598782E+02
   0.254273643212647E-01
   0.280737909581792E+02
   0.266720542867542E-01
   0.291015692473720E+02
   0.276146918887594E-01
   0.309286955366444E+02
   0.254441790662699E-01
   0.315656900551164E+02
   0.255302331962461E-01
   0.314705402234845E+02
   0.256825117132852E-01
   0.306939737939921E+02
   0.296875647881538E-01
   0.305553120543108E+02
   0.309543433968696E-01
   0.306351099052287E+02
   0.316709061676424E-01
   0.308055747629810E+02
   0.317003917628770E-01
   0.309545826879402E+02
   0.310845602186547E-01
   0.311634328049491E+02
   0.300428897108883E-01
   0.314976159903466E+02
   0.302150675578362E-01
   0.318629819417685E+02
   0.303090024843018E-01
   0.324409770224103E+02
   0.301236076525426E-01
   0.324082205497782E+02
   0.313986055769208E-01
   0.318464070039069E+02
   0.323736956061496E-01
   0.317993231397414E+02
   0.304495559031143E-01
   0.315760748460228E+02
   0.310980927824052E-01
   0.311016303204825E+02
   0.310471537299351E-01
   0.306324562549119E+02
   0.306050126431958E-01
   0.302062842907927E+02
   0.298575775011747E-01
   0.298397892921273E+02
   0.292722042263551E-01
   0.293452789691525E+02
   0.268571523150347E-01
   0.290430719041936E+02
   0.263769458751572E-01
   0.287614440861983E+02
   0.259343126902295E-01
   0.285007369491694E+02
   0.255579549648361E-01
   0.282618341440391E+02
   0.252896098970125E-01
   0.280342879385917E+02
   0.251174983929298E-01
   0.277968105223514E+02
   0.249900359797204E-01
   0.275317346607559E+02
   0.248225920832213E-01
   0.272613404006065E+02
   0.247189839210265E-01
   0.270323300802089E+02
   0.247456948887215E-01
   0.268877118846924E+02
   0.248848987728969E-01
   0.268698470961609E+02
   0.251656264328936E-01
   0.270074191491858E+02
   0.254586695438866E-01
   0.273140793599955E+02
   0.251258514593947E-01
   0.279602854626908E+02
   0.267956437067049E-01
   0.288690515027497E+02
   0.270565020618531E-01
   0.305594418794826E+02
   0.254184803190478E-01
   0.311985423875987E+02
   0.256825371594876E-01
   0.311905695102953E+02
   0.255465759220207E-01
   0.305546710481529E+02
   0.299637598305097E-01
   0.304514755748297E+02
   0.305539211939782E-01
   0.305644224425831E+02
   0.311241559986573E-01
   0.308132851076333E+02
   0.317560248157190E-01
   0.309737609743536E+02
   0.314200590335530E-01
   0.311542827067710E+02
   0.307536202484137E-01
   0.314391640636022E+02
   0.312234267622394E-01
   0.317304654911808E+02
   0.312644151181463E-01
   0.321265030734679E+02
   0.314299254317162E-01
   0.323588428661990E+02
   0.310158030961952E-01
   0.317183668451085E+02
   0.317834934072760E-01
   0.315316212424101E+02
   0.305261761798870E-01
   0.312793692438392E+02
   0.303187384419747E-01
   0.308559347648163E+02
   0.295306414914829E-01
   0.304310093331101E+02
   0.288165059067961E-01
   0.300299647785984E+02
   0.280209149582890E-01
   0.296710218929232E+02
   0.273873454113998E-01
   0.291642893402937E+02
   0.258923368561015E-01
   0.288603653712784E+02
   0.253986907116826E-01
   0.285730805923002E+02
   0.249491329045304E-01
   0.283040561756679E+02
   0.245851024866913E-01
   0.280531750745035E+02
   0.243063958034865E-01
   0.278095556855037E+02
   0.240930253353330E-01
   0.275561648130342E+02
   0.239026570964367E-01
   0.272835399550826E+02
   0.236855288320295E-01
   0.270168732581546E+02
   0.235423291333149E-01
   0.267972610862801E+02
   0.235347512659772E-01
   0.266624161657746E+02
   0.237024036502302E-01
   0.266528948215221E+02
   0.241290581392928E-01
   0.268038096397775E+02
   0.248919595439403E-01
   0.271301229133715E+02
   0.256619927229465E-01
   0.277322658216040E+02
   0.270526415937428E-01
   0.285165774298229E+02
   0.261678074215206E-01
   0.300526363654557E+02
   0.253412291310233E-01
   0.306786498002766E+02
   0.257152136290267E-01
   0.307607594771070E+02
   0.256580859034044E-01
   0.302757160276841E+02
   0.304098246918922E-01
   0.302048843498245E+02
   0.301712303212090E-01
   0.303370678141751E+02
   0.298590510577879E-01
   0.306821036698053E+02
   0.310460771192143E-01
   0.308621055115051E+02
   0.315295653375643E-01
   0.310310127265652E+02
   0.310338601989502E-01
   0.312765099191992E+02
   0.317030805316831E-01
   0.315098963779964E+02
   0.320989462223462E-01
   0.317875220774357E+02
   0.327234725710265E-01
   0.320347848153429E+02
   0.310531002325256E-01
   0.314584956260628E+02
   0.313039381311806E-01
   0.312327052617555E+02
   0.304309149608730E-01
   0.309631077675870E+02
   0.295914788987574E-01
   0.305813053725878E+02
   0.285151755984542E-01
   0.302022587132040E+02
   0.277749696529421E-01
   0.298324500030506E+02
   0.270508511791535E-01
   0.294868131484698E+02
   0.264321296421072E-01
   0.290016219586615E+02
   0.266745392882187E-01
   0.287011874133158E+02
   0.260677654453850E-01
   0.284135003559885E+02
   0.255202877744982E-01
   0.281406220826270E+02
   0.250736350918552E-01
   0.278815640312806E+02
   0.247330850464168E-01
   0.276247329312896E+02
   0.244749740190393E-01
   0.273562938018813E+02
   0.242764927110563E-01
   0.270721258445985E+02
   0.240800130321011E-01
   0.267981647160820E+02
   0.239611842264682E-01
   0.265718297820729E+02
   0.239766258417173E-01
   0.264259867329137E+02
   0.241421132309974E-01
   0.263985147512964E+02
   0.245382250022978E-01
   0.265286706644278E+02
   0.253211660943849E-01
   0.268370328490282E+02
   0.263817559440954E-01
   0.273812667925878E+02
   0.274615385161548E-01
   0.280600801320314E+02
   0.257792092242426E-01
   0.293885902516905E+02
   0.250853811179120E-01
   0.299841220157606E+02
   0.252774387130806E-01
   0.301668237105000E+02
   0.261716110108511E-01
   0.298345426164955E+02
   0.305129979339098E-01
   0.298178196807117E+02
   0.299666505732500E-01
   0.299827565105212E+02
   0.290629408231580E-01
   0.304364324212520E+02
   0.297425973444559E-01
   0.306234757191311E+02
   0.318551800345891E-01
   0.307975715145533E+02
   0.318298755263896E-01
   0.309999860826475E+02
   0.323355749557256E-01
   0.311716922807729E+02
   0.325650030297634E-01
   0.313403953313675E+02
   0.328198787020293E-01
   0.314328015037887E+02
   0.320751975930450E-01
   0.310921795520743E+02
   0.320515608432108E-01
   0.308867416148315E+02
   0.314555911378665E-01
   0.306302579387315E+02
   0.304774893380873E-01
   0.303009662334813E+02
   0.294534010125099E-01
   0.299740796892651E+02
   0.287345262668790E-01
   0.296415753267158E+02
   0.280189313416092E-01
   0.293155087052829E+02
   0.273214006797083E-01
   0.288378083947952E+02
   0.290665865559534E-01
   0.285541259757516E+02
   0.283876733140144E-01
   0.282772390669542E+02
   0.277130283367487E-01
   0.280088764760266E+02
   0.271082596670351E-01
   0.277482877709720E+02
   0.266311105937358E-01
   0.274828069918493E+02
   0.262647672037190E-01
   0.272001050852479E+02
   0.259952386790940E-01
   0.268997673690554E+02
   0.257336369694191E-01
   0.266075795365455E+02
   0.255118377001681E-01
   0.263583619562333E+02
   0.253821117690827E-01
   0.261805320213322E+02
   0.252979273112502E-01
   0.261077826558503E+02
   0.252934158684022E-01
   0.261778185825506E+02
   0.255051495692505E-01
   0.264124404192042E+02
   0.260034466464539E-01
   0.268937508833195E+02
   0.275511744035961E-01
   0.275145758175733E+02
   0.270058036035496E-01
   0.285482273782197E+02
   0.243605578561547E-01
   0.291053624024477E+02
   0.252036088904427E-01
   0.293749240221761E+02
   0.271154290853448E-01
   0.292204350511809E+02
   0.302946318281618E-01
   0.292829571237667E+02
   0.294296770464506E-01
   0.295047485009177E+02
   0.282160488582227E-01
   0.301285890526954E+02
   0.282257028095506E-01
   0.302364352362230E+02
   0.316295300490656E-01
   0.304187714805791E+02
   0.322936747737080E-01
   0.305783143430864E+02
   0.324640613390499E-01
   0.306945838027349E+02
   0.324581108692915E-01
   0.307731010373584E+02
   0.321905170909870E-01
   0.307935623005864E+02
   0.321350964220338E-01
   0.305947326269721E+02
   0.326370566619636E-01
   0.304417685405558E+02
   0.327261539829726E-01
   0.302310130258806E+02
   0.321909722697353E-01
   0.299722774377366E+02
   0.316098966343701E-01
   0.297070715751174E+02
   0.310647697299574E-01
   0.294213209047312E+02
   0.304312816404810E-01
   0.291290031747629E+02
   0.297572134428627E-01
   0.285580469099122E+02
   0.314543796386147E-01
   0.283070313264990E+02
   0.310008136307643E-01
   0.280570537752001E+02
   0.303991775089999E-01
   0.278074998373886E+02
   0.296956694715199E-01
   0.275569027854486E+02
   0.290341342646240E-01
   0.272905278022518E+02
   0.284161492734318E-01
   0.269958561142974E+02
   0.278350409628310E-01
   0.266772685639082E+02
   0.272638021774750E-01
   0.263616031112891E+02
   0.267408697730177E-01
   0.260826026438423E+02
   0.263209849411157E-01
   0.258668640350209E+02
   0.259405575527697E-01
   0.257431449403721E+02
   0.255818426441539E-01
   0.257385702562027E+02
   0.252417496328775E-01
   0.258733458629233E+02
   0.249693955135265E-01
   0.262541988812185E+02
   0.258516111090177E-01
   0.268411309365213E+02
   0.277404790180038E-01
   0.275218855636014E+02
   0.246043862618155E-01
   0.280141363094651E+02
   0.253572745981678E-01
   0.283236615718344E+02
   0.272157012066174E-01
   0.284292307119499E+02
   0.293901359210150E-01
   0.286013805084767E+02
   0.286375863491738E-01
   0.289156431095320E+02
   0.266774356594490E-01
   0.295760930943971E+02
   0.282392660481825E-01
   0.296936740552206E+02
   0.310429081759785E-01
   0.298795123715376E+02
   0.322308150619756E-01
   0.300013247844811E+02
   0.319342797304010E-01
   0.300768624721574E+02
   0.318090395672024E-01
   0.300909076982657E+02
   0.314170831200347E-01
   0.300613863827224E+02
   0.313664422110794E-01
   0.299359844025023E+02
   0.319968953612249E-01
   0.298317057308133E+02
   0.325610745722175E-01
   0.296768580679960E+02
   0.326083962223535E-01
   0.294895971998542E+02
   0.326338225709097E-01
   0.292907087284386E+02
   0.325782545163219E-01
   0.290592351193004E+02
   0.322580023416521E-01
   0.288123060114416E+02
   0.318837767496239E-01
   0.280418790542597E+02
   0.313293880859472E-01
   0.278287783217473E+02
   0.312221843129565E-01
   0.276178656684131E+02
   0.310099276256324E-01
   0.274049444854690E+02
   0.305837319317394E-01
   0.271836435803434E+02
   0.300332520261514E-01
   0.269346224446700E+02
   0.293323963179072E-01
   0.266420446566163E+02
   0.284644014313413E-01
   0.263145464549616E+02
   0.275873952373651E-01
   0.259807827027769E+02
   0.268248464388635E-01
   0.256746945455280E+02
   0.262202951891334E-01
   0.254244978849087E+02
   0.257276313714182E-01
   0.252569204691978E+02
   0.253282175568641E-01
   0.251928141268186E+02
   0.249231327319997E-01
   0.252525087529393E+02
   0.243798555659162E-01
   0.255171607431876E+02
   0.239380747495752E-01
   0.260170371089074E+02
   0.251339033415275E-01
   0.265667372294416E+02
   0.252275767468157E-01
   0.269702208386024E+02
   0.254460853711655E-01
   0.272349068696884E+02
   0.255726614246042E-01
   0.274688248632067E+02
   0.274707241175777E-01
   0.277682019845371E+02
   0.278465948675126E-01
   0.282469835115681E+02
   0.245678530894613E-01
   0.287598692091701E+02
   0.287400057962009E-01
   0.289937915121179E+02
   0.306286006228069E-01
   0.291718378780961E+02
   0.310898383915313E-01
   0.292721353734965E+02
   0.308497388922044E-01
   0.293178389679485E+02
   0.306957617464194E-01
   0.292902900937760E+02
   0.302361314739718E-01
   0.292192330772002E+02
   0.299190276443622E-01
   0.291152396854319E+02
   0.302067447120140E-01
   0.290362342513579E+02
   0.307762440479974E-01
   0.289234083780976E+02
   0.310674395606440E-01
   0.287912358030706E+02
   0.314044600149517E-01
   0.286451379220385E+02
   0.316899838045539E-01
   0.284614040245602E+02
   0.316235011871750E-01
   0.282576605292561E+02
   0.314903938620878E-01
   0.272753805678167E+02
   0.292792013790607E-01
   0.270899458827708E+02
   0.292604501912770E-01
   0.269115338868734E+02
   0.293168788479295E-01
   0.267377001283615E+02
   0.293458134744783E-01
   0.265561487012252E+02
   0.292255989074487E-01
   0.263426168198579E+02
   0.288452940002332E-01
   0.260759830905540E+02
   0.281156135305643E-01
   0.257613770708153E+02
   0.272104857878153E-01
   0.254254789808311E+02
   0.263316516876663E-01
   0.251027832309693E+02
   0.255890278404921E-01
   0.248260762313384E+02
   0.250105171960950E-01
   0.246230840242308E+02
   0.245819295310347E-01
   0.245157085410831E+02
   0.242315263912513E-01
   0.245294289382819E+02
   0.238853078496727E-01
   0.247306968039875E+02
   0.237223059204604E-01
   0.251512453148756E+02
   0.245935329147948E-01
   0.255814237307435E+02
   0.246407468603116E-01
   0.258825419681576E+02
   0.245038993571049E-01
   0.260867165230681E+02
   0.244610901541481E-01
   0.263624251561394E+02
   0.255080369248401E-01
   0.267645134809334E+02
   0.264344229776027E-01
   0.273440020344389E+02
   0.236310002120676E-01
   0.278497178128642E+02
   0.276985443100599E-01
   0.281349266725690E+02
   0.288150350130902E-01
   0.283028792995746E+02
   0.291525996159026E-01
   0.283931612236478E+02
   0.292907662931221E-01
   0.284196372275191E+02
   0.292354296818769E-01
   0.283678317447149E+02
   0.288046708210315E-01
   0.282707094529962E+02
   0.283527298982851E-01
   0.281689548645802E+02
   0.283755989796104E-01
   0.280935000803290E+02
   0.287103159840851E-01
   0.279986694122219E+02
   0.289153541571704E-01
   0.278961822961917E+02
   0.291972897809020E-01
   0.277819029238909E+02
   0.294653583006399E-01
   0.276325997755670E+02
   0.294798860867741E-01
   0.274618543908843E+02
   0.293998434470668E-01
   0.263008469479476E+02
   0.269586519905780E-01
   0.261326432945645E+02
   0.268591773990157E-01
   0.259726435530873E+02
   0.268935793496714E-01
   0.258239923760578E+02
   0.270756064731725E-01
   0.256739580497532E+02
   0.272570670587705E-01
   0.254972715899493E+02
   0.272885336490074E-01
   0.252699953570146E+02
   0.270066617783872E-01
   0.249887667283860E+02
   0.264006322057383E-01
   0.246715574123843E+02
   0.256047481128650E-01
   0.243486182241093E+02
   0.247674775669124E-01
   0.240571947769949E+02
   0.240649719793461E-01
   0.238281942602477E+02
   0.235291948128574E-01
   0.236884946189081E+02
   0.231015587624596E-01
   0.236706921449095E+02
   0.227296523616574E-01
   0.238301017099332E+02
   0.226445646197778E-01
   0.241746589464608E+02
   0.232907928230205E-01
   0.245046712150930E+02
   0.233713164576446E-01
   0.247121871422655E+02
   0.230743789177216E-01
   0.248425371323505E+02
   0.227226416072361E-01
   0.251197202819759E+02
   0.234012708961077E-01
   0.255980856408164E+02
   0.244139973821842E-01
   0.262174824934266E+02
   0.240820509952107E-01
   0.268335814474444E+02
   0.261542765126472E-01
   0.271405762669541E+02
   0.267787183436865E-01
   0.272934402048895E+02
   0.270789719240821E-01
   0.273689779134675E+02
   0.273712607988865E-01
   0.273818470063834E+02
   0.274526268748858E-01
   0.273196108277465E+02
   0.271814126035365E-01
   0.272114277033667E+02
   0.267682964777781E-01
   0.271043983736679E+02
   0.266401000275704E-01
   0.270208532847766E+02
   0.267783198792683E-01
   0.269287766381834E+02
   0.268680003182651E-01
   0.268367581375185E+02
   0.270259625571124E-01
   0.267360823008807E+02
   0.271471716648512E-01
   0.266104764040424E+02
   0.271587966938808E-01
   0.264649970633070E+02
   0.270954073375634E-01
   0.251460013674624E+02
   0.247466383033597E-01
   0.249896916534030E+02
   0.245833498154160E-01
   0.248382633129403E+02
   0.245073675916130E-01
   0.246999667759718E+02
   0.245934704598170E-01
   0.245656740489727E+02
   0.247583940198403E-01
   0.244132704696866E+02
   0.249031802542610E-01
   0.242213419674967E+02
   0.249449534644496E-01
   0.239805148342040E+02
   0.247520637909861E-01
   0.236975410286535E+02
   0.242865927318758E-01
   0.233936586513193E+02
   0.236066326549829E-01
   0.231041175493938E+02
   0.228938323168273E-01
   0.228617554181112E+02
   0.222711895691252E-01
   0.227009910289065E+02
   0.217796291317552E-01
   0.226633728078960E+02
   0.214448194627974E-01
   0.227925592248368E+02
   0.213730427741945E-01
   0.230707160228943E+02
   0.216781126598791E-01
   0.233216040688192E+02
   0.216837798912534E-01
   0.234478571257587E+02
   0.214343382579517E-01
   0.234871119725953E+02
   0.207338652522237E-01
   0.237359329782943E+02
   0.211193898275138E-01
   0.242829377975846E+02
   0.220016711172488E-01
   0.250475210166977E+02
   0.234521626908643E-01
   0.257214588741915E+02
   0.246532119905123E-01
   0.260311371665684E+02
   0.247839762212507E-01
   0.261588532326106E+02
   0.249841051579002E-01
   0.262100897204612E+02
   0.252248315953777E-01
   0.262085532461953E+02
   0.253829008320239E-01
   0.261417334991866E+02
   0.253014291139373E-01
   0.260303731932906E+02
   0.250268025792750E-01
   0.259161554156586E+02
   0.248511478827027E-01
   0.258181225622461E+02
   0.248353445401242E-01
   0.257182547520209E+02
   0.248108012741136E-01
   0.256243071972079E+02
   0.248634522605763E-01
   0.255274969650178E+02
   0.248966247995109E-01
   0.254175415271439E+02
   0.249064986951091E-01
   0.252918429018867E+02
   0.248688575067855E-01
   0.238258620033755E+02
   0.226355203120572E-01
   0.236799181729043E+02
   0.224730626802945E-01
   0.235323415686684E+02
   0.223272847988857E-01
   0.233939559335951E+02
   0.222752528040698E-01
   0.232618558811766E+02
   0.223085903853743E-01
   0.231193868664055E+02
   0.223697880713131E-01
   0.229495081107817E+02
   0.224347888004292E-01
   0.227422101264351E+02
   0.224178319660992E-01
   0.224959978186013E+02
   0.222254353466698E-01
   0.222229414593614E+02
   0.218254272432819E-01
   0.219514114554698E+02
   0.213023766801411E-01
   0.217101939779715E+02
   0.207009074374396E-01
   0.215396069151240E+02
   0.201679015806508E-01
   0.214921957105874E+02
   0.198701303924944E-01
   0.216052435819010E+02
   0.198755865450599E-01
   0.218384499386059E+02
   0.200506328182209E-01
   0.220327621916505E+02
   0.200228935792617E-01
   0.220823171216700E+02
   0.197329415066798E-01
   0.220095408102399E+02
   0.187006910550540E-01
   0.222050618073822E+02
   0.187148512198618E-01
   0.228206149282706E+02
   0.197852404373469E-01
   0.237550588572836E+02
   0.218117135128760E-01
   0.245122112075028E+02
   0.233866860653277E-01
   0.248223651487603E+02
   0.232075469427524E-01
   0.249142833360761E+02
   0.231210882125852E-01
   0.249310882104174E+02
   0.231605251464621E-01
   0.249087312761468E+02
   0.232616210948062E-01
   0.248342239480401E+02
   0.232543131448085E-01
   0.247211502564619E+02
   0.231268775006947E-01
   0.245998211496586E+02
   0.230018869463673E-01
   0.244850854440356E+02
   0.228947183092005E-01
   0.243714575862142E+02
   0.227792933186437E-01
   0.242676679212752E+02
   0.227375175593724E-01
   0.241680872837731E+02
   0.227102562404383E-01
   0.240666901140090E+02
   0.227182709462731E-01
   0.239560386925781E+02
   0.227222326099252E-01
   0.223443215108750E+02
   0.204865953717726E-01
   0.222084406227678E+02
   0.203534088342051E-01
   0.220639876690561E+02
   0.201894345350296E-01
   0.219216103157819E+02
   0.200531062242721E-01
   0.217845409700052E+02
   0.199914965111861E-01
   0.216423769135329E+02
   0.199652024673401E-01
   0.214818054013871E+02
   0.199382327294762E-01
   0.212960386077012E+02
   0.199304009793310E-01
   0.210795497759648E+02
   0.198354860619299E-01
   0.208377476256862E+02
   0.196120316893337E-01
   0.205915003464116E+02
   0.192823372732546E-01
   0.203629350437021E+02
   0.187973138704103E-01
   0.201922412357444E+02
   0.182721219251936E-01
   0.201425569070393E+02
   0.180459813720489E-01
   0.202527259469837E+02
   0.182354702176487E-01
   0.204682499901107E+02
   0.185522851799896E-01
   0.206334627954430E+02
   0.186442167170492E-01
   0.206132089192555E+02
   0.182698787332177E-01
   0.203960702121322E+02
   0.166258710070019E-01
   0.205157349302692E+02
   0.159979272114767E-01
   0.211933842697148E+02
   0.175323372873720E-01
   0.223307044269810E+02
   0.210697597102742E-01
   0.231893043687841E+02
   0.230648842876651E-01
   0.235049596629263E+02
   0.224731768922908E-01
   0.235561760745992E+02
   0.218158938240883E-01
   0.235342901477714E+02
   0.214831457621235E-01
   0.234861739345339E+02
   0.213799976076439E-01
   0.233971422750965E+02
   0.212727782304890E-01
   0.232779124797768E+02
   0.211426275137482E-01
   0.231472605263987E+02
   0.210457128978953E-01
   0.230157888381562E+02
   0.209004371783210E-01
   0.228863263018692E+02
   0.207252375110543E-01
   0.227686173665260E+02
   0.206106716001887E-01
   0.226616224136110E+02
   0.205419381581042E-01
   0.225624228503536E+02
   0.205290476258152E-01
   0.224614162958256E+02
   0.205400161560939E-01
   0.206937094327647E+02
   0.187063907499893E-01
   0.205674736558768E+02
   0.185729761734443E-01
   0.204275062353723E+02
   0.183994008830314E-01
   0.202824165544314E+02
   0.182283083805395E-01
   0.201385739401494E+02
   0.180962570852707E-01
   0.199922560656783E+02
   0.179981379395207E-01
   0.198337176976017E+02
   0.178894210060098E-01
   0.196587218590367E+02
   0.178071867195433E-01
   0.194623143269327E+02
   0.177109874611707E-01
   0.192452038837861E+02
   0.175717601022104E-01
   0.190224743130084E+02
   0.174516083780704E-01
   0.188109925226145E+02
   0.172746081715949E-01
   0.186457797298184E+02
   0.169962486579448E-01
   0.185934015355081E+02
   0.168632319831039E-01
   0.187052609353515E+02
   0.171095204808917E-01
   0.189297882245976E+02
   0.176080960425344E-01
   0.191009758096171E+02
   0.178818254012864E-01
   0.190362585414860E+02
   0.175185002742379E-01
   0.186359378622648E+02
   0.135703947820930E-01
   0.186760046372504E+02
   0.128593327876584E-01
   0.193779892929871E+02
   0.146910713449697E-01
   0.206777864615841E+02
   0.200950785587186E-01
   0.216498074811231E+02
   0.228914582597492E-01
   0.220129608101771E+02
   0.226808248323514E-01
   0.220489130855804E+02
   0.217333884632231E-01
   0.219949912487159E+02
   0.210751398910162E-01
   0.219209867623650E+02
   0.206993214841224E-01
   0.218098396421322E+02
   0.203450936589127E-01
   0.216785471092988E+02
   0.200293730277832E-01
   0.215354196728508E+02
   0.197520157926310E-01
   0.213894227627532E+02
   0.194813418144962E-01
   0.212470317021088E+02
   0.192128164086150E-01
   0.211158427696733E+02
   0.190103387935434E-01
   0.209990696240428E+02
   0.188711674835475E-01
   0.208973509675340E+02
   0.188056312593546E-01
   0.208007445862961E+02
   0.187739886017854E-01
   0.188523924624765E+02
   0.174329927947633E-01
   0.187330935004551E+02
   0.173265832986909E-01
   0.185970581668120E+02
   0.171853938916171E-01
   0.184500334773927E+02
   0.169954601834735E-01
   0.183006753715839E+02
   0.168201700192291E-01
   0.181503125468888E+02
   0.166767509910128E-01
   0.179926652174919E+02
   0.165438312690096E-01
   0.178245146559521E+02
   0.164275765527915E-01
   0.176428736008205E+02
   0.163471133801497E-01
   0.174454365645468E+02
   0.162452840336487E-01
   0.172420309150843E+02
   0.161379170470147E-01
   0.170476738053437E+02
   0.160071199287906E-01
   0.168926088643700E+02
   0.157969133850800E-01
   0.168390763040916E+02
   0.156610658760020E-01
   0.169489568769949E+02
   0.158457470424357E-01
   0.171937265468761E+02
   0.164725032467935E-01
   0.174022040133770E+02
   0.171047755846107E-01
   0.173411853042456E+02
   0.169323012595740E-01
   0.167889121014956E+02
   0.124821597420440E-01
   0.167394567266723E+02
   0.114519124653169E-01
   0.173818577033767E+02
   0.126363942962557E-01
   0.187382636071533E+02
   0.188324456462778E-01
   0.197345139371677E+02
   0.214724404360001E-01
   0.201714266116807E+02
   0.219077779361688E-01
   0.202629567067415E+02
   0.213310220085971E-01
   0.202314978340156E+02
   0.207872522853940E-01
   0.201598835104939E+02
   0.203180841352755E-01
   0.200411429022394E+02
   0.197649567055097E-01
   0.199019691815856E+02
   0.192854344618806E-01
   0.197455774903292E+02
   0.188375306854481E-01
   0.195855977440047E+02
   0.184522860905373E-01
   0.194333026226465E+02
   0.181380624127061E-01
   0.192900954735256E+02
   0.178811392991759E-01
   0.191613663455442E+02
   0.176736541265669E-01
   0.190517883055220E+02
   0.175458799205558E-01
   0.189536043697546E+02
   0.174834682716113E-01
   0.168185108056374E+02
   0.163400468696203E-01
   0.167015757970402E+02
   0.162158056456932E-01
   0.165670239593976E+02
   0.160619768111668E-01
   0.164202011489723E+02
   0.158775072628989E-01
   0.162681378479658E+02
   0.156932200072144E-01
   0.161161030061165E+02
   0.155411241284144E-01
   0.159608003469503E+02
   0.154069994790460E-01
   0.158005726722852E+02
   0.152891058703973E-01
   0.156330643863884E+02
   0.151904399899956E-01
   0.154569032492120E+02
   0.151013942649903E-01
   0.152777302628341E+02
   0.150175980826836E-01
   0.151074556965337E+02
   0.149185086151663E-01
   0.149713046764500E+02
   0.147823841801432E-01
   0.149208709276665E+02
   0.146956110918676E-01
   0.150182058909376E+02
   0.148216032597770E-01
   0.152648596337725E+02
   0.153781284499376E-01
   0.155075392115750E+02
   0.162407248085419E-01
   0.155111326299884E+02
   0.167386510955113E-01
   0.148978350133116E+02
   0.121136442652339E-01
   0.147776000861398E+02
   0.111832766414879E-01
   0.152741426804934E+02
   0.119758354974429E-01
   0.164284250161543E+02
   0.161340898345360E-01
   0.173132046474178E+02
   0.180829162457230E-01
   0.177991445455499E+02
   0.190267940343755E-01
   0.179957867299122E+02
   0.191433736823253E-01
   0.180557419232088E+02
   0.191452347127516E-01
   0.180544135391356E+02
   0.190928789222849E-01
   0.179861975860182E+02
   0.187801626289073E-01
   0.178797895624220E+02
   0.184378205574452E-01
   0.177378033132322E+02
   0.180173917822578E-01
   0.175804917650768E+02
   0.176028996614528E-01
   0.174240211547327E+02
   0.172554682867440E-01
   0.172745652679983E+02
   0.169616933620485E-01
   0.171391708020362E+02
   0.167191476177657E-01
   0.170225509327527E+02
   0.165449595732718E-01
   0.169186732280118E+02
   0.164191782646129E-01
   0.145567246621736E+02
   0.152011610268170E-01
   0.144443036626912E+02
   0.150775076879042E-01
   0.143137754695828E+02
   0.149275026044402E-01
   0.141699671386522E+02
   0.147452382191726E-01
   0.140168635282904E+02
   0.145350071014126E-01
   0.138679632663885E+02
   0.143890704862966E-01
   0.137195313800946E+02
   0.142692730069992E-01
   0.135718456632981E+02
   0.141803677992528E-01
   0.134231756349574E+02
   0.141049571027667E-01
   0.132730879727842E+02
   0.140602772311718E-01
   0.131234444544635E+02
   0.140180351331239E-01
   0.129836666092369E+02
   0.139680300654682E-01
   0.128729755138049E+02
   0.139008608702184E-01
   0.128285033969914E+02
   0.138441228261740E-01
   0.129017396893860E+02
   0.139217472186971E-01
   0.131090496123632E+02
   0.143028045051164E-01
   0.133437273852564E+02
   0.150297568822344E-01
   0.134225181297272E+02
   0.159935695144772E-01
   0.129963861561840E+02
   0.134524509407277E-01
   0.128361325509907E+02
   0.128637170449029E-01
   0.130774474405293E+02
   0.124126474050681E-01
   0.137546598144522E+02
   0.132754774474076E-01
   0.143868141449899E+02
   0.139179290377520E-01
   0.148515001305161E+02
   0.147286302734123E-01
   0.151386765464679E+02
   0.153162008475082E-01
   0.153086882320763E+02
   0.157894620233987E-01
   0.154174896177990E+02
   0.162457013450983E-01
   0.154531772523808E+02
   0.164782979481267E-01
   0.154301106040017E+02
   0.165535495427640E-01
   0.153493714614003E+02
   0.164313764140601E-01
   0.152361129866575E+02
   0.162075309685606E-01
   0.151090853074701E+02
   0.159741697440484E-01
   0.149796201352260E+02
   0.157430960016648E-01
   0.148583500637552E+02
   0.155478008788830E-01
   0.147519661191406E+02
   0.154100477983190E-01
   0.146545734388580E+02
   0.152990917943604E-01
   0.118951349643781E+02
   0.134529050340806E-01
   0.118002425831091E+02
   0.133973728594434E-01
   0.116843721740060E+02
   0.132851212310187E-01
   0.115608915952685E+02
   0.131756629239312E-01
   0.114302627482944E+02
   0.130556681180606E-01
   0.112993200404756E+02
   0.129584779094495E-01
   0.111700086700495E+02
   0.128848848329560E-01
   0.110433389566080E+02
   0.128382253316764E-01
   0.109181497095675E+02
   0.128047242985949E-01
   0.107944308133836E+02
   0.127836145906791E-01
   0.106745115048642E+02
   0.127614598234128E-01
   0.105655975570541E+02
   0.127279212933058E-01
   0.104803610002704E+02
   0.126824877261860E-01
   0.104415040464129E+02
   0.126316856868136E-01
   0.104851165243304E+02
   0.126625426772703E-01
   0.106133247358602E+02
   0.128446943055694E-01
   0.107745319784907E+02
   0.132432146711926E-01
   0.108262680818656E+02
   0.137072223128817E-01
   0.105997815222852E+02
   0.127765395174765E-01
   0.104411093547778E+02
   0.120484029398849E-01
   0.104962954071498E+02
   0.113879171142706E-01
   0.108017522167437E+02
   0.112279796291204E-01
   0.111811460586437E+02
   0.113050036048357E-01
   0.115404391276308E+02
   0.116871304881609E-01
   0.118249226971634E+02
   0.120962126293167E-01
   0.120433596958521E+02
   0.125012431563358E-01
   0.122199939288266E+02
   0.129731511274551E-01
   0.123402629596127E+02
   0.133715901550708E-01
   0.124032272311017E+02
   0.136586775496671E-01
   0.124051376270669E+02
   0.137771405615506E-01
   0.123614266975073E+02
   0.137682517513380E-01
   0.122911649935778E+02
   0.137006582127750E-01
   0.122081907570425E+02
   0.136143483811596E-01
   0.121228532696362E+02
   0.135333535187265E-01
   0.120470991035849E+02
   0.135007981430752E-01
   0.119739579201722E+02
   0.134776784662353E-01
   0.860695048065722E+01
   0.108790872342406E-01
   0.854126466120721E+01
   0.108843278199779E-01
   0.846288166642808E+01
   0.108695972305737E-01
   0.837298683817952E+01
   0.108411452560971E-01
   0.827327057053025E+01
   0.107929682426303E-01
   0.816843485981029E+01
   0.107354943697133E-01
   0.806262389480523E+01
   0.106829098718403E-01
   0.795811556040661E+01
   0.106454890718162E-01
   0.785502592911109E+01
   0.106193932426346E-01
   0.775416427851341E+01
   0.105918236827666E-01
   0.765995868265040E+01
   0.105574344489642E-01
   0.757820480017866E+01
   0.105142332792937E-01
   0.751684454387074E+01
   0.104705344426378E-01
   0.748480287606744E+01
   0.104216878121011E-01
   0.749570160523600E+01
   0.104003553795059E-01
   0.755224081783432E+01
   0.104705132218301E-01
   0.763188035310280E+01
   0.107061347978297E-01
   0.765740445635782E+01
   0.109515448090456E-01
   0.754701512339275E+01
   0.105796519919685E-01
   0.742631742064155E+01
   0.100890355313398E-01
   0.739217510594988E+01
   0.963912942085752E-02
   0.749052360997782E+01
   0.936507591025966E-02
   0.767423227656645E+01
   0.925527265898524E-02
   0.789237949590140E+01
   0.929588227358957E-02
   0.810343241503916E+01
   0.940318576638082E-02
   0.829480338901977E+01
   0.955141709765843E-02
   0.846784292097147E+01
   0.978135421510308E-02
   0.861357821582908E+01
   0.100668232992654E-01
   0.872101346175032E+01
   0.103446385483391E-01
   0.878180558612882E+01
   0.105371299085009E-01
   0.880244185475785E+01
   0.106458888577668E-01
   0.879437615894381E+01
   0.107013348788475E-01
   0.876855101120607E+01
   0.107282526717394E-01
   0.873500429644653E+01
   0.107587409680772E-01
   0.869914593583433E+01
   0.108010307465210E-01
   0.865815138261940E+01
   0.108463465919614E-01
   0.445204713842913E+01
   0.774762205970623E-02
   0.441529801102633E+01
   0.777818100828585E-02
   0.436564879634543E+01
   0.778074139386526E-02
   0.430417702388271E+01
   0.775921655894799E-02
   0.423312218916789E+01
   0.771930476815783E-02
   0.415500223994151E+01
   0.766244835368903E-02
   0.407100348386509E+01
   0.759702803349163E-02
   0.398454030916167E+01
   0.753835513422191E-02
   0.389612934677330E+01
   0.748197231499048E-02
   0.380850441186171E+01
   0.742304104561308E-02
   0.373683403678929E+01
   0.737910141002526E-02
   0.368090503381198E+01
   0.734728377704705E-02
   0.363977403295609E+01
   0.732655732572276E-02
   0.361578679805418E+01
   0.732114406240734E-02
   0.361003733309037E+01
   0.733830222801286E-02
   0.362128175373838E+01
   0.740273851886892E-02
   0.364333259879873E+01
   0.754107543849833E-02
   0.364940128867618E+01
   0.769493387859148E-02
   0.361769096225648E+01
   0.771967788661613E-02
   0.357093472534640E+01
   0.760354845520719E-02
   0.354500891096841E+01
   0.740214022569036E-02
   0.356184520244376E+01
   0.717628243878179E-02
   0.362371108562228E+01
   0.698423813862727E-02
   0.372151373618705E+01
   0.685980379497080E-02
   0.384184976661860E+01
   0.681774453402468E-02
   0.397384371338520E+01
   0.686288634618419E-02
   0.410777364974429E+01
   0.697973576633363E-02
   0.423226951166233E+01
   0.713936534519801E-02
   0.433703812701363E+01
   0.730882163746295E-02
   0.441460045554570E+01
   0.744866673075146E-02
   0.446366146558796E+01
   0.753508160902642E-02
   0.448913752927206E+01
   0.757760211010868E-02
   0.449856585463399E+01
   0.760078320043645E-02
   0.449828029968653E+01
   0.762740613882248E-02
   0.449106131630527E+01
   0.766112406670430E-02
   0.447642537604465E+01
   0.770212789270583E-02
  -0.748263548606560E+00
   0.533703271521942E-02
  -0.762713745803272E+00
   0.534136860623420E-02
  -0.783734939175802E+00
   0.534310314844026E-02
  -0.811451266726655E+00
   0.534110100065419E-02
  -0.844646832659878E+00
   0.533631344199154E-02
  -0.882124784993226E+00
   0.532951654261285E-02
  -0.922761557967075E+00
   0.532142649273337E-02
  -0.965486831760764E+00
   0.531251924611473E-02
  -0.100905582993858E+01
   0.530291527695117E-02
  -0.105165730001406E+01
   0.529321666277653E-02
  -0.109102309540008E+01
   0.528475441722087E-02
  -0.112705907208637E+01
   0.527630599912010E-02
  -0.116004171280855E+01
   0.526676631212952E-02
  -0.119029001816552E+01
   0.525561131653420E-02
  -0.121796346562418E+01
   0.524334410369960E-02
  -0.124310953189657E+01
   0.523147101633245E-02
  -0.126626607797394E+01
   0.522052677688630E-02
  -0.128557788772890E+01
   0.521186657472430E-02
  -0.130154264604093E+01
   0.519922158550179E-02
  -0.131365430619014E+01
   0.517769577430779E-02
  -0.131631513958534E+01
   0.515199561123780E-02
  -0.130494899750751E+01
   0.512821031054259E-02
  -0.127729989191718E+01
   0.511216748671519E-02
  -0.123381634707567E+01
   0.510765670790020E-02
  -0.117729758677439E+01
   0.511583383775830E-02
  -0.111227175533483E+01
   0.513515382085210E-02
  -0.104432503035626E+01
   0.516158702335820E-02
  -0.978774917431427E+00
   0.519044870533760E-02
  -0.919557943898091E+00
   0.521797360434268E-02
  -0.869054820475355E+00
   0.524153101452162E-02
  -0.828054654756238E+00
   0.526028098124027E-02
  -0.796007092288616E+00
   0.527547769172692E-02
  -0.771888656732710E+00
   0.528911783321223E-02
  -0.754951902891920E+00
   0.530255375235176E-02
  -0.745066498214367E+00
   0.531575936924651E-02
  -0.742605618425557E+00
   0.532779545442390E-02
