   0.198209916619377E+01
   0.416403153908491E-02
   0.882881467160180E+00
   0.397634936292298E-02
   0.165260911108060E+00
   0.383381527250065E-02
  -0.247278953877237E+00
   0.373052165573602E-02
  -0.333984963072015E+00
   0.366647784261378E-02
   0.359251224058339E-01
   0.364634704878855E-02
  -0.450740924315670E+00
   0.368973065756593E-02
  -0.418078847860555E+00
   0.378361889369381E-02
   0.109485970804964E+00
   0.392899565424657E-02
   0.113233069577310E+01
   0.412733898636223E-02
   0.265882597167906E+01
   0.437879581258211E-02
   0.491575800189576E+01
   0.467567488888473E-02
   0.816315940562109E+01
   0.500666596989235E-02
   0.110140929209639E+02
   0.535311098594135E-02
   0.135834859513442E+02
   0.569603416984932E-02
   0.158957084980652E+02
   0.602008996460848E-02
   0.178588510681538E+02
   0.631441880237813E-02
   0.194511452514433E+02
   0.657211170602960E-02
   0.206891563055346E+02
   0.678927501670875E-02
   0.216079206738893E+02
   0.696602156143539E-02
   0.222476432071071E+02
   0.710624354574884E-02
   0.226432781332265E+02
   0.721248778008067E-02
   0.228158566769452E+02
   0.728439731301591E-02
   0.227663790774927E+02
   0.731851324662398E-02
   0.224759649116177E+02
   0.730849769084614E-02
   0.219112311705030E+02
   0.724833324891035E-02
   0.210273879126206E+02
   0.713513193653300E-02
   0.197675828299966E+02
   0.696702859881450E-02
   0.180600962677428E+02
   0.674282346194802E-02
   0.158158999413730E+02
   0.646406307044567E-02
   0.129293039690299E+02
   0.613748021751993E-02
   0.928148429184827E+01
   0.577614250866725E-02
   0.645164227792591E+01
   0.539951728726742E-02
   0.437765200245571E+01
   0.503140098048357E-02
   0.297374270839895E+01
   0.469433673096702E-02
   0.218256135818335E+01
   0.440351440729753E-02
   0.494811848733746E+01
   0.523755575178893E-02
   0.553342942928832E+01
   0.504562755746882E-02
   0.532146897422234E+01
   0.487431064976749E-02
   0.450174443638834E+01
   0.469832177946233E-02
   0.292271003334757E+01
   0.456419541132479E-02
   0.219655130825432E+01
   0.450105112754046E-02
   0.196037675443816E+01
   0.450368325389119E-02
   0.218544057759440E+01
   0.457846486889294E-02
   0.292392132373262E+01
   0.471358971705831E-02
   0.435261949634754E+01
   0.489215857386108E-02
   0.461164575003750E+01
   0.514257225000882E-02
   0.548389864661638E+01
   0.544080697539091E-02
   0.705159865314831E+01
   0.589076808038742E-02
   0.922062188288323E+01
   0.641092550161907E-02
   0.121168329619091E+02
   0.691380747811666E-02
   0.160696677810117E+02
   0.737844123178935E-02
   0.187757873664731E+02
   0.779576901364277E-02
   0.205756166319394E+02
   0.815023155893825E-02
   0.217185016685611E+02
   0.840357092219679E-02
   0.224004606580932E+02
   0.854862810259457E-02
   0.227904654634530E+02
   0.867276920734308E-02
   0.230319463015007E+02
   0.880472175910524E-02
   0.232223609465688E+02
   0.894776684527409E-02
   0.233619808134736E+02
   0.909429494249649E-02
   0.233660690696084E+02
   0.918169910190536E-02
   0.231589753907794E+02
   0.915682476466192E-02
   0.226947486273249E+02
   0.905918808992692E-02
   0.219383930632525E+02
   0.890208344912453E-02
   0.208331079410219E+02
   0.866566068704221E-02
   0.192649296270794E+02
   0.832669950163189E-02
   0.170667245566225E+02
   0.787963254663934E-02
   0.140672090774031E+02
   0.735097157029936E-02
   0.101298527859054E+02
   0.676416470373024E-02
   0.758163574793269E+01
   0.621009908246849E-02
   0.600968694000611E+01
   0.577204140234113E-02
   0.515773472418797E+01
   0.546742696849297E-02
   0.743565965620030E+01
   0.690518450097653E-02
   0.706301893079576E+01
   0.671588456417600E-02
   0.657684634012413E+01
   0.651276510175827E-02
   0.591720005504350E+01
   0.615963947435800E-02
   0.519601098548061E+01
   0.582785952914777E-02
   0.477178218507743E+01
   0.575164311294286E-02
   0.464356064023752E+01
   0.581204998126428E-02
   0.482479299738909E+01
   0.597346739343309E-02
   0.531873075492205E+01
   0.618609288695677E-02
   0.618979813049549E+01
   0.644435927673163E-02
   0.757367083310581E+01
   0.665374977104901E-02
   0.793292110515148E+01
   0.646141233034796E-02
   0.950386646189022E+01
   0.701971770625539E-02
   0.116472053843737E+02
   0.767706619636652E-02
   0.143705460483327E+02
   0.814702397776884E-02
   0.180822810996054E+02
   0.861712746591932E-02
   0.203984567574435E+02
   0.912223844537344E-02
   0.217788351939098E+02
   0.965124688158617E-02
   0.224808627815675E+02
   0.995574641225622E-02
   0.227066704457636E+02
   0.982594917075294E-02
   0.226733120823169E+02
   0.986290199102828E-02
   0.226253457225256E+02
   0.100067950841030E-01
   0.228276292790456E+02
   0.102174055077779E-01
   0.232495189461264E+02
   0.106168164756269E-01
   0.235386078267839E+02
   0.109125639879840E-01
   0.235489210103308E+02
   0.107740268327638E-01
   0.232745935060348E+02
   0.106286159037997E-01
   0.227687038714045E+02
   0.105174160584505E-01
   0.220684121357218E+02
   0.103202107878361E-01
   0.210343648491298E+02
   0.994673953733339E-02
   0.193398637864818E+02
   0.937359215259054E-02
   0.166813471229436E+02
   0.879842906666246E-02
   0.127604757108505E+02
   0.807126494669879E-02
   0.103134314777784E+02
   0.748851910046441E-02
   0.887265486381930E+01
   0.720345347729704E-02
   0.799839674202839E+01
   0.710092218959571E-02
   0.102234401217370E+02
   0.900980834001983E-02
   0.966779787077342E+01
   0.868327572427268E-02
   0.910012044894758E+01
   0.834410105801761E-02
   0.850804728834917E+01
   0.800455087519228E-02
   0.793553509065656E+01
   0.762273109802201E-02
   0.755833282258457E+01
   0.744689960120629E-02
   0.741026599733786E+01
   0.748432113622592E-02
   0.747338406903906E+01
   0.760187266098954E-02
   0.773499446021018E+01
   0.771003748707547E-02
   0.821404748925693E+01
   0.770746533687392E-02
   0.896503343179146E+01
   0.775274002727310E-02
   0.100849750014767E+02
   0.751391492098296E-02
   0.128831309682024E+02
   0.831315570363492E-02
   0.153287145814869E+02
   0.868920204764994E-02
   0.177267038398899E+02
   0.894762019381281E-02
   0.200898540539766E+02
   0.932567296058485E-02
   0.217595053215672E+02
   0.979701736482283E-02
   0.226608994197561E+02
   0.102545290647402E-01
   0.229153895738724E+02
   0.105141583021969E-01
   0.226659152721899E+02
   0.105659111333631E-01
   0.221174043647110E+02
   0.106879425522693E-01
   0.215950743919917E+02
   0.107661817676168E-01
   0.218423974037563E+02
   0.109526336624414E-01
   0.228317135601610E+02
   0.117783171703419E-01
   0.234447666805930E+02
   0.120352422740639E-01
   0.235855165553350E+02
   0.117736809834723E-01
   0.233394973827319E+02
   0.118960698735329E-01
   0.228987282362878E+02
   0.116185858350764E-01
   0.225476307620483E+02
   0.113790285578312E-01
   0.221404193326136E+02
   0.111083000245457E-01
   0.210082073913254E+02
   0.106776829462976E-01
   0.187671716849667E+02
   0.101659237286310E-01
   0.151231703067350E+02
   0.963690437747520E-02
   0.129343253101157E+02
   0.932099711995267E-02
   0.116668581010005E+02
   0.924239180637431E-02
   0.108470446298488E+02
   0.916188500302052E-02
   0.127423674549613E+02
   0.111804555341369E-01
   0.121447333200653E+02
   0.106857205328180E-01
   0.115630188839097E+02
   0.101627361504619E-01
   0.110190564678493E+02
   0.974996406315987E-02
   0.105305387537104E+02
   0.938441443759951E-02
   0.101704632390309E+02
   0.914487350943947E-02
   0.996749166024459E+01
   0.905744373102765E-02
   0.991471818874791E+01
   0.904391891752301E-02
   0.100051047665013E+02
   0.901324603068253E-02
   0.102668413056233E+02
   0.892198452243616E-02
   0.107747342633453E+02
   0.868946351841448E-02
   0.118297796608986E+02
   0.853233493607130E-02
   0.145183895866818E+02
   0.924646608676975E-02
   0.170938326689172E+02
   0.941397786347239E-02
   0.193438447641639E+02
   0.955141975454159E-02
   0.213363818176738E+02
   0.992512076401289E-02
   0.226765618622772E+02
   0.104766450160857E-01
   0.232004202650110E+02
   0.109850871251014E-01
   0.230685535952615E+02
   0.111680073439001E-01
   0.223581854901631E+02
   0.111165101740143E-01
   0.212282050015017E+02
   0.113660812817312E-01
   0.198709078946452E+02
   0.112130741963465E-01
   0.201744243772780E+02
   0.116374825194168E-01
   0.223018980861192E+02
   0.127341733394617E-01
   0.232060692245172E+02
   0.124925149353300E-01
   0.233850591280147E+02
   0.126168899904305E-01
   0.230120582229139E+02
   0.127969126299327E-01
   0.224133944273088E+02
   0.124575904527883E-01
   0.223814476765090E+02
   0.120243042781141E-01
   0.228306929547821E+02
   0.118877968011295E-01
   0.222992421960423E+02
   0.115233588441818E-01
   0.204679351824635E+02
   0.111984670708464E-01
   0.171036346105716E+02
   0.110685345486448E-01
   0.151807483752818E+02
   0.109881367099092E-01
   0.140935942986626E+02
   0.112985209542459E-01
   0.133629143086405E+02
   0.114366471906200E-01
   0.148830644102778E+02
   0.129892296158793E-01
   0.142853234986165E+02
   0.122908578931029E-01
   0.137276469741071E+02
   0.116511936940202E-01
   0.132369492823858E+02
   0.112061916780911E-01
   0.128140769102543E+02
   0.108835443748011E-01
   0.124792699559434E+02
   0.106337996451262E-01
   0.122455119222107E+02
   0.104512314808491E-01
   0.121142024563418E+02
   0.103153859592151E-01
   0.120911156215169E+02
   0.101808286618053E-01
   0.122137933572666E+02
   0.100800497449503E-01
   0.125495429987151E+02
   0.994816323961061E-02
   0.133092631968211E+02
   0.965176614075845E-02
   0.150730544505285E+02
   0.976820875541945E-02
   0.179576647808688E+02
   0.101229564666987E-01
   0.201223793079087E+02
   0.101809324296721E-01
   0.220684649070870E+02
   0.106367293692437E-01
   0.232670972162479E+02
   0.113202589040397E-01
   0.234462492095701E+02
   0.118666584702742E-01
   0.229915458620978E+02
   0.117889130930019E-01
   0.218568390519502E+02
   0.119062493905217E-01
   0.201812053479519E+02
   0.120382775839928E-01
   0.193426414260634E+02
   0.120388827672354E-01
   0.197336457525202E+02
   0.123072074244845E-01
   0.219709284018390E+02
   0.131136027343986E-01
   0.228883885780164E+02
   0.130398061791265E-01
   0.230186275395432E+02
   0.133857556108153E-01
   0.223893668162538E+02
   0.133905527474240E-01
   0.213036334090062E+02
   0.129368140299519E-01
   0.215491821235155E+02
   0.123817242291195E-01
   0.233028748076074E+02
   0.123329905374190E-01
   0.233474149895126E+02
   0.121565604250952E-01
   0.218804674696669E+02
   0.120492543466659E-01
   0.187660494079623E+02
   0.124807354586784E-01
   0.170927517916864E+02
   0.128003087206204E-01
   0.161641758024192E+02
   0.134335829157789E-01
   0.154951284409355E+02
   0.134571809463937E-01
   0.166516869326255E+02
   0.142386840405557E-01
   0.160822908594193E+02
   0.134343155622531E-01
   0.155749409751882E+02
   0.128066456194593E-01
   0.151454558707783E+02
   0.124143339928014E-01
   0.147809322383410E+02
   0.121512235619353E-01
   0.144774860032743E+02
   0.119230914998019E-01
   0.142359830058427E+02
   0.116967640594022E-01
   0.140608293169879E+02
   0.114857916866672E-01
   0.139673875450773E+02
   0.113186964242921E-01
   0.139957070751982E+02
   0.112681249288020E-01
   0.141946978210605E+02
   0.112397979225348E-01
   0.146944071654125E+02
   0.108958024395504E-01
   0.158754811603590E+02
   0.104004813201746E-01
   0.183355248680530E+02
   0.104946677198265E-01
   0.203086899906699E+02
   0.108094284679956E-01
   0.224272953669973E+02
   0.112115773281003E-01
   0.236220722265273E+02
   0.123303653541325E-01
   0.233983612466564E+02
   0.129698544758157E-01
   0.227011560708184E+02
   0.127259157276026E-01
   0.211654388512784E+02
   0.128209491829359E-01
   0.200716617232108E+02
   0.131508082467774E-01
   0.195597150037069E+02
   0.133078612225169E-01
   0.198705132871121E+02
   0.130875931773655E-01
   0.216572803957324E+02
   0.134506443995511E-01
   0.224271921913134E+02
   0.136244199454758E-01
   0.225078092874643E+02
   0.137520750997060E-01
   0.215628914396809E+02
   0.138061148652691E-01
   0.210382678214506E+02
   0.134187893818668E-01
   0.215460608395483E+02
   0.128982231594344E-01
   0.237781975708853E+02
   0.123712636598649E-01
   0.242083762080811E+02
   0.125136854825934E-01
   0.230447343945364E+02
   0.127824360887244E-01
   0.201632353775745E+02
   0.138641340342250E-01
   0.187138226312771E+02
   0.147905230528438E-01
   0.178837329974784E+02
   0.152904723505329E-01
   0.172487667922772E+02
   0.149512697998134E-01
   0.181007972649155E+02
   0.151365681844536E-01
   0.175855795119655E+02
   0.144757970795288E-01
   0.171417793034577E+02
   0.140255305285871E-01
   0.167722053147840E+02
   0.137694566003718E-01
   0.164569442174935E+02
   0.135422626053837E-01
   0.161853049388490E+02
   0.133093629603403E-01
   0.159505256465486E+02
   0.130400033552127E-01
   0.157556103065196E+02
   0.127681370613612E-01
   0.156178682503981E+02
   0.125519100352363E-01
   0.155740836624614E+02
   0.124993762439208E-01
   0.156602548156931E+02
   0.125071750319831E-01
   0.159512958880411E+02
   0.120867949183713E-01
   0.166937374784885E+02
   0.113581304277239E-01
   0.182571849865243E+02
   0.109403736836111E-01
   0.199363816796916E+02
   0.115867090653996E-01
   0.225078332882192E+02
   0.118976889929732E-01
   0.238353603900737E+02
   0.133932270588843E-01
   0.230241616810887E+02
   0.144176332540209E-01
   0.222170325847302E+02
   0.140244662999988E-01
   0.212231446724055E+02
   0.138799164138415E-01
   0.204735783444867E+02
   0.147341762559885E-01
   0.201100351635294E+02
   0.147725738093611E-01
   0.202723257240505E+02
   0.141294836735927E-01
   0.211771238911130E+02
   0.137622329904322E-01
   0.217506109050311E+02
   0.139011339402401E-01
   0.218784860520849E+02
   0.142828727278690E-01
   0.214861197654278E+02
   0.144850704221295E-01
   0.212977981738699E+02
   0.144646130799363E-01
   0.218838825468534E+02
   0.136766851718612E-01
   0.241899490094912E+02
   0.123015200484214E-01
   0.248858534464401E+02
   0.128499299575539E-01
   0.239812036089441E+02
   0.135147442936269E-01
   0.213457752445606E+02
   0.154698450829889E-01
   0.200497133807017E+02
   0.164300212426070E-01
   0.192597779940705E+02
   0.162604715312695E-01
   0.186589928053849E+02
   0.158197661785969E-01
   0.192891963561026E+02
   0.162670467297560E-01
   0.188387394716070E+02
   0.158924102707297E-01
   0.184531123774936E+02
   0.156003388632065E-01
   0.181330538572345E+02
   0.154249636780853E-01
   0.178611100451408E+02
   0.152534841962818E-01
   0.176231788135546E+02
   0.150790843799659E-01
   0.174063357610292E+02
   0.148714845653214E-01
   0.172076049339324E+02
   0.146508294697682E-01
   0.170395696363827E+02
   0.144432948089190E-01
   0.169286229944884E+02
   0.142299103835774E-01
   0.169106422158691E+02
   0.139421632575667E-01
   0.170502921417065E+02
   0.132783261866406E-01
   0.175194325022511E+02
   0.125207250008851E-01
   0.186361883024382E+02
   0.119475286654942E-01
   0.199619495147526E+02
   0.119407953282158E-01
   0.223931986267173E+02
   0.119959402299791E-01
   0.240305687853654E+02
   0.140317612128272E-01
   0.232148975544904E+02
   0.158667506429402E-01
   0.223815996657077E+02
   0.153295071219696E-01
   0.217159454097856E+02
   0.148579991665806E-01
   0.210572983682858E+02
   0.158842106741317E-01
   0.207457254672277E+02
   0.157945047800906E-01
   0.208182625682777E+02
   0.151439244062586E-01
   0.213205713243824E+02
   0.148868116436767E-01
   0.217994506897268E+02
   0.148282776794189E-01
   0.219683424210999E+02
   0.152856860065514E-01
   0.218283643197393E+02
   0.155033093025035E-01
   0.217818376085682E+02
   0.154916543152245E-01
   0.223070011856828E+02
   0.144035296158189E-01
   0.244551186043941E+02
   0.125055929921131E-01
   0.253769892410864E+02
   0.133926504827451E-01
   0.247008945030414E+02
   0.143503025287655E-01
   0.223016464766160E+02
   0.169993185377634E-01
   0.210986705063358E+02
   0.173481397283932E-01
   0.203402609414803E+02
   0.168346868819775E-01
   0.197883770968714E+02
   0.166430441077862E-01
   0.202613499058605E+02
   0.174913687357694E-01
   0.198693213834871E+02
   0.172498356248319E-01
   0.195319951321900E+02
   0.170330244488757E-01
   0.192525458745224E+02
   0.168903565974733E-01
   0.190184209673473E+02
   0.167867000403931E-01
   0.188122541275594E+02
   0.166942500956749E-01
   0.186149579325172E+02
   0.165698391951081E-01
   0.184144415628497E+02
   0.163889732636487E-01
   0.182184735271173E+02
   0.161790184430418E-01
   0.180496396388943E+02
   0.158784270111319E-01
   0.179472876371754E+02
   0.154559946116812E-01
   0.179773769052694E+02
   0.147636598386828E-01
   0.182837599282510E+02
   0.136244003849994E-01
   0.192273316135692E+02
   0.130683811304421E-01
   0.201752460305306E+02
   0.129602255396704E-01
   0.220043768479303E+02
   0.124359499074671E-01
   0.242169161536466E+02
   0.144598687756832E-01
   0.236923983604304E+02
   0.168338738115554E-01
   0.228102892114341E+02
   0.170475661415236E-01
   0.224522680905998E+02
   0.156521049157505E-01
   0.216443281225445E+02
   0.169970584123198E-01
   0.213503531632079E+02
   0.167891516745849E-01
   0.213624431444969E+02
   0.164149752027444E-01
   0.216825163992164E+02
   0.160871065564141E-01
   0.221661176599187E+02
   0.160596617505713E-01
   0.223605921582309E+02
   0.165849404063215E-01
   0.223419597097769E+02
   0.166858665983634E-01
   0.223218655353013E+02
   0.164892034698911E-01
   0.226973959490618E+02
   0.152850737718924E-01
   0.244975864717341E+02
   0.133736418966724E-01
   0.256860506983315E+02
   0.142363149943089E-01
   0.252160639123197E+02
   0.153202868697044E-01
   0.230544473740638E+02
   0.184076530464615E-01
   0.219278302941249E+02
   0.184770561550488E-01
   0.212050013291109E+02
   0.177934832890029E-01
   0.206996735865705E+02
   0.176980775033458E-01
   0.210564687133925E+02
   0.186981544492906E-01
   0.207083049178084E+02
   0.184872544470418E-01
   0.204081828753928E+02
   0.183078452076529E-01
   0.201609260509641E+02
   0.181971763165856E-01
   0.199582543413932E+02
   0.181794660284565E-01
   0.197791572525343E+02
   0.181751468073928E-01
   0.195991316780562E+02
   0.181349159317588E-01
   0.193965034090440E+02
   0.179780352940806E-01
   0.191742226156190E+02
   0.177153731076465E-01
   0.189560009628818E+02
   0.172884181270694E-01
   0.187876181343150E+02
   0.167123072926650E-01
   0.187398031062743E+02
   0.159235473950328E-01
   0.189587502506977E+02
   0.148343520118596E-01
   0.199489451163434E+02
   0.141756552451105E-01
   0.205060532693002E+02
   0.148152728882468E-01
   0.219688655982897E+02
   0.134098859586304E-01
   0.244196964940159E+02
   0.146877931036601E-01
   0.244404198053136E+02
   0.169560888316637E-01
   0.232830547267613E+02
   0.185539956482481E-01
   0.226950629724466E+02
   0.173517831737162E-01
   0.221459645305207E+02
   0.181587282577016E-01
   0.219107882019652E+02
   0.180062403598818E-01
   0.218970874815425E+02
   0.175863096850457E-01
   0.221410429319155E+02
   0.170209376686333E-01
   0.227355177766835E+02
   0.166938806379417E-01
   0.229166062562036E+02
   0.178083855472157E-01
   0.229564076732602E+02
   0.177459272214628E-01
   0.229070093513138E+02
   0.175658045426006E-01
   0.230939071439202E+02
   0.164961501972477E-01
   0.242471822211002E+02
   0.153649027820372E-01
   0.258439158798063E+02
   0.154273326386718E-01
   0.255511189611372E+02
   0.165134522593388E-01
   0.236278492061092E+02
   0.198123550116935E-01
   0.225833112744922E+02
   0.196269729245254E-01
   0.219079424628020E+02
   0.189215800002593E-01
   0.214465340778708E+02
   0.188592574507304E-01
   0.216852575186463E+02
   0.197537187090615E-01
   0.213682661479032E+02
   0.195397804654188E-01
   0.210956088633605E+02
   0.193860883391995E-01
   0.208722377387639E+02
   0.193242642545869E-01
   0.206917446775643E+02
   0.193819367190965E-01
   0.205314314138799E+02
   0.194551086745613E-01
   0.203627045683144E+02
   0.194833234284452E-01
   0.201557735415714E+02
   0.193312614700620E-01
   0.199102358036233E+02
   0.189805936993636E-01
   0.196559381111244E+02
   0.184154479724256E-01
   0.194458346288773E+02
   0.176880348674592E-01
   0.193558901989629E+02
   0.168817014040018E-01
   0.195121472333006E+02
   0.161976796489592E-01
   0.201773191315294E+02
   0.157913345229725E-01
   0.208275062387820E+02
   0.165298478850819E-01
   0.221122418920084E+02
   0.150021354156254E-01
   0.245826170318706E+02
   0.153837516074708E-01
   0.248736078860654E+02
   0.169312886268001E-01
   0.237159924445586E+02
   0.191461883343049E-01
   0.230244278095166E+02
   0.186967066076563E-01
   0.225844601326624E+02
   0.188680238718099E-01
   0.224130774877360E+02
   0.191037907644493E-01
   0.224026306079609E+02
   0.186947201711951E-01
   0.226230358920701E+02
   0.179612324313169E-01
   0.234907387218163E+02
   0.166722463755327E-01
   0.235545893068763E+02
   0.181010250910612E-01
   0.236504893223736E+02
   0.182412430155972E-01
   0.235332845910733E+02
   0.187408145556627E-01
   0.235303460303631E+02
   0.179816019776646E-01
   0.242722558533504E+02
   0.169678450448012E-01
   0.258972709047563E+02
   0.164151773928737E-01
   0.257201055764890E+02
   0.177371804845166E-01
   0.240303871040663E+02
   0.210799294513989E-01
   0.230818086359978E+02
   0.206524165325169E-01
   0.224625782466449E+02
   0.199813510504488E-01
   0.220394897000737E+02
   0.199104655623094E-01
   0.221559956374664E+02
   0.206994312655335E-01
   0.218606789593135E+02
   0.204824351013496E-01
   0.216063631601770E+02
   0.203387482743725E-01
   0.213967212408174E+02
   0.202952314859782E-01
   0.212261253853111E+02
   0.203489731872009E-01
   0.210735570040605E+02
   0.204346917213087E-01
   0.209087430368668E+02
   0.204781994546381E-01
   0.206963911944900E+02
   0.203014052254493E-01
   0.204345608872224E+02
   0.198713966279836E-01
   0.201620879731616E+02
   0.192392362699653E-01
   0.199382214543668E+02
   0.185111310132225E-01
   0.198385288213544E+02
   0.179271492993244E-01
   0.199566480828356E+02
   0.175814465849021E-01
   0.204366120125866E+02
   0.168636820445870E-01
   0.211043852443489E+02
   0.173953918222965E-01
   0.223174527929824E+02
   0.169441472926958E-01
   0.246853204019516E+02
   0.168725141294584E-01
   0.251120982048902E+02
   0.172766571558862E-01
   0.241249847104941E+02
   0.188818069725129E-01
   0.233514663015191E+02
   0.199493242712160E-01
   0.229671690223514E+02
   0.198817041405197E-01
   0.228453713159574E+02
   0.201664190835485E-01
   0.228519613784319E+02
   0.198234119269186E-01
   0.230554855998980E+02
   0.191270061084274E-01
   0.238888462740282E+02
   0.173903848453328E-01
   0.242557743963463E+02
   0.182885199422010E-01
   0.244513856106260E+02
   0.180954970296161E-01
   0.241867184760951E+02
   0.194819674898929E-01
   0.239767800041052E+02
   0.195859935677246E-01
   0.244209638688837E+02
   0.184534681095795E-01
   0.258549393369740E+02
   0.171202998327951E-01
   0.257275061208933E+02
   0.187208593352070E-01
   0.242668985090421E+02
   0.216442612605740E-01
   0.234338293949202E+02
   0.213921411696560E-01
   0.228771385069211E+02
   0.209683966051424E-01
   0.224848646377074E+02
   0.208662893784171E-01
   0.224744697361769E+02
   0.215232331060853E-01
   0.221933267167867E+02
   0.213141722789675E-01
   0.219490632885868E+02
   0.211656420208392E-01
   0.217432390988665E+02
   0.210681183309348E-01
   0.215716203713882E+02
   0.210187983342099E-01
   0.214171254799645E+02
   0.210382244979772E-01
   0.212506528596474E+02
   0.210717465135772E-01
   0.210338649306756E+02
   0.209038166944994E-01
   0.207650520914075E+02
   0.204660180491533E-01
   0.204925098906820E+02
   0.199148075095348E-01
   0.202779558873791E+02
   0.193823737773346E-01
   0.201880191857155E+02
   0.190194756500280E-01
   0.202825611002803E+02
   0.186180030899465E-01
   0.206621016824664E+02
   0.179027204760938E-01
   0.213260596539257E+02
   0.183205071977615E-01
   0.224995592838919E+02
   0.188758790398667E-01
   0.247061448152973E+02
   0.178895924964293E-01
   0.251987906678226E+02
   0.173674341297119E-01
   0.245924332387106E+02
   0.180688707024528E-01
   0.236136782441088E+02
   0.205158640322756E-01
   0.232767330120015E+02
   0.209555833528896E-01
   0.231935795404004E+02
   0.211066923434479E-01
   0.232233783062582E+02
   0.208397852253020E-01
   0.234099822999560E+02
   0.205656270742373E-01
   0.239495170248990E+02
   0.188557518396252E-01
   0.245406285664644E+02
   0.188771854826900E-01
   0.248816625421405E+02
   0.185269559979105E-01
   0.248780120106176E+02
   0.193999144201994E-01
   0.243941910161722E+02
   0.211967319764083E-01
   0.245952628184690E+02
   0.200943644558009E-01
   0.257194603723981E+02
   0.180352223524331E-01
   0.255514126370235E+02
   0.198414849392959E-01
   0.243652397708127E+02
   0.221662162573676E-01
   0.236557953954747E+02
   0.221334070407374E-01
   0.231569988446546E+02
   0.218839229136382E-01
   0.227868631616612E+02
   0.217133891409783E-01
   0.226454476084819E+02
   0.221032709625159E-01
   0.223727039018551E+02
   0.219230976555759E-01
   0.221327012293324E+02
   0.217735681965936E-01
   0.219257056655993E+02
   0.216034035123201E-01
   0.217480038716885E+02
   0.214441911124163E-01
   0.215872091047769E+02
   0.214272393523872E-01
   0.214146048394936E+02
   0.214740589276695E-01
   0.211921941075251E+02
   0.213085742361029E-01
   0.209231515877458E+02
   0.208808525787277E-01
   0.206613473609639E+02
   0.204283461386967E-01
   0.204672547780616E+02
   0.200831291154542E-01
   0.203961599291794E+02
   0.198055655956259E-01
   0.204833306995734E+02
   0.192225004076050E-01
   0.208140193555994E+02
   0.185606603342150E-01
   0.214736808807888E+02
   0.191479204883422E-01
   0.226003114448360E+02
   0.200893820317895E-01
   0.246184580845274E+02
   0.179804112856024E-01
   0.251489558040177E+02
   0.173312005137242E-01
   0.247647593736599E+02
   0.177049587699564E-01
   0.237744627165120E+02
   0.207232106754856E-01
   0.234929470522189E+02
   0.216510353110150E-01
   0.234475153526204E+02
   0.218407666969780E-01
   0.235058487550367E+02
   0.216714563823351E-01
   0.236708183214438E+02
   0.215329639938054E-01
   0.240298711979299E+02
   0.197667675383783E-01
   0.244879087465826E+02
   0.196049513717611E-01
   0.250083902754425E+02
   0.191501909100301E-01
   0.252298500791546E+02
   0.195304041935969E-01
   0.247350633794520E+02
   0.224133529096720E-01
   0.247346852582383E+02
   0.218273407417905E-01
   0.254768194036388E+02
   0.193408547696669E-01
   0.251517893139622E+02
   0.214505828562651E-01
   0.243510604381157E+02
   0.226813135791968E-01
   0.237560861660157E+02
   0.227537737294191E-01
   0.233024003908926E+02
   0.225362338694452E-01
   0.229480971978587E+02
   0.223024734754443E-01
   0.226796556212592E+02
   0.220387275419559E-01
   0.224107176314811E+02
   0.218626695497686E-01
   0.221710095717251E+02
   0.216961814403865E-01
   0.219609714021744E+02
   0.215111575634149E-01
   0.217759880310005E+02
   0.213617232385056E-01
   0.216039860436246E+02
   0.213273561875266E-01
   0.214191811099711E+02
   0.213241517077062E-01
   0.211901897233568E+02
   0.211352128162995E-01
   0.209261809600366E+02
   0.207633740938380E-01
   0.206804606185525E+02
   0.204050739290436E-01
   0.205085526191344E+02
   0.201365913111549E-01
   0.204613588515078E+02
   0.199060498112320E-01
   0.205625826415051E+02
   0.193486840038849E-01
   0.208731097090130E+02
   0.187110592432491E-01
   0.215284941777443E+02
   0.195121784624368E-01
   0.225876911124798E+02
   0.203591538886726E-01
   0.244285778784172E+02
   0.176013410070104E-01
   0.249840112214723E+02
   0.172118352046819E-01
   0.247479739361027E+02
   0.175582366543534E-01
   0.238311280934099E+02
   0.207187710944217E-01
   0.236104634494208E+02
   0.221104187891641E-01
   0.236049988052794E+02
   0.225401892516720E-01
   0.236913084890568E+02
   0.223335423343644E-01
   0.238366121217106E+02
   0.220140100363213E-01
   0.240911783257379E+02
   0.206333194554401E-01
   0.244495918151700E+02
   0.202406045485402E-01
   0.248653021741289E+02
   0.203030418967717E-01
   0.253422842512497E+02
   0.199452922216848E-01
   0.249933176579822E+02
   0.226285961560775E-01
   0.247902080100805E+02
   0.229098766886763E-01
   0.250754124197933E+02
   0.209931691250697E-01
   0.248372162503925E+02
   0.222674247894137E-01
   0.242492258567015E+02
   0.228396846026099E-01
   0.237402713924094E+02
   0.228732111149115E-01
   0.233197845720390E+02
   0.225250512621626E-01
   0.229770843343931E+02
   0.222391905672319E-01
   0.226059449203330E+02
   0.210126104603631E-01
   0.223360541345733E+02
   0.207397447320666E-01
   0.220898279496861E+02
   0.204595954227311E-01
   0.218689293902883E+02
   0.201968276885852E-01
   0.216710198633850E+02
   0.200335490331304E-01
   0.214850074038132E+02
   0.199986821402307E-01
   0.212884654278210E+02
   0.200136653018919E-01
   0.210570997103305E+02
   0.199081635511712E-01
   0.208045127214030E+02
   0.197181893739070E-01
   0.205807687200859E+02
   0.195800672506911E-01
   0.204337184170603E+02
   0.194769410367149E-01
   0.204088063401056E+02
   0.193792318732443E-01
   0.205332557823567E+02
   0.191089714867186E-01
   0.208347558827248E+02
   0.184959315738648E-01
   0.214853848815197E+02
   0.195796455571305E-01
   0.224548317957847E+02
   0.201038867635477E-01
   0.241459627964067E+02
   0.173863042235266E-01
   0.247138833541573E+02
   0.172011821397507E-01
   0.245861771765091E+02
   0.174283563426333E-01
   0.237894252958992E+02
   0.212479694689044E-01
   0.236157291340901E+02
   0.223903800629810E-01
   0.236432597075801E+02
   0.228795792211269E-01
   0.237695838094484E+02
   0.228181249891688E-01
   0.239039068391879E+02
   0.223116067595659E-01
   0.241031284211917E+02
   0.213616125745680E-01
   0.244043678247761E+02
   0.213595625870527E-01
   0.247378251407979E+02
   0.213155793597669E-01
   0.252506827784682E+02
   0.206221171433351E-01
   0.252122534919988E+02
   0.216430603420964E-01
   0.247401574382314E+02
   0.230021782501590E-01
   0.247656416303848E+02
   0.217176934352887E-01
   0.245397550637959E+02
   0.222730743070951E-01
   0.240695107633067E+02
   0.223560953508092E-01
   0.236237973888840E+02
   0.221201405371681E-01
   0.232337053544836E+02
   0.216567008124232E-01
   0.229009684147654E+02
   0.212957778990679E-01
   0.224493313402624E+02
   0.196434076360691E-01
   0.221764690444587E+02
   0.193134750838237E-01
   0.219244812975945E+02
   0.190082015472441E-01
   0.216958669512802E+02
   0.187681029220057E-01
   0.214873793447092E+02
   0.186113556072423E-01
   0.212873727216398E+02
   0.185212731437016E-01
   0.210778006952367E+02
   0.184580250995063E-01
   0.208441082170576E+02
   0.183551496239439E-01
   0.206046061513820E+02
   0.182838101740650E-01
   0.204015983303722E+02
   0.182945565860167E-01
   0.202756035912908E+02
   0.183686782698420E-01
   0.202688962142226E+02
   0.185313507953993E-01
   0.204104864811970E+02
   0.186744980644048E-01
   0.207045851030394E+02
   0.182157238579899E-01
   0.213423783660236E+02
   0.196691581377345E-01
   0.222065001260202E+02
   0.197516114759197E-01
   0.237568627301308E+02
   0.173747663263666E-01
   0.243246324330327E+02
   0.173078482495026E-01
   0.242863497838387E+02
   0.173419356143066E-01
   0.236269187921010E+02
   0.214669236822741E-01
   0.234888061361858E+02
   0.220885400699136E-01
   0.235392011596623E+02
   0.223808253491567E-01
   0.237249350746090E+02
   0.227169800225196E-01
   0.238632087274303E+02
   0.224354486965206E-01
   0.240357895003424E+02
   0.218364992529983E-01
   0.242984334471851E+02
   0.221374597923935E-01
   0.245654704844303E+02
   0.221020500716744E-01
   0.249095599970547E+02
   0.218806059266171E-01
   0.251221127990759E+02
   0.212755604922937E-01
   0.245723709365024E+02
   0.225523991396492E-01
   0.244640200543545E+02
   0.218708799808871E-01
   0.242273078041354E+02
   0.217907842449077E-01
   0.238234062591048E+02
   0.213218098782880E-01
   0.234293371527555E+02
   0.208975165909264E-01
   0.230671259283973E+02
   0.204001665042879E-01
   0.227436191652748E+02
   0.199944209144890E-01
   0.222560136538688E+02
   0.188962193879689E-01
   0.219830767780562E+02
   0.185466714766759E-01
   0.217288325092388E+02
   0.182371728095915E-01
   0.214957515141324E+02
   0.180123278978713E-01
   0.212789969843877E+02
   0.178521374803265E-01
   0.210662829943414E+02
   0.177317550047999E-01
   0.208432996878769E+02
   0.176208424445876E-01
   0.206032701774488E+02
   0.174842914281169E-01
   0.203674393474542E+02
   0.173914024970011E-01
   0.201727345174876E+02
   0.173859138016672E-01
   0.200547333773243E+02
   0.174941599393174E-01
   0.200534398484114E+02
   0.177832957600085E-01
   0.202028380395677E+02
   0.183062301336405E-01
   0.205096906627620E+02
   0.187355927606681E-01
   0.210916451598854E+02
   0.198355753961506E-01
   0.218439041643517E+02
   0.191078651010762E-01
   0.232429296413243E+02
   0.173619292582728E-01
   0.237983806163297E+02
   0.173935473530599E-01
   0.238479535328743E+02
   0.174950189616775E-01
   0.233400597153660E+02
   0.219100290540318E-01
   0.232326322728363E+02
   0.218493966690130E-01
   0.232971309879324E+02
   0.214148762395428E-01
   0.235617984466302E+02
   0.221267242041789E-01
   0.237087507708501E+02
   0.224463682436469E-01
   0.238685796598540E+02
   0.219943323972896E-01
   0.241018977370695E+02
   0.225170554313180E-01
   0.243198340984583E+02
   0.228211251870411E-01
   0.245609608949454E+02
   0.231497971666104E-01
   0.247856830544043E+02
   0.214742040815650E-01
   0.242897963708207E+02
   0.222546648137740E-01
   0.241335950026831E+02
   0.218361394467959E-01
   0.238901231568365E+02
   0.212823762979515E-01
   0.235360201201838E+02
   0.205862849116919E-01
   0.231906327909228E+02
   0.201409279532085E-01
   0.228582732507587E+02
   0.196811982529435E-01
   0.225468751808637E+02
   0.192688976225745E-01
   0.220527525709300E+02
   0.193809529174924E-01
   0.217862418044326E+02
   0.189705839024325E-01
   0.215356862470069E+02
   0.186099003412470E-01
   0.213019811515918E+02
   0.183294390503107E-01
   0.210799605719746E+02
   0.181235451730964E-01
   0.208572046780556E+02
   0.179701927886004E-01
   0.206222680557239E+02
   0.178544438033611E-01
   0.203734420077476E+02
   0.177375935144304E-01
   0.201328925247689E+02
   0.176696142239489E-01
   0.199340293834333E+02
   0.176897034281892E-01
   0.198081057493362E+02
   0.178098169000776E-01
   0.197921900461885E+02
   0.180971762644373E-01
   0.199239228909203E+02
   0.186774249402854E-01
   0.202162237287850E+02
   0.194189205095806E-01
   0.207304511967989E+02
   0.201592243301194E-01
   0.213786763922960E+02
   0.187905906784528E-01
   0.225892920625829E+02
   0.173018119169615E-01
   0.231190941189075E+02
   0.172679114764164E-01
   0.232608569930828E+02
   0.180364936669807E-01
   0.229061579628852E+02
   0.221284927932126E-01
   0.228453762474689E+02
   0.217451365747965E-01
   0.229421901624382E+02
   0.208883970203937E-01
   0.232972689408323E+02
   0.210838782459553E-01
   0.234514329790449E+02
   0.228059554156344E-01
   0.236161726598584E+02
   0.227534652401215E-01
   0.238148907671739E+02
   0.231796713061052E-01
   0.239788555883443E+02
   0.233855502989580E-01
   0.241224557932317E+02
   0.234975837223183E-01
   0.241986932006566E+02
   0.226584252995255E-01
   0.239146262068798E+02
   0.229633149852289E-01
   0.237588979662688E+02
   0.226224891731334E-01
   0.235280317318764E+02
   0.219250562553816E-01
   0.232253218329386E+02
   0.212334041660655E-01
   0.229294284350080E+02
   0.207876985840404E-01
   0.226293611320791E+02
   0.203072386859261E-01
   0.223345765548574E+02
   0.198237222705975E-01
   0.218366325500370E+02
   0.211201961212555E-01
   0.215862566261620E+02
   0.206595434861739E-01
   0.213476258155409E+02
   0.202104741662433E-01
   0.211199832159617E+02
   0.198130434555927E-01
   0.208984076848855E+02
   0.195042109214893E-01
   0.206701303113095E+02
   0.192726445104057E-01
   0.204251616882146E+02
   0.191111657961472E-01
   0.201651046246691E+02
   0.189580777014643E-01
   0.199121591058716E+02
   0.188293335014451E-01
   0.196970819008467E+02
   0.187587870041124E-01
   0.195469762825493E+02
   0.187124225268737E-01
   0.194943444239862E+02
   0.187206467313335E-01
   0.195750469905314E+02
   0.188990298289317E-01
   0.198026397366119E+02
   0.192614595729214E-01
   0.202550572412423E+02
   0.203784884591454E-01
   0.208315443751521E+02
   0.197409129382099E-01
   0.217810370625811E+02
   0.170690846677540E-01
   0.222775313830605E+02
   0.175601203935806E-01
   0.224988996915907E+02
   0.190550124138780E-01
   0.223158606420380E+02
   0.221245801750650E-01
   0.223195785579389E+02
   0.213777835670535E-01
   0.224678511017692E+02
   0.202556345433856E-01
   0.229723084777748E+02
   0.197322568207977E-01
   0.230625036629955E+02
   0.227560111874246E-01
   0.232376147924239E+02
   0.232960320824693E-01
   0.234011008886098E+02
   0.234787025017405E-01
   0.235149367688840E+02
   0.234933246563593E-01
   0.235782084280809E+02
   0.232360785667524E-01
   0.235872719903071E+02
   0.230425393543368E-01
   0.234237877272637E+02
   0.235825540059815E-01
   0.232999668853468E+02
   0.236735119479090E-01
   0.231067796773316E+02
   0.232639014887193E-01
   0.228663204531559E+02
   0.228568850426990E-01
   0.226249176194997E+02
   0.225155752566116E-01
   0.223650276395559E+02
   0.220809020529524E-01
   0.220986530073376E+02
   0.216012822466946E-01
   0.215150422369303E+02
   0.229397173942934E-01
   0.212925879625895E+02
   0.226334666881463E-01
   0.210778360711180E+02
   0.222292247400677E-01
   0.208675253755228E+02
   0.217507026072017E-01
   0.206558654021952E+02
   0.212970050608596E-01
   0.204287649510107E+02
   0.208752622901208E-01
   0.201762986875309E+02
   0.204866022984449E-01
   0.199039855017268E+02
   0.201146428465316E-01
   0.196351341521085E+02
   0.197799613581309E-01
   0.193992807240879E+02
   0.195159988997742E-01
   0.192213931331408E+02
   0.192737001889768E-01
   0.191282465994826E+02
   0.190367194404992E-01
   0.191441185087960E+02
   0.187989108424241E-01
   0.192813961465431E+02
   0.185689143944029E-01
   0.196425052214961E+02
   0.192218178260185E-01
   0.201766295953923E+02
   0.204540586702426E-01
   0.208055359901853E+02
   0.177411366035462E-01
   0.212476159473252E+02
   0.182310687612290E-01
   0.215118645630655E+02
   0.197083443846191E-01
   0.215668313286352E+02
   0.216320531946473E-01
   0.216588356574168E+02
   0.208493123853463E-01
   0.218847939895209E+02
   0.190176390950447E-01
   0.224226084490162E+02
   0.197659523406890E-01
   0.225346644544331E+02
   0.224567220354817E-01
   0.227153537701113E+02
   0.234050067799306E-01
   0.228472750249255E+02
   0.232425728171087E-01
   0.229240300643760E+02
   0.231594589199107E-01
   0.229296292871537E+02
   0.228128189769672E-01
   0.228942232868590E+02
   0.227090479683014E-01
   0.227899405131507E+02
   0.232748831341781E-01
   0.226996052890968E+02
   0.237002377018747E-01
   0.225538225605304E+02
   0.237247245315942E-01
   0.223744117095884E+02
   0.237400031820435E-01
   0.221889576684039E+02
   0.237325453187942E-01
   0.219747127386553E+02
   0.235137550873211E-01
   0.217462161626514E+02
   0.232418974386303E-01
   0.209880356810845E+02
   0.229652526554176E-01
   0.207976639178114E+02
   0.229102749224817E-01
   0.206163320838494E+02
   0.227883043118411E-01
   0.204377394539284E+02
   0.225074783165842E-01
   0.202519914719226E+02
   0.221258711743920E-01
   0.200411489903857E+02
   0.216310250355624E-01
   0.197924363473279E+02
   0.210187627622213E-01
   0.195146719669244E+02
   0.204120851506794E-01
   0.192332262717667E+02
   0.199001683638260E-01
   0.189777547886969E+02
   0.195068522369585E-01
   0.187738314082522E+02
   0.191916917309534E-01
   0.186452220020006E+02
   0.189319758518500E-01
   0.186094813303134E+02
   0.186426534285224E-01
   0.186810204527753E+02
   0.182110269309264E-01
   0.189358118506772E+02
   0.178542436015017E-01
   0.193857033608296E+02
   0.186168535881393E-01
   0.198976285323849E+02
   0.185434405677565E-01
   0.202650158810543E+02
   0.186898557147379E-01
   0.204943284703382E+02
   0.188628450247782E-01
   0.206616135545321E+02
   0.203512224428662E-01
   0.208578911987755E+02
   0.203555474057061E-01
   0.212218539736503E+02
   0.172564338379042E-01
   0.216366182310186E+02
   0.204838719480224E-01
   0.218649390988717E+02
   0.223033092100400E-01
   0.220435410803145E+02
   0.227065668120518E-01
   0.221552640363240E+02
   0.225717094626566E-01
   0.222029029850596E+02
   0.224528812343424E-01
   0.221718660033927E+02
   0.220697565753441E-01
   0.220995892493836E+02
   0.217975583404498E-01
   0.220087428075604E+02
   0.220612117559046E-01
   0.219355889770018E+02
   0.224942959031753E-01
   0.218268756419998E+02
   0.227232661276444E-01
   0.216958577449586E+02
   0.229786508440628E-01
   0.215540314763227E+02
   0.232068729646279E-01
   0.213791941370339E+02
   0.231667976708969E-01
   0.211869413531531E+02
   0.230725376884870E-01
   0.202402792650212E+02
   0.215656692035618E-01
   0.200732010197433E+02
   0.215749272216108E-01
   0.199190568309183E+02
   0.216484569503035E-01
   0.197733713883630E+02
   0.217018500340713E-01
   0.196219401329895E+02
   0.216389280380942E-01
   0.194422594419493E+02
   0.213776361087710E-01
   0.192166053287179E+02
   0.208558068806020E-01
   0.189503703490755E+02
   0.202086710896493E-01
   0.186679712502564E+02
   0.195936622826886E-01
   0.183998881513831E+02
   0.190883253180046E-01
   0.181750193255097E+02
   0.187060251512491E-01
   0.180172256772975E+02
   0.184252933616525E-01
   0.179445777331618E+02
   0.181814280725312E-01
   0.179773656830685E+02
   0.179135950746282E-01
   0.181756249080947E+02
   0.177745943741230E-01
   0.185565091526943E+02
   0.183558693646662E-01
   0.189598375996866E+02
   0.183477338920135E-01
   0.192354581768541E+02
   0.182325499819690E-01
   0.194091181945955E+02
   0.182233040056145E-01
   0.196130233099749E+02
   0.189893476850570E-01
   0.198961847791116E+02
   0.194132519808817E-01
   0.203402678390449E+02
   0.166252828952395E-01
   0.207648130008659E+02
   0.199599232179480E-01
   0.210494267243855E+02
   0.210888519603769E-01
   0.212238596225943E+02
   0.213984075045073E-01
   0.213231901394190E+02
   0.215272368180122E-01
   0.213501191422076E+02
   0.214729383775713E-01
   0.212969992406527E+02
   0.211209989777623E-01
   0.212023319638038E+02
   0.207671917370721E-01
   0.211107472083906E+02
   0.208174731417091E-01
   0.210387696060032E+02
   0.210828432663117E-01
   0.209462214560427E+02
   0.212565667960287E-01
   0.208421438103177E+02
   0.214803385251702E-01
   0.207269784667734E+02
   0.216921105018877E-01
   0.205797563636176E+02
   0.217017541693982E-01
   0.204147073199482E+02
   0.216440174382162E-01
   0.192987254673165E+02
   0.199354427326511E-01
   0.191462864297819E+02
   0.198836353492833E-01
   0.190076557608140E+02
   0.199384282925429E-01
   0.188830571657798E+02
   0.201023132519014E-01
   0.187583289326620E+02
   0.202616134927944E-01
   0.186100173046663E+02
   0.203041380592113E-01
   0.184176681959148E+02
   0.201085785625845E-01
   0.181794612173639E+02
   0.196709197494404E-01
   0.179126157792670E+02
   0.190990771832463E-01
   0.176443056900848E+02
   0.185046397057749E-01
   0.174070799630459E+02
   0.180160166410145E-01
   0.172273722585460E+02
   0.176490642276168E-01
   0.171275246055739E+02
   0.173505920340131E-01
   0.171347481277277E+02
   0.170792808122924E-01
   0.172968945027252E+02
   0.170140433791385E-01
   0.176129382764169E+02
   0.174656932336048E-01
   0.179235432177849E+02
   0.175144514373583E-01
   0.181125569729139E+02
   0.172780503950409E-01
   0.182168592448777E+02
   0.170083801517295E-01
   0.184233313147657E+02
   0.174814220899834E-01
   0.187766699385165E+02
   0.180281511290754E-01
   0.192490799584897E+02
   0.172707087747548E-01
   0.197929327050611E+02
   0.190330710007859E-01
   0.201011227694351E+02
   0.196626146549480E-01
   0.202656084163710E+02
   0.199436342740661E-01
   0.203480803255386E+02
   0.201758956508471E-01
   0.203590243393565E+02
   0.202213276135346E-01
   0.202952244961744E+02
   0.199974146364420E-01
   0.201910376525443E+02
   0.196867011029443E-01
   0.200932147806037E+02
   0.196195602183703E-01
   0.200139936602516E+02
   0.197463742638090E-01
   0.199248484513851E+02
   0.198398927223946E-01
   0.198310123590199E+02
   0.199743843220333E-01
   0.197271412075643E+02
   0.200726706236208E-01
   0.195990767412016E+02
   0.200762826351070E-01
   0.194546256258249E+02
   0.200276197652887E-01
   0.181738715992581E+02
   0.183218999199805E-01
   0.180313949971699E+02
   0.182200866295269E-01
   0.179005684018400E+02
   0.181921993976381E-01
   0.177859673928324E+02
   0.182864890013464E-01
   0.176757246353141E+02
   0.184343695026277E-01
   0.175486355388868E+02
   0.185604992398044E-01
   0.173860883149038E+02
   0.186025750732434E-01
   0.171814868202222E+02
   0.184662637262775E-01
   0.169428553169831E+02
   0.181291756438932E-01
   0.166899637786898E+02
   0.176365731634888E-01
   0.164536201734534E+02
   0.171240032337846E-01
   0.162620621771568E+02
   0.166806740918274E-01
   0.161441956857537E+02
   0.163311111307811E-01
   0.161349689055453E+02
   0.160921928917893E-01
   0.162708571959897E+02
   0.160437519574078E-01
   0.165307618827065E+02
   0.162637593644368E-01
   0.167675385744525E+02
   0.162722030920663E-01
   0.168785144958376E+02
   0.160742374031804E-01
   0.168950757348024E+02
   0.155209000247165E-01
   0.170780765580035E+02
   0.157793202766521E-01
   0.175009373511448E+02
   0.162980589627855E-01
   0.181055700366841E+02
   0.169808991193391E-01
   0.187124851338024E+02
   0.179945550032863E-01
   0.190286158272148E+02
   0.182060667072646E-01
   0.191731573421497E+02
   0.184110905302856E-01
   0.192314975439908E+02
   0.186031803509628E-01
   0.192259790995349E+02
   0.187067880969834E-01
   0.191558012373226E+02
   0.186298534728331E-01
   0.190472724667736E+02
   0.184265166439261E-01
   0.189412186714775E+02
   0.183199923950925E-01
   0.188492164780409E+02
   0.183352501447224E-01
   0.187539513159873E+02
   0.183463001662394E-01
   0.186593016220702E+02
   0.184040505577395E-01
   0.185587233245096E+02
   0.184360816890680E-01
   0.184434727791137E+02
   0.184386090325070E-01
   0.183149582768929E+02
   0.184065829753286E-01
   0.168683953232008E+02
   0.167192218438688E-01
   0.167340390974468E+02
   0.166134237197488E-01
   0.166069453640201E+02
   0.165312506334656E-01
   0.164943947416980E+02
   0.165251633508579E-01
   0.163884276763698E+02
   0.165775783693624E-01
   0.162718298626458E+02
   0.166433715636199E-01
   0.161294255572590E+02
   0.167041171971533E-01
   0.159537750417272E+02
   0.166976176541944E-01
   0.157460413939409E+02
   0.165587008414521E-01
   0.155187395758248E+02
   0.162666548001580E-01
   0.152969174414601E+02
   0.158845909179318E-01
   0.151055418841162E+02
   0.154456554245940E-01
   0.149787638605861E+02
   0.150577152024028E-01
   0.149611542168320E+02
   0.148470526081415E-01
   0.150830476807300E+02
   0.148626858109706E-01
   0.153044625090685E+02
   0.149997926087484E-01
   0.154865683139332E+02
   0.149936148170611E-01
   0.155205063768973E+02
   0.147657119478741E-01
   0.154251814575501E+02
   0.139246010290189E-01
   0.155621030843293E+02
   0.139129002522289E-01
   0.160560784683781E+02
   0.146179885874670E-01
   0.168270072591720E+02
   0.158140590787984E-01
   0.175196183479208E+02
   0.170726330454066E-01
   0.178409039197029E+02
   0.170350159261628E-01
   0.179547679629539E+02
   0.170194640500664E-01
   0.179803514441890E+02
   0.170567109684194E-01
   0.179524639447321E+02
   0.171123920367823E-01
   0.178726340308408E+02
   0.170909649037179E-01
   0.177593884294744E+02
   0.169934221890684E-01
   0.176442649025477E+02
   0.169183979845332E-01
   0.175366327255031E+02
   0.168637453927697E-01
   0.174289350212401E+02
   0.168065769497321E-01
   0.173257487262861E+02
   0.167944381969607E-01
   0.172226046695825E+02
   0.167828040960534E-01
   0.171141329514886E+02
   0.167853200629505E-01
   0.169973689604143E+02
   0.167819210177955E-01
   0.153780432144029E+02
   0.150425026912336E-01
   0.152508763868974E+02
   0.149516754771141E-01
   0.151264770764353E+02
   0.148508701205043E-01
   0.150131257511894E+02
   0.147842009880015E-01
   0.149062476081868E+02
   0.147692626631382E-01
   0.147931674134167E+02
   0.147729528351963E-01
   0.146618103840837E+02
   0.147688523294607E-01
   0.145067745179609E+02
   0.147708120305108E-01
   0.143256175769414E+02
   0.147036821391092E-01
   0.141256880507200E+02
   0.145425567172758E-01
   0.139256219739344E+02
   0.143019352563449E-01
   0.137444608081605E+02
   0.139420057901847E-01
   0.136165506714513E+02
   0.135494667857106E-01
   0.135968658958876E+02
   0.133938828277477E-01
   0.137171936525337E+02
   0.135636623643802E-01
   0.139233634667177E+02
   0.138256922788964E-01
   0.140735820448181E+02
   0.139175496990495E-01
   0.140313174771786E+02
   0.136049169896626E-01
   0.137856678291559E+02
   0.122104191173297E-01
   0.138539249222593E+02
   0.117150186669475E-01
   0.144148323456517E+02
   0.127985233962239E-01
   0.154138545409243E+02
   0.154403377622678E-01
   0.162087003284377E+02
   0.169950397073744E-01
   0.165319884295186E+02
   0.165781562905301E-01
   0.166059392437978E+02
   0.160873540563720E-01
   0.165933461544492E+02
   0.158204015749045E-01
   0.165371714368797E+02
   0.156967334427145E-01
   0.164409883240235E+02
   0.155887067796131E-01
   0.163175034480384E+02
   0.154718627186052E-01
   0.161904678371418E+02
   0.154062082773072E-01
   0.160659078792825E+02
   0.153162429449128E-01
   0.159423096999830E+02
   0.152107564540565E-01
   0.158255777327176E+02
   0.151421383687480E-01
   0.157151763659627E+02
   0.151010333959994E-01
   0.156076311898494E+02
   0.150885865520673E-01
   0.154977090795368E+02
   0.150870913236874E-01
   0.136920492179134E+02
   0.136586737440708E-01
   0.135708087196724E+02
   0.135559857719420E-01
   0.134495585322259E+02
   0.134375804730793E-01
   0.133368660540028E+02
   0.133462425161928E-01
   0.132281839931567E+02
   0.132823021255891E-01
   0.131157267785914E+02
   0.132357523439653E-01
   0.129907079905421E+02
   0.131761251935677E-01
   0.128493178913393E+02
   0.131288256351083E-01
   0.126888894290745E+02
   0.130660525601937E-01
   0.125134059488676E+02
   0.129798592161409E-01
   0.123369661880373E+02
   0.129177375002138E-01
   0.121733077446995E+02
   0.128125043531056E-01
   0.120515460145590E+02
   0.126213638067806E-01
   0.120287520686361E+02
   0.125338467881540E-01
   0.121491940748510E+02
   0.127378717021371E-01
   0.123613779681703E+02
   0.131351904652800E-01
   0.125073203905004E+02
   0.133420926542023E-01
   0.124040342095864E+02
   0.129636157066036E-01
   0.119520786160594E+02
   0.960073399793210E-02
   0.119411197141029E+02
   0.898363276270338E-02
   0.125370922404257E+02
   0.103033830697770E-01
   0.137386620372122E+02
   0.146726683191013E-01
   0.146637623593499E+02
   0.169727548342199E-01
   0.150307206844169E+02
   0.168452220780032E-01
   0.150883781698027E+02
   0.161237242774723E-01
   0.150441503350894E+02
   0.156050414493522E-01
   0.149594818876209E+02
   0.152509506979026E-01
   0.148410695330095E+02
   0.149538233355818E-01
   0.147012453993650E+02
   0.146736693040835E-01
   0.145587477320242E+02
   0.144508219751701E-01
   0.144173612386201E+02
   0.142452758269484E-01
   0.142779224734755E+02
   0.140538994963921E-01
   0.141456825238765E+02
   0.139072396269076E-01
   0.140247698862782E+02
   0.138113840547374E-01
   0.139134235294052E+02
   0.137589486695428E-01
   0.138056420890503E+02
   0.137230650564310E-01
   0.117822071442201E+02
   0.126765625890397E-01
   0.116650541315089E+02
   0.125936746614233E-01
   0.115468836243690E+02
   0.124973730138907E-01
   0.114361396046560E+02
   0.123975285397494E-01
   0.113272785370284E+02
   0.123078760218180E-01
   0.112166210901271E+02
   0.122360497772218E-01
   0.110987109892477E+02
   0.121704092632334E-01
   0.109702034555673E+02
   0.121133183303455E-01
   0.108289061394662E+02
   0.120782064454119E-01
   0.106742472660741E+02
   0.120248317342702E-01
   0.105160614867696E+02
   0.119648829960673E-01
   0.103673449713880E+02
   0.118809193565184E-01
   0.102540650088012E+02
   0.117282712125829E-01
   0.102296320829017E+02
   0.116278306634132E-01
   0.103472866983877E+02
   0.117748642920235E-01
   0.105744453852427E+02
   0.122508448714313E-01
   0.107467612319874E+02
   0.127144002765959E-01
   0.106323277335987E+02
   0.124469466150431E-01
   0.100193198163923E+02
   0.865801241537704E-02
   0.992278446428709E+01
   0.776608148760551E-02
   0.104801131623663E+02
   0.864206827024521E-02
   0.117605816321324E+02
   0.136206647641709E-01
   0.127250145131302E+02
   0.158650663279471E-01
   0.131594927348079E+02
   0.162497663385944E-01
   0.132664516994109E+02
   0.158307554841961E-01
   0.132417569902971E+02
   0.154204690519746E-01
   0.131562653918975E+02
   0.149941142557919E-01
   0.130285572152116E+02
   0.145406964759525E-01
   0.128756777628481E+02
   0.141113944118001E-01
   0.127193959945373E+02
   0.137650468922884E-01
   0.125625009629615E+02
   0.134714017184533E-01
   0.124092715675233E+02
   0.132407195101938E-01
   0.122596364613497E+02
   0.130289501612174E-01
   0.121241151978718E+02
   0.128738715851958E-01
   0.120032780075982E+02
   0.127764356004158E-01
   0.118928507783919E+02
   0.127254994122611E-01
   0.962048324590429E+01
   0.116964877796983E-01
   0.950040767006935E+01
   0.115828324425982E-01
   0.938125360662485E+01
   0.114660018715809E-01
   0.927645501431745E+01
   0.113983283319709E-01
   0.916964488076119E+01
   0.113154385870201E-01
   0.906160176994701E+01
   0.112426095333128E-01
   0.895137610922974E+01
   0.111840065607710E-01
   0.883690972425008E+01
   0.111383951409333E-01
   0.871511475807705E+01
   0.111031850337236E-01
   0.858446519575448E+01
   0.110658630630445E-01
   0.845275637016233E+01
   0.110272937271673E-01
   0.833060560983143E+01
   0.109708564832766E-01
   0.823961523762820E+01
   0.108800674477689E-01
   0.822267725535869E+01
   0.108250523866900E-01
   0.833010497134073E+01
   0.109244803476662E-01
   0.855822970609285E+01
   0.113372886243381E-01
   0.875934630945105E+01
   0.119643518445879E-01
   0.870743263137141E+01
   0.122331819617605E-01
   0.804031875406470E+01
   0.840441311482498E-02
   0.787859575761574E+01
   0.758335588256690E-02
   0.831221225258023E+01
   0.815904794003619E-02
   0.941995287067970E+01
   0.115586989018788E-01
   0.102784206447701E+02
   0.132151363426970E-01
   0.107478367440334E+02
   0.139652272090182E-01
   0.109432244631406E+02
   0.140762371146203E-01
   0.109991063623164E+02
   0.140981429991111E-01
   0.109773130830381E+02
   0.140084264211258E-01
   0.108976433117909E+02
   0.137621474377031E-01
   0.107747023361620E+02
   0.134547642372817E-01
   0.106278087571931E+02
   0.131210782051024E-01
   0.104667585689477E+02
   0.127902282290238E-01
   0.103015642717584E+02
   0.125081413693697E-01
   0.101398219008673E+02
   0.122584545022450E-01
   0.999126605506048E+01
   0.120562018953964E-01
   0.985681955943633E+01
   0.119008372836902E-01
   0.973656838770489E+01
   0.117912649681032E-01
   0.719198690289211E+01
   0.106991970291641E-01
   0.707295667867079E+01
   0.105810079460683E-01
   0.695598802321349E+01
   0.104656832222789E-01
   0.684563059227752E+01
   0.103589162972789E-01
   0.673637002566873E+01
   0.102511245891540E-01
   0.663039728823860E+01
   0.101715970407689E-01
   0.652872805454705E+01
   0.101199133370648E-01
   0.642999709351912E+01
   0.100967882083686E-01
   0.633018721285715E+01
   0.100799178876461E-01
   0.622648336746344E+01
   0.100668053271866E-01
   0.612848197850461E+01
   0.100606954114849E-01
   0.604322452055930E+01
   0.100484025626583E-01
   0.598700674519938E+01
   0.100270810605429E-01
   0.598784149725681E+01
   0.100236698536143E-01
   0.607992743586942E+01
   0.100991541051612E-01
   0.627491338273164E+01
   0.103760956293560E-01
   0.647597654752883E+01
   0.109105474314540E-01
   0.651852393235706E+01
   0.116207290235829E-01
   0.607071799948211E+01
   0.958601849420820E-02
   0.587724633258357E+01
   0.905160723157977E-02
   0.607814186278120E+01
   0.870281918764285E-02
   0.672021837410743E+01
   0.946557394116139E-02
   0.732217710585379E+01
   0.100192664291297E-01
   0.775405198761193E+01
   0.106300324238946E-01
   0.801513194056102E+01
   0.110669257528360E-01
   0.815927601922812E+01
   0.114174649625895E-01
   0.823881501861972E+01
   0.117404651270118E-01
   0.825388186707902E+01
   0.119154079834141E-01
   0.820634501026045E+01
   0.119292807065984E-01
   0.811576096202136E+01
   0.118381456860095E-01
   0.799076567761611E+01
   0.116516623792715E-01
   0.784635196763848E+01
   0.114434015217064E-01
   0.769761142781008E+01
   0.112345446276229E-01
   0.755773101797280E+01
   0.110615923548302E-01
   0.742459055111603E+01
   0.109052989900912E-01
   0.730602088646391E+01
   0.107955390598421E-01
   0.433309739456603E+01
   0.930115304023059E-02
   0.422652583795307E+01
   0.921720354715012E-02
   0.412574261859411E+01
   0.914633590282937E-02
   0.402782765984598E+01
   0.907549624763868E-02
   0.393033015176499E+01
   0.899814530602762E-02
   0.383691645513090E+01
   0.893508607738915E-02
   0.375091565419527E+01
   0.889717262221679E-02
   0.367120729199641E+01
   0.888403282232181E-02
   0.359423190277746E+01
   0.887871514199526E-02
   0.351450340956929E+01
   0.885147123445975E-02
   0.345323801399199E+01
   0.885895327685920E-02
   0.341037284051387E+01
   0.887431965308588E-02
   0.339371165704563E+01
   0.889534334045569E-02
   0.341763062028244E+01
   0.893034888552133E-02
   0.349555151059418E+01
   0.899172378658058E-02
   0.363069200105595E+01
   0.915152602592820E-02
   0.377723859817739E+01
   0.946518825632988E-02
   0.381213108672902E+01
   0.984147413737427E-02
   0.357182301648341E+01
   0.911339074100082E-02
   0.339054110345943E+01
   0.853056050483582E-02
   0.341620128827123E+01
   0.801543591398030E-02
   0.369046321049182E+01
   0.791141406454548E-02
   0.403176869979559E+01
   0.796740018721106E-02
   0.434246075902151E+01
   0.821844039525621E-02
   0.457636601390796E+01
   0.847964745116905E-02
   0.474865017153173E+01
   0.875019825996014E-02
   0.488522251422181E+01
   0.908401743591899E-02
   0.497667879520871E+01
   0.938685150542464E-02
   0.501344742061518E+01
   0.959642663752978E-02
   0.499607875807534E+01
   0.968490618040873E-02
   0.493228729201237E+01
   0.966544454857166E-02
   0.483655710874971E+01
   0.958294768938419E-02
   0.472816694101890E+01
   0.948602589593992E-02
   0.462682449195833E+01
   0.943179038100540E-02
   0.452738553118288E+01
   0.938791410028118E-02
   0.442995005449691E+01
   0.934392265957525E-02
   0.784243680095461E+00
   0.728304188942064E-02
   0.717758562810578E+00
   0.727918373667136E-02
   0.648187723724045E+00
   0.726055482928379E-02
   0.575880184337827E+00
   0.723063885083983E-02
   0.501540155601235E+00
   0.718595414356202E-02
   0.431019214617287E+00
   0.713942103048591E-02
   0.368780854598982E+00
   0.710497742188052E-02
   0.313033034699922E+00
   0.708114079034824E-02
   0.262014691370197E+00
   0.705995855860717E-02
   0.222280651942734E+00
   0.704743142062397E-02
   0.203548862519700E+00
   0.706094365803950E-02
   0.202294293851571E+00
   0.708035844627373E-02
   0.219861611955191E+00
   0.710477297145875E-02
   0.260034753544029E+00
   0.713553747934428E-02
   0.323654280922675E+00
   0.717986845881445E-02
   0.403669201634242E+00
   0.726811447423154E-02
   0.484583009862596E+00
   0.747014168495474E-02
   0.501844916016042E+00
   0.768293731675082E-02
   0.376893022378505E+00
   0.741643916213349E-02
   0.230380495727750E+00
   0.703939908039061E-02
   0.158799929549582E+00
   0.667349876981519E-02
   0.220754945283128E+00
   0.646634033974689E-02
   0.353669688201438E+00
   0.635857747922357E-02
   0.510064526942750E+00
   0.634362711151482E-02
   0.657261699133725E+00
   0.637451471688639E-02
   0.790861188065990E+00
   0.644778695960209E-02
   0.915584263741026E+00
   0.659709073467671E-02
   0.102398368620015E+01
   0.680430161123161E-02
   0.110133990446760E+01
   0.701285252418397E-02
   0.113683556532483E+01
   0.716027464624439E-02
   0.113175802598139E+01
   0.723756367887915E-02
   0.109520151330913E+01
   0.726491307412926E-02
   0.103928435708418E+01
   0.726084699265131E-02
   0.979896720023179E+00
   0.726787086899797E-02
   0.918325209204280E+00
   0.727947169137408E-02
   0.849822561818566E+00
   0.727675986271515E-02
  -0.376675123808125E+01
   0.489517059236785E-02
  -0.379487901272719E+01
   0.490931033548269E-02
  -0.382802074495627E+01
   0.490274614249186E-02
  -0.386500510457036E+01
   0.487776116001292E-02
  -0.390347235567376E+01
   0.483818926265755E-02
  -0.393449555265647E+01
   0.479645375684093E-02
  -0.395443484525090E+01
   0.476281677259288E-02
  -0.396187865958181E+01
   0.474439468479376E-02
  -0.395779917763986E+01
   0.473811694979724E-02
  -0.394196553759395E+01
   0.474179937685907E-02
  -0.391520558962285E+01
   0.474748973378685E-02
  -0.388131893142704E+01
   0.475442791930680E-02
  -0.384181287664497E+01
   0.476884040890390E-02
  -0.379686941615998E+01
   0.479826199915159E-02
  -0.375183777398250E+01
   0.484469806706061E-02
  -0.371491415998536E+01
   0.491980569200141E-02
  -0.369907056106046E+01
   0.503078520044276E-02
  -0.372606003934270E+01
   0.513734280388135E-02
  -0.380660855150012E+01
   0.514177642543438E-02
  -0.391269119603704E+01
   0.504029787246030E-02
  -0.400597156344428E+01
   0.487414961365994E-02
  -0.406035440738013E+01
   0.469404857955063E-02
  -0.407383483177360E+01
   0.453519122840318E-02
  -0.405072796142145E+01
   0.442352467868596E-02
  -0.400001254884912E+01
   0.437217504438003E-02
  -0.392890690818382E+01
   0.438776313795158E-02
  -0.384569788300902E+01
   0.446136746697856E-02
  -0.376480709258249E+01
   0.456819038198493E-02
  -0.369952586726882E+01
   0.468106310519743E-02
  -0.365897096167994E+01
   0.477045472635292E-02
  -0.364532120693493E+01
   0.481893698310810E-02
  -0.365332187481896E+01
   0.483378026369240E-02
  -0.367367871332284E+01
   0.483394086900698E-02
  -0.369742565656575E+01
   0.483898782318634E-02
  -0.372038374720242E+01
   0.485191414127991E-02
  -0.374264036294724E+01
   0.487122467830091E-02
  -0.100009751944847E+02
   0.273954240899959E-02
  -0.994177153514361E+01
   0.276568250792235E-02
  -0.989039293306473E+01
   0.277798178126740E-02
  -0.984180319241662E+01
   0.278093711353145E-02
  -0.977984301790120E+01
   0.279369405677003E-02
  -0.969819282677389E+01
   0.282233649627905E-02
  -0.959124260500824E+01
   0.287246349823715E-02
  -0.945427247328043E+01
   0.294923402128578E-02
  -0.930935401004279E+01
   0.303226208242905E-02
  -0.916187151559168E+01
   0.311829547886289E-02
  -0.902083553042074E+01
   0.320137102318986E-02
  -0.889826622745753E+01
   0.327644831934463E-02
  -0.878469671639280E+01
   0.336151287255947E-02
  -0.872406804127355E+01
   0.340486003891565E-02
  -0.871633946189793E+01
   0.341231855772929E-02
  -0.876577512308756E+01
   0.338328132174371E-02
  -0.888096435068368E+01
   0.331005348279393E-02
  -0.907436622993222E+01
   0.317661986156700E-02
  -0.928513498566779E+01
   0.305198008720154E-02
  -0.950761495078204E+01
   0.293120978163368E-02
  -0.972965519457740E+01
   0.281485888644535E-02
  -0.994706788649975E+01
   0.269483620403277E-02
  -0.101500216502371E+02
   0.257568896167996E-02
  -0.102886844397952E+02
   0.249923386817147E-02
  -0.103704314703739E+02
   0.245881250552175E-02
  -0.104060962392283E+02
   0.244663845810574E-02
  -0.104093108812705E+02
   0.245353072856245E-02
  -0.103948646071336E+02
   0.246961654640172E-02
  -0.103747053812535E+02
   0.248686787394065E-02
  -0.103545627826807E+02
   0.250156380275721E-02
  -0.103356636262459E+02
   0.251331701016310E-02
  -0.103139470023538E+02
   0.252599538357638E-02
  -0.102846887984477E+02
   0.254401861470478E-02
  -0.102404751347846E+02
   0.257383366585633E-02
  -0.101734698926988E+02
   0.262163652374245E-02
  -0.100755559217598E+02
   0.269354073741832E-02
