   0.198208309962816E+01
   0.416402722129028E-02
   0.882865960991444E+00
   0.397634545243472E-02
   0.165245572902652E+00
   0.383381165280237E-02
  -0.247294301072632E+00
   0.373051821863342E-02
  -0.334000408691140E+00
   0.366647447944759E-02
   0.359094496705294E-01
   0.364634364089224E-02
  -0.450756643401864E+00
   0.368972724919604E-02
  -0.418094698422578E+00
   0.378361534877336E-02
   0.109469884148806E+00
   0.392899184177127E-02
   0.113231410923980E+01
   0.412733479131859E-02
   0.265880848307918E+01
   0.437879121681315E-02
   0.491573943471531E+01
   0.467566997855307E-02
   0.816313941519428E+01
   0.500666083263518E-02
   0.110140716764731E+02
   0.535310570765890E-02
   0.135834635833814E+02
   0.569602880617862E-02
   0.158956851397025E+02
   0.602008453256982E-02
   0.178588268663359E+02
   0.631441328507798E-02
   0.194511203548002E+02
   0.657210606944850E-02
   0.206891308580257E+02
   0.678926922811818E-02
   0.216078948106782E+02
   0.696601559850749E-02
   0.222476170527194E+02
   0.710623739893742E-02
   0.226432518028708E+02
   0.721248145345310E-02
   0.228158302811157E+02
   0.728439082322061E-02
   0.227663527286985E+02
   0.731850662063079E-02
   0.224759387309186E+02
   0.730849096359283E-02
   0.219112052924015E+02
   0.724832646012984E-02
   0.210273624886068E+02
   0.713512512766973E-02
   0.197675580313042E+02
   0.696702181295710E-02
   0.180600722872861E+02
   0.674281674498364E-02
   0.158158769943002E+02
   0.646405647330038E-02
   0.129292822911987E+02
   0.613747379639228E-02
   0.928146413659677E+01
   0.577613632360934E-02
   0.645162344602526E+01
   0.539951140269109E-02
   0.437763418051149E+01
   0.503139545055124E-02
   0.297372566992381E+01
   0.469433159653811E-02
   0.218254489987432E+01
   0.440350968363195E-02
   0.494810678479736E+01
   0.523755241568846E-02
   0.553341775329955E+01
   0.504562424026835E-02
   0.532145737902682E+01
   0.487430742708113E-02
   0.450173298136721E+01
   0.469831874271127E-02
   0.292269887734080E+01
   0.456419271623637E-02
   0.219654021757378E+01
   0.450104859696670E-02
   0.196036555167147E+01
   0.450368074525426E-02
   0.218542906079715E+01
   0.457846222676179E-02
   0.292390920755051E+01
   0.471358670431028E-02
   0.435260637725280E+01
   0.489215480674788E-02
   0.461163180271566E+01
   0.514256773237602E-02
   0.548388376454450E+01
   0.544080191860443E-02
   0.705158279509154E+01
   0.589076275274908E-02
   0.922060495911988E+01
   0.641092025990221E-02
   0.121168146537326E+02
   0.691380254856147E-02
   0.160696481066839E+02
   0.737843652737298E-02
   0.187757666409986E+02
   0.779576426843723E-02
   0.205755951087008E+02
   0.815022652177942E-02
   0.217184795734910E+02
   0.840356546129988E-02
   0.224004381830291E+02
   0.854862219389672E-02
   0.227904427516636E+02
   0.867276285143041E-02
   0.230319234462721E+02
   0.880471498591746E-02
   0.232223380089391E+02
   0.894775971582878E-02
   0.233619578562590E+02
   0.909428753183473E-02
   0.233660461808767E+02
   0.918169151168905E-02
   0.231589526845471E+02
   0.915681711137816E-02
   0.226947262394404E+02
   0.905918044521212E-02
   0.219383711541359E+02
   0.890207586804953E-02
   0.208330867070283E+02
   0.866565323164148E-02
   0.192649093165631E+02
   0.832669224037883E-02
   0.170667054751832E+02
   0.787962555563393E-02
   0.140671915700287E+02
   0.735096494552755E-02
   0.101298371986327E+02
   0.676415860854265E-02
   0.758162164477789E+01
   0.621009368308007E-02
   0.600967398794113E+01
   0.577203684018011E-02
   0.515772258510445E+01
   0.546742323725278E-02
   0.743565063476105E+01
   0.690518253027970E-02
   0.706301012129265E+01
   0.671588274495500E-02
   0.657683758320976E+01
   0.651276328423555E-02
   0.591719127990902E+01
   0.615963763756176E-02
   0.519600222141276E+01
   0.582785778392537E-02
   0.477177340459531E+01
   0.575164145863593E-02
   0.464355175933981E+01
   0.581204838201802E-02
   0.482478388026654E+01
   0.597346580642043E-02
   0.531872113406939E+01
   0.618609109648484E-02
   0.618978762978055E+01
   0.644435681841943E-02
   0.757365900506308E+01
   0.665374567217868E-02
   0.793290833327850E+01
   0.646140753275897E-02
   0.950385268413761E+01
   0.701971263358554E-02
   0.116471906207715E+02
   0.767706177361521E-02
   0.143705299353755E+02
   0.814702066072576E-02
   0.180822638159062E+02
   0.861712457659397E-02
   0.203984384237036E+02
   0.912223515395765E-02
   0.217788160507683E+02
   0.965124268847654E-02
   0.224808431249836E+02
   0.995574126749375E-02
   0.227066505399589E+02
   0.982594333704071E-02
   0.226732920928289E+02
   0.986289547258732E-02
   0.226253256978935E+02
   0.100067879261417E-01
   0.228276091796367E+02
   0.102173978437498E-01
   0.232494987589705E+02
   0.106168083633274E-01
   0.235385876281345E+02
   0.109125556030256E-01
   0.235489009194450E+02
   0.107740185196396E-01
   0.232745736509261E+02
   0.106286076732686E-01
   0.227686843844622E+02
   0.105174079153747E-01
   0.220683931748573E+02
   0.103202028318051E-01
   0.210343466577351E+02
   0.994673189850117E-02
   0.193398467350882E+02
   0.937358497467877E-02
   0.166813316857021E+02
   0.879842241708459E-02
   0.127604624371580E+02
   0.807125921777662E-02
   0.103134198364958E+02
   0.748851441298686E-02
   0.887264449094985E+01
   0.720345033176581E-02
   0.799838722793925E+01
   0.710091982323253E-02
   0.102234323940781E+02
   0.900980662448399E-02
   0.966779034724044E+01
   0.868327419931922E-02
   0.910011294818389E+01
   0.834409951333084E-02
   0.850803972780924E+01
   0.800454924378386E-02
   0.793552746657735E+01
   0.762272945700937E-02
   0.755832513732944E+01
   0.744689801232163E-02
   0.741025820878192E+01
   0.748431961066748E-02
   0.747337605401098E+01
   0.760187112935095E-02
   0.773498602830257E+01
   0.771003586850329E-02
   0.821403834508150E+01
   0.770746334168437E-02
   0.896502323601301E+01
   0.775273695046189E-02
   0.100849637491715E+02
   0.751391063563374E-02
   0.128831187609204E+02
   0.831315118108745E-02
   0.153287015046305E+02
   0.868919945595631E-02
   0.177266899150140E+02
   0.894761999144652E-02
   0.200898389201345E+02
   0.932567288290627E-02
   0.217594889777140E+02
   0.979701591299058E-02
   0.226608821997119E+02
   0.102545258689577E-01
   0.229153719153222E+02
   0.105141536638373E-01
   0.226658975518494E+02
   0.105659054468575E-01
   0.221173867932693E+02
   0.106879359643107E-01
   0.215950569674367E+02
   0.107661744285847E-01
   0.218423798921580E+02
   0.109526257743080E-01
   0.228316958319989E+02
   0.117783086338312E-01
   0.234447488596500E+02
   0.120352336147036E-01
   0.235854987959328E+02
   0.117736725186528E-01
   0.233394798212023E+02
   0.118960612881193E-01
   0.228987109705583E+02
   0.116185774983709E-01
   0.225476138575489E+02
   0.113790205391066E-01
   0.221404029765064E+02
   0.111082923463105E-01
   0.210081920046749E+02
   0.106776757406327E-01
   0.187671578436016E+02
   0.101659172833593E-01
   0.151231587233265E+02
   0.963689977293293E-02
   0.129343152777200E+02
   0.932099358928895E-02
   0.116668492242326E+02
   0.924238929234530E-02
   0.108470364432645E+02
   0.916188287813090E-02
   0.127423603473027E+02
   0.111804534692433E-01
   0.121447263616391E+02
   0.106857186169148E-01
   0.115630119409068E+02
   0.101627342867612E-01
   0.110190494614433E+02
   0.974996214413218E-02
   0.105305317065794E+02
   0.938441264841327E-02
   0.101704561089821E+02
   0.914487174902859E-02
   0.996748440487818E+01
   0.905744198894107E-02
   0.991471071428020E+01
   0.904391715919183E-02
   0.100050969258322E+02
   0.901324421945280E-02
   0.102668328721183E+02
   0.892198244478655E-02
   0.107747250276266E+02
   0.868946091683120E-02
   0.118297695182889E+02
   0.853233137163892E-02
   0.145183787562295E+02
   0.924646237540316E-02
   0.170938213458263E+02
   0.941397749661570E-02
   0.193438331210226E+02
   0.955142397716388E-02
   0.213363686781646E+02
   0.992512394977806E-02
   0.226765471954840E+02
   0.104766451458131E-01
   0.232004046287356E+02
   0.109850843997418E-01
   0.230685376234882E+02
   0.111680027775423E-01
   0.223581697031262E+02
   0.111165045663543E-01
   0.212281896766269E+02
   0.113660747581044E-01
   0.198708930121444E+02
   0.112130670145689E-01
   0.201744093346188E+02
   0.116374745223487E-01
   0.223018825779847E+02
   0.127341646431270E-01
   0.232060535494187E+02
   0.124925065881724E-01
   0.233850434954341E+02
   0.126168815863273E-01
   0.230120428014191E+02
   0.127969040093010E-01
   0.224133792833462E+02
   0.124575821341321E-01
   0.223814327118397E+02
   0.120242964911533E-01
   0.228306782392880E+02
   0.118877893063477E-01
   0.222992282297693E+02
   0.115233518186777E-01
   0.204679226088999E+02
   0.111984608025908E-01
   0.171036242279830E+02
   0.110685304025804E-01
   0.151807394256613E+02
   0.109881336679039E-01
   0.140935862858019E+02
   0.112985184326486E-01
   0.133629068507493E+02
   0.114366448434378E-01
   0.148830575883370E+02
   0.129892268444727E-01
   0.142853167918399E+02
   0.122908553380287E-01
   0.137276402884993E+02
   0.116511913368528E-01
   0.132369425467901E+02
   0.112061893789058E-01
   0.128140701216597E+02
   0.108835421847999E-01
   0.124792630795387E+02
   0.106337974998070E-01
   0.122455049159643E+02
   0.104512293645329E-01
   0.121141952383197E+02
   0.103153838369793E-01
   0.120911080648634E+02
   0.101808264841778E-01
   0.122137852873983E+02
   0.100800473584790E-01
   0.125495342744067E+02
   0.994816048374269E-02
   0.133092538429498E+02
   0.965176307210685E-02
   0.150730447007097E+02
   0.976820585581321E-02
   0.179576550936241E+02
   0.101229581806191E-01
   0.201223702254898E+02
   0.101809432466552E-01
   0.220684536039772E+02
   0.106367361522072E-01
   0.232670839262092E+02
   0.113202600894715E-01
   0.234462348802600E+02
   0.118666555620983E-01
   0.229915313377148E+02
   0.117889082486699E-01
   0.218568250085741E+02
   0.119062437481941E-01
   0.201811921451115E+02
   0.120382715485843E-01
   0.193426287505595E+02
   0.120388760833913E-01
   0.197336328806354E+02
   0.123071997099957E-01
   0.219709148668722E+02
   0.131135945734991E-01
   0.228883748494786E+02
   0.130397983166302E-01
   0.230186138588331E+02
   0.133857475561329E-01
   0.223893534143932E+02
   0.133905445054707E-01
   0.213036203551892E+02
   0.129368061646736E-01
   0.215491690420164E+02
   0.123817169573567E-01
   0.233028615620442E+02
   0.123329834128132E-01
   0.233474022641121E+02
   0.121565536254674E-01
   0.218804559418576E+02
   0.120492481820205E-01
   0.187660398583169E+02
   0.124807312018334E-01
   0.170927434838170E+02
   0.128003053341840E-01
   0.161641682502601E+02
   0.134335797195893E-01
   0.154951213566338E+02
   0.134571779671884E-01
   0.166516803244391E+02
   0.142386809396877E-01
   0.160822843183590E+02
   0.134343126057218E-01
   0.155749344248285E+02
   0.128066427855866E-01
   0.151454492616005E+02
   0.124143312159961E-01
   0.147809255627334E+02
   0.121512208704997E-01
   0.144774792348117E+02
   0.119230888664828E-01
   0.142359761072795E+02
   0.116967614825176E-01
   0.140608222113896E+02
   0.114857891183124E-01
   0.139673801150428E+02
   0.113186937865672E-01
   0.139956991696688E+02
   0.112681220792792E-01
   0.141946893200724E+02
   0.112397946847183E-01
   0.146943981246403E+02
   0.108957988158350E-01
   0.158754719998129E+02
   0.104004781192079E-01
   0.183355165885297E+02
   0.104946705943612E-01
   0.203086840556037E+02
   0.108094498964414E-01
   0.224272856596047E+02
   0.112115875065900E-01
   0.236220599968822E+02
   0.123303667970656E-01
   0.233983479988412E+02
   0.129698506876448E-01
   0.227011428017246E+02
   0.127259102560377E-01
   0.211654264007136E+02
   0.128209437736806E-01
   0.200716501979867E+02
   0.131508034113628E-01
   0.195597038890344E+02
   0.133078559210711E-01
   0.198705020284543E+02
   0.130875863321639E-01
   0.216572685967214E+02
   0.134506373257546E-01
   0.224271802422653E+02
   0.136244130084277E-01
   0.225077973951002E+02
   0.137520680999417E-01
   0.215628799439987E+02
   0.138061075942617E-01
   0.210382564952822E+02
   0.134187824551583E-01
   0.215460492704359E+02
   0.128982165570733E-01
   0.237781856033848E+02
   0.123712571395479E-01
   0.242083645828820E+02
   0.125136790201585E-01
   0.230447237693297E+02
   0.127824300167034E-01
   0.201632264660377E+02
   0.138641295123462E-01
   0.187138147516629E+02
   0.147905190208083E-01
   0.178837257599850E+02
   0.152904685446641E-01
   0.172487599712783E+02
   0.149512664256910E-01
   0.181007907924870E+02
   0.151365646512813E-01
   0.175855730743960E+02
   0.144757936398844E-01
   0.171417728342218E+02
   0.140255271631078E-01
   0.167721987730574E+02
   0.137694532632419E-01
   0.164569375979648E+02
   0.135422593526461E-01
   0.161852982172025E+02
   0.133093597666198E-01
   0.159505187918880E+02
   0.130400002397685E-01
   0.157556032439327E+02
   0.127681339499753E-01
   0.156178608666737E+02
   0.125519068241970E-01
   0.155740758131400E+02
   0.124993727948627E-01
   0.156602463762730E+02
   0.125071711257414E-01
   0.159512869112756E+02
   0.120867904186676E-01
   0.166937285053844E+02
   0.113581260523435E-01
   0.182571777200765E+02
   0.109403755533185E-01
   0.199363799971922E+02
   0.115867489686552E-01
   0.225078247208363E+02
   0.118977016207124E-01
   0.238353488796960E+02
   0.133932277441399E-01
   0.230241493464710E+02
   0.144176280229818E-01
   0.222170204124913E+02
   0.140244600636400E-01
   0.212231334348042E+02
   0.138799112883509E-01
   0.204735679213961E+02
   0.147341713688941E-01
   0.201100251549321E+02
   0.147725688447389E-01
   0.202723157046034E+02
   0.141294782286698E-01
   0.211771136645091E+02
   0.137622277471987E-01
   0.217506006048164E+02
   0.139011287871524E-01
   0.218784757798953E+02
   0.142828674165877E-01
   0.214861096285274E+02
   0.144850646798384E-01
   0.212977881135892E+02
   0.144646075568117E-01
   0.218838721814586E+02
   0.136766795055097E-01
   0.241899381523716E+02
   0.123015141714185E-01
   0.248858428095885E+02
   0.128499238220029E-01
   0.239811937888322E+02
   0.135147382903714E-01
   0.213457668371941E+02
   0.154698400733992E-01
   0.200497058323890E+02
   0.164300166517762E-01
   0.192597710040646E+02
   0.162604673859222E-01
   0.186589861673308E+02
   0.158197624280603E-01
   0.192891899868075E+02
   0.162670426163959E-01
   0.188387331130602E+02
   0.158924061996722E-01
   0.184531059709974E+02
   0.156003348461461E-01
   0.181330473622219E+02
   0.154249596495439E-01
   0.178611034630691E+02
   0.152534802823872E-01
   0.176231721179267E+02
   0.150790805247703E-01
   0.174063289305560E+02
   0.148714808441708E-01
   0.172075978952780E+02
   0.146508257802297E-01
   0.170395622795872E+02
   0.144432910427289E-01
   0.169286151670565E+02
   0.142299063476532E-01
   0.169106337706508E+02
   0.139421586373317E-01
   0.170502831122905E+02
   0.132783207743592E-01
   0.175194234719497E+02
   0.125207194978181E-01
   0.186361816052765E+02
   0.119475326197483E-01
   0.199619492497138E+02
   0.119408440611462E-01
   0.223931902974601E+02
   0.119959502926780E-01
   0.240305576439360E+02
   0.140317600275677E-01
   0.232148858892912E+02
   0.158667440340822E-01
   0.223815882948871E+02
   0.153295003652745E-01
   0.217159349018910E+02
   0.148579934087024E-01
   0.210572887018463E+02
   0.158842055495161E-01
   0.207457162569121E+02
   0.157944999226265E-01
   0.208182534393950E+02
   0.151439193326823E-01
   0.213205621282158E+02
   0.148868067595567E-01
   0.217994414546059E+02
   0.148282727876200E-01
   0.219683332045853E+02
   0.152856810085935E-01
   0.218283551671115E+02
   0.155033040923650E-01
   0.217818284680170E+02
   0.154916490982873E-01
   0.223069918330257E+02
   0.144035244689191E-01
   0.244551087209037E+02
   0.125055875562772E-01
   0.253769795036957E+02
   0.133926445769990E-01
   0.247008854225260E+02
   0.143502965587804E-01
   0.223016385035741E+02
   0.169993130126543E-01
   0.210986632290509E+02
   0.173481346331522E-01
   0.203402541471374E+02
   0.168346823318272E-01
   0.197883706001006E+02
   0.166430398638391E-01
   0.202613436369363E+02
   0.174913639139720E-01
   0.198693151068512E+02
   0.172498308393906E-01
   0.195319887942716E+02
   0.170330197310826E-01
   0.192525394404604E+02
   0.168903519242229E-01
   0.190184144298924E+02
   0.167866954694591E-01
   0.188122474651184E+02
   0.166942456081156E-01
   0.186149511217501E+02
   0.165698348262698E-01
   0.184144345403320E+02
   0.163889689527524E-01
   0.182184661864290E+02
   0.161790140696035E-01
   0.180496318205242E+02
   0.158784223384917E-01
   0.179472791673279E+02
   0.154559892248890E-01
   0.179773677712613E+02
   0.147636533849996E-01
   0.182837506374582E+02
   0.136243934738262E-01
   0.192273240694932E+02
   0.130683808534380E-01
   0.201752413637388E+02
   0.129602407561751E-01
   0.220043678863235E+02
   0.124359510934290E-01
   0.242169051111029E+02
   0.144598649930848E-01
   0.236923869827541E+02
   0.168338656203470E-01
   0.228102782959913E+02
   0.170475582868196E-01
   0.224522580376032E+02
   0.156520982592725E-01
   0.216443189884675E+02
   0.169970529429609E-01
   0.213503445276600E+02
   0.167891467724134E-01
   0.213624346565775E+02
   0.164149703499860E-01
   0.216825078967774E+02
   0.160871017236653E-01
   0.221661091297120E+02
   0.160596567829161E-01
   0.223605836475323E+02
   0.165849352445261E-01
   0.223419512493543E+02
   0.166858613426214E-01
   0.223218570701432E+02
   0.164891981682256E-01
   0.226973873386033E+02
   0.152850687291213E-01
   0.244975774485493E+02
   0.133736366168281E-01
   0.256860417912008E+02
   0.142363092207628E-01
   0.252160555290791E+02
   0.153202809258053E-01
   0.230544398028817E+02
   0.184076470304482E-01
   0.219278232670909E+02
   0.184770504611207E-01
   0.212049947150547E+02
   0.177934781521738E-01
   0.206996672202281E+02
   0.176980725867838E-01
   0.210564625759621E+02
   0.186981489231294E-01
   0.207082987559876E+02
   0.184872489971956E-01
   0.204081766376489E+02
   0.183078398557048E-01
   0.201609197053944E+02
   0.181971710586825E-01
   0.199582478744319E+02
   0.181794608783180E-01
   0.197791506442623E+02
   0.181751417581999E-01
   0.195991249043726E+02
   0.181349109908589E-01
   0.193964964154061E+02
   0.179780304216753E-01
   0.191742153021814E+02
   0.177153681848938E-01
   0.189559931678107E+02
   0.172884128926601E-01
   0.187876096600861E+02
   0.167123012341252E-01
   0.187397938860859E+02
   0.159235400255826E-01
   0.189587406647549E+02
   0.148343436362561E-01
   0.199489365091815E+02
   0.141756501518612E-01
   0.205060460871150E+02
   0.148152737611304E-01
   0.219688560173655E+02
   0.134098819083445E-01
   0.244196854434077E+02
   0.146877870331693E-01
   0.244404085606295E+02
   0.169560793986023E-01
   0.232830441164096E+02
   0.185539868605510E-01
   0.226950533474374E+02
   0.173517763223699E-01
   0.221459557986126E+02
   0.181587224587101E-01
   0.219107799884107E+02
   0.180062351592357E-01
   0.218970794436690E+02
   0.175863045682182E-01
   0.221410349060066E+02
   0.170209325561584E-01
   0.227355097313472E+02
   0.166938753501430E-01
   0.229165982557321E+02
   0.178083800020501E-01
   0.229563997276386E+02
   0.177459215811332E-01
   0.229070014207709E+02
   0.175657988790880E-01
   0.230938991128125E+02
   0.164961447162450E-01
   0.242471739837698E+02
   0.153648973273849E-01
   0.258439077536618E+02
   0.154273269182957E-01
   0.255511112521878E+02
   0.165134463346941E-01
   0.236278420385043E+02
   0.198123485382121E-01
   0.225833045182239E+02
   0.196269666258573E-01
   0.219079360525552E+02
   0.189215742032694E-01
   0.214465278706643E+02
   0.188592518268552E-01
   0.216852515756815E+02
   0.197537126641463E-01
   0.213682601585782E+02
   0.195397745357788E-01
   0.210956027779341E+02
   0.193860825399634E-01
   0.208722315272231E+02
   0.193242585895180E-01
   0.206917383223175E+02
   0.193819311788642E-01
   0.205314248945210E+02
   0.194551032379301E-01
   0.203626978609979E+02
   0.194833180722791E-01
   0.201557666005159E+02
   0.193312561595490E-01
   0.199102285393978E+02
   0.189805883353909E-01
   0.196559303671109E+02
   0.184154423034924E-01
   0.194458261967183E+02
   0.176880283496376E-01
   0.193558809665461E+02
   0.168816934434950E-01
   0.195121374351498E+02
   0.161976699821543E-01
   0.201773095691949E+02
   0.157913244084384E-01
   0.208274975191563E+02
   0.165298417835177E-01
   0.221122318080873E+02
   0.150021281773481E-01
   0.245826059595559E+02
   0.153837435875885E-01
   0.248735967620655E+02
   0.169312785381082E-01
   0.237159820814685E+02
   0.191461791015614E-01
   0.230244185121204E+02
   0.186966993829764E-01
   0.225844517281009E+02
   0.188680178439200E-01
   0.224130696044287E+02
   0.191037852030015E-01
   0.224026229185561E+02
   0.186947147395850E-01
   0.226230282302464E+02
   0.179612270058315E-01
   0.234907310521783E+02
   0.166722408224363E-01
   0.235545817332688E+02
   0.181010194587294E-01
   0.236504818319566E+02
   0.182412371714106E-01
   0.235332771530465E+02
   0.187408085047383E-01
   0.235303385198840E+02
   0.179815959228053E-01
   0.242722482901858E+02
   0.169678391710603E-01
   0.258972635307658E+02
   0.164151718628331E-01
   0.257200985375641E+02
   0.177371746745323E-01
   0.240303803784571E+02
   0.210799226790292E-01
   0.230818022095882E+02
   0.206524097915641E-01
   0.224625721033484E+02
   0.199813447382330E-01
   0.220394837173199E+02
   0.199104594061475E-01
   0.221559899743517E+02
   0.206994249538144E-01
   0.218606732173057E+02
   0.204824289206458E-01
   0.216063572921039E+02
   0.203387422494761E-01
   0.213967152189030E+02
   0.202952256308758E-01
   0.212261191898052E+02
   0.203489674779490E-01
   0.210735506136407E+02
   0.204346860954507E-01
   0.209087364295118E+02
   0.204781938518287E-01
   0.206963843349452E+02
   0.203013996182739E-01
   0.204345537006563E+02
   0.198713909572144E-01
   0.201620803149076E+02
   0.192392303149974E-01
   0.199382131219526E+02
   0.185111242775425E-01
   0.198385196749189E+02
   0.179271411078466E-01
   0.199566382468345E+02
   0.175814364025418E-01
   0.204366020173984E+02
   0.168636706797664E-01
   0.211043755466377E+02
   0.173953817248688E-01
   0.223174422754970E+02
   0.169441370006245E-01
   0.246853093408382E+02
   0.168725042008993E-01
   0.251120872248574E+02
   0.172766465419303E-01
   0.241249745864271E+02
   0.188817977219229E-01
   0.233514572978597E+02
   0.199493166892194E-01
   0.229671609061922E+02
   0.198816977956203E-01
   0.228453637200387E+02
   0.201664131999319E-01
   0.228519539892792E+02
   0.198234062147766E-01
   0.230554782573214E+02
   0.191270004208349E-01
   0.238888389810443E+02
   0.173903792873008E-01
   0.242557672178520E+02
   0.182885141275392E-01
   0.244513785835947E+02
   0.180954912354018E-01
   0.241867115771355E+02
   0.194819614521728E-01
   0.239767730494194E+02
   0.195859871258327E-01
   0.244209569507334E+02
   0.184534619004676E-01
   0.258549327182392E+02
   0.171202946678829E-01
   0.257274997534314E+02
   0.187208538043154E-01
   0.242668922995359E+02
   0.216442545634138E-01
   0.234338233935011E+02
   0.213921342876731E-01
   0.228771327269614E+02
   0.209683900250252E-01
   0.224848589728725E+02
   0.208662829543670E-01
   0.224744644569829E+02
   0.215232268098116E-01
   0.221933213103955E+02
   0.213141660843354E-01
   0.219490577111429E+02
   0.211656359692190E-01
   0.217432333255254E+02
   0.210681124470468E-01
   0.215716143825785E+02
   0.210187925745779E-01
   0.214171192563085E+02
   0.210382187626065E-01
   0.212506463850033E+02
   0.210717407241012E-01
   0.210338581839173E+02
   0.209038108585168E-01
   0.207650450153201E+02
   0.204660121643041E-01
   0.204925023567953E+02
   0.199148013795757E-01
   0.202779477079539E+02
   0.193823669511356E-01
   0.201880102128629E+02
   0.190194675067329E-01
   0.202825513932490E+02
   0.186179932228121E-01
   0.206620915918319E+02
   0.179027092607973E-01
   0.213260494907220E+02
   0.183204956156159E-01
   0.224995485608267E+02
   0.188758669632448E-01
   0.247061338068379E+02
   0.178895814311177E-01
   0.251987798846024E+02
   0.173674234159851E-01
   0.245924233513583E+02
   0.180688614425957E-01
   0.236136695402320E+02
   0.205158564506334E-01
   0.232767251767976E+02
   0.209555767311824E-01
   0.231935722255007E+02
   0.211066862420747E-01
   0.232233712128757E+02
   0.208397793522934E-01
   0.234099752813054E+02
   0.205656212082672E-01
   0.239495101462332E+02
   0.188557464825601E-01
   0.245406218428468E+02
   0.188771798155231E-01
   0.248816560474122E+02
   0.185269503799455E-01
   0.248780057407473E+02
   0.193999086980630E-01
   0.243941847293931E+02
   0.211967254204364E-01
   0.245952566218193E+02
   0.200943581476646E-01
   0.257194545536819E+02
   0.180352175559571E-01
   0.255514069894183E+02
   0.198414796481542E-01
   0.243652341868265E+02
   0.221662098023897E-01
   0.236557899513485E+02
   0.221334003209648E-01
   0.231569935573702E+02
   0.218839164001075E-01
   0.227868579332143E+02
   0.217133827688144E-01
   0.226454428320994E+02
   0.221032648898451E-01
   0.223726989289712E+02
   0.219230915805181E-01
   0.221326960198222E+02
   0.217735621647519E-01
   0.219257001991247E+02
   0.216033975493503E-01
   0.217479981343200E+02
   0.214441851830120E-01
   0.215872030856806E+02
   0.214272333720861E-01
   0.214145985338153E+02
   0.214740528520780E-01
   0.211921875102041E+02
   0.213085681371857E-01
   0.209231446596480E+02
   0.208808465099087E-01
   0.206613399919698E+02
   0.204283399244484E-01
   0.204672468002753E+02
   0.200831223512328E-01
   0.203961511994234E+02
   0.198055577785246E-01
   0.204833212420257E+02
   0.192224913500262E-01
   0.208140093961106E+02
   0.185606500410801E-01
   0.214736706249792E+02
   0.191479089593910E-01
   0.226003007500853E+02
   0.200893696992816E-01
   0.246184472321811E+02
   0.179804001294172E-01
   0.251489452878824E+02
   0.173311900284585E-01
   0.247647497876447E+02
   0.177049497440803E-01
   0.237744543330113E+02
   0.207232032902709E-01
   0.234929395169574E+02
   0.216510286127937E-01
   0.234475083435859E+02
   0.218407605222569E-01
   0.235058419897826E+02
   0.216714504880612E-01
   0.236708116698693E+02
   0.215329581905621E-01
   0.240298647728594E+02
   0.197667624102663E-01
   0.244879025686026E+02
   0.196049461356233E-01
   0.250083844182712E+02
   0.191501856518620E-01
   0.252298445772642E+02
   0.195303989497303E-01
   0.247350579452918E+02
   0.224133465907781E-01
   0.247346799449880E+02
   0.218273346405594E-01
   0.254768144753370E+02
   0.193408502577869E-01
   0.251517844840203E+02
   0.214505775351655E-01
   0.243510556349589E+02
   0.226813074878844E-01
   0.237560814505157E+02
   0.227537675263527E-01
   0.233023957563289E+02
   0.225362277938433E-01
   0.229480925451549E+02
   0.223024674348183E-01
   0.226796514792616E+02
   0.220387216758334E-01
   0.224107131990747E+02
   0.218626635204460E-01
   0.221710048148529E+02
   0.216961753013131E-01
   0.219609663097601E+02
   0.215111513523142E-01
   0.217759826016534E+02
   0.213617169706846E-01
   0.216039802815297E+02
   0.213273498611373E-01
   0.214191750247301E+02
   0.213241453445653E-01
   0.211901833241933E+02
   0.211352065253579E-01
   0.209261742244055E+02
   0.207633679502321E-01
   0.206804534561159E+02
   0.204050677849250E-01
   0.205085448850068E+02
   0.201365848276413E-01
   0.204613504131125E+02
   0.199060425557380E-01
   0.205625734988420E+02
   0.193486758440057E-01
   0.208731000124929E+02
   0.187110501066279E-01
   0.215284840686075E+02
   0.195121678346533E-01
   0.225876806259924E+02
   0.203591423860253E-01
   0.244285672885006E+02
   0.176013303897261E-01
   0.249840010453511E+02
   0.172118252004294E-01
   0.247479647166656E+02
   0.175582280550862E-01
   0.238311200640422E+02
   0.207187640688482E-01
   0.236104562546745E+02
   0.221104121973838E-01
   0.236049921554359E+02
   0.225401831069882E-01
   0.236913021203496E+02
   0.223335365669244E-01
   0.238366059158404E+02
   0.220140045036258E-01
   0.240911724383621E+02
   0.206333145197113E-01
   0.244495862925722E+02
   0.202405996821477E-01
   0.248652971037888E+02
   0.203030370846183E-01
   0.253422796976418E+02
   0.199452875800791E-01
   0.249933133372459E+02
   0.226285906435931E-01
   0.247902038276414E+02
   0.229098713321768E-01
   0.250754085531771E+02
   0.209931647789162E-01
   0.248372124571422E+02
   0.222674198348094E-01
   0.242492220634176E+02
   0.228396792604500E-01
   0.237402676141417E+02
   0.228732056810163E-01
   0.233197807735321E+02
   0.225250457882620E-01
   0.229770804139763E+02
   0.222391849104080E-01
   0.226059415802602E+02
   0.210126046801286E-01
   0.223360503832237E+02
   0.207397386615323E-01
   0.220898237646251E+02
   0.204595891688816E-01
   0.218689247776114E+02
   0.201968213494371E-01
   0.216710148378310E+02
   0.200335426577160E-01
   0.214850019847075E+02
   0.199986757590853E-01
   0.212884596391462E+02
   0.200136589616476E-01
   0.210570935736308E+02
   0.199081573504165E-01
   0.208045062292846E+02
   0.197181833817277E-01
   0.205807618026914E+02
   0.195800613379044E-01
   0.204337109547438E+02
   0.194769349304141E-01
   0.204087982182057E+02
   0.193792252233826E-01
   0.205332469852018E+02
   0.191089641094215E-01
   0.208347465151767E+02
   0.184959234541253E-01
   0.214853750540886E+02
   0.195796360154807E-01
   0.224548216288562E+02
   0.201038763715270E-01
   0.241459525537433E+02
   0.173862942345235E-01
   0.247138735839666E+02
   0.172011727074712E-01
   0.245861683848500E+02
   0.174283483487455E-01
   0.237894176577712E+02
   0.212479626902495E-01
   0.236157223373756E+02
   0.223903737285041E-01
   0.236432535029394E+02
   0.228795733294467E-01
   0.237695779387790E+02
   0.228181194827324E-01
   0.239039011927075E+02
   0.223116016088691E-01
   0.241031232077532E+02
   0.213616079205001E-01
   0.244043631299734E+02
   0.213595580719021E-01
   0.247378210680986E+02
   0.213155751313380E-01
   0.252506794102952E+02
   0.206221133381491E-01
   0.252122506103744E+02
   0.216430563600092E-01
   0.247401547151325E+02
   0.230021742372963E-01
   0.247656391447524E+02
   0.217176898155616E-01
   0.245397526334819E+02
   0.222730703071110E-01
   0.240695082764521E+02
   0.223560910229884E-01
   0.236237948072790E+02
   0.221201359310880E-01
   0.232337026170072E+02
   0.216566958449598E-01
   0.229009654226174E+02
   0.212957724972735E-01
   0.224493290652507E+02
   0.196434022174139E-01
   0.221764662030393E+02
   0.193134692914862E-01
   0.219244778815512E+02
   0.190081955225591E-01
   0.216958629866643E+02
   0.187680967810143E-01
   0.214873748658949E+02
   0.186113494254290E-01
   0.212873677660420E+02
   0.185212669905493E-01
   0.210777953032831E+02
   0.184580190474321E-01
   0.208441024238288E+02
   0.183551437486073E-01
   0.206045999627915E+02
   0.182838044946543E-01
   0.204015916985617E+02
   0.182945509992622E-01
   0.202755964255757E+02
   0.183686725697752E-01
   0.202688884231149E+02
   0.185313446874913E-01
   0.204104780443915E+02
   0.186744913292774E-01
   0.207045760919905E+02
   0.182157164399970E-01
   0.213423688861002E+02
   0.196691494449177E-01
   0.222064903403056E+02
   0.197516020354778E-01
   0.237568529000057E+02
   0.173747569508704E-01
   0.243246231262859E+02
   0.173078394403222E-01
   0.242863414728802E+02
   0.173419283136049E-01
   0.236269115876451E+02
   0.214669172531558E-01
   0.234887998099840E+02
   0.220885341812948E-01
   0.235391955155187E+02
   0.223808200017125E-01
   0.237249298405330E+02
   0.227169749871784E-01
   0.238632037942429E+02
   0.224354440796059E-01
   0.240357851595573E+02
   0.218364951180727E-01
   0.242984298358914E+02
   0.221374559670034E-01
   0.245654677156578E+02
   0.221020468244049E-01
   0.249095581380757E+02
   0.218806034064252E-01
   0.251221116952996E+02
   0.212755581982562E-01
   0.245723700766731E+02
   0.225523969079344E-01
   0.244640193932359E+02
   0.218708777678636E-01
   0.242273071697952E+02
   0.217907817230101E-01
   0.238234054782967E+02
   0.213218068958470E-01
   0.234293361307593E+02
   0.208975130161695E-01
   0.230671245831612E+02
   0.204001622482547E-01
   0.227436173999207E+02
   0.199944160101624E-01
   0.222560128063114E+02
   0.188962147317899E-01
   0.219830751552387E+02
   0.185466662975884E-01
   0.217288301199584E+02
   0.182371672746172E-01
   0.214957484111520E+02
   0.180123221478976E-01
   0.212789932286763E+02
   0.178521316242052E-01
   0.210662786466918E+02
   0.177317491477718E-01
   0.208432948091911E+02
   0.176208366879070E-01
   0.206032648201745E+02
   0.174842858540333E-01
   0.203674335339742E+02
   0.173913971167703E-01
   0.201727282226460E+02
   0.173859085243104E-01
   0.200547265393561E+02
   0.174941545831350E-01
   0.200534324015832E+02
   0.177832900566712E-01
   0.202028299686260E+02
   0.183062238195608E-01
   0.205096820299138E+02
   0.187355857231383E-01
   0.210916360609854E+02
   0.198355672739604E-01
   0.218438948005382E+02
   0.191078566049251E-01
   0.232429202759086E+02
   0.173619205430964E-01
   0.237983718234496E+02
   0.173935392437494E-01
   0.238479457472426E+02
   0.174950122877511E-01
   0.233400529903433E+02
   0.219100228141420E-01
   0.232326265059805E+02
   0.218493911527037E-01
   0.232971260447835E+02
   0.214148714925284E-01
   0.235617940305225E+02
   0.221267197778178E-01
   0.237087467551612E+02
   0.224463643927194E-01
   0.238685764655442E+02
   0.219943292253181E-01
   0.241018955645786E+02
   0.225170529235928E-01
   0.243198330586279E+02
   0.228211236658059E-01
   0.245609610070409E+02
   0.231497967646534E-01
   0.247856841840817E+02
   0.214742041154679E-01
   0.242897978994840E+02
   0.222546649889745E-01
   0.241335967449231E+02
   0.218361394462104E-01
   0.238901248851724E+02
   0.212823759140146E-01
   0.235360215783499E+02
   0.205862837737079E-01
   0.231906338258056E+02
   0.201409258670171E-01
   0.228582737573977E+02
   0.196811951765117E-01
   0.225468750564786E+02
   0.192688936651006E-01
   0.220527536111675E+02
   0.193809493586359E-01
   0.217862417882554E+02
   0.189705795605212E-01
   0.215356852049148E+02
   0.186098954220496E-01
   0.213019791728488E+02
   0.183294337406054E-01
   0.210799577529811E+02
   0.181235396142026E-01
   0.208572011092581E+02
   0.179701871110856E-01
   0.206222638237282E+02
   0.178544381284691E-01
   0.203734371877224E+02
   0.177375879428859E-01
   0.201328871608491E+02
   0.176696087870887E-01
   0.199340234761982E+02
   0.176896980549717E-01
   0.198080992680747E+02
   0.178098114378749E-01
   0.197921829551247E+02
   0.180971704829851E-01
   0.199239151878191E+02
   0.186774185694096E-01
   0.202162154767076E+02
   0.194189134313772E-01
   0.207304424935604E+02
   0.201592163946640E-01
   0.213786674701326E+02
   0.187905828094727E-01
   0.225892832034889E+02
   0.173018038700479E-01
   0.231190858825549E+02
   0.172679041278655E-01
   0.232608497750070E+02
   0.180364873811811E-01
   0.229061517881107E+02
   0.221284866376776E-01
   0.228453711655753E+02
   0.217451313508502E-01
   0.229421861079472E+02
   0.208883926769654E-01
   0.232972655871621E+02
   0.210838746406405E-01
   0.234514301660214E+02
   0.228059527383956E-01
   0.236161709986119E+02
   0.227534638814020E-01
   0.238148905305107E+02
   0.231796712490305E-01
   0.239788568724862E+02
   0.233855517945236E-01
   0.241224585425177E+02
   0.234975867057288E-01
   0.241986972262092E+02
   0.226584290223851E-01
   0.239146308321325E+02
   0.229633186999074E-01
   0.237589028601802E+02
   0.226224924972931E-01
   0.235280365503061E+02
   0.219250589464926E-01
   0.232253262165576E+02
   0.212334056303633E-01
   0.229294321706911E+02
   0.207876986426660E-01
   0.226293640838297E+02
   0.203072373554326E-01
   0.223345786022726E+02
   0.198237197136131E-01
   0.218366360651655E+02
   0.211201938994063E-01
   0.215862587092192E+02
   0.206595400618791E-01
   0.213476265244208E+02
   0.202104698082929E-01
   0.211199826887672E+02
   0.198130384184571E-01
   0.208984060658433E+02
   0.195042053931702E-01
   0.206701277300693E+02
   0.192726386524857E-01
   0.204251582651468E+02
   0.191111597599607E-01
   0.201651004650944E+02
   0.189580716333544E-01
   0.199121542819431E+02
   0.188293274899898E-01
   0.196970764438616E+02
   0.187587810332187E-01
   0.195469701972970E+02
   0.187124165064399E-01
   0.194943377106613E+02
   0.187206405084604E-01
   0.195750396696283E+02
   0.188990231887854E-01
   0.198026318808234E+02
   0.192614524276884E-01
   0.202550489538583E+02
   0.203784804630139E-01
   0.208315359034145E+02
   0.197409049209462E-01
   0.217810287427676E+02
   0.170690772459970E-01
   0.222775237366133E+02
   0.175601134113018E-01
   0.224988930951867E+02
   0.190550060396336E-01
   0.223158551380556E+02
   0.221245739648773E-01
   0.223195743512274E+02
   0.213777787074053E-01
   0.224678482243922E+02
   0.202556307522502E-01
   0.229723065183829E+02
   0.197322544722725E-01
   0.230625024718565E+02
   0.227560103777442E-01
   0.232376152185800E+02
   0.232960336943491E-01
   0.234011032807913E+02
   0.234787062952707E-01
   0.235149411927619E+02
   0.234933305931433E-01
   0.235782147286012E+02
   0.232360862662566E-01
   0.235872798572613E+02
   0.230425481402984E-01
   0.234237964412317E+02
   0.235825629721979E-01
   0.232999759354890E+02
   0.236735202952875E-01
   0.231067885437039E+02
   0.232639086612772E-01
   0.228663286578688E+02
   0.228568902069712E-01
   0.226249248904484E+02
   0.225155783250514E-01
   0.223650337991171E+02
   0.220809031038291E-01
   0.220986579055105E+02
   0.216012815119063E-01
   0.215150490420977E+02
   0.229397167488246E-01
   0.212925928291248E+02
   0.226334642072692E-01
   0.210778390922952E+02
   0.222292208017108E-01
   0.208675267575696E+02
   0.217506976127592E-01
   0.206558653580155E+02
   0.212969993279642E-01
   0.204287636662889E+02
   0.208752560695167E-01
   0.201762963285138E+02
   0.204865957935941E-01
   0.199039822116563E+02
   0.201146362334033E-01
   0.196351300353105E+02
   0.197799547468730E-01
   0.193992758457046E+02
   0.195159923027429E-01
   0.192213875371768E+02
   0.192736935545835E-01
   0.191282403288545E+02
   0.190367126897593E-01
   0.191441116207620E+02
   0.187989038957309E-01
   0.192813887327756E+02
   0.185689072454815E-01
   0.196424973955098E+02
   0.192218100670496E-01
   0.201766216062441E+02
   0.204540502681640E-01
   0.208055282373398E+02
   0.177411291352113E-01
   0.212476089352009E+02
   0.182310615264114E-01
   0.215118586866326E+02
   0.197083374077288E-01
   0.215668267058103E+02
   0.216320468058838E-01
   0.216588326031810E+02
   0.208493078165490E-01
   0.218847927035541E+02
   0.190176363776846E-01
   0.224226082668205E+02
   0.197659511945799E-01
   0.225346654835151E+02
   0.224567238907325E-01
   0.227153570627243E+02
   0.234050126018462E-01
   0.228472809872287E+02
   0.232425818343640E-01
   0.229240387134493E+02
   0.231594706451260E-01
   0.229296403460900E+02
   0.228128327016697E-01
   0.228942362926437E+02
   0.227090630872544E-01
   0.227899546780116E+02
   0.232748987911167E-01
   0.226996198862329E+02
   0.237002526643804E-01
   0.225538368177750E+02
   0.237247376965581E-01
   0.223744250026700E+02
   0.237400134336347E-01
   0.221889696471361E+02
   0.237325525316799E-01
   0.219747231684962E+02
   0.235137593043089E-01
   0.217462248546227E+02
   0.232418990173536E-01
   0.209880469885606E+02
   0.229652537202182E-01
   0.207976725952570E+02
   0.229102733779585E-01
   0.206163382632600E+02
   0.227883006416821E-01
   0.204377434327975E+02
   0.225074731200900E-01
   0.202519935603437E+02
   0.221258649789192E-01
   0.200411494578956E+02
   0.216310182812236E-01
   0.197924354296875E+02
   0.210187557781771E-01
   0.195146698615010E+02
   0.204120781383022E-01
   0.192332231234556E+02
   0.199001613898295E-01
   0.189777507021171E+02
   0.195068452919989E-01
   0.187738264723336E+02
   0.191916847596570E-01
   0.186452163085952E+02
   0.189319687811832E-01
   0.186094749791503E+02
   0.186426462115172E-01
   0.186810135619965E+02
   0.182110196069828E-01
   0.189358045735470E+02
   0.178542362310482E-01
   0.193856959616392E+02
   0.186168459211172E-01
   0.198976214261355E+02
   0.185434326991112E-01
   0.202650096448778E+02
   0.186898480060961E-01
   0.204943235895916E+02
   0.188628378480217E-01
   0.206616101903071E+02
   0.203512159930101E-01
   0.208578897210865E+02
   0.203555429183343E-01
   0.212218548386608E+02
   0.172564328546665E-01
   0.216366203837724E+02
   0.204838720810164E-01
   0.218649431910227E+02
   0.223033145272885E-01
   0.220435482889775E+02
   0.227065775293839E-01
   0.221552747928924E+02
   0.225717244269539E-01
   0.222029172512982E+02
   0.224528994218420E-01
   0.221718833750094E+02
   0.220697770124472E-01
   0.220996090927727E+02
   0.217975802249593E-01
   0.220087642352475E+02
   0.220612343202542E-01
   0.219356110219288E+02
   0.224943178278539E-01
   0.218268971837206E+02
   0.227232858392148E-01
   0.216958779528123E+02
   0.229786669870431E-01
   0.215540498663865E+02
   0.232068850401562E-01
   0.213792103895615E+02
   0.231668055451489E-01
   0.211869552271594E+02
   0.230725418666842E-01
   0.202402969162864E+02
   0.215656722831734E-01
   0.200732151019414E+02
   0.215749269200912E-01
   0.199190675053468E+02
   0.216484537937079E-01
   0.197733790557776E+02
   0.217018447128898E-01
   0.196219452293260E+02
   0.216389212570392E-01
   0.194422623575148E+02
   0.213776285639685E-01
   0.192166064087115E+02
   0.208557991520335E-01
   0.189503698797505E+02
   0.202086635224176E-01
   0.186679694399371E+02
   0.195936549326441E-01
   0.183998851579744E+02
   0.190883181290957E-01
   0.181750152941664E+02
   0.187060180207813E-01
   0.180172207605825E+02
   0.184252861827058E-01
   0.179445720844246E+02
   0.181814207662583E-01
   0.179773594577202E+02
   0.179135876244156E-01
   0.181756182988018E+02
   0.177745868266437E-01
   0.185565024568559E+02
   0.183558615278237E-01
   0.189598313158708E+02
   0.183477259431697E-01
   0.192354530038966E+02
   0.182325422331682E-01
   0.194091147757601E+02
   0.182232966911803E-01
   0.196130218248635E+02
   0.189893412345168E-01
   0.198961855671407E+02
   0.194132475789142E-01
   0.203402714850021E+02
   0.166252828561694E-01
   0.207648184268744E+02
   0.199599250913080E-01
   0.210494350474943E+02
   0.210888605229639E-01
   0.212238721257487E+02
   0.213984227008192E-01
   0.213232072596102E+02
   0.215272572986953E-01
   0.213501407977515E+02
   0.214729626691463E-01
   0.212970249035880E+02
   0.211210257818994E-01
   0.212023608486496E+02
   0.207672201342261E-01
   0.211107783148148E+02
   0.208175024485144E-01
   0.210388016918672E+02
   0.210828720438119E-01
   0.209462529142787E+02
   0.212565929677839E-01
   0.208421735055993E+02
   0.214803605576825E-01
   0.207270057174053E+02
   0.216921275889982E-01
   0.205797807140488E+02
   0.217017659552536E-01
   0.204147284458892E+02
   0.216440245010489E-01
   0.192987521548060E+02
   0.199354482714110E-01
   0.191463082782559E+02
   0.198836368207937E-01
   0.190076729471859E+02
   0.199384261888833E-01
   0.188830702042708E+02
   0.201023082965180E-01
   0.187583384085647E+02
   0.202616064821992E-01
   0.186100237618254E+02
   0.203041298608524E-01
   0.184176721317966E+02
   0.201085699932003E-01
   0.181794630551070E+02
   0.196709113921388E-01
   0.179126158380511E+02
   0.190990692652747E-01
   0.176443042130005E+02
   0.185046321976950E-01
   0.174070771758281E+02
   0.180160093895922E-01
   0.172273683976952E+02
   0.176490570726668E-01
   0.171275199013441E+02
   0.173505848809982E-01
   0.171347427910716E+02
   0.170792736290763E-01
   0.172968887783296E+02
   0.170140361517205E-01
   0.176129325239324E+02
   0.174656857664342E-01
   0.179235380618006E+02
   0.175144439377484E-01
   0.181125533127761E+02
   0.172780430219507E-01
   0.182168580122334E+02
   0.170083731202995E-01
   0.184233326747094E+02
   0.174814158245191E-01
   0.187766741015415E+02
   0.180281470052254E-01
   0.192490873553014E+02
   0.172707085355698E-01
   0.197929427671095E+02
   0.190330744896642E-01
   0.201011369147695E+02
   0.196626254249072E-01
   0.202656280387605E+02
   0.199436524765606E-01
   0.203481058483707E+02
   0.201759197780013E-01
   0.203590556687131E+02
   0.202213560961142E-01
   0.202952610113235E+02
   0.199974460432808E-01
   0.201910784554764E+02
   0.196867344824405E-01
   0.200932587715440E+02
   0.196195949031145E-01
   0.200140393067432E+02
   0.197464088930554E-01
   0.199248934507618E+02
   0.198399245953288E-01
   0.198310551347421E+02
   0.199744117188137E-01
   0.197271807774469E+02
   0.200726924331510E-01
   0.195991124439327E+02
   0.200762983816757E-01
   0.194546569964890E+02
   0.200276299992212E-01
   0.181739111627364E+02
   0.183219079778638E-01
   0.180314280011487E+02
   0.182200902390680E-01
   0.179005950257056E+02
   0.181921989150836E-01
   0.177859882838216E+02
   0.182864851167054E-01
   0.176757405492534E+02
   0.184343630121425E-01
   0.175486472060868E+02
   0.185604910754477E-01
   0.173860964294772E+02
   0.186025661632454E-01
   0.171814919960560E+02
   0.184662548261286E-01
   0.169428580414157E+02
   0.181291672013375E-01
   0.166899644329353E+02
   0.176365652932325E-01
   0.164536191105868E+02
   0.171239958359762E-01
   0.162620597627221E+02
   0.166806670049225E-01
   0.161441922633741E+02
   0.163311042678502E-01
   0.161349647686165E+02
   0.160921861956711E-01
   0.162708526625786E+02
   0.160437453429752E-01
   0.165307574129733E+02
   0.162637526874583E-01
   0.167675349639609E+02
   0.162721963925884E-01
   0.168785129733772E+02
   0.160742306587370E-01
   0.168950777508539E+02
   0.155208937719051E-01
   0.170780822173067E+02
   0.157793146877934E-01
   0.175009466051126E+02
   0.162980554957539E-01
   0.181055830127041E+02
   0.169808994027416E-01
   0.187125017909624E+02
   0.179945593325729E-01
   0.190286379884339E+02
   0.182060778236595E-01
   0.191731865779777E+02
   0.184111091205356E-01
   0.192315342281887E+02
   0.186032047447096E-01
   0.192260231773222E+02
   0.187068170432763E-01
   0.191558520471077E+02
   0.186298857376663E-01
   0.190473290568708E+02
   0.184265514291623E-01
   0.189412799007256E+02
   0.183200291968372E-01
   0.188492805447719E+02
   0.183352880286150E-01
   0.187540148632937E+02
   0.183463351619538E-01
   0.186593624767827E+02
   0.184040811532691E-01
   0.185587800639661E+02
   0.184361066821912E-01
   0.184435244261298E+02
   0.184386278463986E-01
   0.183150041402183E+02
   0.184065960265394E-01
   0.168684532024922E+02
   0.167192313282806E-01
   0.167340880575450E+02
   0.166134289728570E-01
   0.166069855764400E+02
   0.165312517111081E-01
   0.164944270281922E+02
   0.165251607699131E-01
   0.163884529930154E+02
   0.165775728117137E-01
   0.162718491699948E+02
   0.166433639457997E-01
   0.161294398061374E+02
   0.167041085012885E-01
   0.159537851029530E+02
   0.166976087230578E-01
   0.157460479858678E+02
   0.165586922217249E-01
   0.155187432791223E+02
   0.162666467008608E-01
   0.152969188040122E+02
   0.158845833445782E-01
   0.151055414738009E+02
   0.154456483388776E-01
   0.149787621911140E+02
   0.150577086400477E-01
   0.149611517023155E+02
   0.148470465189116E-01
   0.150830447465177E+02
   0.148626799709362E-01
   0.153044597528568E+02
   0.149997867807216E-01
   0.154865667782999E+02
   0.149936088378969E-01
   0.155205078131735E+02
   0.147657057701177E-01
   0.154251882348988E+02
   0.139245962520393E-01
   0.155621151642476E+02
   0.139128962466753E-01
   0.160560953602374E+02
   0.146179865332779E-01
   0.168270284552423E+02
   0.158140601776827E-01
   0.175196443728802E+02
   0.170726368981124E-01
   0.178409372477333E+02
   0.170350251646636E-01
   0.179548104296334E+02
   0.170194799857109E-01
   0.179804032707218E+02
   0.170567312618692E-01
   0.179525251862394E+02
   0.171124162325020E-01
   0.178727040570415E+02
   0.170909923826833E-01
   0.177594663155306E+02
   0.169934527788641E-01
   0.176443495888200E+02
   0.169184319606841E-01
   0.175367222206628E+02
   0.168637832162341E-01
   0.174290242829008E+02
   0.168066110797795E-01
   0.173258347850495E+02
   0.167944680872555E-01
   0.172226854819031E+02
   0.167828289641996E-01
   0.171142070673172E+02
   0.167853393786950E-01
   0.169974353433291E+02
   0.167819350947091E-01
   0.153781272237401E+02
   0.150425092467031E-01
   0.152509481586065E+02
   0.149516792001534E-01
   0.151265367958846E+02
   0.148508706341335E-01
   0.150131744966207E+02
   0.147841984123241E-01
   0.149062865774987E+02
   0.147692572318146E-01
   0.147931978578562E+02
   0.147729452334776E-01
   0.146618335982034E+02
   0.147688435096742E-01
   0.145067917239923E+02
   0.147708028770819E-01
   0.143256298112912E+02
   0.147036732200181E-01
   0.141256961696265E+02
   0.145425481905833E-01
   0.139256268041527E+02
   0.143019271386562E-01
   0.137444632199111E+02
   0.139419982221269E-01
   0.136165514353928E+02
   0.135494601459906E-01
   0.135968655881615E+02
   0.133938770616983E-01
   0.137171928581903E+02
   0.135636569631953E-01
   0.139233629749992E+02
   0.138256867459657E-01
   0.140735832528466E+02
   0.139175436359523E-01
   0.140313229314486E+02
   0.136049106106119E-01
   0.137856815084051E+02
   0.122104169327125E-01
   0.138539465005511E+02
   0.117150181357267E-01
   0.144148606262303E+02
   0.127985244063077E-01
   0.154138876050671E+02
   0.154403380859365E-01
   0.162087397957126E+02
   0.169950408300653E-01
   0.165320377149635E+02
   0.165781609215787E-01
   0.166060005221204E+02
   0.160873640815643E-01
   0.165934192482191E+02
   0.158204121557079E-01
   0.165372565989032E+02
   0.156967455345478E-01
   0.164410850357542E+02
   0.155887208141730E-01
   0.163176109035217E+02
   0.154718797755348E-01
   0.161905852615792E+02
   0.154062307674603E-01
   0.160660333503974E+02
   0.153162758101907E-01
   0.159424353057014E+02
   0.152107824613452E-01
   0.158256995079791E+02
   0.151421597236309E-01
   0.157152913666235E+02
   0.151010507658972E-01
   0.156077372745481E+02
   0.150885998256514E-01
   0.154978046927092E+02
   0.150871009049197E-01
   0.136921710033444E+02
   0.136586638472168E-01
   0.135709133966713E+02
   0.135559766545712E-01
   0.134496463920545E+02
   0.134375713097969E-01
   0.133369386271866E+02
   0.133462329317694E-01
   0.132282427873212E+02
   0.132822912259089E-01
   0.131157734370448E+02
   0.132357401381155E-01
   0.129907442837302E+02
   0.131761123748144E-01
   0.128493455307263E+02
   0.131288130051997E-01
   0.126889098973302E+02
   0.130660405829131E-01
   0.125134204882951E+02
   0.129798477787646E-01
   0.123369760152306E+02
   0.129177263394673E-01
   0.121733141706657E+02
   0.128124936743131E-01
   0.120515501763320E+02
   0.126213546003663E-01
   0.120287547481742E+02
   0.125338390158492E-01
   0.121491961468968E+02
   0.127378646674810E-01
   0.123613805040957E+02
   0.131351831484888E-01
   0.125073252785600E+02
   0.133420842967816E-01
   0.124040450896024E+02
   0.129636068708770E-01
   0.119521023631697E+02
   0.960073737354604E-02
   0.119411554220169E+02
   0.898364130056285E-02
   0.125371378150276E+02
   0.103033935188456E-01
   0.137387130506572E+02
   0.146726682557947E-01
   0.146638219374505E+02
   0.169727481997433E-01
   0.150307938094679E+02
   0.168452171506447E-01
   0.150884673488877E+02
   0.161237225856138E-01
   0.150442546673430E+02
   0.156050326962123E-01
   0.149596019794877E+02
   0.152509387098288E-01
   0.148412050569163E+02
   0.149538098580563E-01
   0.147013957111002E+02
   0.146736571547682E-01
   0.145589125960719E+02
   0.144508174044429E-01
   0.144175395561276E+02
   0.142452961630620E-01
   0.142781010326042E+02
   0.140539022725062E-01
   0.141458563625773E+02
   0.139072350278593E-01
   0.140249346756416E+02
   0.138113764035751E-01
   0.139135760893695E+02
   0.137589393152802E-01
   0.138057800747338E+02
   0.137230548653023E-01
   0.117823862923620E+02
   0.126765029614472E-01
   0.116652084233970E+02
   0.125936233885084E-01
   0.115470136991433E+02
   0.124973293299960E-01
   0.114362479392668E+02
   0.123974921754362E-01
   0.113273670749961E+02
   0.123078433972089E-01
   0.112166920645134E+02
   0.122360191144966E-01
   0.110987668999372E+02
   0.121703805295184E-01
   0.109702467509556E+02
   0.121132920500597E-01
   0.108289389727177E+02
   0.120781827728510E-01
   0.106742714888524E+02
   0.120248102291466E-01
   0.105160789291278E+02
   0.119648630548384E-01
   0.103673575940596E+02
   0.118809009115738E-01
   0.102540744009997E+02
   0.117282556529679E-01
   0.102296392056081E+02
   0.116278169743078E-01
   0.103472930160917E+02
   0.117748520068711E-01
   0.105744524740775E+02
   0.122508325955054E-01
   0.107467716355147E+02
   0.127143866439050E-01
   0.106323463448848E+02
   0.124469321662987E-01
   0.100193563592944E+02
   0.865801563170203E-02
   0.992283828995223E+01
   0.776609279920339E-02
   0.104801821759837E+02
   0.864208162655001E-02
   0.117606601033629E+02
   0.136206621376605E-01
   0.127251064632210E+02
   0.158650502316405E-01
   0.131596040265288E+02
   0.162497472102120E-01
   0.132665856068550E+02
   0.158307394635388E-01
   0.132419108619118E+02
   0.154204292783399E-01
   0.131564401697093E+02
   0.149940585127472E-01
   0.130287530391353E+02
   0.145406288470652E-01
   0.128758940904437E+02
   0.141113195708769E-01
   0.127196335395747E+02
   0.137649793397232E-01
   0.125627616396341E+02
   0.134713939414889E-01
   0.124095316150897E+02
   0.132406617682522E-01
   0.122598906956558E+02
   0.130288794271220E-01
   0.121243567641883E+02
   0.128737986408411E-01
   0.120035020135091E+02
   0.127763654264277E-01
   0.118930535620815E+02
   0.127254335905441E-01
   0.962076143842785E+01
   0.116963321970622E-01
   0.950064682423017E+01
   0.115826949530127E-01
   0.938145539819950E+01
   0.114658852773051E-01
   0.927662406591403E+01
   0.113982366210278E-01
   0.916978396371405E+01
   0.113153625718358E-01
   0.906171420877106E+01
   0.112425432194584E-01
   0.895146565711081E+01
   0.111839479923975E-01
   0.883698000552612E+01
   0.111383436735796E-01
   0.871516906565327E+01
   0.111031403999649E-01
   0.858450640715154E+01
   0.110658241093520E-01
   0.845278732985499E+01
   0.110272589964756E-01
   0.833062939457997E+01
   0.109708255036925E-01
   0.823963422688086E+01
   0.108800426899183E-01
   0.822269239088791E+01
   0.108250289767337E-01
   0.833011889767577E+01
   0.109244587048105E-01
   0.855824490273882E+01
   0.113372673310522E-01
   0.875936628665826E+01
   0.119643289223255E-01
   0.870746359619481E+01
   0.122331576988531E-01
   0.804037247284437E+01
   0.840440688820610E-02
   0.787867370986673E+01
   0.758335813987411E-02
   0.831231445456330E+01
   0.815905353855572E-02
   0.942007488395862E+01
   0.115586884572398E-01
   0.102785669275772E+02
   0.132151106564111E-01
   0.107480124862067E+02
   0.139651904264938E-01
   0.109434325666295E+02
   0.140761892023368E-01
   0.109993454416946E+02
   0.140980676027805E-01
   0.109775826618613E+02
   0.140083186521588E-01
   0.108979441788788E+02
   0.137620116423095E-01
   0.107750337582273E+02
   0.134546055426289E-01
   0.106281706605199E+02
   0.131209081506877E-01
   0.104671479857554E+02
   0.127900690078401E-01
   0.103019636595094E+02
   0.125079606585781E-01
   0.101402153112371E+02
   0.122582592527643E-01
   0.999164066752674E+01
   0.120560049628810E-01
   0.985716761670357E+01
   0.119006538722714E-01
   0.973688365199112E+01
   0.117910962726256E-01
   0.719245970116570E+01
   0.106988954011387E-01
   0.707336348744799E+01
   0.105807455097490E-01
   0.695633148506742E+01
   0.104654630941679E-01
   0.684591690420382E+01
   0.103587351524704E-01
   0.673660565711557E+01
   0.102509733795365E-01
   0.663058915913469E+01
   0.101714698086618E-01
   0.652888244830859E+01
   0.101198050674658E-01
   0.643011982494992E+01
   0.100966958398075E-01
   0.633028344106278E+01
   0.100798388700581E-01
   0.622655793472248E+01
   0.100667375614669E-01
   0.612853967489175E+01
   0.100606366475740E-01
   0.604327033954029E+01
   0.100483510684447E-01
   0.598704542520636E+01
   0.100270459285900E-01
   0.598787304675596E+01
   0.100236324919904E-01
   0.607995706978811E+01
   0.100991186071826E-01
   0.627494508110103E+01
   0.103760601587099E-01
   0.647601527953490E+01
   0.109105086506090E-01
   0.651857723344914E+01
   0.116206854098947E-01
   0.607079718747350E+01
   0.958597844064789E-02
   0.587735943358114E+01
   0.905157137340813E-02
   0.607829453963427E+01
   0.870278896462162E-02
   0.672041403222649E+01
   0.946554719522416E-02
   0.732241892870314E+01
   0.100192348349777E-01
   0.775434314776773E+01
   0.106299865503587E-01
   0.801547508746048E+01
   0.110668588505025E-01
   0.815967099960844E+01
   0.114173640135380E-01
   0.823926088142931E+01
   0.117403156101494E-01
   0.825438031661099E+01
   0.119152068847688E-01
   0.820689517358390E+01
   0.119290317864651E-01
   0.811636305268324E+01
   0.118378626773202E-01
   0.799141349786273E+01
   0.116513602701790E-01
   0.784702772733520E+01
   0.114430857908493E-01
   0.769828150813381E+01
   0.112342010856092E-01
   0.755836999283031E+01
   0.110612363501290E-01
   0.742518184383420E+01
   0.109049482596301E-01
   0.730655584726371E+01
   0.107952113010700E-01
   0.433400024857047E+01
   0.930071679104065E-02
   0.422730051343780E+01
   0.921681785267919E-02
   0.412639604401313E+01
   0.914601270990231E-02
   0.402837182244950E+01
   0.907522933801490E-02
   0.393077901668775E+01
   0.899792419938817E-02
   0.383728380428136E+01
   0.893490205215598E-02
   0.375121375285488E+01
   0.889701844717139E-02
   0.367144686739247E+01
   0.888390282280529E-02
   0.359442228687556E+01
   0.887860428760466E-02
   0.351465326357332E+01
   0.885137541732309E-02
   0.345335610886543E+01
   0.885887043928224E-02
   0.341046754351401E+01
   0.887424799877036E-02
   0.339379031358936E+01
   0.889528343651217E-02
   0.341769896605142E+01
   0.893029387237684E-02
   0.349561692721199E+01
   0.899167256960056E-02
   0.363076081951865E+01
   0.915147232378223E-02
   0.377731926228886E+01
   0.946512912366840E-02
   0.381223403229223E+01
   0.984140648371337E-02
   0.357196253324785E+01
   0.911331857108952E-02
   0.339073296348845E+01
   0.853049309558732E-02
   0.341645900940622E+01
   0.801537795117219E-02
   0.369079817184414E+01
   0.791136992452532E-02
   0.403218754702375E+01
   0.796736228053164E-02
   0.434296903714739E+01
   0.821839877194813E-02
   0.457696888298871E+01
   0.847959327846131E-02
   0.474934960226189E+01
   0.875011378021997E-02
   0.488601621379997E+01
   0.908386443854923E-02
   0.497757705452926E+01
   0.938664158972281E-02
   0.501444982374095E+01
   0.959615351385940E-02
   0.499718682130062E+01
   0.968458190648297E-02
   0.493348983725742E+01
   0.966508028231903E-02
   0.483783267840107E+01
   0.958258857051688E-02
   0.472943717640151E+01
   0.948558576896905E-02
   0.462804220806677E+01
   0.943131701790879E-02
   0.452851428308496E+01
   0.938743283693252E-02
   0.443096923048448E+01
   0.934345305901611E-02
   0.786172219152455E+00
   0.728263922498210E-02
   0.719411947106343E+00
   0.727882792826908E-02
   0.649580429110708E+00
   0.726025157961895E-02
   0.577039180221341E+00
   0.723038078495245E-02
   0.502497808404015E+00
   0.718573719761198E-02
   0.431805952091124E+00
   0.713924038017640E-02
   0.369423209877388E+00
   0.710482706608824E-02
   0.313553737485943E+00
   0.708101448590506E-02
   0.262433202215727E+00
   0.705984994828474E-02
   0.222614770054703E+00
   0.704733592344828E-02
   0.203816149652255E+00
   0.706086057233380E-02
   0.202511137703536E+00
   0.708028675875691E-02
   0.220043319296835E+00
   0.710471135075443E-02
   0.260195628800311E+00
   0.713548215364079E-02
   0.323808587202265E+00
   0.717981556768633E-02
   0.403831272177281E+00
   0.726805897462684E-02
   0.484768368269075E+00
   0.747007842082689E-02
   0.502071207996351E+00
   0.768286199669024E-02
   0.377182348353747E+00
   0.741635636295465E-02
   0.230757552448403E+00
   0.703931726581599E-02
   0.159293820910670E+00
   0.667343855866906E-02
   0.221384008747650E+00
   0.646629868173374E-02
   0.354450529977732E+00
   0.635855094435343E-02
   0.511012365910473E+00
   0.634361061591827E-02
   0.658391639296369E+00
   0.637450437677350E-02
   0.792187047362045E+00
   0.644777541175334E-02
   0.917118189879338E+00
   0.659706109030734E-02
   0.102574126990530E+01
   0.680423772843360E-02
   0.110333859850477E+01
   0.701273941238484E-02
   0.113907617565106E+01
   0.716010093893297E-02
   0.113422385216741E+01
   0.723735839746711E-02
   0.109790770669749E+01
   0.726495460303810E-02
   0.104198079463467E+01
   0.726064065574505E-02
   0.982496762602331E+00
   0.726757196100403E-02
   0.920745576975216E+00
   0.727912883683821E-02
   0.852003418762200E+00
   0.727636772064535E-02
  -0.376210915023201E+01
   0.489559624258207E-02
  -0.379089870215357E+01
   0.490962367371590E-02
  -0.382466143377939E+01
   0.490297516749188E-02
  -0.386220036054231E+01
   0.487792939635644E-02
  -0.390114691918685E+01
   0.483831770219608E-02
  -0.393257903006550E+01
   0.479655404715888E-02
  -0.395286313991207E+01
   0.476289722339263E-02
  -0.396059565291233E+01
   0.474446041338891E-02
  -0.395675747468203E+01
   0.473816877794554E-02
  -0.394112363015061E+01
   0.474183693502219E-02
  -0.391452603485361E+01
   0.474751267214422E-02
  -0.388076556899648E+01
   0.475443790860812E-02
  -0.384134964436316E+01
   0.476884096613444E-02
  -0.379645990350915E+01
   0.479825663865659E-02
  -0.375144583040080E+01
   0.484468994907582E-02
  -0.371450311151512E+01
   0.491979813793317E-02
  -0.369860225510022E+01
   0.503078233551633E-02
  -0.372549453141892E+01
   0.513734968566064E-02
  -0.380590637888671E+01
   0.514179668684461E-02
  -0.391181086313997E+01
   0.504033726032180E-02
  -0.400487054290797E+01
   0.487421517862303E-02
  -0.405899270073163E+01
   0.469414232806473E-02
  -0.407217453153093E+01
   0.453531215086502E-02
  -0.404873039921293E+01
   0.442367292872219E-02
  -0.399763978011087E+01
   0.437235071528745E-02
  -0.392612310325756E+01
   0.438796261298160E-02
  -0.384246749233031E+01
   0.446158172663428E-02
  -0.376107161056196E+01
   0.456842873412914E-02
  -0.369514978186345E+01
   0.468140998635973E-02
  -0.365390543881998E+01
   0.477095777857208E-02
  -0.363959508418909E+01
   0.481963819763203E-02
  -0.364708132721396E+01
   0.483468416033802E-02
  -0.366722956033753E+01
   0.483489702584023E-02
  -0.369111647937606E+01
   0.483987209821373E-02
  -0.371450099008740E+01
   0.485264563420355E-02
  -0.373734330772057E+01
   0.487179497420855E-02
  -0.998703815949579E+01
   0.274371656695626E-02
  -0.993000013387690E+01
   0.276894299490492E-02
  -0.988055951239559E+01
   0.278050157965133E-02
  -0.983364273178361E+01
   0.278288771969434E-02
  -0.977309767704758E+01
   0.279522515925580E-02
  -0.969263621030728E+01
   0.282355918709161E-02
  -0.958667444787360E+01
   0.287346277877862E-02
  -0.945051563012027E+01
   0.295007654790852E-02
  -0.930627930360815E+01
   0.303296658903490E-02
  -0.915936505234513E+01
   0.311887384523846E-02
  -0.901880739698419E+01
   0.320181738357993E-02
  -0.889662719725382E+01
   0.327676412618082E-02
  -0.878336710286976E+01
   0.336169610469650E-02
  -0.872291546372213E+01
   0.340497209854642E-02
  -0.871524637293868E+01
   0.341240556184497E-02
  -0.876462792629037E+01
   0.338338492124099E-02
  -0.887964528054928E+01
   0.331021789540894E-02
  -0.907274464589101E+01
   0.317689945494394E-02
  -0.928313386695241E+01
   0.305236709491640E-02
  -0.950514022193958E+01
   0.293171212482426E-02
  -0.972660190171798E+01
   0.281549360718087E-02
  -0.994333394228514E+01
   0.269561207362484E-02
  -0.101455126634820E+02
   0.257660551138214E-02
  -0.102832592858656E+02
   0.250033896475582E-02
  -0.103639687784963E+02
   0.246013630777480E-02
  -0.103985104440596E+02
   0.244818573444145E-02
  -0.104006254549945E+02
   0.245523050062785E-02
  -0.103852547635379E+02
   0.247129396838602E-02
  -0.103625854744568E+02
   0.248973413981140E-02
  -0.103398478696596E+02
   0.250570553917182E-02
  -0.103182605928577E+02
   0.251890401730871E-02
  -0.102942817952864E+02
   0.253287899547202E-02
  -0.102639772586484E+02
   0.255151086314463E-02
  -0.102203308729392E+02
   0.258099266967255E-02
  -0.101551189924826E+02
   0.262782202418937E-02
  -0.100593289033462E+02
   0.269875734298072E-02
