   0.198209903800350E+01
   0.416403149735249E-02
   0.882881370190478E+00
   0.397634933312055E-02
   0.165260851016499E+00
   0.383381525518014E-02
  -0.247278970211858E+00
   0.373052165244016E-02
  -0.333984926754976E+00
   0.366647785652843E-02
   0.359252225163962E-01
   0.364634708557612E-02
  -0.450740747607602E+00
   0.368973072586817E-02
  -0.418078578903776E+00
   0.378361900720687E-02
   0.109486349640538E+00
   0.392899583226898E-02
   0.113233120365008E+01
   0.412733925391705E-02
   0.265882662126337E+01
   0.437879619741756E-02
   0.491575881272357E+01
   0.467567542027345E-02
   0.816316038137103E+01
   0.500666667190840E-02
   0.110140940435114E+02
   0.535311186783424E-02
   0.135834871772910E+02
   0.569603521306507E-02
   0.158957097703792E+02
   0.602009112111091E-02
   0.178588523231458E+02
   0.631442000524208E-02
   0.194511464309191E+02
   0.657211288553481E-02
   0.206891573646088E+02
   0.678927611376764E-02
   0.216079215840798E+02
   0.696602253461596E-02
   0.222476439557972E+02
   0.710624437247218E-02
   0.226432787209319E+02
   0.721248845348588E-02
   0.228158571136559E+02
   0.728439783763009E-02
   0.227663793790177E+02
   0.731851363444704E-02
   0.224759650965711E+02
   0.730849795828750E-02
   0.219112312581795E+02
   0.724833341455430E-02
   0.210273879216210E+02
   0.713513201954573E-02
   0.197675827773586E+02
   0.696702861788918E-02
   0.180600961684023E+02
   0.674282343463102E-02
   0.158158998079458E+02
   0.646406301259043E-02
   0.129293038120415E+02
   0.613748014273842E-02
   0.928148412044334E+01
   0.577614242781980E-02
   0.645164209920940E+01
   0.539951720811405E-02
   0.437765182510205E+01
   0.503140090792574E-02
   0.297374254061020E+01
   0.469433666763962E-02
   0.218256120691722E+01
   0.440351435442620E-02
   0.494811829868634E+01
   0.523755568379584E-02
   0.553342926556895E+01
   0.504562749970223E-02
   0.532146883903261E+01
   0.487431060137191E-02
   0.450174433316743E+01
   0.469832174007975E-02
   0.292270996784572E+01
   0.456419538302585E-02
   0.219655128720123E+01
   0.450105111220340E-02
   0.196037678780240E+01
   0.450368325556927E-02
   0.218544068132899E+01
   0.457846489474020E-02
   0.292392152744380E+01
   0.471358978294943E-02
   0.435261985650574E+01
   0.489215872236065E-02
   0.461164631566461E+01
   0.514257254145356E-02
   0.548389952801860E+01
   0.544080753789156E-02
   0.705159996792226E+01
   0.589076910026896E-02
   0.922062364124337E+01
   0.641092714630302E-02
   0.121168349807061E+02
   0.691380973923076E-02
   0.160696699222691E+02
   0.737844386993493E-02
   0.187757894270445E+02
   0.779577169967300E-02
   0.205756184649054E+02
   0.815023401698447E-02
   0.217185031942315E+02
   0.840357298339777E-02
   0.224004618542286E+02
   0.854862970751276E-02
   0.227904663483543E+02
   0.867277038569028E-02
   0.230319469171480E+02
   0.880472257429600E-02
   0.232223613444453E+02
   0.894776736570873E-02
   0.233619810434589E+02
   0.909429523100804E-02
   0.233660691738895E+02
   0.918169921263514E-02
   0.231589754033087E+02
   0.915682474357580E-02
   0.226947485752344E+02
   0.905918797460419E-02
   0.219383929679728E+02
   0.890208327003941E-02
   0.208331078177263E+02
   0.866566047056855E-02
   0.192649294829802E+02
   0.832669927231711E-02
   0.170667243911735E+02
   0.787963232639462E-02
   0.140672088861580E+02
   0.735097137514146E-02
   0.101298525663288E+02
   0.676416454144814E-02
   0.758163551663547E+01
   0.621009895248719E-02
   0.600968671437483E+01
   0.577204130050129E-02
   0.515773451413478E+01
   0.546742688676773E-02
   0.743565945023368E+01
   0.690518441634079E-02
   0.706301875024618E+01
   0.671588449218050E-02
   0.657684618488278E+01
   0.651276503552186E-02
   0.591719992303546E+01
   0.615963940452142E-02
   0.519601088576310E+01
   0.582785946759309E-02
   0.477178212586030E+01
   0.575164306674916E-02
   0.464356063042611E+01
   0.581204996197012E-02
   0.482479304338871E+01
   0.597346740474852E-02
   0.531873086116608E+01
   0.618609290742404E-02
   0.618979833465693E+01
   0.644435930799918E-02
   0.757367123153010E+01
   0.665374989553946E-02
   0.793292186450785E+01
   0.646141284822039E-02
   0.950386795258744E+01
   0.701971911359025E-02
   0.116472077600563E+02
   0.767706901987135E-02
   0.143705489332339E+02
   0.814702815753307E-02
   0.180822840750078E+02
   0.861713219725847E-02
   0.203984594839697E+02
   0.912224292462307E-02
   0.217788374770463E+02
   0.965125064975378E-02
   0.224808645592995E+02
   0.995574927178884E-02
   0.227066717413704E+02
   0.982595112239255E-02
   0.226733129655393E+02
   0.986290326189196E-02
   0.226253462836645E+02
   0.100067958615045E-01
   0.228276296109551E+02
   0.102174059253578E-01
   0.232495191249852E+02
   0.106168166322049E-01
   0.235386079030026E+02
   0.109125639555296E-01
   0.235489210179110E+02
   0.107740266719231E-01
   0.232745934710885E+02
   0.106286156578372E-01
   0.227687038173656E+02
   0.105174157546249E-01
   0.220684120806687E+02
   0.103202104496178E-01
   0.210343647947144E+02
   0.994673919427292E-02
   0.193398637135097E+02
   0.937359183484418E-02
   0.166813470021977E+02
   0.879842878980621E-02
   0.127604755262012E+02
   0.807126471593236E-02
   0.103134312420448E+02
   0.748851891676463E-02
   0.887265462616361E+01
   0.720345335176827E-02
   0.799839651500774E+01
   0.710092208788954E-02
   0.102234398925563E+02
   0.900980818054064E-02
   0.966779767494074E+01
   0.868327559766681E-02
   0.910012028492698E+01
   0.834410095169225E-02
   0.850804715305714E+01
   0.800455077494955E-02
   0.793553498766807E+01
   0.762273100716632E-02
   0.755833275872039E+01
   0.744689953353890E-02
   0.741026597616921E+01
   0.748432110937558E-02
   0.747338407287668E+01
   0.760187263746955E-02
   0.773499448210329E+01
   0.771003744051445E-02
   0.821404754487361E+01
   0.770746521774971E-02
   0.896503358140779E+01
   0.775273971668254E-02
   0.100849755969140E+02
   0.751391515958255E-02
   0.128831327155808E+02
   0.831315746910694E-02
   0.153287174940430E+02
   0.868920641749473E-02
   0.177267076092135E+02
   0.894762708617266E-02
   0.200898578447361E+02
   0.932568013866957E-02
   0.217595086112656E+02
   0.979702340380364E-02
   0.226609020138445E+02
   0.102545335308532E-01
   0.229153914757088E+02
   0.105141613136012E-01
   0.226659165709345E+02
   0.105659130205070E-01
   0.221174051816213E+02
   0.106879436682018E-01
   0.215950748607630E+02
   0.107661823771992E-01
   0.218423976611168E+02
   0.109526339373031E-01
   0.228317137068093E+02
   0.117783172056028E-01
   0.234447667595972E+02
   0.120352421343119E-01
   0.235855165897499E+02
   0.117736807376474E-01
   0.233394973917478E+02
   0.118960695584404E-01
   0.228987282481896E+02
   0.116185854781429E-01
   0.225476308098080E+02
   0.113790281639826E-01
   0.221404194181031E+02
   0.111082996202292E-01
   0.210082074676370E+02
   0.106776825668590E-01
   0.187671716764747E+02
   0.101659233858454E-01
   0.151231701440566E+02
   0.963690402908934E-02
   0.129343250597041E+02
   0.932099680673687E-02
   0.116668578328427E+02
   0.924239156552262E-02
   0.108470443720556E+02
   0.916188480341540E-02
   0.127423672111636E+02
   0.111804552579220E-01
   0.121447331163359E+02
   0.106857203138546E-01
   0.115630187198852E+02
   0.101627359769292E-01
   0.110190563407629E+02
   0.974996391817110E-02
   0.105305386659543E+02
   0.938441432412058E-02
   0.101704631904552E+02
   0.914487342746137E-02
   0.996749164451474E+01
   0.905744368277122E-02
   0.991471818192278E+01
   0.904391886884336E-02
   0.100051047457589E+02
   0.901324593571061E-02
   0.102668412709700E+02
   0.892198429471869E-02
   0.107747343096214E+02
   0.868946307884020E-02
   0.118297801203787E+02
   0.853233445313190E-02
   0.145183913834040E+02
   0.924646774520648E-02
   0.170938361375055E+02
   0.941398379741761E-02
   0.193438496282570E+02
   0.955143048010664E-02
   0.213363864410037E+02
   0.992513080372103E-02
   0.226765656214182E+02
   0.104766524615249E-01
   0.232004230577484E+02
   0.109850919448713E-01
   0.230685555353170E+02
   0.111680101784332E-01
   0.223581867358782E+02
   0.111165117117643E-01
   0.212282057142852E+02
   0.113660820672372E-01
   0.198709082397547E+02
   0.112130745531224E-01
   0.201744245470730E+02
   0.116374826490124E-01
   0.223018982132571E+02
   0.127341732698659E-01
   0.232060693214467E+02
   0.124925147262985E-01
   0.233850591987883E+02
   0.126168896998857E-01
   0.230120582734396E+02
   0.127969123036987E-01
   0.224133944938952E+02
   0.124575901002351E-01
   0.223814478288217E+02
   0.120243038816231E-01
   0.228306932065259E+02
   0.118877963816537E-01
   0.222992424637979E+02
   0.115233584535399E-01
   0.204679353296249E+02
   0.111984667000254E-01
   0.171036345007499E+02
   0.110685340632706E-01
   0.151807481286457E+02
   0.109881362484232E-01
   0.140935940133561E+02
   0.112985205626018E-01
   0.133629140318738E+02
   0.114366468528732E-01
   0.148830641642594E+02
   0.129892291908488E-01
   0.142853232990039E+02
   0.122908575615099E-01
   0.137276468213128E+02
   0.116511934407462E-01
   0.132369491736809E+02
   0.112061914791844E-01
   0.128140768465573E+02
   0.108835442256496E-01
   0.124792699344006E+02
   0.106337995410230E-01
   0.122455119304046E+02
   0.104512314124420E-01
   0.121142024645703E+02
   0.103153858919039E-01
   0.120911155938598E+02
   0.101808285390336E-01
   0.122137932772254E+02
   0.100800494638840E-01
   0.125495429600672E+02
   0.994816272267720E-02
   0.133092635978804E+02
   0.965176573695376E-02
   0.150730560814340E+02
   0.976820961514031E-02
   0.179576687646841E+02
   0.101229637957334E-01
   0.201223856312214E+02
   0.101809492072073E-01
   0.220684703482969E+02
   0.106367427696060E-01
   0.232671013323793E+02
   0.113202674873751E-01
   0.234462520987145E+02
   0.118666631781151E-01
   0.229915477795073E+02
   0.117889153891260E-01
   0.218568402115528E+02
   0.119062503759428E-01
   0.201812059320435E+02
   0.120382778643805E-01
   0.193426416841161E+02
   0.120388827818945E-01
   0.197336458522776E+02
   0.123072073859547E-01
   0.219709285192604E+02
   0.131136025638348E-01
   0.228883886948195E+02
   0.130398059114502E-01
   0.230186276404338E+02
   0.133857552873719E-01
   0.223893668844198E+02
   0.133905524223719E-01
   0.213036334880082E+02
   0.129368136954143E-01
   0.215491823551959E+02
   0.123817238540192E-01
   0.233028752343427E+02
   0.123329901397049E-01
   0.233474154768133E+02
   0.121565600712001E-01
   0.218804678052458E+02
   0.120492539929007E-01
   0.187660493666760E+02
   0.124807348072322E-01
   0.170927515551778E+02
   0.128003080429168E-01
   0.161641755087195E+02
   0.134335823095004E-01
   0.154951281569033E+02
   0.134571804267709E-01
   0.166516867056744E+02
   0.142386834923981E-01
   0.160822906810129E+02
   0.134343151302775E-01
   0.155749408457619E+02
   0.128066452800247E-01
   0.151454557894853E+02
   0.124143337240272E-01
   0.147809322071227E+02
   0.121512233600278E-01
   0.144774860189506E+02
   0.119230913583787E-01
   0.142359830535919E+02
   0.116967639638788E-01
   0.140608293616686E+02
   0.114857915958642E-01
   0.139673875386721E+02
   0.113186962729461E-01
   0.139957069783125E+02
   0.112681245919133E-01
   0.141946976904660E+02
   0.112397972487540E-01
   0.146944073560109E+02
   0.108958015656226E-01
   0.158754825463074E+02
   0.104004812799860E-01
   0.183355292403045E+02
   0.104946754799294E-01
   0.203086984078288E+02
   0.108094553092829E-01
   0.224273015082322E+02
   0.112115938831040E-01
   0.236220765614161E+02
   0.123303745482835E-01
   0.233983641379692E+02
   0.129698584912734E-01
   0.227011579252689E+02
   0.127259171961495E-01
   0.211654399073248E+02
   0.128209493534937E-01
   0.200716622197517E+02
   0.131508077768380E-01
   0.195597152079432E+02
   0.133078607009061E-01
   0.198705133588611E+02
   0.130875928999603E-01
   0.216572805036324E+02
   0.134506440692378E-01
   0.224271923169860E+02
   0.136244195620812E-01
   0.225078094013602E+02
   0.137520746761347E-01
   0.215628914862655E+02
   0.138061144351293E-01
   0.210382678935318E+02
   0.134187889518777E-01
   0.215460611250196E+02
   0.128982227521633E-01
   0.237781981692641E+02
   0.123712633083459E-01
   0.242083769311992E+02
   0.125136852254753E-01
   0.230447349426137E+02
   0.127824358139349E-01
   0.201632354181500E+02
   0.138641332074867E-01
   0.187138224196825E+02
   0.147905221365206E-01
   0.178837327152862E+02
   0.152904715355683E-01
   0.172487665223568E+02
   0.149512691156848E-01
   0.181007970727888E+02
   0.151365674971463E-01
   0.175855793657755E+02
   0.144757965002589E-01
   0.171417792059256E+02
   0.140255300447530E-01
   0.167722052679092E+02
   0.137694562010162E-01
   0.164569442262161E+02
   0.135422622986527E-01
   0.161853050011871E+02
   0.133093627377796E-01
   0.159505257480219E+02
   0.130400031995263E-01
   0.157556104071359E+02
   0.127681369141550E-01
   0.156178682909752E+02
   0.125519098190504E-01
   0.155740835778067E+02
   0.124993758048700E-01
   0.156602546132744E+02
   0.125071741335160E-01
   0.159512958561617E+02
   0.120867935006505E-01
   0.166937385048244E+02
   0.113581291691826E-01
   0.182571893881571E+02
   0.109403796033507E-01
   0.199363932864342E+02
   0.115867536997332E-01
   0.225078397867467E+02
   0.118977078498543E-01
   0.238353647912329E+02
   0.133932360619527E-01
   0.230241644905394E+02
   0.144176358952202E-01
   0.222170343550698E+02
   0.140244665706865E-01
   0.212231457063629E+02
   0.138799158837160E-01
   0.204735788688815E+02
   0.147341754159801E-01
   0.201100353980601E+02
   0.147725729825714E-01
   0.202723258203927E+02
   0.141294830233215E-01
   0.211771239721858E+02
   0.137622323272270E-01
   0.217506110165985E+02
   0.139011332764301E-01
   0.218784861565961E+02
   0.142828719874856E-01
   0.214861198316189E+02
   0.144850696181726E-01
   0.212977982622071E+02
   0.144646122602049E-01
   0.218838828706634E+02
   0.136766845689924E-01
   0.241899497648779E+02
   0.123015197424665E-01
   0.248858544118899E+02
   0.128499298648382E-01
   0.239812043861290E+02
   0.135147441773469E-01
   0.213457753761530E+02
   0.154698440340916E-01
   0.200497132103383E+02
   0.164300200996954E-01
   0.192597777440815E+02
   0.162604705483258E-01
   0.186589925691073E+02
   0.158197653432795E-01
   0.192891962103277E+02
   0.162670457777954E-01
   0.188387393672617E+02
   0.158924094052039E-01
   0.184531123230703E+02
   0.156003381231667E-01
   0.181330538562840E+02
   0.154249630536590E-01
   0.178611101057755E+02
   0.152534837037670E-01
   0.176231789360542E+02
   0.150790840039016E-01
   0.174063359340558E+02
   0.148714842897765E-01
   0.172076051138867E+02
   0.146508292027154E-01
   0.170395697544865E+02
   0.144432944512470E-01
   0.169286229608335E+02
   0.142299097451468E-01
   0.169106419885592E+02
   0.139421620401223E-01
   0.170502919375079E+02
   0.132783242487735E-01
   0.175194331609903E+02
   0.125207228325726E-01
   0.186361925849526E+02
   0.119475361125959E-01
   0.199619617624244E+02
   0.119408482697405E-01
   0.223932046915055E+02
   0.119959560510131E-01
   0.240305731285761E+02
   0.140317689179201E-01
   0.232149004428951E+02
   0.158667525623447E-01
   0.223816014915174E+02
   0.153295065915986E-01
   0.217159465947863E+02
   0.148579984988161E-01
   0.210572990347203E+02
   0.158842097294353E-01
   0.207457258153258E+02
   0.157945038032806E-01
   0.208182627468749E+02
   0.151439235779529E-01
   0.213205714495357E+02
   0.148868107528821E-01
   0.217994508739424E+02
   0.148282769251790E-01
   0.219683426069298E+02
   0.152856851454375E-01
   0.218283644793821E+02
   0.155033083621774E-01
   0.217818377489334E+02
   0.154916532156085E-01
   0.223070015115646E+02
   0.144035286834455E-01
   0.244551194892328E+02
   0.125055927031588E-01
   0.253769904486533E+02
   0.133926506382809E-01
   0.247008955207041E+02
   0.143503026796482E-01
   0.223016467168032E+02
   0.169993172804793E-01
   0.210986703959010E+02
   0.173481383715757E-01
   0.203402607406076E+02
   0.168346856750888E-01
   0.197883769098854E+02
   0.166430430349095E-01
   0.202613498301223E+02
   0.174913673966134E-01
   0.198693213466986E+02
   0.172498343943247E-01
   0.195319951446397E+02
   0.170330233836970E-01
   0.192525459433495E+02
   0.168903557016303E-01
   0.190184211030229E+02
   0.167866993213835E-01
   0.188122543355437E+02
   0.166942495420533E-01
   0.186149582058410E+02
   0.165698387810221E-01
   0.184144418617217E+02
   0.163889728953417E-01
   0.182184737749929E+02
   0.161790179792616E-01
   0.180496397230062E+02
   0.158784262037584E-01
   0.179472874643797E+02
   0.154559930442764E-01
   0.179773766018533E+02
   0.147636571528906E-01
   0.182837602152321E+02
   0.136243970801529E-01
   0.192273347545523E+02
   0.130683847780213E-01
   0.201752532711295E+02
   0.129602444241613E-01
   0.220043816670564E+02
   0.124359562381336E-01
   0.242169204043195E+02
   0.144598746069035E-01
   0.236924015109639E+02
   0.168338754098076E-01
   0.228102913170161E+02
   0.170475653707738E-01
   0.224522695967611E+02
   0.156521045349766E-01
   0.216443290314019E+02
   0.169970573705492E-01
   0.213503536997240E+02
   0.167891504706732E-01
   0.213624434525962E+02
   0.164149739687564E-01
   0.216825166260689E+02
   0.160871053056501E-01
   0.221661179914292E+02
   0.160596608215489E-01
   0.223605925044943E+02
   0.165849393713177E-01
   0.223419600391916E+02
   0.166858654994713E-01
   0.223218657837133E+02
   0.164892019520601E-01
   0.226973963059681E+02
   0.152850722984905E-01
   0.244975874486018E+02
   0.133736415077117E-01
   0.256860521462808E+02
   0.142363154965543E-01
   0.252160651774912E+02
   0.153202874133730E-01
   0.230544477485531E+02
   0.184076515997476E-01
   0.219278302655016E+02
   0.184770543874165E-01
   0.212050012020027E+02
   0.177934816809247E-01
   0.206996734724888E+02
   0.176980760410993E-01
   0.210564687543714E+02
   0.186981526894616E-01
   0.207083049937330E+02
   0.184872528453362E-01
   0.204081829956817E+02
   0.183078438123771E-01
   0.201609262268772E+02
   0.181971751449598E-01
   0.199582545879588E+02
   0.181794650873918E-01
   0.197791575822423E+02
   0.181751460892959E-01
   0.195991320918297E+02
   0.181349154086749E-01
   0.193965038758168E+02
   0.179780348816742E-01
   0.191742230583084E+02
   0.177153726450373E-01
   0.189560012511761E+02
   0.172884172981300E-01
   0.187876181293702E+02
   0.167123055476560E-01
   0.187398028506868E+02
   0.159235442352519E-01
   0.189587503047170E+02
   0.148343477534539E-01
   0.199489471953436E+02
   0.141756552831180E-01
   0.205060577580668E+02
   0.148152779509941E-01
   0.219688694837411E+02
   0.134098874199736E-01
   0.244197007630611E+02
   0.146877975981772E-01
   0.244404234966454E+02
   0.169560915753183E-01
   0.232830573229102E+02
   0.185539950998992E-01
   0.226950648559607E+02
   0.173517824263136E-01
   0.221459657791513E+02
   0.181587269870595E-01
   0.219107890175738E+02
   0.180062389126307E-01
   0.218970879981153E+02
   0.175863081004345E-01
   0.221410433351246E+02
   0.170209361513444E-01
   0.227355183578501E+02
   0.166938799020381E-01
   0.229166068630967E+02
   0.178083845484886E-01
   0.229564082775904E+02
   0.177459261043345E-01
   0.229070098299654E+02
   0.175658028582352E-01
   0.230939076053705E+02
   0.164961482773302E-01
   0.242471832347668E+02
   0.153649019448671E-01
   0.258439175723563E+02
   0.154273335841508E-01
   0.255511204776850E+02
   0.165134533176243E-01
   0.236278497550605E+02
   0.198123534124725E-01
   0.225833113808581E+02
   0.196269707510802E-01
   0.219079424606603E+02
   0.189215779434938E-01
   0.214465340848504E+02
   0.188592555407070E-01
   0.216852577529281E+02
   0.197537166626047E-01
   0.213682664052171E+02
   0.195397786156008E-01
   0.210956091531084E+02
   0.193860867320082E-01
   0.208722380772978E+02
   0.193242629187883E-01
   0.206917450867557E+02
   0.193819356659309E-01
   0.205314319154335E+02
   0.194551078981689E-01
   0.203627051745056E+02
   0.194833229032327E-01
   0.201557742337105E+02
   0.193312611209103E-01
   0.199102365105402E+02
   0.189805933598824E-01
   0.196559386958987E+02
   0.184154472952792E-01
   0.194458349228631E+02
   0.176880332241741E-01
   0.193558901747857E+02
   0.168816981962506E-01
   0.195121472720444E+02
   0.161976747430725E-01
   0.201773202945571E+02
   0.157913297112572E-01
   0.208275092057213E+02
   0.165298467931786E-01
   0.221122451429977E+02
   0.150021339216659E-01
   0.245826214736471E+02
   0.153837555618162E-01
   0.248736122067573E+02
   0.169312922666748E-01
   0.237159957303633E+02
   0.191461884474205E-01
   0.230244302348061E+02
   0.186967058359194E-01
   0.225844618476384E+02
   0.188680225431699E-01
   0.224130786930593E+02
   0.191037891521368E-01
   0.224026314369686E+02
   0.186947183572154E-01
   0.226230365605230E+02
   0.179612307656456E-01
   0.234907396674673E+02
   0.166722464638819E-01
   0.235545902994310E+02
   0.181010247420258E-01
   0.236504903455275E+02
   0.182412424173025E-01
   0.235332854520855E+02
   0.187408130353212E-01
   0.235303467149846E+02
   0.179815997396446E-01
   0.242722569309440E+02
   0.169678434314739E-01
   0.258972728646226E+02
   0.164151788310213E-01
   0.257201073451745E+02
   0.177371820826815E-01
   0.240303878918147E+02
   0.210799278110016E-01
   0.230818089621528E+02
   0.206524140955618E-01
   0.224625784568738E+02
   0.199813486842649E-01
   0.220394899115671E+02
   0.199104633452599E-01
   0.221559961618057E+02
   0.206994291352478E-01
   0.218606794822893E+02
   0.204824331805914E-01
   0.216063636930531E+02
   0.203387466189916E-01
   0.213967218070974E+02
   0.202952301407273E-01
   0.212261260164520E+02
   0.203489721697500E-01
   0.210735577336548E+02
   0.204346910209450E-01
   0.209087438920777E+02
   0.204781990489410E-01
   0.206963921728713E+02
   0.203014050525547E-01
   0.204345619295125E+02
   0.198713965314715E-01
   0.201620889460511E+02
   0.192392359065899E-01
   0.199382221805646E+02
   0.185111297850133E-01
   0.198385292238679E+02
   0.179271465544776E-01
   0.199566483989423E+02
   0.175814419190563E-01
   0.204366129608413E+02
   0.168636763428357E-01
   0.211043874471353E+02
   0.173953875017392E-01
   0.223174557893516E+02
   0.169441439649624E-01
   0.246853251903496E+02
   0.168725182988016E-01
   0.251121032740734E+02
   0.172766618554739E-01
   0.241249888934915E+02
   0.188818084736986E-01
   0.233514694419758E+02
   0.199493239776467E-01
   0.229671713481032E+02
   0.198817030067321E-01
   0.228453730524118E+02
   0.201664175543393E-01
   0.228519626545607E+02
   0.198234101152925E-01
   0.230554866393814E+02
   0.191270044043278E-01
   0.238888475990919E+02
   0.173903852670899E-01
   0.242557758879873E+02
   0.182885208147320E-01
   0.244513872228048E+02
   0.180954979766810E-01
   0.241867199232898E+02
   0.194819669634158E-01
   0.239767810939176E+02
   0.195859913870338E-01
   0.244209651964545E+02
   0.184534662397943E-01
   0.258549416132257E+02
   0.171203017360086E-01
   0.257275081992090E+02
   0.187208612717072E-01
   0.242668996293931E+02
   0.216442597208914E-01
   0.234338300570495E+02
   0.213921386926892E-01
   0.228771390458370E+02
   0.209683941518531E-01
   0.224848651621061E+02
   0.208662870769878E-01
   0.224744706650703E+02
   0.215232311344583E-01
   0.221933276031063E+02
   0.213141704919577E-01
   0.219490641477287E+02
   0.211656404937745E-01
   0.217432399642611E+02
   0.210681171302240E-01
   0.215716212876143E+02
   0.210187974836693E-01
   0.214171264963159E+02
   0.210382239792289E-01
   0.212506540223390E+02
   0.210717463122247E-01
   0.210338662579014E+02
   0.209038167789648E-01
   0.207650535411334E+02
   0.204660182923866E-01
   0.204925113412149E+02
   0.199148075976314E-01
   0.202779571655809E+02
   0.193823731761153E-01
   0.201880201877393E+02
   0.190194737571169E-01
   0.202825619658847E+02
   0.186179995028191E-01
   0.206621029042191E+02
   0.179027155484031E-01
   0.213260617608969E+02
   0.183205022488344E-01
   0.224995624518978E+02
   0.188758754239195E-01
   0.247061501519424E+02
   0.178895972436350E-01
   0.251987966111075E+02
   0.173674399843437E-01
   0.245924385329084E+02
   0.180688746445778E-01
   0.236136822647461E+02
   0.205158647634206E-01
   0.232767361039792E+02
   0.209555827318620E-01
   0.231935819714279E+02
   0.211066912070997E-01
   0.232233801912103E+02
   0.208397837074379E-01
   0.234099838449709E+02
   0.205656254994637E-01
   0.239495187497975E+02
   0.188557519240889E-01
   0.245406305515232E+02
   0.188771868167463E-01
   0.248816647676631E+02
   0.185269579158146E-01
   0.248780142518653E+02
   0.193999157639958E-01
   0.243941927408055E+02
   0.211967303602246E-01
   0.245952646156616E+02
   0.200943627917799E-01
   0.257194630311232E+02
   0.180352245500940E-01
   0.255514150834107E+02
   0.198414867452506E-01
   0.243652413519863E+02
   0.221662149117188E-01
   0.236557965452800E+02
   0.221334048016737E-01
   0.231569998584959E+02
   0.218839206751252E-01
   0.227868641304517E+02
   0.217133870347167E-01
   0.226454490728826E+02
   0.221032693456861E-01
   0.223727052614911E+02
   0.219230961490604E-01
   0.221327025060188E+02
   0.217735668951887E-01
   0.219257069058112E+02
   0.216034024999692E-01
   0.217480051380076E+02
   0.214441904270936E-01
   0.215872104677900E+02
   0.214272389863973E-01
   0.214146063704274E+02
   0.214740589152226E-01
   0.211921958495214E+02
   0.213085746008191E-01
   0.209231535193795E+02
   0.208808532189882E-01
   0.206613493772165E+02
   0.204283467722873E-01
   0.204672567178374E+02
   0.200831292889054E-01
   0.203961616769969E+02
   0.198055648081109E-01
   0.204833323317640E+02
   0.192224983648404E-01
   0.208140212063531E+02
   0.185606570291352E-01
   0.214736833925113E+02
   0.191479164620047E-01
   0.226003151453705E+02
   0.200893793634480E-01
   0.246184641546680E+02
   0.179804167565828E-01
   0.251489627363429E+02
   0.173312075750330E-01
   0.247647658412127E+02
   0.177049646419459E-01
   0.237744677443959E+02
   0.207232124491969E-01
   0.234929510719323E+02
   0.216510354928396E-01
   0.234475186616212E+02
   0.218407662834430E-01
   0.235058514389140E+02
   0.216714554847503E-01
   0.236708205482641E+02
   0.215329628986073E-01
   0.240298734806845E+02
   0.197667676232232E-01
   0.244879112488605E+02
   0.196049523718069E-01
   0.250083931442653E+02
   0.191501931017495E-01
   0.252298532031801E+02
   0.195304068335792E-01
   0.247350660024554E+02
   0.224133522736893E-01
   0.247346877853211E+02
   0.218273396646139E-01
   0.254768225949733E+02
   0.193408568622376E-01
   0.251517922186788E+02
   0.214505837131729E-01
   0.243510626563568E+02
   0.226813124641792E-01
   0.237560879947383E+02
   0.227537720476649E-01
   0.233024020556967E+02
   0.225362321661755E-01
   0.229480987641092E+02
   0.223024718157047E-01
   0.226796577662394E+02
   0.220387261732301E-01
   0.224107195843817E+02
   0.218626681654875E-01
   0.221710113633650E+02
   0.216961801461125E-01
   0.219609730962650E+02
   0.215111564546098E-01
   0.217759897157536E+02
   0.213617224200900E-01
   0.216039878204923E+02
   0.213273557608826E-01
   0.214191830797658E+02
   0.213241517729771E-01
   0.211901919548045E+02
   0.211352134079715E-01
   0.209261834542903E+02
   0.207633751105095E-01
   0.206804632904743E+02
   0.204050751098633E-01
   0.205085553234947E+02
   0.201365922802313E-01
   0.204613614685432E+02
   0.199060501741742E-01
   0.205625851992498E+02
   0.193486835249847E-01
   0.208731124385235E+02
   0.187110578172526E-01
   0.215284974438960E+02
   0.195121760829116E-01
   0.225876956174338E+02
   0.203591527860449E-01
   0.244285848460073E+02
   0.176013473505236E-01
   0.249840192500711E+02
   0.172118435244882E-01
   0.247479816485300E+02
   0.175582442062497E-01
   0.238311342554770E+02
   0.207187739774849E-01
   0.236104685653651E+02
   0.221104199959897E-01
   0.236050031948047E+02
   0.225401898556484E-01
   0.236913121936733E+02
   0.223335424219919E-01
   0.238366152418352E+02
   0.220140097797720E-01
   0.240911813725338E+02
   0.206333199219357E-01
   0.244495950264660E+02
   0.202406055721008E-01
   0.248653057658209E+02
   0.203030436546790E-01
   0.253422883806556E+02
   0.199452957178529E-01
   0.249933214999857E+02
   0.226285971188246E-01
   0.247902115817492E+02
   0.229098766042904E-01
   0.250754163432325E+02
   0.209931704711305E-01
   0.248372199194764E+02
   0.222674253163407E-01
   0.242492289735248E+02
   0.228396840568143E-01
   0.237402741324691E+02
   0.228732101701479E-01
   0.233197870899486E+02
   0.225250501614686E-01
   0.229770866700526E+02
   0.222391893101328E-01
   0.226059479275424E+02
   0.210126089795823E-01
   0.223360568345048E+02
   0.207397431310341E-01
   0.220898303883516E+02
   0.204595938635723E-01
   0.218689316570033E+02
   0.201968263272581E-01
   0.216710220767660E+02
   0.200335480224945E-01
   0.214850096977984E+02
   0.199986816232375E-01
   0.212884679341838E+02
   0.200136653935645E-01
   0.210571025254967E+02
   0.199081642774154E-01
   0.208045158734281E+02
   0.197181906536931E-01
   0.205807721472246E+02
   0.195800688602590E-01
   0.204337219905116E+02
   0.194769426609947E-01
   0.204088099373986E+02
   0.193792332013109E-01
   0.205332593938547E+02
   0.191089723535748E-01
   0.208347596735627E+02
   0.184959319612428E-01
   0.214853891444460E+02
   0.195796449667503E-01
   0.224548373014791E+02
   0.201038872498580E-01
   0.241459708041408E+02
   0.173863116461739E-01
   0.247138925792052E+02
   0.172011918332680E-01
   0.245861862142816E+02
   0.174283654295401E-01
   0.237894327199272E+02
   0.212479735830702E-01
   0.236157355297317E+02
   0.223903824770413E-01
   0.236432654095067E+02
   0.228795811591471E-01
   0.237695887876583E+02
   0.228181264276392E-01
   0.239039110967531E+02
   0.223116076662529E-01
   0.241031324810750E+02
   0.213616136908581E-01
   0.244043720013368E+02
   0.213595638490436E-01
   0.247378297319302E+02
   0.213155811624804E-01
   0.252506880967231E+02
   0.206221211985256E-01
   0.252122589283744E+02
   0.216430638390844E-01
   0.247401624363780E+02
   0.230021796193893E-01
   0.247656467207323E+02
   0.217176949133282E-01
   0.245397599113680E+02
   0.222730752600686E-01
   0.240695151158633E+02
   0.223560955225166E-01
   0.236238013255206E+02
   0.221201401773471E-01
   0.232337089698414E+02
   0.216566999938355E-01
   0.229009717317416E+02
   0.212957766861473E-01
   0.224493355032612E+02
   0.196434063141843E-01
   0.221764727473537E+02
   0.193134735539737E-01
   0.219244846042601E+02
   0.190082000028634E-01
   0.216958699823166E+02
   0.187681015567153E-01
   0.214873822552044E+02
   0.186113546069062E-01
   0.212873756833057E+02
   0.185212726796411E-01
   0.210778038762548E+02
   0.184580252996079E-01
   0.208441117478388E+02
   0.183551505237063E-01
   0.206046100906456E+02
   0.182838117076452E-01
   0.204016026427455E+02
   0.182945585702800E-01
   0.202756081638221E+02
   0.183686804433371E-01
   0.202689009192780E+02
   0.185313529084930E-01
   0.204104912741138E+02
   0.186745000124775E-01
   0.207045901015970E+02
   0.182157258110335E-01
   0.213423838065980E+02
   0.196691592322747E-01
   0.222065067800060E+02
   0.197516132405765E-01
   0.237568718995497E+02
   0.173747749256988E-01
   0.243246429445742E+02
   0.173078593649557E-01
   0.242863602355446E+02
   0.173419461298356E-01
   0.236269276179946E+02
   0.214669289694066E-01
   0.234888140161844E+02
   0.220885436762653E-01
   0.235392084379199E+02
   0.223808288006716E-01
   0.237249416180314E+02
   0.227169831267484E-01
   0.238632144030831E+02
   0.224354511113894E-01
   0.240357948835885E+02
   0.218365014255365E-01
   0.242984389458251E+02
   0.221374618899872E-01
   0.245654764634795E+02
   0.221020526922363E-01
   0.249095667759582E+02
   0.218806103334120E-01
   0.251221201046343E+02
   0.212755658964970E-01
   0.245723778012028E+02
   0.225524021864591E-01
   0.244640268567185E+02
   0.218708825035841E-01
   0.242273143496137E+02
   0.217907862686474E-01
   0.238234122986572E+02
   0.213218110447039E-01
   0.234293426876556E+02
   0.208975169659153E-01
   0.230671310073307E+02
   0.204001661595373E-01
   0.227436237947580E+02
   0.199944199887192E-01
   0.222560193750626E+02
   0.188962187554281E-01
   0.219830818310056E+02
   0.185466704745817E-01
   0.217288369802588E+02
   0.182371716572471E-01
   0.214957555640640E+02
   0.180123268302605E-01
   0.212790008141200E+02
   0.178521367246342E-01
   0.210662868214503E+02
   0.177317547702820E-01
   0.208433037247906E+02
   0.176208428892275E-01
   0.206032745961271E+02
   0.174842926136745E-01
   0.203674442435328E+02
   0.173914043797599E-01
   0.201727398848595E+02
   0.173859162275445E-01
   0.200547391175628E+02
   0.174941626811078E-01
   0.200534458245034E+02
   0.177832986027308E-01
   0.202028441675473E+02
   0.183062330023280E-01
   0.205096969984090E+02
   0.187355957664898E-01
   0.210916519441716E+02
   0.198355781568237E-01
   0.218439121177685E+02
   0.191078681637082E-01
   0.232429400761512E+02
   0.173619389523824E-01
   0.237983924916780E+02
   0.173935596550547E-01
   0.238479654953524E+02
   0.174950307509587E-01
   0.233400700966107E+02
   0.219100350576741E-01
   0.232326418763715E+02
   0.218494012695983E-01
   0.232971401386153E+02
   0.214148809643790E-01
   0.235618068878935E+02
   0.221267288799506E-01
   0.237087581871255E+02
   0.224463723704040E-01
   0.238685867517258E+02
   0.219943361682827E-01
   0.241019050161010E+02
   0.225170590892468E-01
   0.243198419775943E+02
   0.228211294508792E-01
   0.245609696617047E+02
   0.231498029064364E-01
   0.247856926372160E+02
   0.214742113596747E-01
   0.242898056673737E+02
   0.222546701063597E-01
   0.241336041900189E+02
   0.218361440156475E-01
   0.238901320553982E+02
   0.212823802517344E-01
   0.235360284450903E+02
   0.205862877604190E-01
   0.231906404746635E+02
   0.201409297006175E-01
   0.228582802995626E+02
   0.196811990088637E-01
   0.225468815796886E+02
   0.192688975735671E-01
   0.220527603658684E+02
   0.193809536712061E-01
   0.217862486515329E+02
   0.189705840124467E-01
   0.215356922619164E+02
   0.186099000654493E-01
   0.213019865474302E+02
   0.183294386786594E-01
   0.210799656076224E+02
   0.181235449917828E-01
   0.208572096275477E+02
   0.179701930682830E-01
   0.206222731858708E+02
   0.178544447628095E-01
   0.203734475413228E+02
   0.177375952700897E-01
   0.201328986020034E+02
   0.176696167767415E-01
   0.199340360310825E+02
   0.176897066521082E-01
   0.198081128819606E+02
   0.178098205652200E-01
   0.197921975115313E+02
   0.180971801288299E-01
   0.199239305583412E+02
   0.186774288944506E-01
   0.202162315827881E+02
   0.194189245091068E-01
   0.207304594859516E+02
   0.201592285340418E-01
   0.213786857994806E+02
   0.187905950780201E-01
   0.225893038542102E+02
   0.173018222817159E-01
   0.231191074280314E+02
   0.172679241791765E-01
   0.232608705773380E+02
   0.180365063173923E-01
   0.229061701334510E+02
   0.221284993133453E-01
   0.228453879028680E+02
   0.217451422733114E-01
   0.229422015582435E+02
   0.208884026755354E-01
   0.232972797185332E+02
   0.210838848544441E-01
   0.234514425256609E+02
   0.228059611733867E-01
   0.236161819311319E+02
   0.227534708473925E-01
   0.238149004147543E+02
   0.231796772364761E-01
   0.239788660581889E+02
   0.233855572670713E-01
   0.241224673187057E+02
   0.234975922632578E-01
   0.241987057019169E+02
   0.226584352266114E-01
   0.239146386917167E+02
   0.229633236478933E-01
   0.237589103778493E+02
   0.226224971870595E-01
   0.235280438001915E+02
   0.219250634660759E-01
   0.232253332038136E+02
   0.212334098726402E-01
   0.229294389760175E+02
   0.207877027648829E-01
   0.226293708026716E+02
   0.203072414867244E-01
   0.223345853098548E+02
   0.198237239171785E-01
   0.218366430693146E+02
   0.211201989982514E-01
   0.215862658279900E+02
   0.206595453391848E-01
   0.213476338537303E+02
   0.202104753050365E-01
   0.211199903717570E+02
   0.198130442453316E-01
   0.208984142913788E+02
   0.195042117367754E-01
   0.206701367126234E+02
   0.192726457146263E-01
   0.204251682183204E+02
   0.191111677081847E-01
   0.201651115683684E+02
   0.189580805226461E-01
   0.199121666564726E+02
   0.188293372816372E-01
   0.196970901216147E+02
   0.187587916119295E-01
   0.195469850997313E+02
   0.187124276598190E-01
   0.194943536637664E+02
   0.187206520348601E-01
   0.195750564664456E+02
   0.188990350779861E-01
   0.198026493539274E+02
   0.192614645413552E-01
   0.202550672187047E+02
   0.203784935457362E-01
   0.208315554049652E+02
   0.197409185704483E-01
   0.217810503065462E+02
   0.170690946091777E-01
   0.222775462162288E+02
   0.175601325605852E-01
   0.224989150408935E+02
   0.190550249299223E-01
   0.223158749502405E+02
   0.221245870921370E-01
   0.223195927159341E+02
   0.213777905878576E-01
   0.224678653035376E+02
   0.202556417680120E-01
   0.229723221768462E+02
   0.197322666313515E-01
   0.230625159194375E+02
   0.227560192494153E-01
   0.232376269454661E+02
   0.232960406542064E-01
   0.234011137466759E+02
   0.234787121623531E-01
   0.235149507920522E+02
   0.234933359383339E-01
   0.235782237650707E+02
   0.232360914844054E-01
   0.235872884750784E+02
   0.230425536630553E-01
   0.234238044791759E+02
   0.235825678568760E-01
   0.232999836143757E+02
   0.236735251440156E-01
   0.231067959546310E+02
   0.232639134824293E-01
   0.228663358356803E+02
   0.228568949239132E-01
   0.226249319169484E+02
   0.225155830504995E-01
   0.223650407565928E+02
   0.220809079142372E-01
   0.220986648592215E+02
   0.216012864540302E-01
   0.215150563500415E+02
   0.229397228820430E-01
   0.212926002619249E+02
   0.226334706658047E-01
   0.210778467611504E+02
   0.222292276037927E-01
   0.208675348281838E+02
   0.217507048325900E-01
   0.206558740469546E+02
   0.212970071352314E-01
   0.204287732199712E+02
   0.208752646770641E-01
   0.201763069975832E+02
   0.204866054251477E-01
   0.199039942139778E+02
   0.201146470211890E-01
   0.196351435260720E+02
   0.197799667107459E-01
   0.193992908697732E+02
   0.195160053126540E-01
   0.192214039944182E+02
   0.192737072944298E-01
   0.191282579790741E+02
   0.190367267325100E-01
   0.191441301493582E+02
   0.187989178242216E-01
   0.192814078620069E+02
   0.185689205627842E-01
   0.196425171773956E+02
   0.192218235114616E-01
   0.201766424836710E+02
   0.204540649470693E-01
   0.208055508317391E+02
   0.177411450095062E-01
   0.212476324575212E+02
   0.182310788165144E-01
   0.215118818996726E+02
   0.197083544970661E-01
   0.215668483004103E+02
   0.216320603480614E-01
   0.216588529145391E+02
   0.208493206525542E-01
   0.218848117427461E+02
   0.190176487436949E-01
   0.224226255511401E+02
   0.197659644839307E-01
   0.225346802113253E+02
   0.224567330365563E-01
   0.227153697956175E+02
   0.234050197281294E-01
   0.228472922378647E+02
   0.232425877693821E-01
   0.229240489124582E+02
   0.231594760437986E-01
   0.229296498146699E+02
   0.228128378362613E-01
   0.228942452088574E+02
   0.227090682329660E-01
   0.227899630114945E+02
   0.232749036236154E-01
   0.226996278318066E+02
   0.237002575742299E-01
   0.225538444788851E+02
   0.237247426930180E-01
   0.223744324439348E+02
   0.237400185306171E-01
   0.221889769581373E+02
   0.237325578621164E-01
   0.219747304220315E+02
   0.235137648714980E-01
   0.217462321087481E+02
   0.232419048534097E-01
   0.209880546473327E+02
   0.229652606583793E-01
   0.207976803903456E+02
   0.229102808646644E-01
   0.206163463272507E+02
   0.227883087291166E-01
   0.204377519594721E+02
   0.225074818451813E-01
   0.202520027964428E+02
   0.221258744203143E-01
   0.200411596814150E+02
   0.216310285490311E-01
   0.197924469283864E+02
   0.210187670566780E-01
   0.195146828942357E+02
   0.204120906208961E-01
   0.192332378874633E+02
   0.199001752270136E-01
   0.189777672641131E+02
   0.195068604078576E-01
   0.187738447184409E+02
   0.191917008219381E-01
   0.186452359380550E+02
   0.189319852864544E-01
   0.186094955656338E+02
   0.186426625319551E-01
   0.186810347053105E+02
   0.182110349268990E-01
   0.189358262027825E+02
   0.178542501488095E-01
   0.193857185300365E+02
   0.186168602243990E-01
   0.198976455029211E+02
   0.185434492216703E-01
   0.202650346711848E+02
   0.186898653621378E-01
   0.204943485366523E+02
   0.188628537098402E-01
   0.206616340193328E+02
   0.203512300712509E-01
   0.208579123902703E+02
   0.203555567952970E-01
   0.212218762581221E+02
   0.172564470837690E-01
   0.216366394169288E+02
   0.204838849003221E-01
   0.218649594525455E+02
   0.223033237989577E-01
   0.220435622999685E+02
   0.227065847520979E-01
   0.221552870844251E+02
   0.225717305583957E-01
   0.222029282778159E+02
   0.224529049853712E-01
   0.221718934830986E+02
   0.220697822194550E-01
   0.220996184972976E+02
   0.217975852028795E-01
   0.220087730129015E+02
   0.220612390656673E-01
   0.219356193651950E+02
   0.224943226769841E-01
   0.218269052071480E+02
   0.227232908612458E-01
   0.216958857483261E+02
   0.229786722778609E-01
   0.215540575326039E+02
   0.232068907250512E-01
   0.213792179967990E+02
   0.231668115967600E-01
   0.211869628320341E+02
   0.230725483322258E-01
   0.202403049789666E+02
   0.215656797729755E-01
   0.200732233061419E+02
   0.215749351245273E-01
   0.199190760104467E+02
   0.216484628497901E-01
   0.197733880927804E+02
   0.217018547309846E-01
   0.196219550853561E+02
   0.216389322863991E-01
   0.194422733499724E+02
   0.213776406191927E-01
   0.192166188613836E+02
   0.208558122735338E-01
   0.189503840884703E+02
   0.202086778040371E-01
   0.186679856470557E+02
   0.195936705877513E-01
   0.183999034614685E+02
   0.190883351465835E-01
   0.181750355793437E+02
   0.187060361175079E-01
   0.180172426735683E+02
   0.184253048546434E-01
   0.179445950840632E+02
   0.181814393455996E-01
   0.179773830123478E+02
   0.179136052945362E-01
   0.181756422400354E+02
   0.177746031280588E-01
   0.185565272283716E+02
   0.183558782155254E-01
   0.189598574010983E+02
   0.183477439891289E-01
   0.192354800704574E+02
   0.182325603445713E-01
   0.194091420850480E+02
   0.182233130872527E-01
   0.196130484886679E+02
   0.189893563110952E-01
   0.198962111334437E+02
   0.194132622903119E-01
   0.203402955730194E+02
   0.166252975763160E-01
   0.207648396025828E+02
   0.199599369265063E-01
   0.210494532146800E+02
   0.210888695214501E-01
   0.212238877779008E+02
   0.213984299790872E-01
   0.213232209164500E+02
   0.215272636800310E-01
   0.213501529336254E+02
   0.214729684739208E-01
   0.212970358994293E+02
   0.211210311558117E-01
   0.212023709686903E+02
   0.207672251585245E-01
   0.211107877281056E+02
   0.208175072847590E-01
   0.210388106027975E+02
   0.210828769665717E-01
   0.209462614438673E+02
   0.212565980759988E-01
   0.208421817709253E+02
   0.214803660156944E-01
   0.207270138311084E+02
   0.216921335288133E-01
   0.205797887499380E+02
   0.217017723433538E-01
   0.204147364638885E+02
   0.216440313985253E-01
   0.192987606880874E+02
   0.199354562432752E-01
   0.191463169477556E+02
   0.198836456133492E-01
   0.190076819417237E+02
   0.199384359942719E-01
   0.188830797984455E+02
   0.201023193141927E-01
   0.187583489417070E+02
   0.202616188217130E-01
   0.186100356051097E+02
   0.203041435526022E-01
   0.184176856560805E+02
   0.201085850104736E-01
   0.181794785998724E+02
   0.196709276994582E-01
   0.179126336865513E+02
   0.190990869260122E-01
   0.176443245009765E+02
   0.185046511378161E-01
   0.174070998011072E+02
   0.180160293612662E-01
   0.172273929601919E+02
   0.176490776089134E-01
   0.171275457369632E+02
   0.173506053286099E-01
   0.171347692078471E+02
   0.170792931470908E-01
   0.172969155133761E+02
   0.170140544070899E-01
   0.176129599861980E+02
   0.174657045220316E-01
   0.179235666742923E+02
   0.175144634499534E-01
   0.181125829963997E+02
   0.172780620072027E-01
   0.182168884295968E+02
   0.170083904853255E-01
   0.184233629493757E+02
   0.174814321525326E-01
   0.187767032923947E+02
   0.180281621426994E-01
   0.192491145357309E+02
   0.172707222129504E-01
   0.197929666712777E+02
   0.190330853935855E-01
   0.201011575285766E+02
   0.196626342833076E-01
   0.202656458281911E+02
   0.199436599677542E-01
   0.203481212899136E+02
   0.201759263968888E-01
   0.203590692657736E+02
   0.202213621008942E-01
   0.202952731975341E+02
   0.199974515938744E-01
   0.201910895621699E+02
   0.196867396758307E-01
   0.200932690535283E+02
   0.196195999391899E-01
   0.200140489950272E+02
   0.197464140215805E-01
   0.199249026647337E+02
   0.198399299107443E-01
   0.198310640136588E+02
   0.199744174089211E-01
   0.197271894527357E+02
   0.200726986226934E-01
   0.195991210028944E+02
   0.200763050851496E-01
   0.194546655067569E+02
   0.200276372886329E-01
   0.181739202483281E+02
   0.183219162188635E-01
   0.180314372027759E+02
   0.182200993450669E-01
   0.179006045623747E+02
   0.181922090983326E-01
   0.177859984777405E+02
   0.182864966289171E-01
   0.176757518016330E+02
   0.184343760167385E-01
   0.175486599579395E+02
   0.185605056673986E-01
   0.173861111192321E+02
   0.186025823907643E-01
   0.171815090252905E+02
   0.184662726566550E-01
   0.169428777466547E+02
   0.181291865718982E-01
   0.166899869992469E+02
   0.176365859936182E-01
   0.164536444590917E+02
   0.171240175057171E-01
   0.162620874572014E+02
   0.166806891655833E-01
   0.161442214899107E+02
   0.163311263738876E-01
   0.161349946344238E+02
   0.160922075631682E-01
   0.162708827936428E+02
   0.160437657245761E-01
   0.165307881143577E+02
   0.162637730919622E-01
   0.167675666606724E+02
   0.162722168410829E-01
   0.168785459172433E+02
   0.160742502234946E-01
   0.168951121765668E+02
   0.155209123062368E-01
   0.170781171027592E+02
   0.157793321960036E-01
   0.175009804653126E+02
   0.162980710571295E-01
   0.181056143930177E+02
   0.169809136858424E-01
   0.187125293351532E+02
   0.179945702786975E-01
   0.190286618021262E+02
   0.182060865684659E-01
   0.191732071684242E+02
   0.184111167368982E-01
   0.192315520054227E+02
   0.186032113934250E-01
   0.192260386895288E+02
   0.187068230271059E-01
   0.191558658036933E+02
   0.186298912898003E-01
   0.190473414772080E+02
   0.184265566726435E-01
   0.189412913333873E+02
   0.183200343267537E-01
   0.188492912656620E+02
   0.183352932921835E-01
   0.187540249720522E+02
   0.183463405601836E-01
   0.186593721388216E+02
   0.184040869219166E-01
   0.185587894385583E+02
   0.184361129694487E-01
   0.184435336229414E+02
   0.184386347080677E-01
   0.183150132399137E+02
   0.184066035322171E-01
   0.168684629653057E+02
   0.167192395565005E-01
   0.167340979019334E+02
   0.166134380374813E-01
   0.166069957487575E+02
   0.165312617989195E-01
   0.164944378976632E+02
   0.165251721455227E-01
   0.163884650302275E+02
   0.165775856849441E-01
   0.162718629013440E+02
   0.166433784871507E-01
   0.161294557603155E+02
   0.167041248528060E-01
   0.159538037718089E+02
   0.166976269514947E-01
   0.157460697911993E+02
   0.165587123017584E-01
   0.155187684867098E+02
   0.162666684236302E-01
   0.152969473872617E+02
   0.158846062529912E-01
   0.151055729744082E+02
   0.154456717964526E-01
   0.149787955770348E+02
   0.150577321179170E-01
   0.149611857752333E+02
   0.148470693570113E-01
   0.150830789808430E+02
   0.148627019690757E-01
   0.153044943447814E+02
   0.149998082395172E-01
   0.154866021980945E+02
   0.149936294415130E-01
   0.155205447490550E+02
   0.147657249282006E-01
   0.154252277938189E+02
   0.139246159005657E-01
   0.155621560106997E+02
   0.139129149636279E-01
   0.160561353797946E+02
   0.146180031525229E-01
   0.168270654644389E+02
   0.158140755186831E-01
   0.175196767459402E+02
   0.170726477471116E-01
   0.178409652870125E+02
   0.170350331797895E-01
   0.179548347285612E+02
   0.170194871408591E-01
   0.179804241308277E+02
   0.170567372936763E-01
   0.179525432216744E+02
   0.171124215802883E-01
   0.178727198827480E+02
   0.170909974078959E-01
   0.177594804685441E+02
   0.169934576624482E-01
   0.176443625371767E+02
   0.169184369086000E-01
   0.175367343124629E+02
   0.168637885163481E-01
   0.174290355610839E+02
   0.168066163790983E-01
   0.173258454518173E+02
   0.167944737127707E-01
   0.172226957394002E+02
   0.167828351301789E-01
   0.171142170591958E+02
   0.167853461766287E-01
   0.169974451716556E+02
   0.167819425809048E-01
   0.153781378832386E+02
   0.150425171896464E-01
   0.152509588636087E+02
   0.149516878905275E-01
   0.151265478164414E+02
   0.148508801855891E-01
   0.150131862432209E+02
   0.147842090704560E-01
   0.149062995933331E+02
   0.147692692602572E-01
   0.147932127648805E+02
   0.147729588878470E-01
   0.146618510333738E+02
   0.147688590043757E-01
   0.145068123006505E+02
   0.147708204233702E-01
   0.143256540807742E+02
   0.147036929268157E-01
   0.141257245322977E+02
   0.145425700036488E-01
   0.139256593475102E+02
   0.143019506037630E-01
   0.137444994972351E+02
   0.139420225474582E-01
   0.136165900966614E+02
   0.135494847475698E-01
   0.135969049124488E+02
   0.133939008528117E-01
   0.137172321238387E+02
   0.135636797554872E-01
   0.139234022945708E+02
   0.138257082500336E-01
   0.140736231832329E+02
   0.139175629564802E-01
   0.140313647450076E+02
   0.136049275628260E-01
   0.137857277195933E+02
   0.122104376389217E-01
   0.138539951990514E+02
   0.117150381988361E-01
   0.144149089183388E+02
   0.127985426039986E-01
   0.154139320114603E+02
   0.154403529870169E-01
   0.162087785370047E+02
   0.169950489563111E-01
   0.165320713955899E+02
   0.165781656173021E-01
   0.166060298238454E+02
   0.160873688707071E-01
   0.165934442516483E+02
   0.158204157015870E-01
   0.165372780152741E+02
   0.156967485621410E-01
   0.164411036240684E+02
   0.155887238942131E-01
   0.163176273622476E+02
   0.154718831874251E-01
   0.161906002257180E+02
   0.154062347811434E-01
   0.160660472918085E+02
   0.153162809313835E-01
   0.159424481348963E+02
   0.152107873226445E-01
   0.158257114917500E+02
   0.151421648461488E-01
   0.157153027728502E+02
   0.151010564996136E-01
   0.156077482992759E+02
   0.150886062939535E-01
   0.154978154737814E+02
   0.150871081199766E-01
   0.136921829926896E+02
   0.136586718492173E-01
   0.135709254340512E+02
   0.135559854349290E-01
   0.134496587699832E+02
   0.134375808456268E-01
   0.133369517841122E+02
   0.133462433915287E-01
   0.132282573380718E+02
   0.132823029483899E-01
   0.131157900956371E+02
   0.132357534409404E-01
   0.129907638000211E+02
   0.131761275227168E-01
   0.128493686584590E+02
   0.131288302962681E-01
   0.126889373601595E+02
   0.130660603099657E-01
   0.125134528856263E+02
   0.129798701481416E-01
   0.123370136478673E+02
   0.129177511071494E-01
   0.121733567090492E+02
   0.128125200713540E-01
   0.120515958184565E+02
   0.126213822939547E-01
   0.120288009019074E+02
   0.125338653485437E-01
   0.121492418449092E+02
   0.127378888769831E-01
   0.123614258259773E+02
   0.131352043095080E-01
   0.125073709228179E+02
   0.133421008500347E-01
   0.124040930400682E+02
   0.129636193460792E-01
   0.119521574691049E+02
   0.960075853986560E-02
   0.119412148806117E+02
   0.898366493783156E-02
   0.125371978657395E+02
   0.103034175851879E-01
   0.137387679972845E+02
   0.146726841081983E-01
   0.146638697912840E+02
   0.169727510389916E-01
   0.150308357288153E+02
   0.168452164774007E-01
   0.150885038529763E+02
   0.161237221182792E-01
   0.150442855357873E+02
   0.156050298719861E-01
   0.149596281411020E+02
   0.152509356653452E-01
   0.148412274825579E+02
   0.149538076956378E-01
   0.147014153410184E+02
   0.146736564860868E-01
   0.145589303219593E+02
   0.144508187117640E-01
   0.144175560933356E+02
   0.142453007355864E-01
   0.142781159928961E+02
   0.140539061130215E-01
   0.141458701521340E+02
   0.139072391634311E-01
   0.140249476606078E+02
   0.138113814216447E-01
   0.139135885509173E+02
   0.137589454131206E-01
   0.138057922159500E+02
   0.137230619850834E-01
   0.117824004598614E+02
   0.126765121388812E-01
   0.116652227653542E+02
   0.125936340717220E-01
   0.115470285330443E+02
   0.124973412436728E-01
   0.114362636980631E+02
   0.123975052030801E-01
   0.113273844195539E+02
   0.123078578962935E-01
   0.112167117789232E+02
   0.122360354566421E-01
   0.110987898299266E+02
   0.121703989954306E-01
   0.109702737821866E+02
   0.121133129123648E-01
   0.108289710200753E+02
   0.120782064160963E-01
   0.106743093760917E+02
   0.120248368096637E-01
   0.105161232918535E+02
   0.119648920833010E-01
   0.103674085558172E+02
   0.118809319859196E-01
   0.102541296810454E+02
   0.117282907791167E-01
   0.102296947255745E+02
   0.116278499844441E-01
   0.103473476004038E+02
   0.117748810156345E-01
   0.105745063415717E+02
   0.122508562531663E-01
   0.107468257185660E+02
   0.127144034905978E-01
   0.106324029788210E+02
   0.124469406566100E-01
   0.100194228365556E+02
   0.865803665188692E-02
   0.992291132020634E+01
   0.776611814496237E-02
   0.104802574161357E+02
   0.864210765617287E-02
   0.117607303352219E+02
   0.136206792404959E-01
   0.127251690436678E+02
   0.158650520734693E-01
   0.131596594668480E+02
   0.162497436592395E-01
   0.132666341400595E+02
   0.158307365512261E-01
   0.132419515043623E+02
   0.154204194591230E-01
   0.131564742055718E+02
   0.149940473999614E-01
   0.130287816929392E+02
   0.145406181656081E-01
   0.128759186490059E+02
   0.141113106259930E-01
   0.127196553915747E+02
   0.137649741515276E-01
   0.125627821036684E+02
   0.134713969682057E-01
   0.124095496751174E+02
   0.132406625455137E-01
   0.122599071338546E+02
   0.130288810381538E-01
   0.121243720760252E+02
   0.128738019052920E-01
   0.120035166227791E+02
   0.127763707100667E-01
   0.118930678162737E+02
   0.127254409492764E-01
   0.962077930909982E+01
   0.116963436998080E-01
   0.950066520053483E+01
   0.115827101749375E-01
   0.938147464575826E+01
   0.114659036422220E-01
   0.927664447286443E+01
   0.113982568646498E-01
   0.916980611300079E+01
   0.113153845137303E-01
   0.906173887739307E+01
   0.112425672180886E-01
   0.895149375275847E+01
   0.111839744513486E-01
   0.883701254810446E+01
   0.111383729839995E-01
   0.871520720422106E+01
   0.111031730252680E-01
   0.858455127445756E+01
   0.110658601468506E-01
   0.845284017610726E+01
   0.110272977718121E-01
   0.833069146209849E+01
   0.109708678904265E-01
   0.823970285717524E+01
   0.108800962734019E-01
   0.822276044494683E+01
   0.108250762032403E-01
   0.833018571647117E+01
   0.109244985980545E-01
   0.855831127529458E+01
   0.113372984716219E-01
   0.875943337150255E+01
   0.119643505403637E-01
   0.870753397469195E+01
   0.122331679315140E-01
   0.804045423149241E+01
   0.840442468006883E-02
   0.787876453828761E+01
   0.758337964477219E-02
   0.831241036100240E+01
   0.815907714814700E-02
   0.942016822818525E+01
   0.115587052972460E-01
   0.102786536381007E+02
   0.132151157035727E-01
   0.107480908267632E+02
   0.139651882832887E-01
   0.109435013646878E+02
   0.140761825656486E-01
   0.109994037730354E+02
   0.140980545313914E-01
   0.109776313203055E+02
   0.140083020685606E-01
   0.108979847311067E+02
   0.137619942676804E-01
   0.107750678612984E+02
   0.134545891368899E-01
   0.106282000978874E+02
   0.131208947891792E-01
   0.104671742350094E+02
   0.127900610126859E-01
   0.103019869576830E+02
   0.125079548738698E-01
   0.101402362859342E+02
   0.122582561449403E-01
   0.999165994980368E+01
   0.120560050173569E-01
   0.985718583457432E+01
   0.119006574330343E-01
   0.973690143194360E+01
   0.117911037451077E-01
   0.719248377815806E+01
   0.106989084770809E-01
   0.707338824191980E+01
   0.105807648372810E-01
   0.695635744712165E+01
   0.104654882213008E-01
   0.684594439911645E+01
   0.103587649179664E-01
   0.673663511348309E+01
   0.102510073975636E-01
   0.663062105029969E+01
   0.101715076790666E-01
   0.652891752449246E+01
   0.101198468248053E-01
   0.643015913336393E+01
   0.100967418883429E-01
   0.633032847021386E+01
   0.100798902271897E-01
   0.622661015204673E+01
   0.100667937353237E-01
   0.612860110501408E+01
   0.100606953447826E-01
   0.604334368920512E+01
   0.100484111401438E-01
   0.598713101333485E+01
   0.100271408381238E-01
   0.598795578812173E+01
   0.100237024346686E-01
   0.608003896189159E+01
   0.100991723924207E-01
   0.627502903105451E+01
   0.103761014263869E-01
   0.647610179334919E+01
   0.109105336832535E-01
   0.651866904620909E+01
   0.116206944973531E-01
   0.607090053919091E+01
   0.958598250372615E-02
   0.587747509313307E+01
   0.905157427719242E-02
   0.607842031627866E+01
   0.870279547604194E-02
   0.672054424692362E+01
   0.946555868511065E-02
   0.732254590546871E+01
   0.100192445983193E-01
   0.775446081088433E+01
   0.106299897734125E-01
   0.801558007693446E+01
   0.110668553549981E-01
   0.815976155725311E+01
   0.114173532674395E-01
   0.823933697917561E+01
   0.117402981082552E-01
   0.825444381989968E+01
   0.119151857581306E-01
   0.820694828095346E+01
   0.119290103576496E-01
   0.811640815164966E+01
   0.118378437809770E-01
   0.799145256353918E+01
   0.116513456095245E-01
   0.784706206144765E+01
   0.114430753667868E-01
   0.769831181566425E+01
   0.112341941268998E-01
   0.755839720156210E+01
   0.110612332707513E-01
   0.742520695890794E+01
   0.109049496161974E-01
   0.730657996735313E+01
   0.107952181839778E-01
   0.433403611300045E+01
   0.930073109955800E-02
   0.422733636442629E+01
   0.921684035698241E-02
   0.412643274052267E+01
   0.914604399088221E-02
   0.402840969520090E+01
   0.907526866774202E-02
   0.393081794681448E+01
   0.899797037336790E-02
   0.383732364760715E+01
   0.893495423329607E-02
   0.375125481412820E+01
   0.889707676215534E-02
   0.367148986061084E+01
   0.888396775903084E-02
   0.359446902562567E+01
   0.887867791635178E-02
   0.351470566253351E+01
   0.885145666172207E-02
   0.345341774651572E+01
   0.885895718952924E-02
   0.341054156235843E+01
   0.887433677261737E-02
   0.339387676242438E+01
   0.889538045760493E-02
   0.341779165366664E+01
   0.893037792296140E-02
   0.349571198303475E+01
   0.899172376755408E-02
   0.363086918395287E+01
   0.915152228966058E-02
   0.377743774491816E+01
   0.946515869957448E-02
   0.381236464320371E+01
   0.984141279677322E-02
   0.357210979740833E+01
   0.911330832904186E-02
   0.339090053138081E+01
   0.853048101095286E-02
   0.341664473637401E+01
   0.801537225245656E-02
   0.369099542521711E+01
   0.791137604471586E-02
   0.403238511810640E+01
   0.796737536341901E-02
   0.434315686932905E+01
   0.821841205060420E-02
   0.457714020031020E+01
   0.847960216691896E-02
   0.474950033144290E+01
   0.875011438764182E-02
   0.488614462578659E+01
   0.908385271394650E-02
   0.497768628908378E+01
   0.938662627128560E-02
   0.501454200211759E+01
   0.959613662648309E-02
   0.499726495034454E+01
   0.968456605686399E-02
   0.493355667654181E+01
   0.966506677207219E-02
   0.483789098630023E+01
   0.958257986058311E-02
   0.472948761985305E+01
   0.948557877721917E-02
   0.462808654018234E+01
   0.943131361528003E-02
   0.452855415399183E+01
   0.938743404303218E-02
   0.443100629802316E+01
   0.934346006975534E-02
   0.786234890694455E+00
   0.728265861029163E-02
   0.719471813852445E+00
   0.727885626334814E-02
   0.649638263428159E+00
   0.726028973124974E-02
   0.577095624980617E+00
   0.723043093635127E-02
   0.502551761605589E+00
   0.718579835483647E-02
   0.431855244547982E+00
   0.713930948132315E-02
   0.369466664900039E+00
   0.710490455069281E-02
   0.313589905122143E+00
   0.708109926643366E-02
   0.262463372504596E+00
   0.705994475633027E-02
   0.222639310870316E+00
   0.704743049989336E-02
   0.203844961582445E+00
   0.706095896651727E-02
   0.202553384399648E+00
   0.708038535627828E-02
   0.220107049835230E+00
   0.710480855785746E-02
   0.260283823629519E+00
   0.713556999835826E-02
   0.323922147838577E+00
   0.717988519287548E-02
   0.403975480779592E+00
   0.726811475895641E-02
   0.484946055551807E+00
   0.747011766172239E-02
   0.502284783098996E+00
   0.768288244404551E-02
   0.377433786199021E+00
   0.741636073043700E-02
   0.231046361125995E+00
   0.703931539059617E-02
   0.159617245546396E+00
   0.667345123361395E-02
   0.221723839933307E+00
   0.646632013682979E-02
   0.354788919656369E+00
   0.635857653293928E-02
   0.511335527272079E+00
   0.634363717055100E-02
   0.658690040562522E+00
   0.637452897508188E-02
   0.792454888305902E+00
   0.644779514697485E-02
   0.917353164909580E+00
   0.659707401651490E-02
   0.102594427914987E+01
   0.680424446533708E-02
   0.110351201595318E+01
   0.701274040642514E-02
   0.113922364177935E+01
   0.716009747567199E-02
   0.113434989860797E+01
   0.723735359704575E-02
   0.109801970845431E+01
   0.726496206713327E-02
   0.104207629743790E+01
   0.726064220527317E-02
   0.982579771599731E+00
   0.726757429490036E-02
   0.920819229466346E+00
   0.727913488464645E-02
   0.852070365945250E+00
   0.727637935007538E-02
  -0.376197216112172E+01
   0.489563591036143E-02
  -0.379077043471844E+01
   0.490967298563046E-02
  -0.382454232342881E+01
   0.490303451978545E-02
  -0.386209235617849E+01
   0.487799900896124E-02
  -0.390105379810030E+01
   0.483839631597008E-02
  -0.393250611287409E+01
   0.479663922812278E-02
  -0.395281968565279E+01
   0.476298077968034E-02
  -0.396059640988688E+01
   0.474452295255464E-02
  -0.395681062648552E+01
   0.473820484782342E-02
  -0.394122626901402E+01
   0.474184085296069E-02
  -0.391465360132258E+01
   0.474749272895370E-02
  -0.388088121980925E+01
   0.475441126371069E-02
  -0.384140677012290E+01
   0.476883940190982E-02
  -0.379643513613926E+01
   0.479828639285109E-02
  -0.375133634293245E+01
   0.484473250418620E-02
  -0.371430191012852E+01
   0.491984931090886E-02
  -0.369829811323629E+01
   0.503084919833730E-02
  -0.372507893594025E+01
   0.513743997691165E-02
  -0.380537987141212E+01
   0.514191348794622E-02
  -0.391118548655550E+01
   0.504048038420342E-02
  -0.400417780489935E+01
   0.487437315692108E-02
  -0.405828266272449E+01
   0.469428739361324E-02
  -0.407148607149330E+01
   0.453543074010306E-02
  -0.404808442103645E+01
   0.442376865136668E-02
  -0.399704784068784E+01
   0.437242924453935E-02
  -0.392559150461345E+01
   0.438802705907443E-02
  -0.384199778743160E+01
   0.446163402618449E-02
  -0.376066112220193E+01
   0.456847120937285E-02
  -0.369479338416889E+01
   0.468144492526529E-02
  -0.365359672670170E+01
   0.477098740653197E-02
  -0.363932727758321E+01
   0.481966477253497E-02
  -0.364684776246617E+01
   0.483471014420941E-02
  -0.366702496035173E+01
   0.483492179938180E-02
  -0.369093556784355E+01
   0.483989725921938E-02
  -0.371433891440824E+01
   0.485267307264325E-02
  -0.373719569812954E+01
   0.487182697277117E-02
  -0.998657054142400E+01
   0.274392036796612E-02
  -0.992953199644453E+01
   0.276918156027907E-02
  -0.988009209116472E+01
   0.278077851266903E-02
  -0.983318139123893E+01
   0.278320787476350E-02
  -0.977264186026239E+01
   0.279560116492420E-02
  -0.969218413039098E+01
   0.282400783201173E-02
  -0.958622821303137E+01
   0.287399561334369E-02
  -0.945002692587287E+01
   0.295074290188553E-02
  -0.930612586379864E+01
   0.303334420466295E-02
  -0.915969979880479E+01
   0.311875924230243E-02
  -0.901946438711877E+01
   0.320135284801227E-02
  -0.889741469667241E+01
   0.327612281929855E-02
  -0.878392014088887E+01
   0.336123818801284E-02
  -0.872318544230103E+01
   0.340470658257512E-02
  -0.871522461636282E+01
   0.341230214992468E-02
  -0.876430317961437E+01
   0.338342374894785E-02
  -0.887898313446328E+01
   0.331041486959504E-02
  -0.907169126256137E+01
   0.317730031302406E-02
  -0.928168653212882E+01
   0.305297270487816E-02
  -0.950330620508302E+01
   0.293252768696611E-02
  -0.972449340344248E+01
   0.281644055475070E-02
  -0.994123494590686E+01
   0.269647521178930E-02
  -0.101435611019012E+02
   0.257730786501663E-02
  -0.102814827309148E+02
   0.250090392594982E-02
  -0.103623726156101E+02
   0.246059347013738E-02
  -0.103970954580546E+02
   0.244855701040844E-02
  -0.103993837656719E+02
   0.245553394632130E-02
  -0.103841691722644E+02
   0.247154661462856E-02
  -0.103616385224534E+02
   0.248994791705707E-02
  -0.103390212608176E+02
   0.250588976274260E-02
  -0.103175370581780E+02
   0.251906578530038E-02
  -0.102936443886674E+02
   0.253302492511545E-02
  -0.102634068759229E+02
   0.255164960386105E-02
  -0.102198093995183E+02
   0.258113323398135E-02
  -0.101546294173103E+02
   0.262797422803265E-02
  -0.100588558080038E+02
   0.269893198183633E-02
