   0.510279760322124E+01
   0.519545464338280E-02
   0.394308080351731E+01
   0.494831448004142E-02
   0.319567600790027E+01
   0.475671632667894E-02
   0.277739954210321E+01
   0.461875221424335E-02
   0.270525837221426E+01
   0.453744418082655E-02
   0.310577778367088E+01
   0.451838267646060E-02
   0.260160838982589E+01
   0.456806094207396E-02
   0.264134807117642E+01
   0.469064278378304E-02
   0.319159321862337E+01
   0.488705429431363E-02
   0.424291324746852E+01
   0.515371010146130E-02
   0.582599388032387E+01
   0.548387951387152E-02
   0.813616134633528E+01
   0.586543381225940E-02
   0.114515018575001E+02
   0.628539098745653E-02
   0.143506243554361E+02
   0.672165011420664E-02
   0.169557878293083E+02
   0.715143182132988E-02
   0.192960549370183E+02
   0.755647967369241E-02
   0.212811390024623E+02
   0.792383757320509E-02
   0.228904044199394E+02
   0.824521219041453E-02
   0.241411796006912E+02
   0.851590493693892E-02
   0.250690176132952E+02
   0.873605757243251E-02
   0.257144619401460E+02
   0.891042028400205E-02
   0.261126358382219E+02
   0.904202209882849E-02
   0.262845766671539E+02
   0.913028006883258E-02
   0.262311317075525E+02
   0.917081902889683E-02
   0.259331103766675E+02
   0.915577073468832E-02
   0.253566595639089E+02
   0.907772567288759E-02
   0.244563070354393E+02
   0.893321958655477E-02
   0.231741736995074E+02
   0.872011550342352E-02
   0.214369859277917E+02
   0.843716375459440E-02
   0.191533906525110E+02
   0.808663336402670E-02
   0.162142669597147E+02
   0.767717800452270E-02
   0.124957817100623E+02
   0.722505733349776E-02
   0.962922567965156E+01
   0.675430145904234E-02
   0.753627901466749E+01
   0.629366122630689E-02
   0.611977537136451E+01
   0.587044058106770E-02
   0.531640622771957E+01
   0.550257885204116E-02
   0.852003484848732E+01
   0.662505839143660E-02
   0.908502629818812E+01
   0.638550641571332E-02
   0.886688663678373E+01
   0.617518432579631E-02
   0.805778939428322E+01
   0.596250429820302E-02
   0.650261536203924E+01
   0.579964815001992E-02
   0.579807050957729E+01
   0.572593145318074E-02
   0.557219273056256E+01
   0.573066163837701E-02
   0.580564536569522E+01
   0.582857956454983E-02
   0.654926083026069E+01
   0.600268838767304E-02
   0.797706930213312E+01
   0.622971304306986E-02
   0.825091830337835E+01
   0.654431188038164E-02
   0.911125289351945E+01
   0.690957781241874E-02
   0.106410681486348E+02
   0.745650018596619E-02
   0.127651270248841E+02
   0.808501235371216E-02
   0.156328323987514E+02
   0.869045264315121E-02
   0.195868595169879E+02
   0.925124822818455E-02
   0.222959394798270E+02
   0.975815862174069E-02
   0.241000984309634E+02
   0.101917588374475E-01
   0.252476012869466E+02
   0.105035670300167E-01
   0.259337414451707E+02
   0.106836497396690E-01
   0.263273486994319E+02
   0.108393936725197E-01
   0.265716941210268E+02
   0.110050905817897E-01
   0.267640208573243E+02
   0.111834224276307E-01
   0.269042522941839E+02
   0.113644352872445E-01
   0.269071784270121E+02
   0.114708362197086E-01
   0.266970011253549E+02
   0.114372692456995E-01
   0.262281682265492E+02
   0.113134389343755E-01
   0.254661957011442E+02
   0.111163595477164E-01
   0.243548548669362E+02
   0.108223300384149E-01
   0.227809408114264E+02
   0.104041864917776E-01
   0.205787617420792E+02
   0.985659314231840E-02
   0.175801234826685E+02
   0.921286045411722E-02
   0.136543660639824E+02
   0.849935809142516E-02
   0.111328465303832E+02
   0.782422985175239E-02
   0.958122748775909E+01
   0.728663384467396E-02
   0.873575152014863E+01
   0.690938552776822E-02
   0.111339209801006E+02
   0.864317261857321E-02
   0.107589366663580E+02
   0.840801526896593E-02
   0.102778542911374E+02
   0.817405232273577E-02
   0.963332223447555E+01
   0.777356382349829E-02
   0.892221610636683E+01
   0.737276772421828E-02
   0.851268547470332E+01
   0.728764761136079E-02
   0.840447589359169E+01
   0.738680106834120E-02
   0.859784583248299E+01
   0.760491333704803E-02
   0.908221439263949E+01
   0.785267170100082E-02
   0.993776243836643E+01
   0.817097635181156E-02
   0.113028498590429E+02
   0.845514212624224E-02
   0.116311544871745E+02
   0.820282806410239E-02
   0.131590180608287E+02
   0.887629142642232E-02
   0.152518070711352E+02
   0.965900901581743E-02
   0.179416637258132E+02
   0.102058115584452E-01
   0.216401955848484E+02
   0.107621687872984E-01
   0.239541252985274E+02
   0.113727228958610E-01
   0.253370615899044E+02
   0.120213108693574E-01
   0.260425707897455E+02
   0.123970621609277E-01
   0.262713507019128E+02
   0.122384084715849E-01
   0.262411310916461E+02
   0.122905573765179E-01
   0.261963317181207E+02
   0.124761927386250E-01
   0.264019374423955E+02
   0.127407085060040E-01
   0.268269234944417E+02
   0.132348259868320E-01
   0.271175160571906E+02
   0.135984440527674E-01
   0.271273976005585E+02
   0.134228442303875E-01
   0.268521085323149E+02
   0.132400087275232E-01
   0.263457243826266E+02
   0.130999625595448E-01
   0.256464659205308E+02
   0.128539621534799E-01
   0.246155194927902E+02
   0.123939964579038E-01
   0.229267012247584E+02
   0.116932676491277E-01
   0.202794346367574E+02
   0.109977271876651E-01
   0.163819968810520E+02
   0.101118792397368E-01
   0.139690938062299E+02
   0.939930438933326E-02
   0.125532999994725E+02
   0.903564698276930E-02
   0.116932143249791E+02
   0.889304925185563E-02
   0.139699209875891E+02
   0.111249324369069E-01
   0.134141414220300E+02
   0.107291685584902E-01
   0.128476802870400E+02
   0.103312355867375E-01
   0.122621471532608E+02
   0.994404315189770E-02
   0.116978773857353E+02
   0.950485776370768E-02
   0.113293325477639E+02
   0.930253114260846E-02
   0.111929721574305E+02
   0.936611006906296E-02
   0.112596409726895E+02
   0.951712815445340E-02
   0.115106091136366E+02
   0.964290263268818E-02
   0.119721717209216E+02
   0.965143205629590E-02
   0.127009820456911E+02
   0.975293905545378E-02
   0.137791041689337E+02
   0.947371048632108E-02
   0.165242280936588E+02
   0.104550428077506E-01
   0.189275667268180E+02
   0.108740540401365E-01
   0.213021522848650E+02
   0.111491226579806E-01
   0.236578194528170E+02
   0.115905897825134E-01
   0.253291715410855E+02
   0.121617319433727E-01
   0.262351108210635E+02
   0.127232347752579E-01
   0.264936145861770E+02
   0.130456857987274E-01
   0.262471649925848E+02
   0.131188872602816E-01
   0.257015099885077E+02
   0.132836510210883E-01
   0.251813686306074E+02
   0.133951664470985E-01
   0.254329331337819E+02
   0.136326402406261E-01
   0.264275632225499E+02
   0.146518156113267E-01
   0.270432645822148E+02
   0.149620952405637E-01
   0.271846860081024E+02
   0.146338219118956E-01
   0.269391124180372E+02
   0.147860559941196E-01
   0.264996705349917E+02
   0.144384091752583E-01
   0.261537441363737E+02
   0.141352668764658E-01
   0.257551083434593E+02
   0.138016087423112E-01
   0.246323415209752E+02
   0.132782223184891E-01
   0.224011186939869E+02
   0.126549050555415E-01
   0.187699542240215E+02
   0.119774139712868E-01
   0.166181418761543E+02
   0.115675079271686E-01
   0.153808671393513E+02
   0.114284174288730E-01
   0.145840601608841E+02
   0.113152973880639E-01
   0.165111320891726E+02
   0.136685697130454E-01
   0.159110145957466E+02
   0.130806064872343E-01
   0.153242094611244E+02
   0.124613214689076E-01
   0.147781210132315E+02
   0.119743711316500E-01
   0.142911731473968E+02
   0.115479813010666E-01
   0.139351509784043E+02
   0.112722224761513E-01
   0.137374784622666E+02
   0.111833195672829E-01
   0.136827996221868E+02
   0.111735771870743E-01
   0.137605581879524E+02
   0.111372511844525E-01
   0.139996403681357E+02
   0.110299967288634E-01
   0.144769608119102E+02
   0.107744601095488E-01
   0.154917188872588E+02
   0.106340599127722E-01
   0.181317854951735E+02
   0.115357708031122E-01
   0.206756904499658E+02
   0.117071566420513E-01
   0.229117737255274E+02
   0.118345462726433E-01
   0.249055608570158E+02
   0.122771413063462E-01
   0.262541282099409E+02
   0.129546890218302E-01
   0.267855119811286E+02
   0.135816876423831E-01
   0.266580568146638E+02
   0.138115413378138E-01
   0.259496624379359E+02
   0.137618305907634E-01
   0.248217289165360E+02
   0.140877910244358E-01
   0.234635802049017E+02
   0.139193295843069E-01
   0.237729822188226E+02
   0.144601508344677E-01
   0.259076437067602E+02
   0.158086403810336E-01
   0.268147411506560E+02
   0.154941481436087E-01
   0.269949948062810E+02
   0.156459873861561E-01
   0.266221324665015E+02
   0.158738045468399E-01
   0.260252343437591E+02
   0.154488324664586E-01
   0.260023657704883E+02
   0.148977961569785E-01
   0.264665264350744E+02
   0.147304124221099E-01
   0.259482522168373E+02
   0.142905828084809E-01
   0.241243686608901E+02
   0.138867500481076E-01
   0.207574186548741E+02
   0.136238456493938E-01
   0.188694772342905E+02
   0.134595656183643E-01
   0.178235842305842E+02
   0.138082219204279E-01
   0.171224248480934E+02
   0.139773778309516E-01
   0.186590665236722E+02
   0.157755336816093E-01
   0.180551374911643E+02
   0.149526514798188E-01
   0.174875216086619E+02
   0.141920747502418E-01
   0.169893600603662E+02
   0.136573853115172E-01
   0.165632657898379E+02
   0.132719784644574E-01
   0.162281475500442E+02
   0.129786263106126E-01
   0.159941708792236E+02
   0.127690892937999E-01
   0.158570689907060E+02
   0.126113885529754E-01
   0.158195735161943E+02
   0.124522054893820E-01
   0.159179757155086E+02
   0.123301165627843E-01
   0.162202724408647E+02
   0.121853744504176E-01
   0.169366635292568E+02
   0.118707721597137E-01
   0.186530750529819E+02
   0.120493638158501E-01
   0.215185745736689E+02
   0.125048075048152E-01
   0.236783733807919E+02
   0.125439824478973E-01
   0.256361846212893E+02
   0.131001787926712E-01
   0.268514261137528E+02
   0.139524264908698E-01
   0.270406709340001E+02
   0.146266977812621E-01
   0.265900077892277E+02
   0.145350736766581E-01
   0.254550900350708E+02
   0.146923976103415E-01
   0.237810294002220E+02
   0.148585275430051E-01
   0.229385997861347E+02
   0.148817179609157E-01
   0.233363501754155E+02
   0.152497258416058E-01
   0.255812459978721E+02
   0.162352971963592E-01
   0.265021353037171E+02
   0.161283518630960E-01
   0.266340142434137E+02
   0.165545080073974E-01
   0.260029226320872E+02
   0.165686003536742E-01
   0.249174220703798E+02
   0.160015398876615E-01
   0.251769418018286E+02
   0.152946802394346E-01
   0.269544043173262E+02
   0.152437368215670E-01
   0.270174111994559E+02
   0.150439456123581E-01
   0.255582432383053E+02
   0.149022442537825E-01
   0.224339616627150E+02
   0.152676058831799E-01
   0.207973620465768E+02
   0.155696691362594E-01
   0.199118556293482E+02
   0.163115840129910E-01
   0.192666986292270E+02
   0.163340935224147E-01
   0.204254534623605E+02
   0.172139210343163E-01
   0.198477157797285E+02
   0.162724086353947E-01
   0.193287509120038E+02
   0.155259237659663E-01
   0.188899587678054E+02
   0.150489483046786E-01
   0.185199359704092E+02
   0.147269581726274E-01
   0.182134639665218E+02
   0.144531733800217E-01
   0.179683468849186E+02
   0.141858564284413E-01
   0.177851060431467E+02
   0.139378313615688E-01
   0.176766444664079E+02
   0.137422639061979E-01
   0.176803695433655E+02
   0.136773567026052E-01
   0.178437486996079E+02
   0.136407940628452E-01
   0.182966319039966E+02
   0.132555249523884E-01
   0.194278969426863E+02
   0.126990361518136E-01
   0.218744013502792E+02
   0.128755783645108E-01
   0.238501858772340E+02
   0.132425797116791E-01
   0.259926680428048E+02
   0.137533497038243E-01
   0.272139768749387E+02
   0.151600284789554E-01
   0.270015745433095E+02
   0.159397139505950E-01
   0.263076415699525E+02
   0.156367731433008E-01
   0.247673483955447E+02
   0.157492951413178E-01
   0.236783110124497E+02
   0.161069924362316E-01
   0.231725147857543E+02
   0.163124905416881E-01
   0.234830104253141E+02
   0.161263445679830E-01
   0.252690048219100E+02
   0.165706222752776E-01
   0.260430774501897E+02
   0.167818921986373E-01
   0.261259663285874E+02
   0.169325757872417E-01
   0.251754838236814E+02
   0.170025614266133E-01
   0.246520767095945E+02
   0.165188671754352E-01
   0.251779140642873E+02
   0.158660975126271E-01
   0.274431263061083E+02
   0.152537979018447E-01
   0.278983042186883E+02
   0.154626096658428E-01
   0.267453094408173E+02
   0.157827524180063E-01
   0.238521767933860E+02
   0.168892468735025E-01
   0.224395131501240E+02
   0.179049593309471E-01
   0.216436396613116E+02
   0.184769300403518E-01
   0.210224777839929E+02
   0.180532881949074E-01
   0.218707478506751E+02
   0.182386443580951E-01
   0.213464314066856E+02
   0.174628451091004E-01
   0.208905535201574E+02
   0.169151256019570E-01
   0.205115681007130E+02
   0.165933424436580E-01
   0.201905092391758E+02
   0.163129553243570E-01
   0.199151939777068E+02
   0.160347877413910E-01
   0.196761381293004E+02
   0.157215197115900E-01
   0.194730092440424E+02
   0.154098757924582E-01
   0.193209201178042E+02
   0.151668286404650E-01
   0.192523042724290E+02
   0.150998732683939E-01
   0.193005096799827E+02
   0.150904162701405E-01
   0.195414189625671E+02
   0.146002096085753E-01
   0.202304888311751E+02
   0.137541395402172E-01
   0.217731620260567E+02
   0.133112881579539E-01
   0.234604841881808E+02
   0.141010568621041E-01
   0.260710215816674E+02
   0.145392833571371E-01
   0.274368433074886E+02
   0.164398430001886E-01
   0.266356928368217E+02
   0.176549435516708E-01
   0.258313625233765E+02
   0.171463430030536E-01
   0.248312471220013E+02
   0.169349942016026E-01
   0.240985856708465E+02
   0.179152833494927E-01
   0.237432064032040E+02
   0.179753653697967E-01
   0.238956463998189E+02
   0.172427787052877E-01
   0.247864806635938E+02
   0.167979690228899E-01
   0.253667486085593E+02
   0.170023177987892E-01
   0.254989829439229E+02
   0.174452706809746E-01
   0.251108271261276E+02
   0.176818907933829E-01
   0.249238494134596E+02
   0.176530536070995E-01
   0.255201400201281E+02
   0.167150160262165E-01
   0.278680606787499E+02
   0.151307701697094E-01
   0.285961767046222E+02
   0.158638457677888E-01
   0.277064732065119E+02
   0.166729659801130E-01
   0.250623464255665E+02
   0.187822086410431E-01
   0.237977490301523E+02
   0.198356427634615E-01
   0.230274549576790E+02
   0.195976765168597E-01
   0.224314832920548E+02
   0.190388268245078E-01
   0.230584201228608E+02
   0.195184178535271E-01
   0.225980962410590E+02
   0.190596063609989E-01
   0.222008511917544E+02
   0.186893618982843E-01
   0.218721799013586E+02
   0.184613177748983E-01
   0.215948714777094E+02
   0.182448162976793E-01
   0.213532425334983E+02
   0.180320885207546E-01
   0.211322239366589E+02
   0.177918991881448E-01
   0.209249058003947E+02
   0.175384939203283E-01
   0.207422098841495E+02
   0.173066177086404E-01
   0.206060687070888E+02
   0.170607519691823E-01
   0.205499256477503E+02
   0.167214994952810E-01
   0.206388251036729E+02
   0.159535022358649E-01
   0.210526429975706E+02
   0.150610915789885E-01
   0.221387941405486E+02
   0.144050883806669E-01
   0.234745011786253E+02
   0.144348897269514E-01
   0.259545039365802E+02
   0.145972302394576E-01
   0.276449789284253E+02
   0.172127686271904E-01
   0.268428359739160E+02
   0.193978363091019E-01
   0.260133399232490E+02
   0.186476077108381E-01
   0.253456629793104E+02
   0.180741188037273E-01
   0.247058277054647E+02
   0.192257197388522E-01
   0.243998292679887E+02
   0.191133238031005E-01
   0.244603127799713E+02
   0.183712660988248E-01
   0.249466789120105E+02
   0.180565588879962E-01
   0.254318729554897E+02
   0.180370424524278E-01
   0.256134249444708E+02
   0.185799850552308E-01
   0.254801722670142E+02
   0.188324264526635E-01
   0.254296284996840E+02
   0.188015088948850E-01
   0.259512384331196E+02
   0.175005193928712E-01
   0.281474308787661E+02
   0.153443167670013E-01
   0.291088046787781E+02
   0.165294804150398E-01
   0.284522434505148E+02
   0.177048365616765E-01
   0.260506365819339E+02
   0.206039670021846E-01
   0.248705495433520E+02
   0.209447523179547E-01
   0.241166664030610E+02
   0.202652558582905E-01
   0.235631071241443E+02
   0.199804290783048E-01
   0.240365362196091E+02
   0.209063578186055E-01
   0.236346168454556E+02
   0.205965153354055E-01
   0.232866051369646E+02
   0.203134792605116E-01
   0.229994108829273E+02
   0.201229843842895E-01
   0.227608112437069E+02
   0.199847988622201E-01
   0.225516287409751E+02
   0.198668650664388E-01
   0.223502139775555E+02
   0.197211136718392E-01
   0.221407247269462E+02
   0.195145004599633E-01
   0.219289094484583E+02
   0.192789495584408E-01
   0.217330544134086E+02
   0.189291914551396E-01
   0.215910021813751E+02
   0.184280385176330E-01
   0.215698061569405E+02
   0.176109978365758E-01
   0.218230039977694E+02
   0.162869844949336E-01
   0.227379937504543E+02
   0.156992166351580E-01
   0.236826780020639E+02
   0.155372556499036E-01
   0.255634961309371E+02
   0.150402289780755E-01
   0.278484044559522E+02
   0.177449045682908E-01
   0.273480562893063E+02
   0.206042771304634E-01
   0.264760728170117E+02
   0.206958758879035E-01
   0.261140532164450E+02
   0.190432123349269E-01
   0.253208507454708E+02
   0.205090623293310E-01
   0.250282100601147E+02
   0.202149262366499E-01
   0.250264913770468E+02
   0.197589789395295E-01
   0.253340197969149E+02
   0.193916812165687E-01
   0.258282459799500E+02
   0.194545565634965E-01
   0.260430472808985E+02
   0.200938781361150E-01
   0.260316023664629E+02
   0.202132447160521E-01
   0.260005439649599E+02
   0.199248578041225E-01
   0.263554657220849E+02
   0.184434626850641E-01
   0.282050985476905E+02
   0.163541493802131E-01
   0.294405869115308E+02
   0.175751306881089E-01
   0.289939596662362E+02
   0.189153025158999E-01
   0.268372618972556E+02
   0.222787514015814E-01
   0.257220319330125E+02
   0.222495883559511E-01
   0.249925118529544E+02
   0.213490273041826E-01
   0.244819238464615E+02
   0.211799743832073E-01
   0.248452411688822E+02
   0.222951590813098E-01
   0.244869955053001E+02
   0.220179416666141E-01
   0.241770203470247E+02
   0.217798338307324E-01
   0.239229468363948E+02
   0.216278948073553E-01
   0.237169534614164E+02
   0.215919637694394E-01
   0.235357043486895E+02
   0.215783597495459E-01
   0.233515343817980E+02
   0.215295579415198E-01
   0.231387343591143E+02
   0.213477385524538E-01
   0.228981992261804E+02
   0.210434792318560E-01
   0.226503638684817E+02
   0.205371903789381E-01
   0.224411366600806E+02
   0.198489038081316E-01
   0.223439741892708E+02
   0.189141739208555E-01
   0.225150190172983E+02
   0.176626015064748E-01
   0.234842358336275E+02
   0.170496747864659E-01
   0.240320387957964E+02
   0.176818005850713E-01
   0.255355429474947E+02
   0.161561949118841E-01
   0.280725956775729E+02
   0.180553997257264E-01
   0.281280011182362E+02
   0.208796060296606E-01
   0.269858806861286E+02
   0.225057519200605E-01
   0.263881254104509E+02
   0.209536741967170E-01
   0.258513623077967E+02
   0.218204155150141E-01
   0.256177901713330E+02
   0.215949147881990E-01
   0.255918925375541E+02
   0.210822072595945E-01
   0.258267513709256E+02
   0.204616472502225E-01
   0.264373664141294E+02
   0.202609615138052E-01
   0.266449668529695E+02
   0.215874146862937E-01
   0.266921218759231E+02
   0.215061923567938E-01
   0.266291321689539E+02
   0.211949091515268E-01
   0.267866878533119E+02
   0.198460572186997E-01
   0.279696945007413E+02
   0.186792181001800E-01
   0.296223791121599E+02
   0.190551369273105E-01
   0.293551197185812E+02
   0.204105739930188E-01
   0.274448048594867E+02
   0.239510263029510E-01
   0.264010074077600E+02
   0.235730358981308E-01
   0.257124800616860E+02
   0.226441356482635E-01
   0.252434478582906E+02
   0.225180516437757E-01
   0.254930814085336E+02
   0.235290115613504E-01
   0.251658109574850E+02
   0.232490706472934E-01
   0.248839970823874E+02
   0.230447609981086E-01
   0.246547072662428E+02
   0.229553132466504E-01
   0.244718492082122E+02
   0.230139460782572E-01
   0.243098619582315E+02
   0.230947799401290E-01
   0.241363504545333E+02
   0.231239106765617E-01
   0.239171623907348E+02
   0.229390914607582E-01
   0.236502313425436E+02
   0.225173890649253E-01
   0.233637913568750E+02
   0.218332190037382E-01
   0.231127845362584E+02
   0.209563561281689E-01
   0.229777231028319E+02
   0.199995876947463E-01
   0.230934401165201E+02
   0.192283416580854E-01
   0.237365669118044E+02
   0.188494839843187E-01
   0.243827066228543E+02
   0.196733170363142E-01
   0.256946826767288E+02
   0.179752958256574E-01
   0.282610554230196E+02
   0.189515518708179E-01
   0.285912916132636E+02
   0.209347826324730E-01
   0.274521634035996E+02
   0.232443432512046E-01
   0.267525443408141E+02
   0.224915248042938E-01
   0.263205318725870E+02
   0.226075321133452E-01
   0.261538963594157E+02
   0.228544033051652E-01
   0.261348887067571E+02
   0.223627866809007E-01
   0.263499819420745E+02
   0.215722481479634E-01
   0.272397156282277E+02
   0.203955586965302E-01
   0.273329882327652E+02
   0.220682685264723E-01
   0.274376614900530E+02
   0.222177713906969E-01
   0.273096944550231E+02
   0.226588755502661E-01
   0.272734329461523E+02
   0.216176191387917E-01
   0.280171604167037E+02
   0.205104539252252E-01
   0.297011590766200E+02
   0.202874739002562E-01
   0.295486359802509E+02
   0.219367993748232E-01
   0.278796735227808E+02
   0.254660339741766E-01
   0.269241157953282E+02
   0.247628695337224E-01
   0.262886576215631E+02
   0.238757093003643E-01
   0.258563450612632E+02
   0.237452967694518E-01
   0.259861946872848E+02
   0.246657676222825E-01
   0.256804182435325E+02
   0.243859373980964E-01
   0.254173914973162E+02
   0.242003713315229E-01
   0.252022679825577E+02
   0.241428712029526E-01
   0.250294014770925E+02
   0.242074528069831E-01
   0.248746147418623E+02
   0.243066953899170E-01
   0.247032770581037E+02
   0.243448356290953E-01
   0.244757431563818E+02
   0.241108703297298E-01
   0.241895218714243E+02
   0.235737897023638E-01
   0.238838911972311E+02
   0.227934346119360E-01
   0.236214617942433E+02
   0.219068989799393E-01
   0.234831241367070E+02
   0.212138579374437E-01
   0.235679987042235E+02
   0.208402314483763E-01
   0.240254885722007E+02
   0.200548732595933E-01
   0.246927811361101E+02
   0.206795185361759E-01
   0.259341403086013E+02
   0.202656094424842E-01
   0.283933585665811E+02
   0.208323810835329E-01
   0.288608610164881E+02
   0.214361497667256E-01
   0.278916660614661E+02
   0.230286241562176E-01
   0.271162114718180E+02
   0.239781412463451E-01
   0.267379892541571E+02
   0.237914480467126E-01
   0.266240781737893E+02
   0.241020909013549E-01
   0.266268482815975E+02
   0.236962587437024E-01
   0.268284555970142E+02
   0.229540949202347E-01
   0.276833836980245E+02
   0.212969003799538E-01
   0.280868446022576E+02
   0.225055837477415E-01
   0.282944308641831E+02
   0.222940647187915E-01
   0.280242530440923E+02
   0.237218168612957E-01
   0.277808222087490E+02
   0.235759337963414E-01
   0.282085444990098E+02
   0.222692263236467E-01
   0.296859189835658E+02
   0.211614264637152E-01
   0.295861348755582E+02
   0.231262436907426E-01
   0.281438773547951E+02
   0.261331735917184E-01
   0.273004435929926E+02
   0.256306128467799E-01
   0.267276322333218E+02
   0.250495021626772E-01
   0.263249662905602E+02
   0.248905143901512E-01
   0.263268696578023E+02
   0.256927105755962E-01
   0.260349564722907E+02
   0.254273228077986E-01
   0.257818701976489E+02
   0.252447601302005E-01
   0.255698767189913E+02
   0.251346100936481E-01
   0.253945870404728E+02
   0.250857160679478E-01
   0.252358694394155E+02
   0.251026086126112E-01
   0.250601384424077E+02
   0.251082120776853E-01
   0.248254532431071E+02
   0.248586911619387E-01
   0.245309627682310E+02
   0.242950849981501E-01
   0.242270445619006E+02
   0.236024685296643E-01
   0.239790861696500E+02
   0.229456321174270E-01
   0.238576906575974E+02
   0.225137054467553E-01
   0.239248338476228E+02
   0.220724000003534E-01
   0.242839100571015E+02
   0.212729714564693E-01
   0.249498131532460E+02
   0.217796549955617E-01
   0.261564770531947E+02
   0.225690020269424E-01
   0.284484147175739E+02
   0.221289756003304E-01
   0.289769939269691E+02
   0.216158774199517E-01
   0.283901438256754E+02
   0.222620899345063E-01
   0.274134944806881E+02
   0.247121476624521E-01
   0.270840216324201E+02
   0.250800227355682E-01
   0.270119987836945E+02
   0.252322773576226E-01
   0.270433739005317E+02
   0.249210908725232E-01
   0.272312081713151E+02
   0.246611351612300E-01
   0.277854569773536E+02
   0.229402585527687E-01
   0.284156664552784E+02
   0.232570050040245E-01
   0.287740730059254E+02
   0.229467832509312E-01
   0.287775564198744E+02
   0.239059989390113E-01
   0.282638102849785E+02
   0.255996800306398E-01
   0.284353580858491E+02
   0.242519721824848E-01
   0.295768787998536E+02
   0.222521047947263E-01
   0.294383311293449E+02
   0.243963659364316E-01
   0.282657596813622E+02
   0.267450662199786E-01
   0.275458732926584E+02
   0.265282680931532E-01
   0.270320213784618E+02
   0.261728274424544E-01
   0.266502186479844E+02
   0.259415160865475E-01
   0.265146348068437E+02
   0.264449886382506E-01
   0.262303588489171E+02
   0.262168047267559E-01
   0.259803655133139E+02
   0.260358077483511E-01
   0.257647595400247E+02
   0.258363149106463E-01
   0.255801992827451E+02
   0.256473049125352E-01
   0.254119667798256E+02
   0.256010337688621E-01
   0.252276260507129E+02
   0.256028720538662E-01
   0.249865206292795E+02
   0.253501268847804E-01
   0.246931975454833E+02
   0.248018461791535E-01
   0.244044740505713E+02
   0.242357456113768E-01
   0.241839337822298E+02
   0.238104715730991E-01
   0.240885609160078E+02
   0.234821161125840E-01
   0.241536077771687E+02
   0.228247166149574E-01
   0.244678309314584E+02
   0.220822349229635E-01
   0.251308183105135E+02
   0.227754782947740E-01
   0.262929530224911E+02
   0.240217762916891E-01
   0.283891576275772E+02
   0.222717928559367E-01
   0.289532037555152E+02
   0.216227222812672E-01
   0.285881754052517E+02
   0.219463961427308E-01
   0.276031643628272E+02
   0.249945542098304E-01
   0.273338253878592E+02
   0.259308318308932E-01
   0.273044063044422E+02
   0.261352934835907E-01
   0.273704800300539E+02
   0.259448838170857E-01
   0.275395337434951E+02
   0.258383034907268E-01
   0.279075543841030E+02
   0.239684269719151E-01
   0.283970574542005E+02
   0.240016318817349E-01
   0.289411112618110E+02
   0.236827520505532E-01
   0.291813262412668E+02
   0.242238641033540E-01
   0.286660270853029E+02
   0.271814726415435E-01
   0.286286027954530E+02
   0.263612793281995E-01
   0.293651461333183E+02
   0.237365698699258E-01
   0.290598301357677E+02
   0.261177840024197E-01
   0.282695132466885E+02
   0.273278126025752E-01
   0.276659021580180E+02
   0.273048473596295E-01
   0.271974214010451E+02
   0.270068323508882E-01
   0.268296468293781E+02
   0.267037399135939E-01
   0.265538438738075E+02
   0.263742564365519E-01
   0.262716722087455E+02
   0.261448247514178E-01
   0.260192888840732E+02
   0.259296039047129E-01
   0.257964458334805E+02
   0.256830773639920E-01
   0.256004791787036E+02
   0.254784907050409E-01
   0.254185546064412E+02
   0.254064897371590E-01
   0.252214983843348E+02
   0.253641621899636E-01
   0.249752448068961E+02
   0.251069675455388E-01
   0.246905898014904E+02
   0.246490574862790E-01
   0.244239952521004E+02
   0.242198242448150E-01
   0.242331689720643E+02
   0.239083137566348E-01
   0.241691780362634E+02
   0.236492440686208E-01
   0.242544409909135E+02
   0.230215384262878E-01
   0.245545812863217E+02
   0.223188999364549E-01
   0.252132062355475E+02
   0.232207539506614E-01
   0.263066804784471E+02
   0.243488495905994E-01
   0.282205861036980E+02
   0.218258362212329E-01
   0.288103549909254E+02
   0.215109854750018E-01
   0.285928828393790E+02
   0.218362469984558E-01
   0.276832608622701E+02
   0.250038661298741E-01
   0.274796787143836E+02
   0.264998685700026E-01
   0.274964297033687E+02
   0.270023571437656E-01
   0.275979409397414E+02
   0.267874089663265E-01
   0.277492113752565E+02
   0.264577250479537E-01
   0.280101962243280E+02
   0.249960683418356E-01
   0.283922828728951E+02
   0.246895972054233E-01
   0.288284608823721E+02
   0.248991749214846E-01
   0.293354722948607E+02
   0.247768416771286E-01
   0.289761772366950E+02
   0.276099050168305E-01
   0.287309349180667E+02
   0.276991015129426E-01
   0.289896640774894E+02
   0.255123711124043E-01
   0.287624937855462E+02
   0.269431025185929E-01
   0.281796405527247E+02
   0.274928646759392E-01
   0.276615955486307E+02
   0.274698527318231E-01
   0.272244540536935E+02
   0.270168481662802E-01
   0.268656219164424E+02
   0.266410414809168E-01
   0.264740624307167E+02
   0.250762045915469E-01
   0.261890566900489E+02
   0.247302505496616E-01
   0.259276407116817E+02
   0.243795694848453E-01
   0.256909261442234E+02
   0.240394802376777E-01
   0.254792703116525E+02
   0.238184973398126E-01
   0.252814628634416E+02
   0.237518014279594E-01
   0.250723812305462E+02
   0.237457630669263E-01
   0.248253660432531E+02
   0.236053796570048E-01
   0.245557332769226E+02
   0.233787583448238E-01
   0.243165497937461E+02
   0.232264262165268E-01
   0.241570904202835E+02
   0.231276243431133E-01
   0.241224561008761E+02
   0.230428263317031E-01
   0.242385757775780E+02
   0.227659882853088E-01
   0.245379678380201E+02
   0.221315709921635E-01
   0.251911080740485E+02
   0.233029377492173E-01
   0.261907662287844E+02
   0.240379642185723E-01
   0.279543196315729E+02
   0.215730552414001E-01
   0.285584073145259E+02
   0.215188839385629E-01
   0.284480055300054E+02
   0.217063761949696E-01
   0.276612581381993E+02
   0.256414235430676E-01
   0.275067960329606E+02
   0.268530619594173E-01
   0.275629094748269E+02
   0.274591381987457E-01
   0.277133645223688E+02
   0.274425964152716E-01
   0.278557799410075E+02
   0.268772158152745E-01
   0.280599450011840E+02
   0.258721591885950E-01
   0.283780805495214E+02
   0.259556715364348E-01
   0.287276002279188E+02
   0.259784652553162E-01
   0.292741501064598E+02
   0.255310473901399E-01
   0.292373928715930E+02
   0.266845165679866E-01
   0.287166786748761E+02
   0.278631293570604E-01
   0.287033241146259E+02
   0.262500288635253E-01
   0.284780326309965E+02
   0.268550434686467E-01
   0.280050740198992E+02
   0.268702557749855E-01
   0.275465311677138E+02
   0.265296508339586E-01
   0.271367676021713E+02
   0.259212238146545E-01
   0.267854469951289E+02
   0.254460753840370E-01
   0.263139374360065E+02
   0.234101622441218E-01
   0.260247459059575E+02
   0.230053540821294E-01
   0.257552032822899E+02
   0.226243168321678E-01
   0.255083409400554E+02
   0.223113564479321E-01
   0.252838052592658E+02
   0.220991060762579E-01
   0.250700233689203E+02
   0.219700498177307E-01
   0.248468768247888E+02
   0.218776795833177E-01
   0.245979087972432E+02
   0.217453771743899E-01
   0.243431995061171E+02
   0.216593934550398E-01
   0.241276772852703E+02
   0.216810230183050E-01
   0.239931116078174E+02
   0.217912121479086E-01
   0.239816138021469E+02
   0.220166790342959E-01
   0.241217876815401E+02
   0.222373128584914E-01
   0.244228520904002E+02
   0.218377145532422E-01
   0.250642848251468E+02
   0.234089919217297E-01
   0.259514857461565E+02
   0.235781847598396E-01
   0.275767140960454E+02
   0.215538220480861E-01
   0.281820000188472E+02
   0.216492157479845E-01
   0.281599873940944E+02
   0.215946133762168E-01
   0.275124090317431E+02
   0.258907250755483E-01
   0.273936312525109E+02
   0.264992840226903E-01
   0.274782409579252E+02
   0.269320984082599E-01
   0.276981004223850E+02
   0.274175540980382E-01
   0.278484894771983E+02
   0.271059013934516E-01
   0.280253532070325E+02
   0.264677372281524E-01
   0.282994840576753E+02
   0.268545015703497E-01
   0.285788062380672E+02
   0.268555941459873E-01
   0.289495378447533E+02
   0.268239747801805E-01
   0.291719173686104E+02
   0.263082375448327E-01
   0.285728339764752E+02
   0.273405088694996E-01
   0.284223432018412E+02
   0.263666839192093E-01
   0.281767258768217E+02
   0.262218481077225E-01
   0.277621154648714E+02
   0.255899197741784E-01
   0.273513838435828E+02
   0.250185118762703E-01
   0.269681839126276E+02
   0.243699135830539E-01
   0.266253507353856E+02
   0.238494490328768E-01
   0.261303073856334E+02
   0.225557779063808E-01
   0.258400360634846E+02
   0.221337733070333E-01
   0.255659565342284E+02
   0.217418069061146E-01
   0.253122644051485E+02
   0.214404110770961E-01
   0.250772682372029E+02
   0.212210395828967E-01
   0.248487256449501E+02
   0.210556031726434E-01
   0.246105281396593E+02
   0.209068864070278E-01
   0.243542639764441E+02
   0.207320925367833E-01
   0.241030705659843E+02
   0.206162591865633E-01
   0.238962526019903E+02
   0.206131158907612E-01
   0.237704456367022E+02
   0.207551714791486E-01
   0.237657655504491E+02
   0.211179338302488E-01
   0.239165962450381E+02
   0.217666472665062E-01
   0.242340215256909E+02
   0.223701112402809E-01
   0.248261837054519E+02
   0.236222338548692E-01
   0.255950032557289E+02
   0.228063512403239E-01
   0.270674841614021E+02
   0.215086838622023E-01
   0.276602295959837E+02
   0.217094108905274E-01
   0.277273863199698E+02
   0.217287109776777E-01
   0.272310446275991E+02
   0.263397894466883E-01
   0.271440604808887E+02
   0.261873243170154E-01
   0.272457097393428E+02
   0.258094409660052E-01
   0.275535613001495E+02
   0.267622231664290E-01
   0.277184025830833E+02
   0.271650295060424E-01
   0.278834232649605E+02
   0.266878881597777E-01
   0.281231563827956E+02
   0.272875780497205E-01
   0.283489036970372E+02
   0.276389970243475E-01
   0.286085021634413E+02
   0.281167264983932E-01
   0.288448666242259E+02
   0.264300440059737E-01
   0.283051128858733E+02
   0.269509744072167E-01
   0.281113532323195E+02
   0.263028676442160E-01
   0.278534449867529E+02
   0.256021590013174E-01
   0.274843929400047E+02
   0.247118915364759E-01
   0.271209440952400E+02
   0.241177335934566E-01
   0.267684407412036E+02
   0.235251171777197E-01
   0.264383774185031E+02
   0.230094529204169E-01
   0.259504565056188E+02
   0.231867131349127E-01
   0.256647368776586E+02
   0.226752836706081E-01
   0.253924894463411E+02
   0.222144750908915E-01
   0.251366652428983E+02
   0.218476426846623E-01
   0.248947507279780E+02
   0.215748835732117E-01
   0.246542634220810E+02
   0.213703666557829E-01
   0.244021906341768E+02
   0.212148254000432E-01
   0.241353692318111E+02
   0.210598712514460E-01
   0.238778506001028E+02
   0.209687429679783E-01
   0.236652706552925E+02
   0.209898464011763E-01
   0.235296892197801E+02
   0.211366930371824E-01
   0.235084680136417E+02
   0.214832727539742E-01
   0.236399281490444E+02
   0.221712332440700E-01
   0.239409713969308E+02
   0.230787363220937E-01
   0.244709293207632E+02
   0.239926122901293E-01
   0.251351550545718E+02
   0.224516706360161E-01
   0.264092008648711E+02
   0.213506300432908E-01
   0.269739503645885E+02
   0.214270907744132E-01
   0.271378427750512E+02
   0.222616389332964E-01
   0.267946735207921E+02
   0.265047054412793E-01
   0.267584812481869E+02
   0.260341125392209E-01
   0.268927407636664E+02
   0.251452267742459E-01
   0.273009013249828E+02
   0.255816379877313E-01
   0.274725625794470E+02
   0.275102951580246E-01
   0.276428491379921E+02
   0.274719171626720E-01
   0.278438163451043E+02
   0.279416449600547E-01
   0.280117762667518E+02
   0.281605704270807E-01
   0.281681145912043E+02
   0.283443264279607E-01
   0.282523857329217E+02
   0.275454207685841E-01
   0.279373033517649E+02
   0.276867340841717E-01
   0.277545574179347E+02
   0.272163855777873E-01
   0.275095450267987E+02
   0.263735845707058E-01
   0.271924719264690E+02
   0.255118408696553E-01
   0.268799240065013E+02
   0.249281902874710E-01
   0.265623208014662E+02
   0.243284144749808E-01
   0.262501584422593E+02
   0.237339403125546E-01
   0.257637812440653E+02
   0.252638808566042E-01
   0.254942730976946E+02
   0.246895115328450E-01
   0.252335551729035E+02
   0.241227446719711E-01
   0.249831000523584E+02
   0.236192367728286E-01
   0.247404642014713E+02
   0.232261751764092E-01
   0.244925919570702E+02
   0.229279793969798E-01
   0.242279998421576E+02
   0.227138497099778E-01
   0.239470621530951E+02
   0.225079860930709E-01
   0.236738044215076E+02
   0.223344898018848E-01
   0.234412085081941E+02
   0.222367705548526E-01
   0.232770670177995E+02
   0.221740096133088E-01
   0.232144471436422E+02
   0.221783906987577E-01
   0.232900686549200E+02
   0.223767323417280E-01
   0.235217713536595E+02
   0.228110654323565E-01
   0.239893885908162E+02
   0.241508644616187E-01
   0.245894578608545E+02
   0.235507677275525E-01
   0.255846474974935E+02
   0.208704804280442E-01
   0.261135900318523E+02
   0.215394308575553E-01
   0.263610183909557E+02
   0.232523453995624E-01
   0.261931955018766E+02
   0.263969777549587E-01
   0.262295522776736E+02
   0.255819853399454E-01
   0.264182288897166E+02
   0.244021503271692E-01
   0.269873632699661E+02
   0.241391806203245E-01
   0.270864918909072E+02
   0.273739416670865E-01
   0.272661187781241E+02
   0.279815412199985E-01
   0.274281388668159E+02
   0.281606042102537E-01
   0.275434627480201E+02
   0.281651602095485E-01
   0.276145808347538E+02
   0.279008917862898E-01
   0.276290420248312E+02
   0.277741365957177E-01
   0.274457524442065E+02
   0.282972162196150E-01
   0.273056886311480E+02
   0.283881101053661E-01
   0.271025214760383E+02
   0.279123988129516E-01
   0.268519746736388E+02
   0.274161276997333E-01
   0.265976115989808E+02
   0.269716935076613E-01
   0.263235864534135E+02
   0.264361222947456E-01
   0.260425042286923E+02
   0.258548174112248E-01
   0.254661735654533E+02
   0.273820163289716E-01
   0.252269172247870E+02
   0.269981284532685E-01
   0.249917558398191E+02
   0.264912452974701E-01
   0.247594260055705E+02
   0.258975492092516E-01
   0.245265931364590E+02
   0.253386061521946E-01
   0.242785990452885E+02
   0.248180750857595E-01
   0.240039176244873E+02
   0.243329336235944E-01
   0.237073041960585E+02
   0.238612024162810E-01
   0.234138652975014E+02
   0.234324827656862E-01
   0.231554224424716E+02
   0.230911829730291E-01
   0.229578412823453E+02
   0.227804412079167E-01
   0.228489657676112E+02
   0.224828774222924E-01
   0.228545902945772E+02
   0.221938878079352E-01
   0.229912177139595E+02
   0.219427743770480E-01
   0.233629089249082E+02
   0.227149930464021E-01
   0.239251461568157E+02
   0.242843122642875E-01
   0.245824554407202E+02
   0.213352633968134E-01
   0.250516321699226E+02
   0.219580100186118E-01
   0.253404949704360E+02
   0.236349568457111E-01
   0.254232442211156E+02
   0.256983782630659E-01
   0.255594593383959E+02
   0.249212630607613E-01
   0.258340223072885E+02
   0.230063508150183E-01
   0.264381187894948E+02
   0.241659149668960E-01
   0.265528020138936E+02
   0.269318167519872E-01
   0.267371199162511E+02
   0.280093264433443E-01
   0.268646261304295E+02
   0.277800893223208E-01
   0.269412012769409E+02
   0.276754382646723E-01
   0.269513212405760E+02
   0.273040633011430E-01
   0.269184298912808E+02
   0.272251922712907E-01
   0.268018528431388E+02
   0.278256290518954E-01
   0.267031769755921E+02
   0.283232310405788E-01
   0.265517269889534E+02
   0.283582826916850E-01
   0.263675271210451E+02
   0.283785202019029E-01
   0.261743983119268E+02
   0.283473523795709E-01
   0.259504214342535E+02
   0.280775215037823E-01
   0.257110599939363E+02
   0.277519707190489E-01
   0.249471064710512E+02
   0.273334338895437E-01
   0.247428461189394E+02
   0.272500729801815E-01
   0.245440514093934E+02
   0.270811489879279E-01
   0.243459227677374E+02
   0.267261724669483E-01
   0.241405621413591E+02
   0.262589671629910E-01
   0.239091612085232E+02
   0.256597533020961E-01
   0.236371157980821E+02
   0.249175483978704E-01
   0.233329689558502E+02
   0.241736330600215E-01
   0.230237332824206E+02
   0.235348658642993E-01
   0.227413851419053E+02
   0.230352250650188E-01
   0.225129795626839E+02
   0.226311157201716E-01
   0.223639592090432E+02
   0.223016884577718E-01
   0.223137416263319E+02
   0.219544739048722E-01
   0.223798605915810E+02
   0.214659487396800E-01
   0.226404772007343E+02
   0.210638888235510E-01
   0.231173681402011E+02
   0.220487591961592E-01
   0.236499490077059E+02
   0.220560530064530E-01
   0.240371488332109E+02
   0.222367418612689E-01
   0.242861461964500E+02
   0.223853975228384E-01
   0.244902405049566E+02
   0.240913296172410E-01
   0.247431000524356E+02
   0.242793186316063E-01
   0.251705430948511E+02
   0.210602788680304E-01
   0.256376279128083E+02
   0.247841211284625E-01
   0.258693238200904E+02
   0.266510840985712E-01
   0.260488598959627E+02
   0.270885392830569E-01
   0.261557710447366E+02
   0.269017898465380E-01
   0.262031447560208E+02
   0.267647192500715E-01
   0.261741938814507E+02
   0.263407290298827E-01
   0.261021219249602E+02
   0.260434590561121E-01
   0.260033203186038E+02
   0.263196891812084E-01
   0.259260507444670E+02
   0.268235934030241E-01
   0.258141238635280E+02
   0.270835553553211E-01
   0.256816091875059E+02
   0.273802754230341E-01
   0.255367152269912E+02
   0.276382591610240E-01
   0.253562997897076E+02
   0.275849853927219E-01
   0.251566510247181E+02
   0.274701079123010E-01
   0.241922106645875E+02
   0.255987403778344E-01
   0.240134254946581E+02
   0.255923665548638E-01
   0.238445564736089E+02
   0.256570529886723E-01
   0.236823858043706E+02
   0.256989377456173E-01
   0.235138580166844E+02
   0.256081253859722E-01
   0.233155322821611E+02
   0.252873616912289E-01
   0.230677283087154E+02
   0.246599301458504E-01
   0.227755161274736E+02
   0.238811484278734E-01
   0.224643728172917E+02
   0.231316015678114E-01
   0.221669297796255E+02
   0.225057229645142E-01
   0.219142607654754E+02
   0.220243603250529E-01
   0.217324735797038E+02
   0.216696685182139E-01
   0.216418821180002E+02
   0.213732047437484E-01
   0.216655298955091E+02
   0.210668813415182E-01
   0.218663469147515E+02
   0.209159361134358E-01
   0.222691213382651E+02
   0.216469015176529E-01
   0.226874626481528E+02
   0.216637475103826E-01
   0.229775572168105E+02
   0.215344920923889E-01
   0.231686542525939E+02
   0.215068696584992E-01
   0.234124477754200E+02
   0.224202839699757E-01
   0.237608326200471E+02
   0.230980268292641E-01
   0.242796934746535E+02
   0.202750990884939E-01
   0.247476182145274E+02
   0.240007679489191E-01
   0.250334283852517E+02
   0.251316614033719E-01
   0.252059212753463E+02
   0.254596037947022E-01
   0.253020173116390E+02
   0.255962791745856E-01
   0.253298026438406E+02
   0.255413946566087E-01
   0.252777953070783E+02
   0.251472240529412E-01
   0.251815139346486E+02
   0.247411697785441E-01
   0.250836774940706E+02
   0.247770370111768E-01
   0.250088644634146E+02
   0.250783300316832E-01
   0.249140401256651E+02
   0.252669418172138E-01
   0.248097756143556E+02
   0.255195626765075E-01
   0.246940601269164E+02
   0.257596697259413E-01
   0.245445907511612E+02
   0.257709886676586E-01
   0.243749446359703E+02
   0.257005546900239E-01
   0.232366951321665E+02
   0.236129111561563E-01
   0.230738018759664E+02
   0.235351691504683E-01
   0.229219146310890E+02
   0.235792578139931E-01
   0.227827419690497E+02
   0.237533945711625E-01
   0.226430306636733E+02
   0.239256930654642E-01
   0.224784724578118E+02
   0.239644857795908E-01
   0.222666846758661E+02
   0.237261078825533E-01
   0.220048756991990E+02
   0.232028279804061E-01
   0.217105111947966E+02
   0.225162989836329E-01
   0.214123897542969E+02
   0.217974731186053E-01
   0.211456737806978E+02
   0.211997831225087E-01
   0.209394556000662E+02
   0.207475049933995E-01
   0.208188021549025E+02
   0.203846033073883E-01
   0.208138247976694E+02
   0.200636150149681E-01
   0.209758419458018E+02
   0.199894424649143E-01
   0.213083036999048E+02
   0.205424901302320E-01
   0.216303332235229E+02
   0.206057293585343E-01
   0.218304281650635E+02
   0.203358926360547E-01
   0.219500794545155E+02
   0.200217165131243E-01
   0.221960989260126E+02
   0.206017024575193E-01
   0.226181987844934E+02
   0.213861545819281E-01
   0.231713866123618E+02
   0.208336559820773E-01
   0.237545766897660E+02
   0.227607899933993E-01
   0.240636326932047E+02
   0.233927184161385E-01
   0.242237738592050E+02
   0.236876477627853E-01
   0.243045337707517E+02
   0.239543805573922E-01
   0.243180298500473E+02
   0.240187691519994E-01
   0.242556647296468E+02
   0.237689509489241E-01
   0.241491249518761E+02
   0.234040750902249E-01
   0.240456921683382E+02
   0.233050185103129E-01
   0.239632429155728E+02
   0.234377237174077E-01
   0.238715422697180E+02
   0.235282366048323E-01
   0.237775990414612E+02
   0.236735757242441E-01
   0.236742621717804E+02
   0.237822575960858E-01
   0.235460750157730E+02
   0.237882423441808E-01
   0.233991666468325E+02
   0.237300558482468E-01
   0.221003748597543E+02
   0.216906232260198E-01
   0.219483488999329E+02
   0.215554921511238E-01
   0.218046402084466E+02
   0.215023809303807E-01
   0.216753683410232E+02
   0.215928644544983E-01
   0.215503009919611E+02
   0.217505015664928E-01
   0.214079883577442E+02
   0.218876927774091E-01
   0.212283204243586E+02
   0.219310629130663E-01
   0.210031024842322E+02
   0.217667089881575E-01
   0.207395365513477E+02
   0.213640530365204E-01
   0.204581540114115E+02
   0.207751182576051E-01
   0.201922608691235E+02
   0.201596322881016E-01
   0.199729230851774E+02
   0.196247140494667E-01
   0.198324229702803E+02
   0.192036219301702E-01
   0.198093341644363E+02
   0.189176342590035E-01
   0.199434390545405E+02
   0.188590938456033E-01
   0.202148526459607E+02
   0.191241143263991E-01
   0.204607247264414E+02
   0.191306087855218E-01
   0.205813930717166E+02
   0.189049720065585E-01
   0.206118191545297E+02
   0.182720404403310E-01
   0.208320269317951E+02
   0.185960550397034E-01
   0.213235472505188E+02
   0.193019208459969E-01
   0.220159117475587E+02
   0.203728492616567E-01
   0.226600889185681E+02
   0.214847980363201E-01
   0.229748694136993E+02
   0.216584228576297E-01
   0.231127406849149E+02
   0.218651069942969E-01
   0.231698039695111E+02
   0.220862069169106E-01
   0.231685617786564E+02
   0.222192965661477E-01
   0.231010160399414E+02
   0.221385087653838E-01
   0.229907883547624E+02
   0.218970236864445E-01
   0.228798253293143E+02
   0.217544193377896E-01
   0.227837781037401E+02
   0.217535419813524E-01
   0.226852100671453E+02
   0.217454530756399E-01
   0.225898812856780E+02
   0.217993591117815E-01
   0.224900537988000E+02
   0.218303537897448E-01
   0.223759075806842E+02
   0.218344891542951E-01
   0.222465534808412E+02
   0.217970781367118E-01
   0.207926732969295E+02
   0.198242361451956E-01
   0.206498493360205E+02
   0.196874468941934E-01
   0.205099943622564E+02
   0.195721025764067E-01
   0.203813251459690E+02
   0.195421792905967E-01
   0.202588268373265E+02
   0.195848269426511E-01
   0.201260069706836E+02
   0.196488193692041E-01
   0.199667643792203E+02
   0.197124409881014E-01
   0.197721735333073E+02
   0.197010732880188E-01
   0.195418204766149E+02
   0.195346912393069E-01
   0.192879574547297E+02
   0.191867443346423E-01
   0.190375828159497E+02
   0.187316009567690E-01
   0.188182460243304E+02
   0.182088297150175E-01
   0.186680236279138E+02
   0.177472359687266E-01
   0.186359565902281E+02
   0.174945573028775E-01
   0.187554939041444E+02
   0.175082282067819E-01
   0.189856712794838E+02
   0.176669413701048E-01
   0.191764442418962E+02
   0.176505401220702E-01
   0.192205930859735E+02
   0.173899886306216E-01
   0.191394151828367E+02
   0.164439193642942E-01
   0.193100087653136E+02
   0.164444561287553E-01
   0.198716867703591E+02
   0.173399087678873E-01
   0.207325937755822E+02
   0.189598932450717E-01
   0.214617178645380E+02
   0.203854870094980E-01
   0.217797734127153E+02
   0.202780938789366E-01
   0.218848124838550E+02
   0.202295197471235E-01
   0.219089419524224E+02
   0.202719506328328E-01
   0.218871342579670E+02
   0.203539988092826E-01
   0.218113507534943E+02
   0.203377996972256E-01
   0.216979832549664E+02
   0.202227009853018E-01
   0.215791769260662E+02
   0.201215290245732E-01
   0.214670356749605E+02
   0.200394709900009E-01
   0.213555478989944E+02
   0.199517323718146E-01
   0.212510424381843E+02
   0.199230127928536E-01
   0.211485087939768E+02
   0.199018522070966E-01
   0.210418081354614E+02
   0.199049300832251E-01
   0.209253939545906E+02
   0.199023798770168E-01
   0.193139224390536E+02
   0.179001460891375E-01
   0.191797530912011E+02
   0.177857547712292E-01
   0.190430755164571E+02
   0.176529641567488E-01
   0.189115628450742E+02
   0.175498618786004E-01
   0.187852465058505E+02
   0.175096988707924E-01
   0.186533870432463E+02
   0.174973378771656E-01
   0.185034237354885E+02
   0.174810481987553E-01
   0.183290592290117E+02
   0.174775079638184E-01
   0.181259691564539E+02
   0.173950647732609E-01
   0.179003998078434E+02
   0.172003988334588E-01
   0.176724134691097E+02
   0.169121811401362E-01
   0.174635333529177E+02
   0.164867192621417E-01
   0.173122123271338E+02
   0.160268765292255E-01
   0.172781371230706E+02
   0.158397310115119E-01
   0.173960995675468E+02
   0.160260907479161E-01
   0.176105651602512E+02
   0.163208217505060E-01
   0.177716012714024E+02
   0.164154037702578E-01
   0.177433192154959E+02
   0.160693081550424E-01
   0.175156385579598E+02
   0.145341607232434E-01
   0.176141486806937E+02
   0.139668207011377E-01
   0.182405079284935E+02
   0.152869762026909E-01
   0.193158998163964E+02
   0.184014246219380E-01
   0.201475775787118E+02
   0.201893282363307E-01
   0.204704119573696E+02
   0.196826170886057E-01
   0.205359230988143E+02
   0.191060975012353E-01
   0.205225867902025E+02
   0.188084206031372E-01
   0.204754033249176E+02
   0.187010102247428E-01
   0.203848422126605E+02
   0.185895350380970E-01
   0.202633356663316E+02
   0.184607673366244E-01
   0.201343220634287E+02
   0.183783547602412E-01
   0.200054773894925E+02
   0.182591438778846E-01
   0.198784379388302E+02
   0.181175418465589E-01
   0.197602328828951E+02
   0.180234082334760E-01
   0.196504027589540E+02
   0.179671804768691E-01
   0.195450273439555E+02
   0.179524460785900E-01
   0.194361529118240E+02
   0.179536969474554E-01
   0.176550278852864E+02
   0.163061768152860E-01
   0.175288813903827E+02
   0.161866289203968E-01
   0.173967148032120E+02
   0.160432699267728E-01
   0.172636537634298E+02
   0.159099889767751E-01
   0.171319471888806E+02
   0.158077414420785E-01
   0.169971262695946E+02
   0.157320419543676E-01
   0.168502321711307E+02
   0.156452832311892E-01
   0.166869834701600E+02
   0.155783039285176E-01
   0.165031032692666E+02
   0.154959676010628E-01
   0.163006198504206E+02
   0.153793942701613E-01
   0.160943860710081E+02
   0.152842383234760E-01
   0.159010827870148E+02
   0.151410281143105E-01
   0.157545558408580E+02
   0.149080378288602E-01
   0.157176176806073E+02
   0.148050375464963E-01
   0.158375111459653E+02
   0.150416657398716E-01
   0.160607984488849E+02
   0.154995860932086E-01
   0.162239130068431E+02
   0.157452358414368E-01
   0.161437762607311E+02
   0.153674394115859E-01
   0.157240299370113E+02
   0.116769473983362E-01
   0.157438536985599E+02
   0.110060480103029E-01
   0.163999183470085E+02
   0.125948207414227E-01
   0.176559108330379E+02
   0.175246740216412E-01
   0.186094811759988E+02
   0.200968927403521E-01
   0.189789103155099E+02
   0.199291264962613E-01
   0.190295291839873E+02
   0.190893616197268E-01
   0.189852028885922E+02
   0.184988029282502E-01
   0.189129925664387E+02
   0.181435526595610E-01
   0.188012865042245E+02
   0.178115583692862E-01
   0.186655273323115E+02
   0.175012912657370E-01
   0.185234622208610E+02
   0.172497718319712E-01
   0.183792909820087E+02
   0.170089141952121E-01
   0.182384387337365E+02
   0.167778223904327E-01
   0.181056929122511E+02
   0.165977327568646E-01
   0.179858942843254E+02
   0.164795712456239E-01
   0.178771340743199E+02
   0.164189942686225E-01
   0.177703844146335E+02
   0.163798730572452E-01
   0.157920114826875E+02
   0.151666673898796E-01
   0.156718656184790E+02
   0.150737964005654E-01
   0.155444361822434E+02
   0.149653755921183E-01
   0.154106068592436E+02
   0.148174668261046E-01
   0.152747510971691E+02
   0.146774236055130E-01
   0.151373836715085E+02
   0.145632212215228E-01
   0.149931922511156E+02
   0.144594599884298E-01
   0.148385039048704E+02
   0.143691770627285E-01
   0.146701030458344E+02
   0.143073497780571E-01
   0.144862626883517E+02
   0.142249693580267E-01
   0.142968034651792E+02
   0.141354698911484E-01
   0.141172939104613E+02
   0.140235591024681E-01
   0.139782867216536E+02
   0.138420419432404E-01
   0.139391931801377E+02
   0.137304489767419E-01
   0.140575249109057E+02
   0.139113798344387E-01
   0.143004529563279E+02
   0.144821303742699E-01
   0.144969066481598E+02
   0.150428263585632E-01
   0.144145481066056E+02
   0.148181280550643E-01
   0.138393491050929E+02
   0.106533740651815E-01
   0.137723276390139E+02
   0.968209481829436E-02
   0.143792908968550E+02
   0.107212185685114E-01
   0.157027769554843E+02
   0.163587142444153E-01
   0.166887618379400E+02
   0.188277761326370E-01
   0.171302180772958E+02
   0.192464289979597E-01
   0.172348045608788E+02
   0.187488469574186E-01
   0.172125021835107E+02
   0.182678699379070E-01
   0.171427756095760E+02
   0.178264835986370E-01
   0.170252183016452E+02
   0.173248688776149E-01
   0.168785826241692E+02
   0.168429775970459E-01
   0.167248048870380E+02
   0.164505853044588E-01
   0.165664610166632E+02
   0.161090871578134E-01
   0.164147137826319E+02
   0.158407788597117E-01
   0.162666577559832E+02
   0.155917440603969E-01
   0.161336569163259E+02
   0.154086748092178E-01
   0.160160192796972E+02
   0.152962730304574E-01
   0.159052005904441E+02
   0.152309739048425E-01
   0.137137624056231E+02
   0.141144641973668E-01
   0.135956463059324E+02
   0.140165600028743E-01
   0.134703992301635E+02
   0.139057792360752E-01
   0.133376770958751E+02
   0.137680064147353E-01
   0.132002878251341E+02
   0.136229896382900E-01
   0.130621981047645E+02
   0.135017117895615E-01
   0.129221007987206E+02
   0.134015900968970E-01
   0.127773973952751E+02
   0.133176326840220E-01
   0.126244859561122E+02
   0.132471845633320E-01
   0.124616316449206E+02
   0.131799694289146E-01
   0.122945952328310E+02
   0.131104209199669E-01
   0.121365723733750E+02
   0.130226210944619E-01
   0.120146304213083E+02
   0.129031836368087E-01
   0.119783224982541E+02
   0.128327739120148E-01
   0.120847144244518E+02
   0.129585433887279E-01
   0.123302001805390E+02
   0.134668123682565E-01
   0.125587186452969E+02
   0.142281645160163E-01
   0.125412980784043E+02
   0.146158119974431E-01
   0.119093801052297E+02
   0.103410857440300E-01
   0.117755600306424E+02
   0.945605968417600E-02
   0.122482686726970E+02
   0.101463786436390E-01
   0.133846886991125E+02
   0.139595616525948E-01
   0.142633835611825E+02
   0.157829514289453E-01
   0.147489445543138E+02
   0.166422236392292E-01
   0.149525863841428E+02
   0.167609514605557E-01
   0.150184422174175E+02
   0.167728171425306E-01
   0.150169894384419E+02
   0.167020479617416E-01
   0.149528090245627E+02
   0.164461418003745E-01
   0.148404007613725E+02
   0.161071327215479E-01
   0.147002074290058E+02
   0.157335509605859E-01
   0.145426521608280E+02
   0.153604792699742E-01
   0.143821376598844E+02
   0.150420440034431E-01
   0.142255939094919E+02
   0.147606923588285E-01
   0.140831600241855E+02
   0.145377276335632E-01
   0.139549837753030E+02
   0.143738736957555E-01
   0.138328907184223E+02
   0.142346322799080E-01
   0.114017543949656E+02
   0.130548639363868E-01
   0.112814867725147E+02
   0.129300364894580E-01
   0.111564542341877E+02
   0.128057528153635E-01
   0.110248531239298E+02
   0.126638900287844E-01
   0.108889742477253E+02
   0.125179666942764E-01
   0.107541501744953E+02
   0.124059204471039E-01
   0.106217064586854E+02
   0.123230470135460E-01
   0.104906474552936E+02
   0.122700337826332E-01
   0.103570113589474E+02
   0.122228066608936E-01
   0.102188742155966E+02
   0.121915499883491E-01
   0.100786395435732E+02
   0.121520441923923E-01
   0.994820594203520E+01
   0.121012413313684E-01
   0.985130074232656E+01
   0.120444653386305E-01
   0.982298208612478E+01
   0.120080932163697E-01
   0.990723029783447E+01
   0.120911551996837E-01
   0.101157470295881E+02
   0.124414189152796E-01
   0.103363257201202E+02
   0.130652535497851E-01
   0.104048005614369E+02
   0.139153659269886E-01
   0.997777024368477E+01
   0.116150324297048E-01
   0.981027681021063E+01
   0.110496901173786E-01
   0.100406487555580E+02
   0.106470604438077E-01
   0.107080271101144E+02
   0.114625115383843E-01
   0.113348765791282E+02
   0.120676697171644E-01
   0.117943441126557E+02
   0.127894281826834E-01
   0.120802612373526E+02
   0.133132732539858E-01
   0.122500808423488E+02
   0.137377589903704E-01
   0.123585426216446E+02
   0.141458312931575E-01
   0.123952603820672E+02
   0.143681371397601E-01
   0.123652577143191E+02
   0.144039902051450E-01
   0.122877061648148E+02
   0.143156430304735E-01
   0.121718184696366E+02
   0.141133443429569E-01
   0.120352533607652E+02
   0.138826589559131E-01
   0.118959424660096E+02
   0.136587900434747E-01
   0.117654333687329E+02
   0.134790262713938E-01
   0.116436044521011E+02
   0.133401642879608E-01
   0.115204455911718E+02
   0.131837161752731E-01
   0.869753357705655E+01
   0.115237408642889E-01
   0.858955533261592E+01
   0.114442482302348E-01
   0.847936622130834E+01
   0.113679191123833E-01
   0.836327221334378E+01
   0.112811079176424E-01
   0.824199399755765E+01
   0.111841051400461E-01
   0.812069459632235E+01
   0.111014260913704E-01
   0.800324463070988E+01
   0.110431356904378E-01
   0.789038608054235E+01
   0.110140685071692E-01
   0.777904497200190E+01
   0.109990209770187E-01
   0.766568634834031E+01
   0.109873583863851E-01
   0.755042086200329E+01
   0.109541617804274E-01
   0.744524663280370E+01
   0.108985965413954E-01
   0.737442490516713E+01
   0.108647839767256E-01
   0.735793588048792E+01
   0.108569895695949E-01
   0.741753839342902E+01
   0.109091216373493E-01
   0.755236067410661E+01
   0.110870126697242E-01
   0.770835031467223E+01
   0.114328156041026E-01
   0.776178624847213E+01
   0.118677241247347E-01
   0.754074869848414E+01
   0.110402975166603E-01
   0.738325436503985E+01
   0.103779578353977E-01
   0.743563884638671E+01
   0.978189044565213E-02
   0.773777981597489E+01
   0.964768942953926E-02
   0.811238967535259E+01
   0.971663555397464E-02
   0.846343892837048E+01
   0.100419828425457E-01
   0.873975706482059E+01
   0.103898351246280E-01
   0.895324663738748E+01
   0.107461273199832E-01
   0.912956065494167E+01
   0.111807780066381E-01
   0.924926621571893E+01
   0.115479134609200E-01
   0.931015387863874E+01
   0.118071446661801E-01
   0.931265683399580E+01
   0.119276380563080E-01
   0.926392850745902E+01
   0.119196731570039E-01
   0.917702839224534E+01
   0.118198368648124E-01
   0.908082755753185E+01
   0.117260350914309E-01
   0.898593999343704E+01
   0.116625961572531E-01
   0.889371723424063E+01
   0.116254109632503E-01
   0.879848620477195E+01
   0.115807800258500E-01
   0.535321472834980E+01
   0.920872784124910E-02
   0.527906663304395E+01
   0.921371510323634E-02
   0.519780582462139E+01
   0.920196271504883E-02
   0.510803290364549E+01
   0.917429964544429E-02
   0.501090721230281E+01
   0.912806040204057E-02
   0.491135546115921E+01
   0.907458208162409E-02
   0.481455737974265E+01
   0.903056720459028E-02
   0.472240947239136E+01
   0.900638298831980E-02
   0.463255303486913E+01
   0.899530707149959E-02
   0.453976650414398E+01
   0.896994820238030E-02
   0.444860500528855E+01
   0.892517395464994E-02
   0.437433776037571E+01
   0.888302304126336E-02
   0.432707505741496E+01
   0.885288685821022E-02
   0.431634989317596E+01
   0.883711783027592E-02
   0.434807650606789E+01
   0.884914952449840E-02
   0.441722954827420E+01
   0.892819372334704E-02
   0.450295404514847E+01
   0.914473384341691E-02
   0.453559227895815E+01
   0.937546140888778E-02
   0.443499269439456E+01
   0.905686122441560E-02
   0.432431745335996E+01
   0.862989293800076E-02
   0.429175853516707E+01
   0.822165982109579E-02
   0.439019737228967E+01
   0.797396825098925E-02
   0.457213176625203E+01
   0.787312132697783E-02
   0.478269873809922E+01
   0.789382193266992E-02
   0.498394309640568E+01
   0.797078927306218E-02
   0.516714857935717E+01
   0.809085164936147E-02
   0.533575942014704E+01
   0.829486486820642E-02
   0.547983125256138E+01
   0.855594433153928E-02
   0.558704110496419E+01
   0.881516259907704E-02
   0.564853467133274E+01
   0.900552399197360E-02
   0.566615534569797E+01
   0.911829016213030E-02
   0.564201141697686E+01
   0.914698832293042E-02
   0.559827984031664E+01
   0.915147489239320E-02
   0.554649397350151E+01
   0.916518825655807E-02
   0.548973573249103E+01
   0.918659789714888E-02
   0.542590800334682E+01
   0.920575056590934E-02
   0.114051311402440E+01
   0.641964930362499E-02
   0.109103036814486E+01
   0.643864890811921E-02
   0.103298160471813E+01
   0.643482299477360E-02
   0.966587110690522E+00
   0.641003089898498E-02
   0.893915371545434E+00
   0.636975333935477E-02
   0.818206952647147E+00
   0.631767480678582E-02
   0.743101994365431E+00
   0.626741494595943E-02
   0.670825084579687E+00
   0.623020089493469E-02
   0.599881214913270E+00
   0.619967327807057E-02
   0.527713606322640E+00
   0.616248881308243E-02
   0.456614915132481E+00
   0.610653219207220E-02
   0.404110532748940E+00
   0.606741733907305E-02
   0.372956726209385E+00
   0.605014297859667E-02
   0.364173010474534E+00
   0.605496966914383E-02
   0.376601763841559E+00
   0.608561865318245E-02
   0.406736143326235E+00
   0.616259442314909E-02
   0.442217543928698E+00
   0.629639019049515E-02
   0.457946820506900E+00
   0.643757911957348E-02
   0.435554810812760E+00
   0.646367223570992E-02
   0.398573219750198E+00
   0.636732363468332E-02
   0.381083257088887E+00
   0.619586562842408E-02
   0.404514045402874E+00
   0.600352006027784E-02
   0.470362143280780E+00
   0.584000236998214E-02
   0.568243860912206E+00
   0.573189327129563E-02
   0.685413923925642E+00
   0.569257297208310E-02
   0.812773753470114E+00
   0.572869827815801E-02
   0.942305341770839E+00
   0.582970440874258E-02
   0.106253586834043E+01
   0.597003921308582E-02
   0.116212166623996E+01
   0.611928048067356E-02
   0.123245309654661E+01
   0.624181585795895E-02
   0.127056945757869E+01
   0.631428047828875E-02
   0.127993724023742E+01
   0.634112543797012E-02
   0.126977708616942E+01
   0.634761729461451E-02
   0.124808621880787E+01
   0.635631665666982E-02
   0.121888507564737E+01
   0.637122917634785E-02
   0.118314323146948E+01
   0.639288286314028E-02
  -0.403470121277808E+01
   0.439068156338904E-02
  -0.405465624218814E+01
   0.439488833783143E-02
  -0.407895731486892E+01
   0.439697029129426E-02
  -0.410752224923097E+01
   0.439606382708846E-02
  -0.413914057956285E+01
   0.439304060244139E-02
  -0.417259218351142E+01
   0.438886805132963E-02
  -0.420679131307403E+01
   0.438454600076906E-02
  -0.424087925901592E+01
   0.438059937653193E-02
  -0.427438998607608E+01
   0.437651848800057E-02
  -0.430677384319469E+01
   0.437153954101241E-02
  -0.433698283067174E+01
   0.436553633577447E-02
  -0.436346054642414E+01
   0.435978598854028E-02
  -0.438558470521407E+01
   0.435473843109142E-02
  -0.440344997030546E+01
   0.435048948029170E-02
  -0.441775224981228E+01
   0.434725528007550E-02
  -0.442977554378735E+01
   0.434530831930867E-02
  -0.444143726655344E+01
   0.434349070831809E-02
  -0.445468983513354E+01
   0.433781079460970E-02
  -0.446973320355327E+01
   0.432298282678666E-02
  -0.448141276843138E+01
   0.430075989794348E-02
  -0.448325960580757E+01
   0.427636148789300E-02
  -0.447116862550855E+01
   0.425457474617482E-02
  -0.444343423325395E+01
   0.423986767275094E-02
  -0.440103408014340E+01
   0.423494657791167E-02
  -0.434700850045023E+01
   0.424056800217151E-02
  -0.428569920982152E+01
   0.425565505465399E-02
  -0.422226632059973E+01
   0.427727386505645E-02
  -0.416197793115221E+01
   0.430142945263272E-02
  -0.410925731025510E+01
   0.432423955530851E-02
  -0.406704811007218E+01
   0.434270481475649E-02
  -0.403645782312042E+01
   0.435562073362123E-02
  -0.401691470064513E+01
   0.436390276778014E-02
  -0.400691598620778E+01
   0.436961018601027E-02
  -0.400481209708682E+01
   0.437461988131992E-02
  -0.400928207600110E+01
   0.437982462044344E-02
  -0.401943029854068E+01
   0.438534323787243E-02
