   0.198207571549354E+01
   0.416402525103371E-02
   0.882858885321553E+00
   0.397634368169017E-02
   0.165238615164250E+00
   0.383381002556350E-02
  -0.247301229246307E+00
   0.373051668295405E-02
  -0.334007356441004E+00
   0.366647298299375E-02
   0.359024134179493E-01
   0.364634212616710E-02
  -0.450763698685766E+00
   0.368972573169383E-02
  -0.418101824741185E+00
   0.378361376151551E-02
   0.109462625169067E+00
   0.392899011871159E-02
   0.113230658376880E+01
   0.412733287184267E-02
   0.265880049659895E+01
   0.437878908236501E-02
   0.491573089100416E+01
   0.467566765617361E-02
   0.816313014617696E+01
   0.500665835107254E-02
   0.110140617579242E+02
   0.535310309968783E-02
   0.135834530820839E+02
   0.569602610061393E-02
   0.158956741271025E+02
   0.602008175153380E-02
   0.178588154210084E+02
   0.631441044177755E-02
   0.194511085534931E+02
   0.657210316945368E-02
   0.206891187713265E+02
   0.678926627296396E-02
   0.216078825016025E+02
   0.696601258796101E-02
   0.222476045774484E+02
   0.710623433256428E-02
   0.226432392131864E+02
   0.721247833275064E-02
   0.228158176280328E+02
   0.728438765303405E-02
   0.227663400665765E+02
   0.731850340962230E-02
   0.224759261210319E+02
   0.730848772417617E-02
   0.219111928053711E+02
   0.724832320757491E-02
   0.210273502059329E+02
   0.713512187888284E-02
   0.197675460463543E+02
   0.696701858643169E-02
   0.180600607057626E+02
   0.674281356117295E-02
   0.158158659338194E+02
   0.646405335554561E-02
   0.129292718794107E+02
   0.613747077097368E-02
   0.928145450786161E+01
   0.577613341908188E-02
   0.645161451281758E+01
   0.539950865024234E-02
   0.437762579263922E+01
   0.503139287654460E-02
   0.297371771603968E+01
   0.469432922071225E-02
   0.218253727825912E+01
   0.440350751251980E-02
   0.494810169005641E+01
   0.523755101199984E-02
   0.553341273776736E+01
   0.504562285729762E-02
   0.532145246691412E+01
   0.487430610273315E-02
   0.450172819924830E+01
   0.469831752105985E-02
   0.292269429327020E+01
   0.456419166740310E-02
   0.219653570623993E+01
   0.450104763213396E-02
   0.196036101405204E+01
   0.450367979347981E-02
   0.218542438819453E+01
   0.457846121443354E-02
   0.292390425090635E+01
   0.471358552021586E-02
   0.435260092744207E+01
   0.489215326800668E-02
   0.461162590704663E+01
   0.514256581901857E-02
   0.548387732843300E+01
   0.544079967112795E-02
   0.705157574759118E+01
   0.589076021793291E-02
   0.922059724883671E+01
   0.641091752596269E-02
   0.121168062003874E+02
   0.691379971554474E-02
   0.160696389572260E+02
   0.737843365117707E-02
   0.187757569848886E+02
   0.779576135641009E-02
   0.205755850816169E+02
   0.815022355705356E-02
   0.217184692731731E+02
   0.840356242960170E-02
   0.224004276764686E+02
   0.854861908517141E-02
   0.227904320801453E+02
   0.867275963996754E-02
   0.230319126329350E+02
   0.880471165341494E-02
   0.232223270705624E+02
   0.894775626233870E-02
   0.233619468193800E+02
   0.909428397106230E-02
   0.233660350923112E+02
   0.918168787744511E-02
   0.231589416106268E+02
   0.915681345178690E-02
   0.226947152627253E+02
   0.905917679297762E-02
   0.219383603738733E+02
   0.890207225225534E-02
   0.208330762451881E+02
   0.866564968634302E-02
   0.192648993274164E+02
   0.832668880179302E-02
   0.170666961479183E+02
   0.787962226238871E-02
   0.140671831143969E+02
   0.735096184619206E-02
   0.101298298157543E+02
   0.676415578644621E-02
   0.758161511431751E+01
   0.621009122330846E-02
   0.600966812785971E+01
   0.577203481406759E-02
   0.515771720663911E+01
   0.546742163165808E-02
   0.743564691718383E+01
   0.690518188831601E-02
   0.706300658182185E+01
   0.671588217094654E-02
   0.657683415127956E+01
   0.651276272656752E-02
   0.591718793035384E+01
   0.615963710469845E-02
   0.519599895390717E+01
   0.582785730904338E-02
   0.477177018756941E+01
   0.575164103182470E-02
   0.464354853944564E+01
   0.581204798345702E-02
   0.482478058214129E+01
   0.597346541630733E-02
   0.531871762443756E+01
   0.618609062390254E-02
   0.618978372197951E+01
   0.644435607013099E-02
   0.757365445668834E+01
   0.665374419391813E-02
   0.793290323788070E+01
   0.646140558700846E-02
   0.950384686782374E+01
   0.701971023621774E-02
   0.116471840234478E+02
   0.767705910089589E-02
   0.143705225428295E+02
   0.814701792393037E-02
   0.180822558446737E+02
   0.861712182309101E-02
   0.203984300184893E+02
   0.912223234850217E-02
   0.217788073354367E+02
   0.965123977010483E-02
   0.224808341938585E+02
   0.995573823892784E-02
   0.227066414529044E+02
   0.982594025604974E-02
   0.226732828711845E+02
   0.986289223518609E-02
   0.226253163283616E+02
   0.100067844734253E-01
   0.228275996278627E+02
   0.102173941863381E-01
   0.232494890164955E+02
   0.106168044958846E-01
   0.235385777409271E+02
   0.109125515897241E-01
   0.235488909637138E+02
   0.107740145194065E-01
   0.232745637129555E+02
   0.106286036961287E-01
   0.227686745549833E+02
   0.105174039782459E-01
   0.220683835612799E+02
   0.103201989993912E-01
   0.210343374246663E+02
   0.994672824296348E-02
   0.193398381355727E+02
   0.937358157064408E-02
   0.166813240385570E+02
   0.879841930814969E-02
   0.127604560885111E+02
   0.807125661611468E-02
   0.103134144930064E+02
   0.748851237922647E-02
   0.887263993065367E+01
   0.720344913023471E-02
   0.799838319196644E+01
   0.710091900697273E-02
   0.102234293477495E+02
   0.900980627406341E-02
   0.966778749126938E+01
   0.868327392719774E-02
   0.910011019646816E+01
   0.834409923235241E-02
   0.850803704794683E+01
   0.800454894538894E-02
   0.793552485641026E+01
   0.762272918849018E-02
   0.755832258014544E+01
   0.744689778300489E-02
   0.741025566705987E+01
   0.748431940765309E-02
   0.747337346960586E+01
   0.760187094504929E-02
   0.773498330252585E+01
   0.771003565996919E-02
   0.821403533322788E+01
   0.770746300067270E-02
   0.896501975924740E+01
   0.775273623057579E-02
   0.100849596611207E+02
   0.751390918027228E-02
   0.128831138335746E+02
   0.831314906369893E-02
   0.153286957703538E+02
   0.868919710584680E-02
   0.177266834934811E+02
   0.894761762748992E-02
   0.200898319673238E+02
   0.932567049945235E-02
   0.217594816408189E+02
   0.979701345315059E-02
   0.226608746097187E+02
   0.102545232885910E-01
   0.229153641694844E+02
   0.105141509551196E-01
   0.226658897093554E+02
   0.105659025713388E-01
   0.221173788666363E+02
   0.106879328229827E-01
   0.215950489119398E+02
   0.107661709825412E-01
   0.218423715885134E+02
   0.109526220613816E-01
   0.228316872185760E+02
   0.117783045770905E-01
   0.234447400110318E+02
   0.120352294439279E-01
   0.235854898145810E+02
   0.117736683854154E-01
   0.233394708063456E+02
   0.118960570500003E-01
   0.228987019966487E+02
   0.116185733702835E-01
   0.225476049764173E+02
   0.113790165928679E-01
   0.221403943229370E+02
   0.111082886035697E-01
   0.210081838943840E+02
   0.106776722719355E-01
   0.187671507080723E+02
   0.101659142641008E-01
   0.151231530544460E+02
   0.963689784645510E-02
   0.129343106548600E+02
   0.932099229505948E-02
   0.116668453686837E+02
   0.924238853805358E-02
   0.108470330683232E+02
   0.916188233432291E-02
   0.127423576094931E+02
   0.111804531645759E-01
   0.121447238055149E+02
   0.106857183666893E-01
   0.115630094996510E+02
   0.101627340492214E-01
   0.110190471028500E+02
   0.974996189198321E-02
   0.105305294420025E+02
   0.938441248037633E-02
   0.101704539111178E+02
   0.914487161906382E-02
   0.996748224088281E+01
   0.905744187657801E-02
   0.991470853625295E+01
   0.904391705335878E-02
   0.100050946600668E+02
   0.901324410278847E-02
   0.102668304072414E+02
   0.892198225226580E-02
   0.107747222276091E+02
   0.868946057008511E-02
   0.118297662027163E+02
   0.853233062726391E-02
   0.145183746651598E+02
   0.924646078241349E-02
   0.170938164446424E+02
   0.941397558690203E-02
   0.193438275764701E+02
   0.955142203514144E-02
   0.213363626349523E+02
   0.992512193983245E-02
   0.226765408069125E+02
   0.104766430009919E-01
   0.232003980421384E+02
   0.109850820984463E-01
   0.230685309405036E+02
   0.111680003437603E-01
   0.223581629916223E+02
   0.111165019613233E-01
   0.212281829551094E+02
   0.113660718137775E-01
   0.198708862290926E+02
   0.112130637306125E-01
   0.201744022192238E+02
   0.116374707897969E-01
   0.223018749807899E+02
   0.127341604948807E-01
   0.232060456338214E+02
   0.124925025068592E-01
   0.233850354022976E+02
   0.126168773814396E-01
   0.230120346592831E+02
   0.127968996175651E-01
   0.224133711500267E+02
   0.124575778727743E-01
   0.223814245293667E+02
   0.120242925433906E-01
   0.228306700550595E+02
   0.118877855545684E-01
   0.222992204476172E+02
   0.115233483445844E-01
   0.204679157757301E+02
   0.111984578135753E-01
   0.171036189698354E+02
   0.110685288156996E-01
   0.151807352388079E+02
   0.109881327774185E-01
   0.140935828053307E+02
   0.112985178627599E-01
   0.133629038144397E+02
   0.114366444003838E-01
   0.148830549596781E+02
   0.129892264362719E-01
   0.142853143445933E+02
   0.122908550028292E-01
   0.137276379754488E+02
   0.116511910751612E-01
   0.132369403403197E+02
   0.112061891543121E-01
   0.128140680227881E+02
   0.108835420347745E-01
   0.124792610688213E+02
   0.106337973949169E-01
   0.122455029659809E+02
   0.104512292834057E-01
   0.121141933072045E+02
   0.103153837570619E-01
   0.120911060928773E+02
   0.101808263876487E-01
   0.122137831891018E+02
   0.100800472123330E-01
   0.125495319393675E+02
   0.994816024951837E-02
   0.133092511206693E+02
   0.965176264923453E-02
   0.150730413770499E+02
   0.976820497795737E-02
   0.179576509623848E+02
   0.101229566947025E-01
   0.201223654918265E+02
   0.101809416880884E-01
   0.220684483896109E+02
   0.106367344538173E-01
   0.232670783953280E+02
   0.113202581907891E-01
   0.234462292103890E+02
   0.118666534851974E-01
   0.229915256284257E+02
   0.117889060826403E-01
   0.218568193443763E+02
   0.119062414219072E-01
   0.201811865648905E+02
   0.120382689976864E-01
   0.193426230759085E+02
   0.120388730905673E-01
   0.197336268226694E+02
   0.123071961147183E-01
   0.219709081868363E+02
   0.131135906368495E-01
   0.228883677941276E+02
   0.130397943806384E-01
   0.230186065989938E+02
   0.133857433994848E-01
   0.223893461315171E+02
   0.133905401572277E-01
   0.213036131109559E+02
   0.129368019859097E-01
   0.215491615893566E+02
   0.123817131419108E-01
   0.233028537676614E+02
   0.123329797221890E-01
   0.233473946971842E+02
   0.121565501200803E-01
   0.218804492667750E+02
   0.120492451310836E-01
   0.187660348146772E+02
   0.124807297011651E-01
   0.170927395042545E+02
   0.128003045053897E-01
   0.161641649274754E+02
   0.134335790759061E-01
   0.154951184554170E+02
   0.134571774657314E-01
   0.166516777260161E+02
   0.142386805788535E-01
   0.160822818957449E+02
   0.134343122838824E-01
   0.155749321431081E+02
   0.128066425179162E-01
   0.151454471051628E+02
   0.124143310004430E-01
   0.147809235328974E+02
   0.121512207273675E-01
   0.144774773197005E+02
   0.119230887735354E-01
   0.142359742863936E+02
   0.116967614189297E-01
   0.140608204482967E+02
   0.114857890513597E-01
   0.139673783588938E+02
   0.113186936942845E-01
   0.139956973502553E+02
   0.112681219441265E-01
   0.141946873429937E+02
   0.112397944798110E-01
   0.146943958638442E+02
   0.108957984949903E-01
   0.158754692809236E+02
   0.104004775659547E-01
   0.183355131713714E+02
   0.104946695002024E-01
   0.203086800929726E+02
   0.108094486979762E-01
   0.224272812137207E+02
   0.112115861063148E-01
   0.236220552504775E+02
   0.123303650879921E-01
   0.233983431854462E+02
   0.129698488088336E-01
   0.227011379983664E+02
   0.127259083313125E-01
   0.211654217200938E+02
   0.128209418738692E-01
   0.200716455722639E+02
   0.131508015497598E-01
   0.195596990616475E+02
   0.133078535747553E-01
   0.198704967920760E+02
   0.130875831323107E-01
   0.216572627563218E+02
   0.134506338646672E-01
   0.224271740050153E+02
   0.136244094442959E-01
   0.225077909324398E+02
   0.137520643914804E-01
   0.215628735265743E+02
   0.138061036812196E-01
   0.210382500087348E+02
   0.134187787155353E-01
   0.215460423856512E+02
   0.128982130099616E-01
   0.237781781207757E+02
   0.123712536232497E-01
   0.242083571520403E+02
   0.125136754760269E-01
   0.230447171571202E+02
   0.127824268156733E-01
   0.201632215246122E+02
   0.138641280152573E-01
   0.187138108522670E+02
   0.147905181244128E-01
   0.178837224888188E+02
   0.152904678357851E-01
   0.172487571109405E+02
   0.149512659529645E-01
   0.181007881467258E+02
   0.151365642994992E-01
   0.175855706094076E+02
   0.144757933495735E-01
   0.171417705232711E+02
   0.140255269452874E-01
   0.167721966074439E+02
   0.137694531073579E-01
   0.164569355844950E+02
   0.135422592699437E-01
   0.161852963512461E+02
   0.133093597243046E-01
   0.159505170622577E+02
   0.130400002218383E-01
   0.157556016194638E+02
   0.127681339136724E-01
   0.156178593021738E+02
   0.125519067480125E-01
   0.155740742458439E+02
   0.124993726787084E-01
   0.156602447200468E+02
   0.125071709547502E-01
   0.159512850540725E+02
   0.120867901522033E-01
   0.166937263086835E+02
   0.113581256660637E-01
   0.182571750016266E+02
   0.109403748509204E-01
   0.199363767980472E+02
   0.115867481460897E-01
   0.225078209990186E+02
   0.118977004823833E-01
   0.238353448545648E+02
   0.133932261994277E-01
   0.230241453544436E+02
   0.144176263953550E-01
   0.222170164628781E+02
   0.140244584504269E-01
   0.212231295847030E+02
   0.138799098445096E-01
   0.204735640181833E+02
   0.147341696847336E-01
   0.201100210015682E+02
   0.147725667528568E-01
   0.202723111522851E+02
   0.141294756948196E-01
   0.211771086366415E+02
   0.137622251719417E-01
   0.217505951737377E+02
   0.139011260980825E-01
   0.218784700846345E+02
   0.142828646182923E-01
   0.214861038158895E+02
   0.144850617118707E-01
   0.212977821736227E+02
   0.144646047644834E-01
   0.218838657618005E+02
   0.136766765426110E-01
   0.241899309350060E+02
   0.123015108569475E-01
   0.248858354632079E+02
   0.128499201446099E-01
   0.239811871763485E+02
   0.135147348139727E-01
   0.213457619190813E+02
   0.154698384951799E-01
   0.200497019362411E+02
   0.164300156683410E-01
   0.192597677141434E+02
   0.162604666642510E-01
   0.186589832681183E+02
   0.158197619567285E-01
   0.192891872418915E+02
   0.162670423603733E-01
   0.188387305576770E+02
   0.158924060529382E-01
   0.184531035851238E+02
   0.156003347835998E-01
   0.181330451440912E+02
   0.154249596318407E-01
   0.178611014324253E+02
   0.152534803478180E-01
   0.176231702797161E+02
   0.150790806240269E-01
   0.174063272867580E+02
   0.148714809867066E-01
   0.172075964193834E+02
   0.146508259103568E-01
   0.170395609286830E+02
   0.144432911432439E-01
   0.169286138764597E+02
   0.142299064031880E-01
   0.169106324520322E+02
   0.139421586162065E-01
   0.170502816569737E+02
   0.132783206265277E-01
   0.175194217652690E+02
   0.125207192658345E-01
   0.186361795184833E+02
   0.119475322706590E-01
   0.199619467322726E+02
   0.119408435270802E-01
   0.223931872693074E+02
   0.119959494608166E-01
   0.240305542796628E+02
   0.140317586735683E-01
   0.232148826114976E+02
   0.158667426225783E-01
   0.223815850810365E+02
   0.153294991764000E-01
   0.217159316936727E+02
   0.148579920704986E-01
   0.210572853970938E+02
   0.158842039986340E-01
   0.207457126770272E+02
   0.157944980465710E-01
   0.208182494536942E+02
   0.151439170458893E-01
   0.213205576892390E+02
   0.148868043960722E-01
   0.217994365573416E+02
   0.148282702006910E-01
   0.219683279879423E+02
   0.152856783741390E-01
   0.218283497526325E+02
   0.155033014156115E-01
   0.217818229003474E+02
   0.154916466058572E-01
   0.223069858538310E+02
   0.144035219880395E-01
   0.244551017549351E+02
   0.125055843561038E-01
   0.253769722104277E+02
   0.133926405910769E-01
   0.247008787694911E+02
   0.143502926308540E-01
   0.223016335531912E+02
   0.169993113039005E-01
   0.210986592757754E+02
   0.173481335350035E-01
   0.203402507810071E+02
   0.168346816196413E-01
   0.197883676060787E+02
   0.166430394411884E-01
   0.202613407391688E+02
   0.174913638230459E-01
   0.198693124070213E+02
   0.172498308695834E-01
   0.195319862843769E+02
   0.170330198475330E-01
   0.192525371333287E+02
   0.168903521001631E-01
   0.190184123562139E+02
   0.167866957192279E-01
   0.188122456474541E+02
   0.166942459083311E-01
   0.186149495725506E+02
   0.165698351764407E-01
   0.184144332408362E+02
   0.163889693185988E-01
   0.182184650911657E+02
   0.161790144318988E-01
   0.180496308568309E+02
   0.158784226762700E-01
   0.179472782373412E+02
   0.154559894976613E-01
   0.179773667590920E+02
   0.147636535249909E-01
   0.182837494309984E+02
   0.136243934735745E-01
   0.192273225567794E+02
   0.130683806799034E-01
   0.201752395135209E+02
   0.129602405847489E-01
   0.220043655525022E+02
   0.124359506066836E-01
   0.242169023586808E+02
   0.144598638303533E-01
   0.236923842730827E+02
   0.168338643418816E-01
   0.228102756673314E+02
   0.170475573096794E-01
   0.224522553690023E+02
   0.156520969534710E-01
   0.216443162166645E+02
   0.169970515746351E-01
   0.213503414652863E+02
   0.167891451657697E-01
   0.213624311777287E+02
   0.164149684070067E-01
   0.216825039350550E+02
   0.160870996037097E-01
   0.221661046104446E+02
   0.160596542609280E-01
   0.223605787306604E+02
   0.165849326497335E-01
   0.223419460617263E+02
   0.166858587481284E-01
   0.223218517325000E+02
   0.164891959684869E-01
   0.226973816693989E+02
   0.152850668022159E-01
   0.244975707445669E+02
   0.133736334877381E-01
   0.256860345309516E+02
   0.142363047237173E-01
   0.252160488120222E+02
   0.153202763601603E-01
   0.230544347740465E+02
   0.184076451804367E-01
   0.219278192207608E+02
   0.184770495006352E-01
   0.212049912288537E+02
   0.177934776300380E-01
   0.206996640806503E+02
   0.176980723230512E-01
   0.210564594602835E+02
   0.186981489937081E-01
   0.207082958512695E+02
   0.184872491899056E-01
   0.204081739531637E+02
   0.183078401403904E-01
   0.201609172721815E+02
   0.181971714178061E-01
   0.199582457398164E+02
   0.181794613209059E-01
   0.197791488510891E+02
   0.181751422849186E-01
   0.195991234783302E+02
   0.181349116102699E-01
   0.193964953432113E+02
   0.179780311165062E-01
   0.191742145307722E+02
   0.177153689298202E-01
   0.189559926087705E+02
   0.172884136492972E-01
   0.187876091975296E+02
   0.167123019438213E-01
   0.187397933871991E+02
   0.159235405834514E-01
   0.189587400086889E+02
   0.148343439880072E-01
   0.199489355766874E+02
   0.141756501533609E-01
   0.205060448766442E+02
   0.148152738715750E-01
   0.219688543481894E+02
   0.134098816691799E-01
   0.244196832760244E+02
   0.146877860583963E-01
   0.244404063296684E+02
   0.169560780548746E-01
   0.232830419978806E+02
   0.185539861255611E-01
   0.226950512221986E+02
   0.173517754863786E-01
   0.221459535400727E+02
   0.181587214596401E-01
   0.219107774138942E+02
   0.180062338497077E-01
   0.218970764273154E+02
   0.175863029039577E-01
   0.221410313515490E+02
   0.170209306134998E-01
   0.227355054731373E+02
   0.166938726336031E-01
   0.229165935031122E+02
   0.178083772047305E-01
   0.229563946118941E+02
   0.177459188051221E-01
   0.229069961492668E+02
   0.175657966628323E-01
   0.230938936166067E+02
   0.164961429874530E-01
   0.242471675910948E+02
   0.153648944516135E-01
   0.258439005071133E+02
   0.154273217145009E-01
   0.255511044599828E+02
   0.165134409437204E-01
   0.236278368818494E+02
   0.198123465137211E-01
   0.225833003183765E+02
   0.196269658075165E-01
   0.219079323801218E+02
   0.189215738671332E-01
   0.214465245194166E+02
   0.188592517331595E-01
   0.216852481621307E+02
   0.197537128114186E-01
   0.213682569813494E+02
   0.195397748229686E-01
   0.210955998674777E+02
   0.193860829407576E-01
   0.208722289361774E+02
   0.193242590900766E-01
   0.206917361190970E+02
   0.193819317906750E-01
   0.205314231445558E+02
   0.194551039896448E-01
   0.203626966047261E+02
   0.194833189984102E-01
   0.201557658272954E+02
   0.193312572622919E-01
   0.199102281832615E+02
   0.189805895817767E-01
   0.196559303162437E+02
   0.184154436249469E-01
   0.194458263075397E+02
   0.176880296448597E-01
   0.193558810809758E+02
   0.168816945681378E-01
   0.195121374150964E+02
   0.161976708609044E-01
   0.201773093083757E+02
   0.157913250255955E-01
   0.208274969824082E+02
   0.165298423302457E-01
   0.221122308346229E+02
   0.150021284681021E-01
   0.245826043828793E+02
   0.153837428183962E-01
   0.248735950122824E+02
   0.169312773424252E-01
   0.237159804360981E+02
   0.191461786593635E-01
   0.230244169121681E+02
   0.186966991234063E-01
   0.225844499748842E+02
   0.188680173263738E-01
   0.224130675044992E+02
   0.191037842774070E-01
   0.224026203390513E+02
   0.186947133899179E-01
   0.226230250420663E+02
   0.179612252231614E-01
   0.234907269709917E+02
   0.166722375547022E-01
   0.235545770316378E+02
   0.181010161278938E-01
   0.236504766390932E+02
   0.182412337927416E-01
   0.235332717767110E+02
   0.187408058738636E-01
   0.235303330448280E+02
   0.179815941505764E-01
   0.242722421359014E+02
   0.169678368960555E-01
   0.258972562625227E+02
   0.164151659715813E-01
   0.257200916699594E+02
   0.177371684648308E-01
   0.240303750288408E+02
   0.210799204147059E-01
   0.230817977694249E+02
   0.206524090077460E-01
   0.224625681519285E+02
   0.199813444736095E-01
   0.220394800656949E+02
   0.199104593815178E-01
   0.221559861707842E+02
   0.206994250279608E-01
   0.218606696942816E+02
   0.204824291766682E-01
   0.216063541046229E+02
   0.203387426572295E-01
   0.213967124443080E+02
   0.202952261721746E-01
   0.212261169210922E+02
   0.203489681706178E-01
   0.210735489409398E+02
   0.204346870119989E-01
   0.209087354086758E+02
   0.204781950773106E-01
   0.206963839546410E+02
   0.203014011815167E-01
   0.204345538752560E+02
   0.198713928021575E-01
   0.201620809008993E+02
   0.192392323227496E-01
   0.199382139382977E+02
   0.185111262822802E-01
   0.198385205303093E+02
   0.179271429398836E-01
   0.199566389764066E+02
   0.175814379592369E-01
   0.204366025078386E+02
   0.168636719312204E-01
   0.211043757550100E+02
   0.173953828739998E-01
   0.223174420315835E+02
   0.169441379489887E-01
   0.246853083911082E+02
   0.168725036712530E-01
   0.251120859782538E+02
   0.172766455608026E-01
   0.241249733953624E+02
   0.188817974506255E-01
   0.233514562166754E+02
   0.199493170403534E-01
   0.229671596565637E+02
   0.198816978143312E-01
   0.228453620839453E+02
   0.201664127112034E-01
   0.228519518218810E+02
   0.198234051825277E-01
   0.230554754074970E+02
   0.191269987980137E-01
   0.238888351070546E+02
   0.173903759273440E-01
   0.242557624867266E+02
   0.182885098034110E-01
   0.244513731679313E+02
   0.180954864610291E-01
   0.241867059042914E+02
   0.194819577491392E-01
   0.239767674067740E+02
   0.195859849624726E-01
   0.244209507920339E+02
   0.184534595878072E-01
   0.258549253701681E+02
   0.171202882407798E-01
   0.257274927351324E+02
   0.187208471420697E-01
   0.242668866680556E+02
   0.216442520934467E-01
   0.234338185989466E+02
   0.213921333885686E-01
   0.228771283796128E+02
   0.209683896430891E-01
   0.224848549134799E+02
   0.208662828232096E-01
   0.224744601601185E+02
   0.215232266120881E-01
   0.221933173640069E+02
   0.213141661416022E-01
   0.219490541982617E+02
   0.211656362407236E-01
   0.217432303512939E+02
   0.210681129055984E-01
   0.215716120674738E+02
   0.210187932534932E-01
   0.214171177165768E+02
   0.210382198038337E-01
   0.212506456909190E+02
   0.210717422835546E-01
   0.210338583178102E+02
   0.209038129710617E-01
   0.207650458630758E+02
   0.204660147065506E-01
   0.204925037349757E+02
   0.199148041714031E-01
   0.202779493906412E+02
   0.193823697765044E-01
   0.201880119671077E+02
   0.190194701649225E-01
   0.202825530181007E+02
   0.186179955525107E-01
   0.206620929540790E+02
   0.179027112154733E-01
   0.213260505474298E+02
   0.183204974953535E-01
   0.224995491158876E+02
   0.188758687156532E-01
   0.247061335235244E+02
   0.178895812472366E-01
   0.251987791859349E+02
   0.173674227149335E-01
   0.245924226175615E+02
   0.180688611179932E-01
   0.236136689784965E+02
   0.205158573117321E-01
   0.232767244338079E+02
   0.209555773433005E-01
   0.231935710433153E+02
   0.211066862519428E-01
   0.232233694315237E+02
   0.208397786564324E-01
   0.234099727413755E+02
   0.205656197511555E-01
   0.239495065171050E+02
   0.188557435919902E-01
   0.245406171361604E+02
   0.188771752956534E-01
   0.248816504251165E+02
   0.185269448197189E-01
   0.248779995875915E+02
   0.193999032107753E-01
   0.243941787016327E+02
   0.211967224186244E-01
   0.245952502235915E+02
   0.200943553296484E-01
   0.257194470596722E+02
   0.180352108079146E-01
   0.255513997648074E+02
   0.198414731294113E-01
   0.243652281516833E+02
   0.221662070806201E-01
   0.236557846552993E+02
   0.221333990600372E-01
   0.231569886714107E+02
   0.218839156342961E-01
   0.227868533405008E+02
   0.217133822942078E-01
   0.226454379294201E+02
   0.221032642677985E-01
   0.223726944802750E+02
   0.219230913338097E-01
   0.221326921406667E+02
   0.217735622518514E-01
   0.219256970268043E+02
   0.216033979603670E-01
   0.217479958195176E+02
   0.214441859927531E-01
   0.215872017691805E+02
   0.214272347900147E-01
   0.214145982931416E+02
   0.214740550318948E-01
   0.211921883116762E+02
   0.213085710302524E-01
   0.209231463531784E+02
   0.208808499034365E-01
   0.206613423477192E+02
   0.204283435917790E-01
   0.204672495418229E+02
   0.200831260619291E-01
   0.203961540446251E+02
   0.198055613079439E-01
   0.204833239444328E+02
   0.192224944689696E-01
   0.208140117894581E+02
   0.185606526756612E-01
   0.214736726701956E+02
   0.191479116407025E-01
   0.226003022096805E+02
   0.200893723092972E-01
   0.246184476966039E+02
   0.179804003692419E-01
   0.251489452119947E+02
   0.173311896598328E-01
   0.247647495803580E+02
   0.177049495756119E-01
   0.237744543130055E+02
   0.207232046374090E-01
   0.234929392884846E+02
   0.216510298614476E-01
   0.234475076030000E+02
   0.218407610957653E-01
   0.235058405615904E+02
   0.216714501605987E-01
   0.236708093992839E+02
   0.215329569501674E-01
   0.240298613299620E+02
   0.197667598997940E-01
   0.244878979196565E+02
   0.196049422021795E-01
   0.250083786082527E+02
   0.191501800543882E-01
   0.252298379036050E+02
   0.195303923967820E-01
   0.247350512995862E+02
   0.224133424784478E-01
   0.247346730575591E+02
   0.218273310075514E-01
   0.254768066807607E+02
   0.193408436320158E-01
   0.251517769761976E+02
   0.214505720779397E-01
   0.243510490280698E+02
   0.226813045091866E-01
   0.237560754687016E+02
   0.227537656210260E-01
   0.233023901633210E+02
   0.225362263754265E-01
   0.229480872767349E+02
   0.223024664084039E-01
   0.226796458557660E+02
   0.220387208693219E-01
   0.224107081775669E+02
   0.218626633031988E-01
   0.221710005496084E+02
   0.216961756690810E-01
   0.219609629749335E+02
   0.215111523577757E-01
   0.217759803757518E+02
   0.213617186776388E-01
   0.216039793175061E+02
   0.213273523548612E-01
   0.214191753966470E+02
   0.213241486588895E-01
   0.211901849772923E+02
   0.211352105355826E-01
   0.209261769685344E+02
   0.207633723896796E-01
   0.206804570106672E+02
   0.204050724156728E-01
   0.205085489176972E+02
   0.201365894334378E-01
   0.204613545846736E+02
   0.199060469203802E-01
   0.205625775069417E+02
   0.193486796939826E-01
   0.208731036453215E+02
   0.187110533241015E-01
   0.215284872911817E+02
   0.195121713494958E-01
   0.225876831387992E+02
   0.203591458044143E-01
   0.244285686252101E+02
   0.176013310809444E-01
   0.249840017018837E+02
   0.172118252109859E-01
   0.247479651291792E+02
   0.175582281748329E-01
   0.238311206337705E+02
   0.207187659247812E-01
   0.236104565489352E+02
   0.221104140296039E-01
   0.236049918330725E+02
   0.225401842202099E-01
   0.236913009990708E+02
   0.223335366248551E-01
   0.238366038558269E+02
   0.220140035154014E-01
   0.240911690930320E+02
   0.206333122453604E-01
   0.244495815958547E+02
   0.202405961015552E-01
   0.248652910804289E+02
   0.203030320688032E-01
   0.253422724349014E+02
   0.199452804665548E-01
   0.249933058037291E+02
   0.226285851238235E-01
   0.247901961682658E+02
   0.229098667422716E-01
   0.250754002713016E+02
   0.209931589914234E-01
   0.248372043583400E+02
   0.222674148467365E-01
   0.242492146350163E+02
   0.228396757739951E-01
   0.237402607233430E+02
   0.228732030204888E-01
   0.233197742822587E+02
   0.225250437360761E-01
   0.229770743155929E+02
   0.222391834821233E-01
   0.226059351020739E+02
   0.210126043061905E-01
   0.223360447089176E+02
   0.207397391164175E-01
   0.220898190886230E+02
   0.204595904221119E-01
   0.218689213065858E+02
   0.201968234133540E-01
   0.216710127742617E+02
   0.200335455521434E-01
   0.214850014917964E+02
   0.199986795025736E-01
   0.212884607832985E+02
   0.200136635096971E-01
   0.210570962743434E+02
   0.199081625210526E-01
   0.208045102526639E+02
   0.197181888696269E-01
   0.205807668134991E+02
   0.195800669163652E-01
   0.204337165584709E+02
   0.194769404104779E-01
   0.204088040083688E+02
   0.193792304060927E-01
   0.205332525934870E+02
   0.191089687308250E-01
   0.208347516647348E+02
   0.184959272507321E-01
   0.214853797037879E+02
   0.195796404568697E-01
   0.224548254015915E+02
   0.201038806302575E-01
   0.241459549392749E+02
   0.173862954393947E-01
   0.247138751258003E+02
   0.172011731725088E-01
   0.245861695414211E+02
   0.174283488691339E-01
   0.237894188854695E+02
   0.212479651002526E-01
   0.236157231730573E+02
   0.223903761196878E-01
   0.236432535665076E+02
   0.228795749060610E-01
   0.237695770593009E+02
   0.228181198544103E-01
   0.239038992615693E+02
   0.223116008434342E-01
   0.241031198378099E+02
   0.213616057944537E-01
   0.244043582251597E+02
   0.213595546217326E-01
   0.247378146343076E+02
   0.213155703042179E-01
   0.252506714336473E+02
   0.206221059651081E-01
   0.252122418766979E+02
   0.216430488737910E-01
   0.247401459445121E+02
   0.230021685230510E-01
   0.247656299502923E+02
   0.217176840614143E-01
   0.245397435383048E+02
   0.222730651297509E-01
   0.240694997024540E+02
   0.223560869969262E-01
   0.236237867372307E+02
   0.221201328312705E-01
   0.232336950032895E+02
   0.216566936666319E-01
   0.229009583127365E+02
   0.212957712415226E-01
   0.224493214966045E+02
   0.196434020758946E-01
   0.221764597079452E+02
   0.193134701899133E-01
   0.219244726992650E+02
   0.190081974075555E-01
   0.216958593540466E+02
   0.187680996187820E-01
   0.214873730039395E+02
   0.186113531958542E-01
   0.212873678411225E+02
   0.185212716506401E-01
   0.210777973669638E+02
   0.184580244766709E-01
   0.208441063653269E+02
   0.183551497211123E-01
   0.206046055071664E+02
   0.182838107412645E-01
   0.204015984546195E+02
   0.182945573257357E-01
   0.202756039296450E+02
   0.183686788296892E-01
   0.202688961905392E+02
   0.185313507398941E-01
   0.204104856269450E+02
   0.186744969440226E-01
   0.207045831224221E+02
   0.182157210897611E-01
   0.213423752807012E+02
   0.196691549987527E-01
   0.222064956491619E+02
   0.197516073503724E-01
   0.237568565741137E+02
   0.173747588263984E-01
   0.243246257606621E+02
   0.173078405302327E-01
   0.242863435388325E+02
   0.173419294159773E-01
   0.236269135715112E+02
   0.214669202771780E-01
   0.234888012188736E+02
   0.220885371305246E-01
   0.235391959240554E+02
   0.223808218945888E-01
   0.237249291195356E+02
   0.227169755537299E-01
   0.238632018851019E+02
   0.224354434212542E-01
   0.240357815970471E+02
   0.218364929227191E-01
   0.242984244854066E+02
   0.221374522464000E-01
   0.245654605781731E+02
   0.221020415357499E-01
   0.249095492377382E+02
   0.218805958306040E-01
   0.251221015443539E+02
   0.212755492985649E-01
   0.245723597967337E+02
   0.225523899349983E-01
   0.244640087636807E+02
   0.218708712139670E-01
   0.242272965729586E+02
   0.217907757760432E-01
   0.238233953232937E+02
   0.213218021569737E-01
   0.234293264984722E+02
   0.208975094290736E-01
   0.230671155057836E+02
   0.204001598401577E-01
   0.227436089845604E+02
   0.199944147631938E-01
   0.222560038207175E+02
   0.188962142556264E-01
   0.219830676038145E+02
   0.185466671170058E-01
   0.217288242903627E+02
   0.182371693041626E-01
   0.214957445659409E+02
   0.180123253015637E-01
   0.212789915975590E+02
   0.178521358371522E-01
   0.210662793877378E+02
   0.177317543235087E-01
   0.208432979494486E+02
   0.176208426438107E-01
   0.206032702137749E+02
   0.174842923244194E-01
   0.203674408643012E+02
   0.173914038468217E-01
   0.201727370440528E+02
   0.173859153714670E-01
   0.200547363163103E+02
   0.174941614873919E-01
   0.200534425610072E+02
   0.177832969829747E-01
   0.202028399698083E+02
   0.183062306965610E-01
   0.205096914085991E+02
   0.187355921845085E-01
   0.210916445925000E+02
   0.198355742242347E-01
   0.218439019798611E+02
   0.191078629274164E-01
   0.232429255532491E+02
   0.173619233646713E-01
   0.237983758238831E+02
   0.173935413180048E-01
   0.238479489390614E+02
   0.174950143604234E-01
   0.233400558752608E+02
   0.219100269549933E-01
   0.232326285337927E+02
   0.218493948441633E-01
   0.232971267579347E+02
   0.214148737284395E-01
   0.235617933691902E+02
   0.221267205515823E-01
   0.237087447300975E+02
   0.224463636450796E-01
   0.238685724853225E+02
   0.219943265337760E-01
   0.241018894473453E+02
   0.225170483088975E-01
   0.243198248167015E+02
   0.228211170688220E-01
   0.245609507401455E+02
   0.231497878796739E-01
   0.247856722697874E+02
   0.214741936828225E-01
   0.242897855918142E+02
   0.222546561227475E-01
   0.241335840387088E+02
   0.218361311272401E-01
   0.238901121513979E+02
   0.212823683445249E-01
   0.235360092629349E+02
   0.205862776130471E-01
   0.231906221038861E+02
   0.201409211288326E-01
   0.228582627432254E+02
   0.196811918900445E-01
   0.225468649288138E+02
   0.192688918136094E-01
   0.220527427932416E+02
   0.193809477760274E-01
   0.217862328827117E+02
   0.189705796460544E-01
   0.215356785512186E+02
   0.186098970312493E-01
   0.213019750517964E+02
   0.183294367141921E-01
   0.210799563883037E+02
   0.181235438369032E-01
   0.208572026343228E+02
   0.179701924522587E-01
   0.206222682277041E+02
   0.178544443779701E-01
   0.203734442829925E+02
   0.177375948186603E-01
   0.201328965879141E+02
   0.176696160398765E-01
   0.199340347359533E+02
   0.176897055887630E-01
   0.198081117492391E+02
   0.178098192680659E-01
   0.197921959824015E+02
   0.180971786588471E-01
   0.199239281083662E+02
   0.186774271647363E-01
   0.202162277104566E+02
   0.194189222467359E-01
   0.207304536356060E+02
   0.201592253425830E-01
   0.213786769367501E+02
   0.187905904105973E-01
   0.225892904878510E+02
   0.173018082054300E-01
   0.231190915991741E+02
   0.172679078550102E-01
   0.232608543639916E+02
   0.180364911731462E-01
   0.229061557283968E+02
   0.221284922966124E-01
   0.228453738589536E+02
   0.217451360255586E-01
   0.229421870701979E+02
   0.208883954858485E-01
   0.232972648454465E+02
   0.210838754179006E-01
   0.234514278325330E+02
   0.228059515712733E-01
   0.236161662951760E+02
   0.227534599749813E-01
   0.238148832100916E+02
   0.231796646865164E-01
   0.239788469717047E+02
   0.233855426681232E-01
   0.241224462567509E+02
   0.234975751405390E-01
   0.241986829796883E+02
   0.226584159717715E-01
   0.239146157971662E+02
   0.229633065843912E-01
   0.237588872784186E+02
   0.226224808628235E-01
   0.235280208898324E+02
   0.219250482463047E-01
   0.232253110047308E+02
   0.212333966970930E-01
   0.229294176816219E+02
   0.207876915505088E-01
   0.226293505256031E+02
   0.203072321374663E-01
   0.223345662422052E+02
   0.198237163503703E-01
   0.218366229132022E+02
   0.211201907420203E-01
   0.215862480984703E+02
   0.206595391066736E-01
   0.213476188493293E+02
   0.202104707948962E-01
   0.211199782360894E+02
   0.198130410486911E-01
   0.208984050295832E+02
   0.195042094509641E-01
   0.206701301925552E+02
   0.192726439788572E-01
   0.204251641560792E+02
   0.191111661652096E-01
   0.201651095440463E+02
   0.189580788616258E-01
   0.199121661467017E+02
   0.188293353124829E-01
   0.196970905449794E+02
   0.187587893854744E-01
   0.195469858450805E+02
   0.187124254416477E-01
   0.194943541133041E+02
   0.187206501016459E-01
   0.195750560348436E+02
   0.188990335495371E-01
   0.198026474843959E+02
   0.192614634020661E-01
   0.202550632449525E+02
   0.203784921712628E-01
   0.208315481789213E+02
   0.197409151382546E-01
   0.217810385361636E+02
   0.170690840993529E-01
   0.222775315999516E+02
   0.175601200320744E-01
   0.224988993998530E+02
   0.190550128377695E-01
   0.223158602872572E+02
   0.221245816815970E-01
   0.223195777372475E+02
   0.213777845526114E-01
   0.224678493177935E+02
   0.202556340223015E-01
   0.229723055055046E+02
   0.197322547948727E-01
   0.230624995209523E+02
   0.227560080021208E-01
   0.232376093231928E+02
   0.232960272497060E-01
   0.234010941298814E+02
   0.234786962585263E-01
   0.235149288615537E+02
   0.234933174051926E-01
   0.235781995319364E+02
   0.232360705975186E-01
   0.235872623320310E+02
   0.230425308268640E-01
   0.234237776852958E+02
   0.235825457583701E-01
   0.232999564470861E+02
   0.236735035570649E-01
   0.231067689627831E+02
   0.232638932387416E-01
   0.228663096270666E+02
   0.228568771651180E-01
   0.226249067874664E+02
   0.225155677467203E-01
   0.223650169442187E+02
   0.220808950535694E-01
   0.220986426756936E+02
   0.216012759612113E-01
   0.215150328946299E+02
   0.229397123761804E-01
   0.212925800531189E+02
   0.226334627974140E-01
   0.210778301380357E+02
   0.222292218496670E-01
   0.208675218961925E+02
   0.217507005005925E-01
   0.206558647151931E+02
   0.212970035679887E-01
   0.204287672291362E+02
   0.208752614005398E-01
   0.201763039298768E+02
   0.204866020949047E-01
   0.199039935386844E+02
   0.201146433884950E-01
   0.196351446457196E+02
   0.197799626792454E-01
   0.193992931515078E+02
   0.195160010630991E-01
   0.192214067781908E+02
   0.192737032845248E-01
   0.191282605908990E+02
   0.190367234907701E-01
   0.191441319401588E+02
   0.187989157389359E-01
   0.192814082054843E+02
   0.185689198027823E-01
   0.196425153232110E+02
   0.192218236062234E-01
   0.201766372439433E+02
   0.204540640173798E-01
   0.208055411328098E+02
   0.177411404165113E-01
   0.212476194367731E+02
   0.182310727896779E-01
   0.215118670403337E+02
   0.197083486842568E-01
   0.215668331828505E+02
   0.216320571671262E-01
   0.216588366750273E+02
   0.208493152056691E-01
   0.218847937326609E+02
   0.190176396108254E-01
   0.224226068163306E+02
   0.197659512842595E-01
   0.225346614728446E+02
   0.224567194783373E-01
   0.227153493238082E+02
   0.234050023338572E-01
   0.228472691685456E+02
   0.232425669928789E-01
   0.229240229425694E+02
   0.231594521145960E-01
   0.229296210736545E+02
   0.228128115561528E-01
   0.228942142011992E+02
   0.227090401307438E-01
   0.227899308495010E+02
   0.232748752169301E-01
   0.226995950940525E+02
   0.237002295276131E-01
   0.225538119628060E+02
   0.237247163909105E-01
   0.223744008874874E+02
   0.237399953180371E-01
   0.221889467812419E+02
   0.237325377831211E-01
   0.219747020093192E+02
   0.235137481371877E-01
   0.217462059092982E+02
   0.232418913365079E-01
   0.209880268407159E+02
   0.229652492809492E-01
   0.207976569142635E+02
   0.229102728692849E-01
   0.206163275618038E+02
   0.227883031857685E-01
   0.204377379398679E+02
   0.225074775435669E-01
   0.202519932822390E+02
   0.221258702710034E-01
   0.200411542206675E+02
   0.216310238856153E-01
   0.197924449073093E+02
   0.210187616360387E-01
   0.195146836314856E+02
   0.204120844490785E-01
   0.192332407003924E+02
   0.199001684803142E-01
   0.189777714746678E+02
   0.195068534864780E-01
   0.187738496277311E+02
   0.191916943795491E-01
   0.186452408215161E+02
   0.189319800575660E-01
   0.186094997085626E+02
   0.186426590969192E-01
   0.186810374007861E+02
   0.182110335742270E-01
   0.189358266081766E+02
   0.178542507055020E-01
   0.193857154034388E+02
   0.186168609681964E-01
   0.198976378555740E+02
   0.185434482310858E-01
   0.202650230967188E+02
   0.186898637813599E-01
   0.204943340853018E+02
   0.188628524952905E-01
   0.206616179978905E+02
   0.203512290769623E-01
   0.208578943920956E+02
   0.203555523856623E-01
   0.212218555296260E+02
   0.172564353577380E-01
   0.216366182077362E+02
   0.204838720069597E-01
   0.218649374960689E+02
   0.223033072601181E-01
   0.220435378497816E+02
   0.227065629650276E-01
   0.221552592397034E+02
   0.225717042495310E-01
   0.222028967661231E+02
   0.224528750658100E-01
   0.221718585442139E+02
   0.220697498039016E-01
   0.220995807679809E+02
   0.217975512280411E-01
   0.220087335514935E+02
   0.220612044693057E-01
   0.219355790396090E+02
   0.224942883706337E-01
   0.218268651692337E+02
   0.227232586019104E-01
   0.216958469459853E+02
   0.229786436190775E-01
   0.215540205826421E+02
   0.232068662265334E-01
   0.213791834632628E+02
   0.231667917671362E-01
   0.211869313201182E+02
   0.230725329278814E-01
   0.202402711298096E+02
   0.215656680083116E-01
   0.200731951979182E+02
   0.215749275704822E-01
   0.199190540805739E+02
   0.216484581658021E-01
   0.197733722881635E+02
   0.217018511031485E-01
   0.196219449599155E+02
   0.216389280000802E-01
   0.194422681757589E+02
   0.213776345474608E-01
   0.192166177434588E+02
   0.208558041816661E-01
   0.189503861337032E+02
   0.202086681613213E-01
   0.186679900600226E+02
   0.195936601220113E-01
   0.183999095195531E+02
   0.190883246544621E-01
   0.181750425562596E+02
   0.187060264792961E-01
   0.180172498050368E+02
   0.184252969605731E-01
   0.179446015967407E+02
   0.181814338749009E-01
   0.179773881199727E+02
   0.179136025750638E-01
   0.181756449875620E+02
   0.177746030629565E-01
   0.185565262915697E+02
   0.183558793824773E-01
   0.189598517118144E+02
   0.183477450564565E-01
   0.192354696402797E+02
   0.182325616390904E-01
   0.194091274103011E+02
   0.182233146975849E-01
   0.196130307990110E+02
   0.189893571516103E-01
   0.198961905673737E+02
   0.194132592004722E-01
   0.203402716093621E+02
   0.166252856520178E-01
   0.207648149097618E+02
   0.199599241718817E-01
   0.210494268114110E+02
   0.210888508506421E-01
   0.212238578865997E+02
   0.213984045939510E-01
   0.213231866272725E+02
   0.215272324950851E-01
   0.213501139914699E+02
   0.214729330435043E-01
   0.212969926444813E+02
   0.211209929755306E-01
   0.212023241460376E+02
   0.207671853343703E-01
   0.211107384023032E+02
   0.208174664795891E-01
   0.210387599522467E+02
   0.210828364246214E-01
   0.209462111302703E+02
   0.212565600598642E-01
   0.208421330662541E+02
   0.214803322230647E-01
   0.207269676220998E+02
   0.216921049266369E-01
   0.205797458396205E+02
   0.217017497464407E-01
   0.204146976509819E+02
   0.216440145167048E-01
   0.192987182353109E+02
   0.199354434793369E-01
   0.191462820391613E+02
   0.198836377463923E-01
   0.190076550878629E+02
   0.199384314098963E-01
   0.188830608409768E+02
   0.201023156772814E-01
   0.187583371814801E+02
   0.202616137602495E-01
   0.186100299686799E+02
   0.203041353445601E-01
   0.184176848841137E+02
   0.201085732250722E-01
   0.181794815065981E+02
   0.196709132303548E-01
   0.179126393141728E+02
   0.190990712937914E-01
   0.176443320699462E+02
   0.185046358382079E-01
   0.174071085626296E+02
   0.180160155941878E-01
   0.172274021195616E+02
   0.176490663415915E-01
   0.171275544738156E+02
   0.173505972239246E-01
   0.171347766703895E+02
   0.170792884967683E-01
   0.172969206171046E+02
   0.170140530736991E-01
   0.176129612625555E+02
   0.174657052963966E-01
   0.179235628070149E+02
   0.175144654084782E-01
   0.181125732912809E+02
   0.172780649595558E-01
   0.182168726245202E+02
   0.170083937204710E-01
   0.184233424058441E+02
   0.174814343214483E-01
   0.187766788529730E+02
   0.180281603278903E-01
   0.192490864735472E+02
   0.172707130063576E-01
   0.197929370240536E+02
   0.190330730058878E-01
   0.201011249927272E+02
   0.196626147793057E-01
   0.202656085656382E+02
   0.199436326804636E-01
   0.203480784102116E+02
   0.201758925460799E-01
   0.203590204869929E+02
   0.202213233442477E-01
   0.202952189213313E+02
   0.199974095579011E-01
   0.201910306007112E+02
   0.196866954967841E-01
   0.200932065013940E+02
   0.196195542845699E-01
   0.200139843458784E+02
   0.197463681889408E-01
   0.199248383165511E+02
   0.198398868272864E-01
   0.198310017196480E+02
   0.199743789917181E-01
   0.197271304853969E+02
   0.200726662508114E-01
   0.195990664763090E+02
   0.200762796571916E-01
   0.194546164728840E+02
   0.200276185561336E-01
   0.181738654964818E+02
   0.183219021075459E-01
   0.180313922940251E+02
   0.182200903819541E-01
   0.179005700842867E+02
   0.181922035654144E-01
   0.177859741285246E+02
   0.182864918473260E-01
   0.176757365783679E+02
   0.184343691486742E-01
   0.175486523773499E+02
   0.185604945135257E-01
   0.173861094867663E+02
   0.186025662160419E-01
   0.171815117897954E+02
   0.184662525299596E-01
   0.169428837308893E+02
   0.181291647226263E-01
   0.166899953430397E+02
   0.176365647779633E-01
   0.164536543887376E+02
   0.171239986832749E-01
   0.162620981491376E+02
   0.166806738060806E-01
   0.161442320965710E+02
   0.163311149778809E-01
   0.161350042627639E+02
   0.160922002545902E-01
   0.162708902036601E+02
   0.160437622845782E-01
   0.165307916128835E+02
   0.162637726853400E-01
   0.167675644781699E+02
   0.162722187331037E-01
   0.168785364248995E+02
   0.160742538764349E-01
   0.168950939760961E+02
   0.155209158587476E-01
   0.170780919391410E+02
   0.157793347517973E-01
   0.175009501147574E+02
   0.162980698828160E-01
   0.181055800874975E+02
   0.169809055437380E-01
   0.187124925628606E+02
   0.179945586324799E-01
   0.190286207987303E+02
   0.182060683573376E-01
   0.191731599096349E+02
   0.184110905699982E-01
   0.192314976490514E+02
   0.186031787246181E-01
   0.192259768600805E+02
   0.187067850970126E-01
   0.191557969089566E+02
   0.186298495283751E-01
   0.190472663405111E+02
   0.184265120819308E-01
   0.189412110437666E+02
   0.183199874853297E-01
   0.188492076047879E+02
   0.183352451487763E-01
   0.187539414569512E+02
   0.183462953790830E-01
   0.186592911741914E+02
   0.184040463886760E-01
   0.185587128358940E+02
   0.184360785798801E-01
   0.184434629254824E+02
   0.184386073994499E-01
   0.183149498319102E+02
   0.184065831794870E-01
   0.168683906614581E+02
   0.167192249146536E-01
   0.167340384129614E+02
   0.166134280614958E-01
   0.166069497311726E+02
   0.165312549480029E-01
   0.164944048330555E+02
   0.165251656980489E-01
   0.163884435399026E+02
   0.165775766046784E-01
   0.162718510095334E+02
   0.166433642911359E-01
   0.161294512521292E+02
   0.167041045463115E-01
   0.159538046606371E+02
   0.166976015767793E-01
   0.157460746335696E+02
   0.165586844753103E-01
   0.155187763224078E+02
   0.162666410947622E-01
   0.152969574152226E+02
   0.158845817534492E-01
   0.151055843456574E+02
   0.154456515290129E-01
   0.149788074510143E+02
   0.150577164920725E-01
   0.149611972623314E+02
   0.148470583922789E-01
   0.150830886526264E+02
   0.148626954790430E-01
   0.153045001431542E+02
   0.149998058303620E-01
   0.154866016443201E+02
   0.149936306193929E-01
   0.155205349228831E+02
   0.147657288268293E-01
   0.154252054670443E+02
   0.139246180460454E-01
   0.155621236685920E+02
   0.139129160398627E-01
   0.160560960838803E+02
   0.146180009172402E-01
   0.168270218954465E+02
   0.158140677248362E-01
   0.175196298281605E+02
   0.170726383636463E-01
   0.178409124673982E+02
   0.170350189612055E-01
   0.179547736681728E+02
   0.170194656837707E-01
   0.179803541371827E+02
   0.170567107348773E-01
   0.179524637383993E+02
   0.171123902065290E-01
   0.178726312490714E+02
   0.170909620579079E-01
   0.177593834403870E+02
   0.169934187271265E-01
   0.176442580881024E+02
   0.169183942550500E-01
   0.175366244301589E+02
   0.168637417281916E-01
   0.174289255551177E+02
   0.168065734996094E-01
   0.173257385926524E+02
   0.167944353618978E-01
   0.172225945774856E+02
   0.167828023327564E-01
   0.171141237376076E+02
   0.167853197106658E-01
   0.169973615035359E+02
   0.167819223315373E-01
   0.153780405076259E+02
   0.150425064711205E-01
   0.152508782637057E+02
   0.149516799671466E-01
   0.151264846681102E+02
   0.148508739416522E-01
   0.150131396785343E+02
   0.147842021066091E-01
   0.149062677548828E+02
   0.147692588185402E-01
   0.147931930709447E+02
   0.147729425274884E-01
   0.146618406340167E+02
   0.147688356343122E-01
   0.145068086853512E+02
   0.147707909151134E-01
   0.143256554884042E+02
   0.147036599588781E-01
   0.141257298839812E+02
   0.145425366524967E-01
   0.139256678112800E+02
   0.143019194505313E-01
   0.137445102128713E+02
   0.139419954411211E-01
   0.136166022888843E+02
   0.135494624127726E-01
   0.135969177859879E+02
   0.133938838054901E-01
   0.137172440002102E+02
   0.135636682833821E-01
   0.139234105810983E+02
   0.138257028072037E-01
   0.140736243580497E+02
   0.139175634176023E-01
   0.140313540648723E+02
   0.136049322486228E-01
   0.137856988894040E+02
   0.122104357135514E-01
   0.138539520097977E+02
   0.117150341208605E-01
   0.144148562652472E+02
   0.127985362790371E-01
   0.154138752414363E+02
   0.154403486364713E-01
   0.162087171530666E+02
   0.169950458189840E-01
   0.165320016961950E+02
   0.165781595220412E-01
   0.166059490859814E+02
   0.160873564521208E-01
   0.165933522127927E+02
   0.158204018436969E-01
   0.165371738326278E+02
   0.156967319025080E-01
   0.164409874886436E+02
   0.155887043133392E-01
   0.163174998694044E+02
   0.154718598707424E-01
   0.161904620369694E+02
   0.154062055209665E-01
   0.160659003365518E+02
   0.153162407224881E-01
   0.159423007788888E+02
   0.152107545224660E-01
   0.158255680852499E+02
   0.151421371102053E-01
   0.157151669216879E+02
   0.151010333123919E-01
   0.156076229920562E+02
   0.150885878319984E-01
   0.154977030773582E+02
   0.150870938875656E-01
   0.136920494565847E+02
   0.136586804842366E-01
   0.135708142153597E+02
   0.135559922636273E-01
   0.134495704218621E+02
   0.134375850159455E-01
   0.133368847930913E+02
   0.133462426712895E-01
   0.132282091907870E+02
   0.132822954243368E-01
   0.131157574149991E+02
   0.132357371413475E-01
   0.129907429285270E+02
   0.131761015015404E-01
   0.128493564403515E+02
   0.131287954070708E-01
   0.126889316591362E+02
   0.130660192151706E-01
   0.125134524791643E+02
   0.129798257833889E-01
   0.123370176516693E+02
   0.129177057984739E-01
   0.121733642751201E+02
   0.128124763668291E-01
   0.120516064110008E+02
   0.126213427614399E-01
   0.120288140698227E+02
   0.125338339097869E-01
   0.121492555247344E+02
   0.127378673284951E-01
   0.123614366584247E+02
   0.131351940226152E-01
   0.125073739156938E+02
   0.133421015779612E-01
   0.124040809681487E+02
   0.129636272749424E-01
   0.119521186276731E+02
   0.960074655856608E-02
   0.119411553282988E+02
   0.898364546475679E-02
   0.125371248169706E+02
   0.103033959026664E-01
   0.137386911602490E+02
   0.146726810307685E-01
   0.146637866516444E+02
   0.169727602718701E-01
   0.150307406471461E+02
   0.168452249864934E-01
   0.150883937817551E+02
   0.161237264516579E-01
   0.150441609855249E+02
   0.156050404599368E-01
   0.149594877741666E+02
   0.152509474368068E-01
   0.148410712535210E+02
   0.149538193336105E-01
   0.147012436319152E+02
   0.146736655236109E-01
   0.145587432252719E+02
   0.144508192185760E-01
   0.144173546999073E+02
   0.142452749229069E-01
   0.142779143194672E+02
   0.140538993187964E-01
   0.141456736387668E+02
   0.139072406860864E-01
   0.140247615298773E+02
   0.138113871393218E-01
   0.139134170515393E+02
   0.137589538453605E-01
   0.138056384323373E+02
   0.137230713339881E-01
   0.117822117979418E+02
   0.126765778366217E-01
   0.116650648256971E+02
   0.125936884573128E-01
   0.115469014366835E+02
   0.124973826970456E-01
   0.114361645894531E+02
   0.123975298817897E-01
   0.113273098151655E+02
   0.123078654711482E-01
   0.112166571478080E+02
   0.122360249479072E-01
   0.110987503882953E+02
   0.121703698266783E-01
   0.109702455367448E+02
   0.121132663578494E-01
   0.108289513908009E+02
   0.120781457928236E-01
   0.106742970924297E+02
   0.120247670417073E-01
   0.105161175740333E+02
   0.119648185592142E-01
   0.103674085742876E+02
   0.118808599001143E-01
   0.102541351138773E+02
   0.117282235973320E-01
   0.102297056896752E+02
   0.116277961563434E-01
   0.103473612897980E+02
   0.117748439652702E-01
   0.105745183854070E+02
   0.122508387680050E-01
   0.107468292763622E+02
   0.127144043721887E-01
   0.106323880392917E+02
   0.124469541498501E-01
   0.100193726898968E+02
   0.865802433271155E-02
   0.992283257733845E+01
   0.776609454852868E-02
   0.104801583092398E+02
   0.864208224081615E-02
   0.117606230911231E+02
   0.136206796872150E-01
   0.127250503825927E+02
   0.158650735888604E-01
   0.131595230629843E+02
   0.162497703515992E-01
   0.132664762878148E+02
   0.158307592112036E-01
   0.132417746980015E+02
   0.154204663169831E-01
   0.131562766933775E+02
   0.149941085230359E-01
   0.130285628419611E+02
   0.145406893348555E-01
   0.128756786533085E+02
   0.141113874121775E-01
   0.127193933065446E+02
   0.137650420833070E-01
   0.125624958467182E+02
   0.134714014498745E-01
   0.124092644763129E+02
   0.132407207201048E-01
   0.122596286745744E+02
   0.130289541578894E-01
   0.121241084351069E+02
   0.128738795978386E-01
   0.120032742233776E+02
   0.127764486929980E-01
   0.118928507860940E+02
   0.127255147799072E-01
   0.962049334343742E+01
   0.116965192425685E-01
   0.950042420644465E+01
   0.115828585898185E-01
   0.938127782560942E+01
   0.114660208638973E-01
   0.927648653059881E+01
   0.113983342672900E-01
   0.916968225121890E+01
   0.113154269039000E-01
   0.906164286226496E+01
   0.112425768095865E-01
   0.895141917991770E+01
   0.111839520649934E-01
   0.883695430433001E+01
   0.111383214391188E-01
   0.871516201252119E+01
   0.111030972095899E-01
   0.858451757492396E+01
   0.110657677489620E-01
   0.845281686967592E+01
   0.110271975501931E-01
   0.833067716179433E+01
   0.109707676399688E-01
   0.823969703695808E+01
   0.108799979347330E-01
   0.822276458723108E+01
   0.108249986127289E-01
   0.833019522939313E+01
   0.109244453140371E-01
   0.855831995511205E+01
   0.113372718004019E-01
   0.875943273531691E+01
   0.119643508273380E-01
   0.870751165230990E+01
   0.122331888413791E-01
   0.804039030167008E+01
   0.840442630114821E-02
   0.787866257698973E+01
   0.758337120970823E-02
   0.831227636420621E+01
   0.815906501795081E-02
   0.942001337059901E+01
   0.115587168436869E-01
   0.102784750133511E+02
   0.132151479882488E-01
   0.107478838287812E+02
   0.139652342310554E-01
   0.109432633383948E+02
   0.140762404906366E-01
   0.109991360337774E+02
   0.140981404091200E-01
   0.109773337626323E+02
   0.140084194413152E-01
   0.108976560079610E+02
   0.137621382662468E-01
   0.107747082655589E+02
   0.134547546970093E-01
   0.106278094453193E+02
   0.131210706594065E-01
   0.104667555274717E+02
   0.127902248135572E-01
   0.103015587380819E+02
   0.125081420851960E-01
   0.101398154569912E+02
   0.122584602081899E-01
   0.999126099041939E+01
   0.120562143522009E-01
   0.985681934232213E+01
   0.119008642175686E-01
   0.973657335286495E+01
   0.117912988199464E-01
   0.719199864673478E+01
   0.106992345864476E-01
   0.707297569154818E+01
   0.105810425297546E-01
   0.695601521246295E+01
   0.104657106224525E-01
   0.684566540902581E+01
   0.103589304801611E-01
   0.673641046808149E+01
   0.102511195148414E-01
   0.663044055161071E+01
   0.101715670500789E-01
   0.652877222163077E+01
   0.101198566004501E-01
   0.643004208767776E+01
   0.100967072681469E-01
   0.633023519976897E+01
   0.100798196465712E-01
   0.622653779747694E+01
   0.100666979221059E-01
   0.612854678200918E+01
   0.100605857358830E-01
   0.604330420756428E+01
   0.100482989816280E-01
   0.598710261132824E+01
   0.100270126825193E-01
   0.598794411146405E+01
   0.100236095855758E-01
   0.608003510862901E+01
   0.100991109409161E-01
   0.627502416857336E+01
   0.103760735622859E-01
   0.647608549588024E+01
   0.109105414740529E-01
   0.651862776602114E+01
   0.116207343911672E-01
   0.607081656181548E+01
   0.958603398691199E-02
   0.587734150013908E+01
   0.905162575803125E-02
   0.607823546350955E+01
   0.870283964842280E-02
   0.672030961693459E+01
   0.946559637814554E-02
   0.732226211072150E+01
   0.100192857532342E-01
   0.775412720285336E+01
   0.106300451259201E-01
   0.801519551006905E+01
   0.110669324622110E-01
   0.815932666885569E+01
   0.114174649169437E-01
   0.823885255494429E+01
   0.117404582765798E-01
   0.825390770171726E+01
   0.119153972173687E-01
   0.820636082505007E+01
   0.119292691923068E-01
   0.811576878839920E+01
   0.118381365373649E-01
   0.799076751838112E+01
   0.116516577818917E-01
   0.784634983069183E+01
   0.114434030735426E-01
   0.769760710563061E+01
   0.112345523924660E-01
   0.755772717130570E+01
   0.110616077550890E-01
   0.742459066374359E+01
   0.109053263053472E-01
   0.730602652228702E+01
   0.107955750427385E-01
   0.433310339702072E+01
   0.930119473003501E-02
   0.422653812649971E+01
   0.921724525939545E-02
   0.412576232524835E+01
   0.914637318801067E-02
   0.402785457048872E+01
   0.907552303553225E-02
   0.393036236232768E+01
   0.899815426128263E-02
   0.383695150480442E+01
   0.893507070843914E-02
   0.375095227386376E+01
   0.889713033284399E-02
   0.367124616018136E+01
   0.888396568059786E-02
   0.359427619106038E+01
   0.887863155379942E-02
   0.351455712310336E+01
   0.885138200753998E-02
   0.345330472191696E+01
   0.885886485241160E-02
   0.341045673664514E+01
   0.887423912975723E-02
   0.339381430263834E+01
   0.889528412928405E-02
   0.341774720597677E+01
   0.893030485823469E-02
   0.349567484951972E+01
   0.899168075745552E-02
   0.363082705119914E+01
   0.915151469312191E-02
   0.377737656543880E+01
   0.946518844791887E-02
   0.381226880676296E+01
   0.984147929630177E-02
   0.357196049978149E+01
   0.911339970511941E-02
   0.339068115021070E+01
   0.853057540202547E-02
   0.341634456888426E+01
   0.801545713325275E-02
   0.369060692580796E+01
   0.791144152845160E-02
   0.403190611641491E+01
   0.796742856947096E-02
   0.434258557873088E+01
   0.821846418415163E-02
   0.457647427532441E+01
   0.847966412646196E-02
   0.474873942605109E+01
   0.875020560458337E-02
   0.488529171671987E+01
   0.908401290007571E-02
   0.497673082962578E+01
   0.938684396172691E-02
   0.501348398396138E+01
   0.959641861344670E-02
   0.499610223460591E+01
   0.968490027545332E-02
   0.493230027752868E+01
   0.966544293282517E-02
   0.483656266887520E+01
   0.958295380784115E-02
   0.472816664419789E+01
   0.948603765441755E-02
   0.462682149816108E+01
   0.943181009178297E-02
   0.452738331895677E+01
   0.938794355308706E-02
   0.442995121875491E+01
   0.934396051949028E-02
   0.784226823899224E+00
   0.728308531039359E-02
   0.717741744456950E+00
   0.727922917573267E-02
   0.648173354536274E+00
   0.726059882288495E-02
   0.575870811484291E+00
   0.723067895382204E-02
   0.501536623237829E+00
   0.718598465437434E-02
   0.431021679647714E+00
   0.713943510331236E-02
   0.368791069475787E+00
   0.710497366411113E-02
   0.313052799495681E+00
   0.708112003573561E-02
   0.262047063228784E+00
   0.705992977947171E-02
   0.222324726310069E+00
   0.704739642160373E-02
   0.203605657130916E+00
   0.706091015317327E-02
   0.202368566956507E+00
   0.708033164044044E-02
   0.219959536909685E+00
   0.710475990499992E-02
   0.260156933878234E+00
   0.713553745217346E-02
   0.323796525245235E+00
   0.717987447240197E-02
   0.403830256174090E+00
   0.726812883003958E-02
   0.484760221670781E+00
   0.747015930331418E-02
   0.502037344842780E+00
   0.768295465842959E-02
   0.377101270029804E+00
   0.741645618239863E-02
   0.230605616365768E+00
   0.703941989580077E-02
   0.159041745443397E+00
   0.667353462485810E-02
   0.221001039800735E+00
   0.646638317785097E-02
   0.353906677038220E+00
   0.635861897917946E-02
   0.510282550558339E+00
   0.634366268606025E-02
   0.657454714301087E+00
   0.637454281362296E-02
   0.791025811328914E+00
   0.644780688935209E-02
   0.915719458856608E+00
   0.659710283218977E-02
   0.102409060000743E+01
   0.680430835442169E-02
   0.110142048688019E+01
   0.701285579160986E-02
   0.113689256237439E+01
   0.716027648166515E-02
   0.113179505177057E+01
   0.723756770868926E-02
   0.109522515846724E+01
   0.726493279192261E-02
   0.103929244315255E+01
   0.726086598904542E-02
   0.979893480303445E+00
   0.726789520411727E-02
   0.918314522105539E+00
   0.727950356311081E-02
   0.849807717819176E+00
   0.727679885856363E-02
  -0.376683118766973E+01
   0.489520082892558E-02
  -0.379497632566006E+01
   0.490934019278268E-02
  -0.382812889438131E+01
   0.490277521607983E-02
  -0.386511525553610E+01
   0.487779011283683E-02
  -0.390357484248569E+01
   0.483821757287181E-02
  -0.393457964161812E+01
   0.479648155829170E-02
  -0.395449262239506E+01
   0.476284130794513E-02
  -0.396190994099340E+01
   0.474440554155243E-02
  -0.395780911795110E+01
   0.473811479675737E-02
  -0.394197014698593E+01
   0.474177453486534E-02
  -0.391522649713830E+01
   0.474743189256289E-02
  -0.388133952820649E+01
   0.475435663814060E-02
  -0.384179489027590E+01
   0.476879453800203E-02
  -0.379679487739368E+01
   0.479825325458645E-02
  -0.375171059387131E+01
   0.484470714428736E-02
  -0.371473428172589E+01
   0.491982474726854E-02
  -0.369883207617375E+01
   0.503081767863328E-02
  -0.372575634081073E+01
   0.513739445308559E-02
  -0.380623510913209E+01
   0.514185360663317E-02
  -0.391225060858323E+01
   0.504040471888778E-02
  -0.400548324748425E+01
   0.487427822231997E-02
  -0.405985687779771E+01
   0.469417270741943E-02
  -0.407335962085978E+01
   0.453529433105126E-02
  -0.405029176463420E+01
   0.442360640469968E-02
  -0.399962407841306E+01
   0.437223935093904E-02
  -0.392857088457060E+01
   0.438781312469364E-02
  -0.384541551180403E+01
   0.446140598850628E-02
  -0.376457674576974E+01
   0.456822032899279E-02
  -0.369934410911576E+01
   0.468108736501689E-02
  -0.365883366763225E+01
   0.477047602267021E-02
  -0.364522424074477E+01
   0.481895788250044E-02
  -0.365326145519319E+01
   0.483380312545387E-02
  -0.367365238872616E+01
   0.483396466370356E-02
  -0.369743064843186E+01
   0.483901315190104E-02
  -0.372041696312957E+01
   0.485194159051762E-02
  -0.374269855816317E+01
   0.487125416247129E-02
  -0.100011570710080E+02
   0.273956598542689E-02
  -0.994200115548315E+01
   0.276570432166856E-02
  -0.989064557822760E+01
   0.277801561113156E-02
  -0.984204132565281E+01
   0.278100854249105E-02
  -0.978002078414170E+01
   0.279383321837964E-02
  -0.969825048056738E+01
   0.282258953372708E-02
  -0.959110740180053E+01
   0.287289203225865E-02
  -0.945379112153612E+01
   0.294997300835743E-02
  -0.930884305418546E+01
   0.303294440695598E-02
  -0.916150497007364E+01
   0.311870966278882E-02
  -0.902099157082490E+01
   0.320119924331401E-02
  -0.889871919105230E+01
   0.327594480937391E-02
  -0.878502819068252E+01
   0.336112382038105E-02
  -0.872422622490654E+01
   0.340461311626367E-02
  -0.871631926575242E+01
   0.341219038811160E-02
  -0.876557225004448E+01
   0.338324903035206E-02
  -0.888055803545701E+01
   0.331011882008618E-02
  -0.907372569261790E+01
   0.317680306207289E-02
  -0.928422075906490E+01
   0.305231690969691E-02
  -0.950640009618392E+01
   0.293173170028736E-02
  -0.972820944341726E+01
   0.281551521082212E-02
  -0.994562258601064E+01
   0.269544636435347E-02
  -0.101486859865190E+02
   0.257618816072085E-02
  -0.102874783843197E+02
   0.249963798411899E-02
  -0.103693614954998E+02
   0.245914107133549E-02
  -0.104051694053957E+02
   0.244690351919039E-02
  -0.104085289763963E+02
   0.245374143066764E-02
  -0.103942199740704E+02
   0.246978365741195E-02
  -0.103741843561355E+02
   0.248700304118549E-02
  -0.103541538431435E+02
   0.250167496880568E-02
  -0.103353575803938E+02
   0.251340940641555E-02
  -0.103137375231736E+02
   0.252607180149760E-02
  -0.102845695077929E+02
   0.254408172188164E-02
  -0.102404409592243E+02
   0.257388494372657E-02
  -0.101735153627801E+02
   0.262167721266421E-02
  -0.100756743032501E+02
   0.269357209116559E-02
