   0.197825975935724E+01
   0.416279552689318E-02
   0.879701492353632E+00
   0.397537943651105E-02
   0.162647271786084E+00
   0.383306163657437E-02
  -0.249417535799868E+00
   0.372993556079261E-02
  -0.335731997061191E+00
   0.366601599956263E-02
   0.344891834067549E-01
   0.364597319494427E-02
  -0.451909830133020E+00
   0.368942891970610E-02
  -0.419038295356862E+00
   0.378336293784966E-02
   0.108685471959244E+00
   0.392876257486102E-02
   0.113163882488913E+01
   0.412710860607790E-02
   0.265819507425513E+01
   0.437855256203162E-02
   0.491515636159251E+01
   0.467540646171821E-02
   0.816255788427227E+01
   0.500636023291015E-02
   0.110134681898738E+02
   0.535275591879114E-02
   0.135828152050875E+02
   0.569561857712866E-02
   0.158949688591782E+02
   0.601960334059222E-02
   0.178580195189936E+02
   0.631385125522764E-02
   0.194501978653283E+02
   0.657145366504857E-02
   0.206880675704582E+02
   0.678851689895409E-02
   0.216066629202343E+02
   0.696515363982267E-02
   0.222461861616369E+02
   0.710525598089527E-02
   0.226415886272883E+02
   0.721137103149031E-02
   0.228138985509098E+02
   0.728314280352479E-02
   0.227641133562354E+02
   0.731711417703951E-02
   0.224733503959982E+02
   0.730695002780362E-02
   0.219082257555307E+02
   0.724663669175694E-02
   0.210239512016504E+02
   0.713329076202085E-02
   0.197636809722039E+02
   0.696505295437407E-02
   0.180557104413093E+02
   0.674073110770140E-02
   0.158110405323771E+02
   0.646188130161867E-02
   0.129240329152972E+02
   0.613524843078501E-02
   0.927594693297999E+01
   0.577391515365727E-02
   0.644600500228706E+01
   0.539736369179034E-02
   0.437219707856462E+01
   0.502939796341584E-02
   0.296871620352708E+01
   0.469255197229895E-02
   0.217811088779496E+01
   0.440199704480567E-02
   0.494364668731763E+01
   0.523591487116875E-02
   0.553020332487908E+01
   0.504453164454407E-02
   0.531914406977334E+01
   0.487356011445092E-02
   0.450005781340745E+01
   0.469780129018057E-02
   0.292147568336798E+01
   0.456382954222373E-02
   0.219563101962551E+01
   0.450078778379611E-02
   0.195968076009588E+01
   0.450349147675443E-02
   0.218490167319198E+01
   0.457831849966345E-02
   0.292348664623483E+01
   0.471346612787959E-02
   0.435224508426561E+01
   0.489203678330452E-02
   0.461130875363059E+01
   0.514244238844281E-02
   0.548357368598989E+01
   0.544066106346243E-02
   0.705126583680001E+01
   0.589059454215184E-02
   0.922026469413719E+01
   0.641071081739113E-02
   0.121164382944244E+02
   0.691353869476189E-02
   0.160692142892086E+02
   0.737810724564185E-02
   0.187752605016932E+02
   0.779536031242396E-02
   0.205749992523102E+02
   0.814973893865613E-02
   0.217177735495506E+02
   0.840298521459529E-02
   0.223995976202084E+02
   0.854793870569980E-02
   0.227894382940621E+02
   0.867195986614598E-02
   0.230307195781303E+02
   0.880377275042251E-02
   0.232208916907786E+02
   0.894665641819572E-02
   0.233602166552560E+02
   0.909299940711545E-02
   0.233639449618471E+02
   0.918019678487608E-02
   0.231564081499647E+02
   0.915509688535666E-02
   0.226916289541913E+02
   0.905720857871385E-02
   0.219345747699417E+02
   0.889982018717648E-02
   0.208283947312406E+02
   0.866307868763554E-02
   0.192590641912240E+02
   0.832376181991556E-02
   0.170594000149580E+02
   0.787631154606786E-02
   0.140581737918817E+02
   0.734729151903161E-02
   0.101193545953414E+02
   0.676029490130899E-02
   0.757192932724371E+01
   0.620636789603268E-02
   0.600161005342237E+01
   0.576871485354858E-02
   0.515156910608564E+01
   0.546494018435728E-02
   0.743175027185309E+01
   0.690359571704806E-02
   0.706054746033726E+01
   0.671520621582779E-02
   0.657520470518119E+01
   0.651237674262465E-02
   0.591608829680258E+01
   0.615942628945288E-02
   0.519519450278205E+01
   0.582765705645395E-02
   0.477118379745244E+01
   0.575148718354681E-02
   0.464312496668142E+01
   0.581194987513524E-02
   0.482447086869949E+01
   0.597340643118468E-02
   0.531848056349781E+01
   0.618604893751625E-02
   0.618958743086485E+01
   0.644431473624300E-02
   0.757347086145703E+01
   0.665367782486902E-02
   0.793272311439931E+01
   0.646132516987474E-02
   0.950365470841972E+01
   0.701960729718964E-02
   0.116469683267603E+02
   0.767692233427708E-02
   0.143702739953869E+02
   0.814683741639173E-02
   0.180819632896316E+02
   0.861688693515885E-02
   0.203980808439802E+02
   0.912193282446163E-02
   0.217783875755753E+02
   0.965086376558629E-02
   0.224803272676549E+02
   0.995528036963413E-02
   0.227060267913807E+02
   0.982540277248673E-02
   0.226725342617864E+02
   0.986225020859349E-02
   0.226244003597757E+02
   0.100060098648163E-01
   0.228264744089480E+02
   0.102164592574485E-01
   0.232481037713080E+02
   0.106156659243540E-01
   0.235368697199410E+02
   0.109111766530365E-01
   0.235467781228597E+02
   0.107724053223152E-01
   0.232719332483560E+02
   0.106267130352505E-01
   0.227653648196052E+02
   0.105151650610330E-01
   0.220641499701060E+02
   0.103175476019953E-01
   0.210287805138416E+02
   0.994358842057736E-02
   0.193322287707115E+02
   0.936984560862291E-02
   0.166701070637053E+02
   0.879388135389415E-02
   0.127417425252825E+02
   0.806592059741337E-02
   0.103004921234099E+02
   0.748310757024177E-02
   0.886320568710000E+01
   0.719756820197508E-02
   0.799209362001602E+01
   0.709724888325589E-02
   0.102204990456731E+02
   0.900883905162741E-02
   0.966600145995109E+01
   0.868303893686736E-02
   0.909895944410976E+01
   0.834399215948264E-02
   0.850725736115140E+01
   0.800445053956949E-02
   0.793496068772277E+01
   0.762260049645205E-02
   0.755791227883228E+01
   0.744678432088965E-02
   0.740996467952631E+01
   0.748425253318211E-02
   0.747316199905631E+01
   0.760182322979167E-02
   0.773482821618225E+01
   0.771000751608582E-02
   0.821391554729539E+01
   0.770744837970482E-02
   0.896491255756303E+01
   0.775271208367099E-02
   0.100848508043410E+02
   0.751386554624973E-02
   0.128829904047683E+02
   0.831308235360184E-02
   0.153285507444234E+02
   0.868910419486252E-02
   0.177265096904304E+02
   0.894749124735419E-02
   0.200896213523253E+02
   0.932550207118441E-02
   0.217592251782243E+02
   0.979679555196183E-02
   0.226605618432100E+02
   0.102542492335005E-01
   0.229149821587698E+02
   0.105138163596691E-01
   0.226654216762158E+02
   0.105654962857224E-01
   0.221168023429199E+02
   0.106874363552641E-01
   0.215943331369966E+02
   0.107655638864627E-01
   0.218414750345849E+02
   0.109518764611018E-01
   0.228305626870929E+02
   0.117773457401933E-01
   0.234433333650421E+02
   0.120340495643468E-01
   0.235837302148813E+02
   0.117722641499284E-01
   0.233372616569213E+02
   0.118943351893595E-01
   0.228959077934545E+02
   0.116165357865166E-01
   0.225440287821428E+02
   0.113765821457621E-01
   0.221357455544854E+02
   0.111053437000062E-01
   0.210020453927405E+02
   0.106740601467447E-01
   0.187589342698795E+02
   0.101612381894697E-01
   0.151123556111366E+02
   0.962992202269625E-02
   0.129250879789992E+02
   0.931465506464513E-02
   0.116599114503796E+02
   0.923780701738419E-02
   0.108422972225866E+02
   0.915925014625935E-02
   0.127400823988067E+02
   0.111796014392730E-01
   0.121433219068429E+02
   0.106854445332295E-01
   0.115621212674636E+02
   0.101626232174344E-01
   0.110184512442402E+02
   0.974985983586952E-02
   0.105301072311521E+02
   0.938430154171670E-02
   0.101701471295034E+02
   0.914476396742550E-02
   0.996726226801785E+01
   0.905736039575773E-02
   0.991455034203359E+01
   0.904385516558382E-02
   0.100049831214611E+02
   0.901320676243070E-02
   0.102667516095703E+02
   0.892196937404308E-02
   0.107746592101555E+02
   0.868945765733607E-02
   0.118297027349948E+02
   0.853231861524259E-02
   0.145182974541425E+02
   0.924642461062275E-02
   0.170937185704274E+02
   0.941391510140203E-02
   0.193437043351061E+02
   0.955133450431983E-02
   0.213362082614674E+02
   0.992500076969164E-02
   0.226763489322692E+02
   0.104764833611759E-01
   0.232001612414603E+02
   0.109848809903935E-01
   0.230682395217624E+02
   0.111677566419751E-01
   0.223578040782624E+02
   0.111162067594382E-01
   0.212277383229181E+02
   0.113657044358050E-01
   0.198703283873292E+02
   0.112126157850495E-01
   0.201736858205251E+02
   0.116368865720521E-01
   0.223009562330892E+02
   0.127333678845071E-01
   0.232048817386619E+02
   0.124915396631814E-01
   0.233835678288765E+02
   0.126156708646372E-01
   0.230101854293686E+02
   0.127953976885531E-01
   0.224110333581694E+02
   0.124557967393392E-01
   0.223784503725093E+02
   0.120221828211058E-01
   0.228268558748201E+02
   0.118851952132635E-01
   0.222943750032972E+02
   0.115202192926423E-01
   0.204619061451150E+02
   0.111946629948356E-01
   0.170967131605102E+02
   0.110641207778745E-01
   0.151744491635940E+02
   0.109841050084628E-01
   0.140885496297724E+02
   0.112951886863782E-01
   0.133593463858488E+02
   0.114346389336219E-01
   0.148812401924862E+02
   0.129883477540734E-01
   0.142841666359454E+02
   0.122904373678824E-01
   0.137269125480679E+02
   0.116509869247895E-01
   0.132364638271045E+02
   0.112060559017293E-01
   0.128137397587242E+02
   0.108834340465004E-01
   0.124790267627993E+02
   0.106337007096425E-01
   0.122453348638615E+02
   0.104511476231144E-01
   0.121140734199844E+02
   0.103153175024122E-01
   0.120910242227519E+02
   0.101807828927689E-01
   0.122137304852590E+02
   0.100800313595788E-01
   0.125494961747621E+02
   0.994816484087052E-02
   0.133092178259254E+02
   0.965177028380658E-02
   0.150729972488192E+02
   0.976819740248605E-02
   0.179575866546116E+02
   0.101229207814429E-01
   0.201222787835992E+02
   0.101808828472212E-01
   0.220683350211602E+02
   0.106366467564037E-01
   0.232669341553193E+02
   0.113201402194449E-01
   0.234460494251656E+02
   0.118665067485672E-01
   0.229913033658554E+02
   0.117887339963678E-01
   0.218565456336142E+02
   0.119060344119869E-01
   0.201808481239844E+02
   0.120380176129424E-01
   0.193421898843300E+02
   0.120385524836884E-01
   0.197330532642909E+02
   0.123067452905482E-01
   0.219701562493926E+02
   0.131129651647742E-01
   0.228874038430017E+02
   0.130390085694388E-01
   0.230173826379645E+02
   0.133847305112473E-01
   0.223878013819784E+02
   0.133892819739288E-01
   0.213016649292942E+02
   0.129353164286773E-01
   0.215467024750032E+02
   0.123799524426668E-01
   0.232997093157859E+02
   0.123307640344361E-01
   0.233435139853953E+02
   0.121538729751209E-01
   0.218758741006817E+02
   0.120461539652982E-01
   0.187611154222844E+02
   0.124775103693408E-01
   0.170881819468490E+02
   0.127973337235214E-01
   0.161604237872310E+02
   0.134310857972691E-01
   0.154923868366746E+02
   0.134555345884963E-01
   0.166502339471656E+02
   0.142379535830334E-01
   0.160813472084624E+02
   0.134339084815644E-01
   0.155743369739059E+02
   0.128064175635405E-01
   0.151450620544247E+02
   0.124141936464467E-01
   0.147806660660050E+02
   0.121511259280557E-01
   0.144772989389245E+02
   0.119230123157643E-01
   0.142358486444660E+02
   0.116966954453744E-01
   0.140607326893780E+02
   0.114857331836035E-01
   0.139673210157742E+02
   0.113186556008762E-01
   0.139956645752927E+02
   0.112681087714662E-01
   0.141946701361601E+02
   0.112398030297052E-01
   0.146943820489450E+02
   0.108958138063711E-01
   0.158754471848491E+02
   0.104004838762148E-01
   0.183354735700930E+02
   0.104946527992589E-01
   0.203086210226465E+02
   0.108094129642222E-01
   0.224271989456287E+02
   0.112115248404165E-01
   0.236219473970092E+02
   0.123302777287650E-01
   0.233982078001120E+02
   0.129697439111240E-01
   0.227009701892621E+02
   0.127257906744140E-01
   0.211652163768495E+02
   0.128208147016199E-01
   0.200713877812952E+02
   0.131506551612820E-01
   0.195593601852613E+02
   0.133076501532081E-01
   0.198700373158472E+02
   0.130872455338572E-01
   0.216566492399660E+02
   0.134501584806808E-01
   0.224263783352350E+02
   0.136237906043675E-01
   0.225067728021727E+02
   0.137512704953510E-01
   0.215615881901926E+02
   0.138050967418607E-01
   0.210366195236902E+02
   0.134175770472837E-01
   0.215439735067684E+02
   0.128967371417339E-01
   0.237755561095168E+02
   0.123693915967219E-01
   0.242051912771389E+02
   0.125113951943739E-01
   0.230411122596615E+02
   0.127798513319668E-01
   0.201594984955682E+02
   0.138615761360035E-01
   0.187103569024238E+02
   0.147881129629940E-01
   0.178808622940287E+02
   0.152885168909082E-01
   0.172466364123417E+02
   0.149500029650526E-01
   0.180996299197466E+02
   0.151359787251320E-01
   0.175848099412606E+02
   0.144754472196840E-01
   0.171412846740338E+02
   0.140253272586519E-01
   0.167718868641831E+02
   0.137693360239738E-01
   0.164567348567986E+02
   0.135421867164677E-01
   0.161851627760923E+02
   0.133093071388643E-01
   0.159504268868123E+02
   0.130399571814795E-01
   0.157555418327293E+02
   0.127680985747067E-01
   0.156178236215498E+02
   0.125518846377978E-01
   0.155740580973228E+02
   0.124993687946843E-01
   0.156602412701307E+02
   0.125071839543849E-01
   0.159512845591348E+02
   0.120868086129664E-01
   0.166937193746234E+02
   0.113581385883169E-01
   0.182571543948824E+02
   0.109403743126935E-01
   0.199363394966454E+02
   0.115867332395422E-01
   0.225077629419461E+02
   0.118976596800395E-01
   0.238352653636460E+02
   0.133931622611816E-01
   0.230240455406101E+02
   0.144175555222500E-01
   0.222168923713540E+02
   0.140243852785599E-01
   0.212229760110422E+02
   0.138798355397962E-01
   0.204733658390092E+02
   0.147340741861404E-01
   0.201097537860178E+02
   0.147724236138983E-01
   0.202719426280896E+02
   0.141292384908738E-01
   0.211766126832215E+02
   0.137618993484708E-01
   0.217499440534484E+02
   0.139006915773714E-01
   0.218776276076666E+02
   0.142822878274972E-01
   0.214850227551352E+02
   0.144842899205515E-01
   0.212964057621714E+02
   0.144636454834294E-01
   0.218821116096225E+02
   0.136754346573331E-01
   0.241877214230291E+02
   0.122999430493684E-01
   0.248832107547432E+02
   0.128479584441958E-01
   0.239782713373864E+02
   0.135125378946665E-01
   0.213428282345051E+02
   0.154676667865189E-01
   0.200470038536204E+02
   0.164280555738262E-01
   0.192575324365517E+02
   0.162589726350298E-01
   0.186573080526288E+02
   0.158187817093997E-01
   0.192882494183260E+02
   0.162665646090916E-01
   0.188381106804959E+02
   0.158921234635884E-01
   0.184527091288889E+02
   0.156001792312083E-01
   0.181327980538824E+02
   0.154248747300702E-01
   0.178609471640787E+02
   0.152534361436866E-01
   0.176230732799743E+02
   0.150790553191069E-01
   0.174062667861228E+02
   0.148714653968810E-01
   0.172075606915278E+02
   0.146508161868857E-01
   0.170395440891292E+02
   0.144432898640375E-01
   0.169286117803912E+02
   0.142299160811034E-01
   0.169106396105320E+02
   0.139421773625437E-01
   0.170502906459931E+02
   0.132783406918406E-01
   0.175194255262142E+02
   0.125207354935975E-01
   0.186361727712899E+02
   0.119475420261763E-01
   0.199619257476459E+02
   0.119408412954089E-01
   0.223931483620010E+02
   0.119959265025762E-01
   0.240304970157552E+02
   0.140317139322044E-01
   0.232148100144883E+02
   0.158666937209896E-01
   0.223814939568831E+02
   0.153294531907392E-01
   0.217158154496827E+02
   0.148579394009199E-01
   0.210571315051179E+02
   0.158841330847691E-01
   0.207455000612353E+02
   0.157943880729223E-01
   0.208179506889225E+02
   0.151437291664629E-01
   0.213201495342605E+02
   0.148865377995495E-01
   0.217988930659390E+02
   0.148279073363078E-01
   0.219676176735689E+02
   0.152851971324260E-01
   0.218274306362230E+02
   0.155026608946973E-01
   0.217806423073637E+02
   0.154907898227416E-01
   0.223054868755691E+02
   0.144024225753881E-01
   0.244532235850177E+02
   0.125042290478396E-01
   0.253747679713703E+02
   0.133909154496909E-01
   0.246984740549266E+02
   0.143483739091432E-01
   0.222992563746775E+02
   0.169973998211934E-01
   0.210964935438498E+02
   0.173464807748004E-01
   0.203384637069404E+02
   0.168334776735303E-01
   0.197870227771142E+02
   0.166422497444666E-01
   0.202605748837689E+02
   0.174909701596045E-01
   0.198688054459382E+02
   0.172496025723721E-01
   0.195316659467177E+02
   0.170329007653800E-01
   0.192523409439417E+02
   0.168902953528332E-01
   0.190182952145691E+02
   0.167866740178174E-01
   0.188121775664116E+02
   0.166942417515924E-01
   0.186149124290556E+02
   0.165698402705843E-01
   0.184144165470308E+02
   0.163889796931816E-01
   0.182184631938439E+02
   0.161790300040808E-01
   0.180496398197731E+02
   0.158784435358368E-01
   0.179472935516704E+02
   0.154560136704531E-01
   0.179773828191725E+02
   0.147636763790397E-01
   0.182837609652281E+02
   0.136244118959739E-01
   0.192273255891924E+02
   0.130683945045514E-01
   0.201752311217201E+02
   0.129602476580886E-01
   0.220043421384636E+02
   0.124359432706601E-01
   0.242168625985175E+02
   0.144598339939725E-01
   0.236923320400692E+02
   0.168338303094515E-01
   0.228102089412980E+02
   0.170475258489646E-01
   0.224521668161532E+02
   0.156520528552101E-01
   0.216441960677454E+02
   0.169969946887316E-01
   0.213501714515215E+02
   0.167890597238889E-01
   0.213621878347881E+02
   0.164148239420823E-01
   0.216821649178979E+02
   0.160868812275985E-01
   0.221656447114383E+02
   0.160593396148043E-01
   0.223599703875667E+02
   0.165845039102781E-01
   0.223411528795392E+02
   0.166852844675114E-01
   0.223208261227702E+02
   0.164883963582666E-01
   0.226960860763462E+02
   0.152840645851572E-01
   0.244959640373903E+02
   0.133724154191571E-01
   0.256841652131947E+02
   0.142347506821848E-01
   0.252140376624120E+02
   0.153185696823712E-01
   0.230524731999888E+02
   0.184059645621458E-01
   0.219260517460147E+02
   0.184756566996749E-01
   0.212035420259265E+02
   0.177925031078722E-01
   0.206985711100369E+02
   0.176974266902752E-01
   0.210558290175227E+02
   0.186978143325580E-01
   0.207078793583361E+02
   0.184870595934086E-01
   0.204079134089470E+02
   0.183077455168436E-01
   0.201607619401102E+02
   0.181971325347922E-01
   0.199581580599902E+02
   0.181794538564215E-01
   0.197791033962009E+02
   0.181751515094937E-01
   0.195991044165301E+02
   0.181349299108708E-01
   0.193964932566590E+02
   0.179780544009442E-01
   0.191742240478128E+02
   0.177153955101953E-01
   0.189560100355834E+02
   0.172884421978792E-01
   0.187876307828908E+02
   0.167123304267128E-01
   0.187398148831563E+02
   0.159235662282684E-01
   0.189587574076776E+02
   0.148343647122210E-01
   0.199489456830164E+02
   0.141756650079921E-01
   0.205060459467146E+02
   0.148152875349351E-01
   0.219688428973584E+02
   0.134098839645260E-01
   0.244196573822452E+02
   0.146877674141497E-01
   0.244403694234598E+02
   0.169560511058628E-01
   0.232829940261151E+02
   0.185539658110103E-01
   0.226949858073374E+02
   0.173517515360586E-01
   0.221458603319617E+02
   0.181586803664884E-01
   0.219106412927462E+02
   0.180061674187549E-01
   0.218968769155570E+02
   0.175861861883059E-01
   0.221407473606086E+02
   0.170207470914255E-01
   0.227351112809797E+02
   0.166935867556228E-01
   0.229160656238109E+02
   0.178079728037855E-01
   0.229557012946703E+02
   0.177453767036712E-01
   0.229061002706856E+02
   0.175650645103363E-01
   0.230927666897575E+02
   0.164952129770997E-01
   0.242457890447863E+02
   0.153637559899869E-01
   0.258423039583635E+02
   0.154258899249032E-01
   0.255494059189009E+02
   0.165118916684939E-01
   0.236261978000907E+02
   0.198108657294746E-01
   0.225818401475581E+02
   0.196257892214949E-01
   0.219067418500884E+02
   0.189207570812221E-01
   0.214456265133196E+02
   0.188587061587661E-01
   0.216847268346653E+02
   0.197534328713075E-01
   0.213679142199758E+02
   0.195396201405716E-01
   0.210953883551783E+02
   0.193860098544769E-01
   0.208721069551606E+02
   0.193242347743481E-01
   0.206916722235080E+02
   0.193819354944679E-01
   0.205313956798987E+02
   0.194551233247898E-01
   0.203626916973166E+02
   0.194833469378028E-01
   0.201557749816842E+02
   0.193312894320773E-01
   0.199102463625749E+02
   0.189806233188002E-01
   0.196559541435364E+02
   0.184154771415117E-01
   0.194458526717640E+02
   0.176880611242601E-01
   0.193559067661653E+02
   0.168817226728279E-01
   0.195121593417530E+02
   0.161976943174674E-01
   0.201773250247173E+02
   0.157913432814963E-01
   0.208275052311657E+02
   0.165298607266857E-01
   0.221122287950975E+02
   0.150021389484410E-01
   0.245825896265673E+02
   0.153837327619129E-01
   0.248735705385856E+02
   0.169312585788685E-01
   0.237159471386375E+02
   0.191461676499524E-01
   0.230243694403345E+02
   0.186966875337790E-01
   0.225843784053415E+02
   0.188679894321484E-01
   0.224129585546055E+02
   0.191037308904301E-01
   0.224024562535204E+02
   0.186946167463523E-01
   0.226227858577359E+02
   0.179610673677821E-01
   0.234903853629746E+02
   0.166719609767067E-01
   0.235541147503998E+02
   0.181006320761122E-01
   0.236498648413419E+02
   0.182407094531396E-01
   0.235324832329913E+02
   0.187401106661222E-01
   0.235293480138008E+02
   0.179807251605952E-01
   0.242710530842124E+02
   0.169667995575438E-01
   0.258958858997289E+02
   0.164138669074719E-01
   0.257186482195505E+02
   0.177357586267943E-01
   0.240289933936633E+02
   0.210786162145752E-01
   0.230805803777559E+02
   0.206514141664674E-01
   0.224615812648937E+02
   0.199806584016380E-01
   0.220387369362509E+02
   0.199100016759271E-01
   0.221555535723210E+02
   0.206991913156751E-01
   0.218603873766988E+02
   0.204823029592207E-01
   0.216061829729458E+02
   0.203386866622281E-01
   0.213966178303283E+02
   0.202952129238670E-01
   0.212260723508196E+02
   0.203489803004690E-01
   0.210735358730089E+02
   0.204347139609874E-01
   0.209087416147743E+02
   0.204782300603416E-01
   0.206964017477328E+02
   0.203014394221777E-01
   0.204345785999180E+02
   0.198714311437835E-01
   0.201621095381799E+02
   0.192392690567283E-01
   0.199382439360455E+02
   0.185111601478117E-01
   0.198385494355490E+02
   0.179271735564920E-01
   0.199566644360784E+02
   0.175814646679554E-01
   0.204366226073784E+02
   0.168636936007721E-01
   0.211043894494348E+02
   0.173954036797947E-01
   0.223174471709695E+02
   0.169441536424718E-01
   0.246853026714148E+02
   0.168725007312969E-01
   0.251120716518105E+02
   0.172766342102507E-01
   0.241249516247250E+02
   0.188817920517474E-01
   0.233514229567419E+02
   0.199493133066791E-01
   0.229671057268416E+02
   0.198816803630242E-01
   0.228452755708101E+02
   0.201663715290370E-01
   0.228518171231957E+02
   0.198233258782708E-01
   0.230552738995198E+02
   0.191268632509744E-01
   0.238885407831811E+02
   0.173901279287106E-01
   0.242553558763159E+02
   0.182881341389539E-01
   0.244508305329391E+02
   0.180949740346465E-01
   0.241860086440668E+02
   0.194812957857101E-01
   0.239759039437147E+02
   0.195851804117743E-01
   0.244199192183901E+02
   0.184525138106540E-01
   0.258537456472795E+02
   0.171191392173371E-01
   0.257262588590296E+02
   0.187195951968929E-01
   0.242657155483091E+02
   0.216431376849255E-01
   0.234327968707490E+02
   0.213913000195847E-01
   0.228763045489845E+02
   0.209678105907076E-01
   0.224842364351743E+02
   0.208658981013365E-01
   0.224741002807445E+02
   0.215230285118916E-01
   0.221930849231143E+02
   0.213140611178749E-01
   0.219489165251333E+02
   0.211655925935187E-01
   0.217431583390417E+02
   0.210681073299169E-01
   0.215715832929754E+02
   0.210188112021166E-01
   0.214171162120007E+02
   0.210382521270102E-01
   0.212506606078689E+02
   0.210717820641243E-01
   0.210338827029829E+02
   0.209038550843390E-01
   0.207650754791538E+02
   0.204660558873386E-01
   0.204925359339046E+02
   0.199148431240899E-01
   0.202779820936569E+02
   0.193824058097769E-01
   0.201880432964926E+02
   0.190195032941262E-01
   0.202825811753230E+02
   0.186180251362284E-01
   0.206621164229912E+02
   0.179027361176676E-01
   0.213260684204873E+02
   0.183205204011458E-01
   0.224995597875954E+02
   0.188758881472180E-01
   0.247061350685566E+02
   0.178895849177804E-01
   0.251987731959071E+02
   0.173674182450453E-01
   0.245924099289619E+02
   0.180688569854995E-01
   0.236136471773151E+02
   0.205158585025779E-01
   0.232766850816565E+02
   0.209555686886233E-01
   0.231935033690381E+02
   0.211066570102202E-01
   0.232232596059434E+02
   0.208397160619164E-01
   0.234098036759329E+02
   0.205655050962029E-01
   0.239492559502187E+02
   0.188555437147065E-01
   0.245402629908128E+02
   0.188768410129763E-01
   0.248811719802496E+02
   0.185264678255057E-01
   0.248773807672141E+02
   0.193992665222558E-01
   0.243934201627580E+02
   0.211959726523774E-01
   0.245943534061651E+02
   0.200934948492889E-01
   0.257184310490291E+02
   0.180342023309242E-01
   0.255503432887517E+02
   0.198403844610988E-01
   0.243642318641051E+02
   0.221652545507435E-01
   0.236549227258414E+02
   0.221326944146651E-01
   0.231562972384322E+02
   0.218834218148051E-01
   0.227863362926794E+02
   0.217130547055887E-01
   0.226451383369366E+02
   0.221030936704411E-01
   0.223725036705857E+02
   0.219230024013769E-01
   0.221325825213396E+02
   0.217735279560132E-01
   0.219256439152787E+02
   0.216033981855327E-01
   0.217479801032201E+02
   0.214442085446441E-01
   0.215872096075062E+02
   0.214272714345441E-01
   0.214146200186320E+02
   0.214740983209587E-01
   0.211922176716772E+02
   0.213086156390159E-01
   0.209231795572670E+02
   0.208808928903597E-01
   0.206613771070729E+02
   0.204283841492725E-01
   0.204672841725964E+02
   0.200831639149065E-01
   0.203961871048820E+02
   0.198055964645112E-01
   0.204833540585137E+02
   0.192225261679391E-01
   0.208140377691732E+02
   0.185606800433723E-01
   0.214736937410139E+02
   0.191479366917134E-01
   0.226003171623723E+02
   0.200893943244567E-01
   0.246184550903739E+02
   0.179804095775700E-01
   0.251489461256474E+02
   0.173311914435795E-01
   0.247647446173431E+02
   0.177049493338119E-01
   0.237744420416985E+02
   0.207232111260723E-01
   0.234929121592460E+02
   0.216510292784242E-01
   0.234474559303791E+02
   0.218407433304748E-01
   0.235057520789936E+02
   0.216714039561327E-01
   0.236706686412939E+02
   0.215328650140522E-01
   0.240296489558635E+02
   0.197666008772791E-01
   0.244875937998399E+02
   0.196046779768759E-01
   0.250079610524672E+02
   0.191497683666947E-01
   0.252292921610248E+02
   0.195298102086300E-01
   0.247343849789682E+02
   0.224126480660917E-01
   0.247338935783434E+02
   0.218265503304770E-01
   0.254759322514127E+02
   0.193399697244556E-01
   0.251508744674867E+02
   0.214496497937032E-01
   0.243502005108866E+02
   0.226804967046564E-01
   0.237553455908502E+02
   0.227531618821410E-01
   0.233018076676285E+02
   0.225358017280702E-01
   0.229476537859098E+02
   0.223021836323848E-01
   0.226793972536888E+02
   0.220385799649925E-01
   0.224105528964666E+02
   0.218625937942419E-01
   0.221709150537980E+02
   0.216961544113047E-01
   0.219609261135417E+02
   0.215111614524387E-01
   0.217759756989394E+02
   0.213617473380786E-01
   0.216039947576760E+02
   0.213273927662842E-01
   0.214192024084006E+02
   0.213241937966293E-01
   0.211902180260859E+02
   0.211352559458165E-01
   0.209262127084155E+02
   0.207634157697246E-01
   0.206804934852348E+02
   0.204051133506641E-01
   0.205085847789012E+02
   0.201366278948266E-01
   0.204613887374322E+02
   0.199060829964549E-01
   0.205626088788156E+02
   0.193487122555034E-01
   0.208731313675225E+02
   0.187110819901061E-01
   0.215285107176441E+02
   0.195121978610288E-01
   0.225877013708578E+02
   0.203591693412927E-01
   0.244285806990818E+02
   0.176013444931239E-01
   0.249840083364678E+02
   0.172118324935177E-01
   0.247479667533077E+02
   0.175582328080977E-01
   0.238311163528123E+02
   0.207187771839234E-01
   0.236104397647877E+02
   0.221104206972196E-01
   0.236049538216010E+02
   0.225401764323187E-01
   0.236912309527242E+02
   0.223335055698726E-01
   0.238364878962043E+02
   0.220139337299708E-01
   0.240909901940350E+02
   0.206331844249432E-01
   0.244493217549218E+02
   0.202403840136646E-01
   0.248649316643774E+02
   0.203027058087615E-01
   0.253417953034970E+02
   0.199447686240353E-01
   0.249927219540357E+02
   0.226279560285243E-01
   0.247895206441644E+02
   0.229091798293999E-01
   0.250746511147242E+02
   0.209924265429261E-01
   0.248364335784015E+02
   0.222666421351840E-01
   0.242484920966097E+02
   0.228389965818615E-01
   0.237396415427889E+02
   0.228726869514802E-01
   0.233192826827053E+02
   0.225246819348776E-01
   0.229767109247387E+02
   0.222389453517187E-01
   0.226057305593200E+02
   0.210124996013351E-01
   0.223359204175452E+02
   0.207396947802362E-01
   0.220897547925197E+02
   0.204595863408615E-01
   0.218688987129368E+02
   0.201968432852194E-01
   0.216710175800249E+02
   0.200335795188750E-01
   0.214850231674854E+02
   0.199987209932684E-01
   0.212884918962468E+02
   0.200137076217225E-01
   0.210571320046040E+02
   0.199082062928173E-01
   0.208045476881597E+02
   0.197182307309107E-01
   0.205808042931526E+02
   0.195801066507916E-01
   0.204337530199842E+02
   0.194769780823864E-01
   0.204088386309238E+02
   0.193792659686434E-01
   0.205332845918237E+02
   0.191090012946721E-01
   0.208347804355286E+02
   0.184959562499598E-01
   0.214854047550953E+02
   0.195796679298392E-01
   0.224548460742954E+02
   0.201039050982977E-01
   0.241459707037666E+02
   0.173863122134995E-01
   0.247138864656902E+02
   0.172011852354907E-01
   0.245861767579154E+02
   0.174283584449660E-01
   0.237894213795618E+02
   0.212479813480562E-01
   0.236157151959371E+02
   0.223903891769729E-01
   0.236432272818722E+02
   0.228795754997217E-01
   0.237695229145180E+02
   0.228181007210281E-01
   0.239038049962415E+02
   0.223115493181819E-01
   0.241029704088970E+02
   0.213615040126762E-01
   0.244041377574630E+02
   0.213593828191142E-01
   0.247375069880788E+02
   0.213153089957468E-01
   0.252502590821050E+02
   0.206216773859967E-01
   0.252117325569923E+02
   0.216424902929786E-01
   0.247395635259041E+02
   0.230015877908106E-01
   0.247649894062023E+02
   0.217170761746394E-01
   0.245390871921111E+02
   0.222724337052396E-01
   0.240688859594012E+02
   0.223555329435085E-01
   0.236232621970217E+02
   0.221197090699968E-01
   0.232332809612399E+02
   0.216564009522061E-01
   0.229006550312200E+02
   0.212955846749002E-01
   0.224491556276594E+02
   0.196433328070516E-01
   0.221763626670879E+02
   0.193134488075413E-01
   0.219244269602593E+02
   0.190082067273551E-01
   0.216958491398759E+02
   0.187681266084582E-01
   0.214873858943546E+02
   0.186113897597374E-01
   0.212873946676592E+02
   0.185213125604148E-01
   0.210778316833132E+02
   0.184580663196054E-01
   0.208441439981868E+02
   0.183551906675768E-01
   0.206046439599002E+02
   0.182838500059064E-01
   0.204016363361829E+02
   0.182945948128131E-01
   0.202756404161161E+02
   0.183687146145068E-01
   0.202689306979218E+02
   0.185313847992071E-01
   0.204105176452013E+02
   0.186745287651685E-01
   0.207046122972406E+02
   0.182157498671949E-01
   0.213424012647984E+02
   0.196691828445067E-01
   0.222065180032772E+02
   0.197516321916321E-01
   0.237568751552780E+02
   0.173747783411414E-01
   0.243246408958204E+02
   0.173078566929910E-01
   0.242863554495465E+02
   0.173419435921600E-01
   0.236269218122081E+02
   0.214669412432361E-01
   0.234888007650320E+02
   0.220885555818848E-01
   0.235391797490156E+02
   0.223808290716411E-01
   0.237248887341805E+02
   0.227169651880091E-01
   0.238631266403585E+02
   0.224354057168111E-01
   0.240356582142806E+02
   0.218364121327627E-01
   0.242982390413073E+02
   0.221373127327527E-01
   0.245651992553532E+02
   0.221018290529484E-01
   0.249091985861155E+02
   0.218802637980676E-01
   0.251216629060155E+02
   0.212750776349065E-01
   0.245718613813895E+02
   0.225519166332867E-01
   0.244634637539058E+02
   0.218703742705092E-01
   0.242267403291903E+02
   0.217902707585273E-01
   0.238228763720014E+02
   0.213213651450879E-01
   0.234288843476684E+02
   0.208971767315030E-01
   0.230667689835514E+02
   0.203999354872585E-01
   0.227433581693248E+02
   0.199942786541780E-01
   0.222558717546663E+02
   0.188961691519579E-01
   0.219829944173389E+02
   0.185466608306761E-01
   0.217287947773889E+02
   0.182371869243423E-01
   0.214957451201141E+02
   0.180123564569385E-01
   0.212790114427812E+02
   0.178521738957691E-01
   0.210663105413900E+02
   0.177317949639826E-01
   0.208433348098359E+02
   0.176208831913144E-01
   0.206033091618577E+02
   0.174843313813228E-01
   0.203674797773800E+02
   0.173914410394452E-01
   0.201727747903659E+02
   0.173859508075477E-01
   0.200547722904519E+02
   0.174941953197414E-01
   0.200534763950524E+02
   0.177833292175213E-01
   0.202028714125753E+02
   0.183062613095372E-01
   0.205097203474802E+02
   0.187356211641186E-01
   0.210916708872514E+02
   0.198356024324898E-01
   0.218439253341367E+02
   0.191078874621225E-01
   0.232429461395785E+02
   0.173619448574897E-01
   0.237983938984713E+02
   0.173935607604491E-01
   0.238479647045506E+02
   0.174950328079577E-01
   0.233400689735360E+02
   0.219100532104774E-01
   0.232326345273458E+02
   0.218494184251998E-01
   0.232971193965518E+02
   0.214148868699699E-01
   0.235617651084854E+02
   0.221267187706720E-01
   0.237086864222353E+02
   0.224463384645843E-01
   0.238684723733853E+02
   0.219942633986295E-01
   0.241017354525368E+02
   0.225169367050967E-01
   0.243196052641453E+02
   0.228209459569236E-01
   0.245606555161511E+02
   0.231495321180340E-01
   0.247853005420007E+02
   0.214738196777976E-01
   0.242893632362742E+02
   0.222542785209309E-01
   0.241331236969808E+02
   0.218357298386504E-01
   0.238896438894688E+02
   0.212819673232236E-01
   0.235355730006202E+02
   0.205859279396506E-01
   0.231902517343659E+02
   0.201406543181219E-01
   0.228579750573419E+02
   0.196810164768935E-01
   0.225466598662327E+02
   0.192687910227573E-01
   0.220526404439359E+02
   0.193809159346478E-01
   0.217861806855227E+02
   0.189705815842027E-01
   0.215356633713374E+02
   0.186099200780314E-01
   0.213019851173504E+02
   0.183294715830240E-01
   0.210799823253901E+02
   0.181235842736827E-01
   0.208572374867027E+02
   0.179702344319405E-01
   0.206223071163458E+02
   0.178544854930686E-01
   0.203734840698986E+02
   0.177376338458927E-01
   0.201329354775379E+02
   0.176696528215214E-01
   0.199340718374641E+02
   0.176897404151659E-01
   0.198081466713114E+02
   0.178098523750663E-01
   0.197922285768536E+02
   0.180972100565429E-01
   0.199239583773744E+02
   0.186774570460488E-01
   0.202162557761192E+02
   0.194189510540889E-01
   0.207304795740371E+02
   0.201592534017694E-01
   0.213787006567157E+02
   0.187906149735098E-01
   0.225893122924071E+02
   0.173018308827330E-01
   0.231191117769753E+02
   0.172679294531366E-01
   0.232608731655179E+02
   0.180365136316957E-01
   0.229061728048969E+02
   0.221285228533413E-01
   0.228453853361912E+02
   0.217451639657395E-01
   0.229421874753418E+02
   0.208884148929554E-01
   0.232972473320311E+02
   0.210838802153238E-01
   0.234513850170311E+02
   0.228059423124371E-01
   0.236160876187807E+02
   0.227534200376400E-01
   0.238147580930503E+02
   0.231795844091471E-01
   0.239786655655779E+02
   0.233854131119059E-01
   0.241222010583942E+02
   0.234973829056554E-01
   0.241983747192210E+02
   0.226581459971119E-01
   0.239142626634843E+02
   0.229630079431283E-01
   0.237585026136638E+02
   0.226221520291258E-01
   0.235276305891131E+02
   0.219247190087090E-01
   0.232249476806343E+02
   0.212331013474808E-01
   0.229291106554180E+02
   0.207874646453909E-01
   0.226291146589007E+02
   0.203070855842233E-01
   0.223344014219349E+02
   0.198236358669435E-01
   0.218365475318227E+02
   0.211201721488480E-01
   0.215862149918021E+02
   0.206595504063354E-01
   0.213476166830791E+02
   0.202105006818007E-01
   0.211199968553103E+02
   0.198130809368722E-01
   0.208984363401251E+02
   0.195042535862064E-01
   0.206701681773849E+02
   0.192726886755461E-01
   0.204252045798091E+02
   0.191112091478504E-01
   0.201651496983087E+02
   0.189581189615720E-01
   0.199122045181208E+02
   0.188293723758121E-01
   0.196971264622272E+02
   0.187588238101653E-01
   0.195470191282246E+02
   0.187124575637835E-01
   0.194943848528538E+02
   0.187206800684303E-01
   0.195750844969717E+02
   0.188990617149163E-01
   0.198026740243084E+02
   0.192614904169687E-01
   0.202550881288583E+02
   0.203785191938864E-01
   0.208315715897451E+02
   0.197409408060182E-01
   0.217810607760093E+02
   0.170691069254373E-01
   0.222775530631478E+02
   0.175601432980908E-01
   0.224989204191217E+02
   0.190550390445049E-01
   0.223158804881849E+02
   0.221246150877294E-01
   0.223195938280096E+02
   0.213778152908396E-01
   0.224678565408509E+02
   0.202556573261557E-01
   0.229722975960644E+02
   0.197322626557747E-01
   0.230624709176424E+02
   0.227560128374102E-01
   0.232375503269512E+02
   0.232960075461805E-01
   0.234009954994971E+02
   0.234786424478207E-01
   0.235147823464624E+02
   0.234932219293651E-01
   0.235779998411187E+02
   0.232359300142552E-01
   0.235870109390848E+02
   0.230423381803420E-01
   0.234234876527130E+02
   0.235823171494969E-01
   0.232996404870502E+02
   0.236732432522666E-01
   0.231064490026928E+02
   0.232636274242147E-01
   0.228660122100499E+02
   0.228566290961728E-01
   0.226246571676299E+02
   0.225153765128660E-01
   0.223648279560218E+02
   0.220807737268562E-01
   0.220985142817042E+02
   0.216012139597395E-01
   0.215149826131856E+02
   0.229397126043704E-01
   0.212925647266030E+02
   0.226334875015883E-01
   0.210778400394279E+02
   0.222292612946938E-01
   0.208675483368896E+02
   0.217507469832198E-01
   0.206559008001772E+02
   0.212970521938643E-01
   0.204288078276339E+02
   0.208753090346198E-01
   0.201763453978645E+02
   0.204866465406173E-01
   0.199040335637369E+02
   0.201146835985959E-01
   0.196351819642591E+02
   0.197799985547320E-01
   0.193993272926182E+02
   0.195160331926619E-01
   0.192214377725857E+02
   0.192737323325284E-01
   0.191282887913197E+02
   0.190367501323652E-01
   0.191441579073006E+02
   0.187989407378296E-01
   0.192814325410768E+02
   0.185689437864453E-01
   0.196425384642671E+02
   0.192218476205649E-01
   0.201766596142885E+02
   0.204540899153907E-01
   0.208055630401377E+02
   0.177411636750009E-01
   0.212476413739953E+02
   0.182310970366257E-01
   0.215118894533148E+02
   0.197083769868767E-01
   0.215668557012861E+02
   0.216320913550895E-01
   0.216588566393455E+02
   0.208493475920038E-01
   0.218848070488229E+02
   0.190176643272048E-01
   0.224226082373014E+02
   0.197659673433851E-01
   0.225346461852453E+02
   0.224567372043734E-01
   0.227153088127310E+02
   0.234050009551824E-01
   0.228471954122468E+02
   0.232425372136570E-01
   0.229239090761046E+02
   0.231593878075589E-01
   0.229294634295024E+02
   0.228127139753183E-01
   0.228940146456155E+02
   0.227089094800950E-01
   0.227896990204839E+02
   0.232747147748630E-01
   0.226993424353468E+02
   0.237000437249536E-01
   0.225535567822615E+02
   0.237245246180304E-01
   0.223741647706548E+02
   0.237398135151426E-01
   0.221887507189762E+02
   0.237323992225386E-01
   0.219745566533400E+02
   0.235136637611021E-01
   0.217461113692614E+02
   0.232418555488962E-01
   0.209880003281861E+02
   0.229652711403399E-01
   0.207976583970238E+02
   0.229103112423174E-01
   0.206163487785070E+02
   0.227883507120399E-01
   0.204377715684141E+02
   0.225075282011763E-01
   0.202520335693467E+02
   0.221259205855330E-01
   0.200411968991458E+02
   0.216310717023267E-01
   0.197924869031595E+02
   0.210188049054825E-01
   0.195147230159266E+02
   0.204121223867653E-01
   0.192332764359852E+02
   0.199002010648131E-01
   0.189778032754633E+02
   0.195068815177869E-01
   0.187738777271845E+02
   0.191917188899312E-01
   0.186452658235957E+02
   0.189320022006830E-01
   0.186095224698684E+02
   0.186426800032594E-01
   0.186810588068822E+02
   0.182110540440840E-01
   0.189358473039331E+02
   0.178542710530706E-01
   0.193857359246027E+02
   0.186168828102421E-01
   0.198976586268569E+02
   0.185434707589963E-01
   0.202650447079136E+02
   0.186898874438326E-01
   0.204943570981348E+02
   0.188628794006505E-01
   0.206616421380473E+02
   0.203512615864273E-01
   0.208579176550111E+02
   0.203555859028912E-01
   0.212218744682001E+02
   0.172564603945173E-01
   0.216366288858091E+02
   0.204839011011218E-01
   0.218649349704414E+02
   0.223033367955407E-01
   0.220435151581503E+02
   0.227065785877974E-01
   0.221552094605344E+02
   0.225716973498484E-01
   0.222028141673080E+02
   0.224528404130378E-01
   0.221717405117614E+02
   0.220696903030254E-01
   0.220994292796261E+02
   0.217974713538070E-01
   0.220085560543484E+02
   0.220611066761486E-01
   0.219353854041650E+02
   0.224941756942632E-01
   0.218266704004004E+02
   0.227231440946081E-01
   0.216956685764250E+02
   0.229785400680394E-01
   0.215538751826446E+02
   0.232067930700011E-01
   0.213790794735913E+02
   0.231667549131279E-01
   0.211868688443800E+02
   0.230725296141374E-01
   0.202402674384890E+02
   0.215657060700399E-01
   0.200732128569342E+02
   0.215749742287476E-01
   0.199190861457265E+02
   0.216485084587990E-01
   0.197734127156302E+02
   0.217019012897188E-01
   0.196219890570174E+02
   0.216389759692822E-01
   0.194423124895779E+02
   0.213776789795565E-01
   0.192166597857568E+02
   0.208558434615383E-01
   0.189504243906612E+02
   0.202087019485633E-01
   0.186680237101077E+02
   0.195936881274936E-01
   0.183999384485353E+02
   0.190883477194995E-01
   0.181750671794546E+02
   0.187060458378217E-01
   0.180172709540856E+02
   0.184253139840914E-01
   0.179446204206947E+02
   0.181814498816946E-01
   0.179774058212855E+02
   0.179136187039961E-01
   0.181756624617033E+02
   0.177746200630492E-01
   0.185565441652940E+02
   0.183558978327661E-01
   0.189598705272857E+02
   0.183477642280058E-01
   0.192354901700776E+02
   0.182325823143064E-01
   0.194091503571770E+02
   0.182233390947490E-01
   0.196130560348104E+02
   0.189893866852233E-01
   0.198962167442094E+02
   0.194132925250172E-01
   0.203402960808562E+02
   0.166253140307076E-01
   0.207648344188623E+02
   0.199599610456900E-01
   0.210494368351976E+02
   0.210888887529915E-01
   0.212238528013744E+02
   0.213984344033940E-01
   0.213231605325128E+02
   0.215272464368534E-01
   0.213500620649131E+02
   0.214729261783344E-01
   0.212969128016990E+02
   0.211209670307703E-01
   0.212022182057322E+02
   0.207671460734146E-01
   0.211106122131820E+02
   0.208174172573452E-01
   0.210386218553843E+02
   0.210827813959185E-01
   0.209460731087172E+02
   0.212565081977775E-01
   0.208420089522513E+02
   0.214802920325062E-01
   0.207268700221912E+02
   0.216920853708598E-01
   0.205796811900848E+02
   0.217017529528287E-01
   0.204146658394461E+02
   0.216440379586929E-01
   0.192987371662051E+02
   0.199354906493513E-01
   0.191463159569618E+02
   0.198836877474285E-01
   0.190076981850230E+02
   0.199384808036928E-01
   0.188831082130375E+02
   0.201023622748916E-01
   0.187583851095477E+02
   0.202616565241478E-01
   0.186100757788981E+02
   0.203041737687746E-01
   0.184177267081522E+02
   0.201086065403194E-01
   0.181795182525534E+02
   0.196709412602668E-01
   0.179126704354082E+02
   0.190990937655890E-01
   0.176443576229121E+02
   0.185046533950527E-01
   0.174071291225538E+02
   0.180160294544352E-01
   0.172274187244066E+02
   0.176490778900382E-01
   0.171275685736127E+02
   0.173506077463618E-01
   0.171347898379516E+02
   0.170792992527445E-01
   0.172969340165229E+02
   0.170140650321381E-01
   0.176129756484041E+02
   0.174657185903460E-01
   0.179235788935061E+02
   0.175144796470927E-01
   0.181125920884391E+02
   0.172780812908522E-01
   0.182168949928198E+02
   0.170084137681469E-01
   0.184233684390980E+02
   0.174814598363498E-01
   0.187767078526763E+02
   0.180281925377124E-01
   0.192491165998382E+02
   0.172707477767328E-01
   0.197929653518411E+02
   0.190331145119706E-01
   0.201011478360769E+02
   0.196626585342867E-01
   0.202656214286775E+02
   0.199436734074076E-01
   0.203480763333747E+02
   0.201759237992000E-01
   0.203589993745470E+02
   0.202213404268938E-01
   0.202951769168980E+02
   0.199974126072512E-01
   0.201909690710341E+02
   0.196866888797022E-01
   0.200931299838982E+02
   0.196195419138665E-01
   0.200138995996144E+02
   0.197463545876750E-01
   0.199247544431078E+02
   0.198398778926192E-01
   0.198309291966773E+02
   0.199743799966708E-01
   0.197270785950284E+02
   0.200726812548737E-01
   0.195990398378872E+02
   0.200763085006949E-01
   0.194546146582847E+02
   0.200276585877331E-01
   0.181739081332249E+02
   0.183219532249776E-01
   0.180314436626309E+02
   0.182201406246520E-01
   0.179006253398018E+02
   0.181922503241711E-01
   0.177860293811996E+02
   0.182865337549786E-01
   0.176757890032926E+02
   0.184344057385380E-01
   0.175487000515265E+02
   0.185605258139521E-01
   0.173861511779895E+02
   0.186025922477055E-01
   0.171815468732265E+02
   0.184662735005418E-01
   0.169429120005600E+02
   0.181291806698203E-01
   0.166900170576473E+02
   0.176365761946050E-01
   0.164536702795430E+02
   0.171240066226831E-01
   0.162621094358134E+02
   0.166806795035715E-01
   0.161442405776999E+02
   0.163311195387837E-01
   0.161350119700279E+02
   0.160922049575493E-01
   0.162708986062042E+02
   0.160437681378350E-01
   0.165308016622824E+02
   0.162637798755997E-01
   0.167675771206189E+02
   0.162722273465710E-01
   0.168785529529647E+02
   0.160742653114635E-01
   0.168951154572775E+02
   0.155209306935022E-01
   0.170781187328560E+02
   0.157793552830464E-01
   0.175009820839440E+02
   0.162980989323318E-01
   0.181056159756302E+02
   0.169809415388805E-01
   0.187125301783413E+02
   0.179946018203026E-01
   0.190286573358035E+02
   0.182061157705068E-01
   0.191731917808355E+02
   0.184111388247421E-01
   0.192315207002741E+02
   0.186032224811161E-01
   0.192259876067761E+02
   0.187068202953914E-01
   0.191557935398644E+02
   0.186298751235474E-01
   0.190472496320472E+02
   0.184265306691466E-01
   0.189411843332661E+02
   0.183200025783455E-01
   0.188491760136540E+02
   0.183352608716892E-01
   0.187539111900626E+02
   0.183463148119881E-01
   0.186592696316281E+02
   0.184040728986787E-01
   0.185587064120225E+02
   0.184361139430618E-01
   0.184434745904997E+02
   0.184386506237023E-01
   0.183149787921680E+02
   0.184066318805812E-01
   0.168684598787230E+02
   0.167192763030446E-01
   0.167341099316066E+02
   0.166134765244971E-01
   0.166070195129860E+02
   0.165312982264911E-01
   0.164944699128284E+02
   0.165252027369030E-01
   0.163885019355523E+02
   0.165776071705409E-01
   0.162719015472028E+02
   0.166433886746394E-01
   0.161294933688223E+02
   0.167041232286911E-01
   0.159538382629592E+02
   0.166976151468653E-01
   0.157460999225540E+02
   0.165586933362632E-01
   0.155187938176977E+02
   0.162666457938342E-01
   0.152969680090265E+02
   0.158845832434732E-01
   0.151055894137225E+02
   0.154456508529678E-01
   0.149788092518928E+02
   0.150577144769624E-01
   0.149611984673763E+02
   0.148470564708623E-01
   0.150830910958332E+02
   0.148626947601603E-01
   0.153045050174417E+02
   0.149998068230262E-01
   0.154866101818474E+02
   0.149936338625227E-01
   0.155205487803708E+02
   0.147657357698408E-01
   0.154252260321484E+02
   0.139246280325649E-01
   0.155621515726442E+02
   0.139129316375754E-01
   0.160561316258522E+02
   0.146180262233418E-01
   0.168270642381790E+02
   0.158141017156337E-01
   0.175196779126014E+02
   0.170726825244425E-01
   0.178409644042504E+02
   0.170350694024562E-01
   0.179548265891664E+02
   0.170195187666747E-01
   0.179804045413927E+02
   0.170567619024851E-01
   0.179525087070727E+02
   0.171124366764210E-01
   0.178726689212037E+02
   0.170910023659650E-01
   0.177594139526109E+02
   0.169934543558171E-01
   0.176442836453981E+02
   0.169184279945043E-01
   0.175366485080318E+02
   0.168637773522731E-01
   0.174289512194412E+02
   0.168066103731646E-01
   0.173257702930974E+02
   0.167944761161168E-01
   0.172226360604239E+02
   0.167828479810794E-01
   0.171141763944331E+02
   0.167853692824075E-01
   0.169974241043226E+02
   0.167819739934883E-01
   0.153781416474145E+02
   0.150425530864557E-01
   0.152509746739247E+02
   0.149517232512744E-01
   0.151265730086140E+02
   0.148509117206595E-01
   0.150132178782136E+02
   0.147842333329835E-01
   0.149063346609851E+02
   0.147692831537642E-01
   0.147932482956696E+02
   0.147729602461684E-01
   0.146618843527436E+02
   0.147688473379688E-01
   0.145068414292423E+02
   0.147707973783587E-01
   0.143256779570788E+02
   0.147036617858747E-01
   0.141257429340497E+02
   0.145425344761379E-01
   0.139256725011927E+02
   0.143019142615485E-01
   0.137445080443291E+02
   0.139419881888168E-01
   0.136165961433658E+02
   0.135494534658623E-01
   0.135969113425325E+02
   0.133938753325914E-01
   0.137172394997087E+02
   0.135636614184123E-01
   0.139234094551267E+02
   0.138256983596022E-01
   0.140736281624847E+02
   0.139175622576462E-01
   0.140313649815490E+02
   0.136049361079417E-01
   0.137857188432356E+02
   0.122104424665822E-01
   0.138539818940970E+02
   0.117150461898378E-01
   0.144148966499728E+02
   0.127985586357806E-01
   0.154139255459995E+02
   0.154403830533498E-01
   0.162087779356479E+02
   0.169950948563654E-01
   0.165320720307268E+02
   0.165782160361500E-01
   0.166060266340065E+02
   0.160874138837785E-01
   0.165934339931979E+02
   0.158204563473612E-01
   0.165372575138723E+02
   0.156967829472200E-01
   0.164410710969347E+02
   0.155887504667916E-01
   0.163175828750067E+02
   0.154719022852407E-01
   0.161905456249992E+02
   0.154062472847344E-01
   0.160659864644715E+02
   0.153162872224597E-01
   0.159423887224945E+02
   0.152107981061607E-01
   0.158256593174355E+02
   0.151421811754714E-01
   0.157152625215792E+02
   0.151010792677450E-01
   0.156077226931301E+02
   0.150886352283106E-01
   0.154978050907380E+02
   0.150871416937449E-01
   0.136921915099446E+02
   0.136587104603446E-01
   0.135709432208475E+02
   0.135560207571572E-01
   0.134496837127589E+02
   0.134376099325332E-01
   0.133369812895678E+02
   0.133462629449335E-01
   0.132282886072018E+02
   0.132823099930647E-01
   0.131158202533915E+02
   0.132357458479475E-01
   0.129907902423382E+02
   0.131761047604521E-01
   0.128493895386912E+02
   0.131287938789215E-01
   0.126889518880047E+02
   0.130660134932706E-01
   0.125134611474915E+02
   0.129798165045285E-01
   0.123370159864128E+02
   0.129176939734990E-01
   0.121733537744120E+02
   0.128124627014179E-01
   0.120515908076959E+02
   0.126213260701447E-01
   0.120287986664144E+02
   0.125338183416341E-01
   0.121492429897508E+02
   0.127378542135418E-01
   0.123614286161434E+02
   0.131351843847801E-01
   0.125073722607311E+02
   0.133420963310427E-01
   0.124040886580808E+02
   0.129636290776232E-01
   0.119521386188495E+02
   0.960075254016306E-02
   0.119411887170444E+02
   0.898365744915936E-02
   0.125371722055262E+02
   0.103034168072626E-01
   0.137387518951482E+02
   0.146727137569702E-01
   0.146638633900668E+02
   0.169728109710909E-01
   0.150308335905161E+02
   0.168452830884290E-01
   0.150885016856722E+02
   0.161237857638960E-01
   0.150442808979153E+02
   0.156050927058500E-01
   0.149596180395053E+02
   0.152509951659681E-01
   0.148412097761920E+02
   0.149538612645440E-01
   0.147013891136579E+02
   0.146737023035513E-01
   0.145588959193405E+02
   0.144508550698771E-01
   0.144175154429684E+02
   0.142453220334947E-01
   0.142780770995662E+02
   0.140539343379972E-01
   0.141458368426789E+02
   0.139072714199053E-01
   0.140249231907261E+02
   0.138114169978817E-01
   0.139135749271559E+02
   0.137589836514576E-01
   0.138057899836765E+02
   0.137231014305841E-01
   0.117824109539001E+02
   0.126765611930866E-01
   0.116652399789608E+02
   0.125936765750168E-01
   0.115470506611700E+02
   0.124973736292021E-01
   0.114362881586573E+02
   0.123975228531123E-01
   0.113274084471772E+02
   0.123078574468946E-01
   0.112167324838165E+02
   0.122360144558645E-01
   0.110988046692762E+02
   0.121703566543495E-01
   0.109702811524744E+02
   0.121132507202757E-01
   0.108289706115662E+02
   0.120781279095076E-01
   0.106743019212529E+02
   0.120247475053408E-01
   0.105161094055597E+02
   0.119647983956513E-01
   0.103673884524279E+02
   0.118808384390169E-01
   0.102541078920834E+02
   0.117281943591116E-01
   0.102296795934152E+02
   0.116277691661926E-01
   0.103473392547945E+02
   0.117748204382622E-01
   0.105745020855032E+02
   0.122508194037522E-01
   0.107468209888216E+02
   0.127143900119580E-01
   0.106323918345097E+02
   0.124469501471105E-01
   0.100193922963525E+02
   0.865802621269139E-02
   0.992286991017005E+01
   0.776610335405137E-02
   0.104802146491086E+02
   0.864209854577276E-02
   0.117606982726018E+02
   0.136207052987392E-01
   0.127251484097427E+02
   0.158651104390508E-01
   0.131596459188104E+02
   0.162498119808236E-01
   0.132666244521702E+02
   0.158308051126738E-01
   0.132419442184890E+02
   0.154204924355500E-01
   0.131564667543560E+02
   0.149941222563146E-01
   0.130287716537619E+02
   0.145406918825077E-01
   0.128759042535790E+02
   0.141113806752480E-01
   0.127196352576996E+02
   0.137650345075358E-01
   0.125627549725040E+02
   0.134714251757762E-01
   0.124095260067458E+02
   0.132407110652745E-01
   0.122598877948098E+02
   0.130289339625278E-01
   0.121243590324696E+02
   0.128738561952923E-01
   0.120035112343954E+02
   0.127764250828374E-01
   0.118930705402416E+02
   0.127254937490442E-01
   0.962078524629506E+01
   0.116964065935251E-01
   0.950067544366377E+01
   0.115827643586268E-01
   0.938148748445336E+01
   0.114659445491009E-01
   0.927665696497247E+01
   0.113982767157343E-01
   0.916981543986195E+01
   0.113153792189812E-01
   0.906174214755514E+01
   0.112425338414108E-01
   0.895148866301914E+01
   0.111839119672422E-01
   0.883699805500776E+01
   0.111382830906385E-01
   0.871518383472324E+01
   0.111030600417738E-01
   0.858452070716099E+01
   0.110657319944255E-01
   0.845280307995845E+01
   0.110271642651370E-01
   0.833064633463374E+01
   0.109707325403234E-01
   0.823965532304173E+01
   0.108799416586547E-01
   0.822272657196532E+01
   0.108249523469067E-01
   0.833016301513517E+01
   0.109244061197281E-01
   0.855829495152777E+01
   0.113372389352100E-01
   0.875941751297415E+01
   0.119643229756472E-01
   0.870751108917443E+01
   0.122331713611591E-01
   0.804040930622206E+01
   0.840441718438824E-02
   0.787870473877436E+01
   0.758336895507931E-02
   0.831234504890540E+01
   0.815906931803390E-02
   0.942011055101529E+01
   0.115587251218135E-01
   0.102786062595239E+02
   0.132151596373853E-01
   0.107480526657028E+02
   0.139652438670636E-01
   0.109434712569639E+02
   0.140762438674938E-01
   0.109993808980402E+02
   0.140981226599005E-01
   0.109776138576031E+02
   0.140083765237158E-01
   0.108979700350189E+02
   0.137620719594058E-01
   0.107750534794345E+02
   0.134546675011028E-01
   0.106281838632445E+02
   0.131209694355263E-01
   0.104671551677422E+02
   0.127901234812848E-01
   0.103019697307686E+02
   0.125080228469628E-01
   0.101402221801094E+02
   0.122583266181872E-01
   0.999165020640514E+01
   0.120560764060226E-01
   0.985718122856327E+01
   0.119007282120795E-01
   0.973690222474846E+01
   0.117911718900376E-01
   0.719247001357385E+01
   0.106989832474482E-01
   0.707337580095251E+01
   0.105808299688478E-01
   0.695634454059048E+01
   0.104655376777767E-01
   0.684592846227725E+01
   0.103587919144274E-01
   0.673661331422612E+01
   0.102510061637198E-01
   0.663059056006460E+01
   0.101714725112188E-01
   0.652887681013609E+01
   0.101197755782943E-01
   0.643010837236895E+01
   0.100966358572236E-01
   0.633026974491664E+01
   0.100797548438095E-01
   0.622654641862825E+01
   0.100666389605324E-01
   0.612853264462136E+01
   0.100605336485505E-01
   0.604326704645685E+01
   0.100482521248078E-01
   0.598704438402048E+01
   0.100268964224407E-01
   0.598789636014125E+01
   0.100235362985769E-01
   0.607999555343015E+01
   0.100990548945111E-01
   0.627499274525206E+01
   0.103760252145608E-01
   0.647606620420983E+01
   0.109104999277648E-01
   0.651862546209660E+01
   0.116206981445756E-01
   0.607083650907629E+01
   0.958599795841249E-02
   0.587739174619018E+01
   0.905159355399810E-02
   0.607832378838881E+01
   0.870281170928095E-02
   0.672044501275411E+01
   0.946557680475698E-02
   0.732245217633414E+01
   0.100192692129281E-01
   0.775437745239940E+01
   0.106300236835192E-01
   0.801550899493469E+01
   0.110668978017379E-01
   0.815970317626401E+01
   0.114174047343413E-01
   0.823929027590550E+01
   0.117403595684162E-01
   0.825440590258015E+01
   0.119152547119227E-01
   0.820691594417746E+01
   0.119290835705230E-01
   0.811637833648593E+01
   0.118379176661546E-01
   0.799142352507905E+01
   0.116514169417952E-01
   0.784703476560944E+01
   0.114431488409622E-01
   0.769828690142526E+01
   0.112342703553113E-01
   0.755837524760484E+01
   0.110613124628070E-01
   0.742518802720140E+01
   0.109050300093734E-01
   0.730656388131026E+01
   0.107952974014425E-01
   0.433396877966038E+01
   0.930080981876535E-02
   0.422726523965999E+01
   0.921691068090411E-02
   0.412635604898630E+01
   0.914609855549149E-02
   0.402832562796597E+01
   0.907530045665342E-02
   0.393072480132702E+01
   0.899797240653607E-02
   0.383722066576698E+01
   0.893492036778877E-02
   0.375114307784989E+01
   0.889700364877112E-02
   0.367137230619749E+01
   0.888385520074835E-02
   0.359435047976404E+01
   0.887853179646839E-02
   0.351459198349575E+01
   0.885129373076866E-02
   0.345330757002908E+01
   0.885878495528762E-02
   0.341043280898399E+01
   0.887416440285891E-02
   0.339377216383730E+01
   0.889519190947370E-02
   0.341770462956322E+01
   0.893022566676153E-02
   0.349564162545256E+01
   0.899162923754025E-02
   0.363079835503817E+01
   0.915145419346856E-02
   0.377736277020446E+01
   0.946513343911934E-02
   0.381227689636498E+01
   0.984142774011309E-02
   0.357199897078766E+01
   0.911334717707332E-02
   0.339076212998118E+01
   0.853052197955581E-02
   0.341648332926128E+01
   0.801540453980617E-02
   0.369082142669655E+01
   0.791139634555916E-02
   0.403221135457443E+01
   0.796738900710661E-02
   0.434299344513494E+01
   0.821842590305944E-02
   0.457699314668207E+01
   0.847962082717712E-02
   0.474937254336308E+01
   0.875014185558803E-02
   0.488603644477968E+01
   0.908389343766724E-02
   0.497759359896207E+01
   0.938667401289657E-02
   0.501446120240474E+01
   0.959619014107997E-02
   0.499719189603809E+01
   0.968462322388601E-02
   0.493348811082655E+01
   0.966512674165488E-02
   0.483782471522755E+01
   0.958264251740651E-02
   0.472942314257362E+01
   0.948564712352422E-02
   0.462802293289960E+01
   0.943138732904508E-02
   0.452849057659298E+01
   0.938751261037668E-02
   0.443094163371373E+01
   0.934354113379271E-02
   0.786035157135168E+00
   0.728272003258583E-02
   0.719256519080694E+00
   0.727891038139843E-02
   0.649406859058535E+00
   0.726033068914508E-02
   0.576849373126721E+00
   0.723045361153681E-02
   0.502293444578042E+00
   0.718579577090608E-02
   0.431590795791925E+00
   0.713927586999501E-02
   0.369205134983094E+00
   0.710483651351776E-02
   0.313341348098390E+00
   0.708099487821474E-02
   0.262237653206125E+00
   0.705980997512345E-02
   0.222447084055341E+00
   0.704729474705931E-02
   0.203677202183640E+00
   0.706082094155079E-02
   0.202401849040845E+00
   0.708024968981532E-02
   0.219964898355634E+00
   0.710467623201596E-02
   0.260148264477421E+00
   0.713545721708342E-02
   0.323787705191616E+00
   0.717980483216981E-02
   0.403830164128574E+00
   0.726806408134525E-02
   0.484779702039797E+00
   0.747009800186708E-02
   0.502088156370316E+00
   0.768289262001681E-02
   0.377199019689134E+00
   0.741639138371675E-02
   0.230771202184992E+00
   0.703935097942003E-02
   0.159304062153607E+00
   0.667346721507394E-02
   0.221392635200724E+00
   0.646632351389459E-02
   0.354458570081665E+00
   0.635857262941380E-02
   0.511020135405076E+00
   0.634363013526864E-02
   0.658398693783827E+00
   0.637452278156419E-02
   0.792192119373478E+00
   0.644779342502642E-02
   0.917119430039869E+00
   0.659707949363749E-02
   0.102573658218395E+01
   0.680425790568106E-02
   0.110332557849697E+01
   0.701276251187802E-02
   0.113905242329052E+01
   0.716012777625235E-02
   0.113418734189876E+01
   0.723739003320685E-02
   0.109785749996727E+01
   0.726499458924631E-02
   0.104191454806088E+01
   0.726068676853476E-02
   0.982413610608874E+00
   0.726762598400596E-02
   0.920644924385959E+00
   0.727919187414231E-02
   0.851885025426838E+00
   0.727644083613084E-02
  -0.376251242714358E+01
   0.489560066258022E-02
  -0.379135975488225E+01
   0.490962089061052E-02
  -0.382517744937847E+01
   0.490296165676556E-02
  -0.386276404108252E+01
   0.487790154979969E-02
  -0.390174541991039E+01
   0.483827122804391E-02
  -0.393319023981847E+01
   0.479649051453777E-02
  -0.395345997454311E+01
   0.476282010956615E-02
  -0.396115397818236E+01
   0.474436856273849E-02
  -0.395725955162046E+01
   0.473807283673792E-02
  -0.394156577779538E+01
   0.474174036922354E-02
  -0.391491942438351E+01
   0.474741557807332E-02
  -0.388110238886260E+01
   0.475435319399384E-02
  -0.384162363526958E+01
   0.476877493387199E-02
  -0.379667383453461E+01
   0.479821071011756E-02
  -0.375160825610993E+01
   0.484466148414278E-02
  -0.371462475556552E+01
   0.491978351430693E-02
  -0.369869369146340E+01
   0.503077797945248E-02
  -0.372556454946758E+01
   0.513735246159353E-02
  -0.380595948367334E+01
   0.514180625774947E-02
  -0.391185066051495E+01
   0.504035202398384E-02
  -0.400490097525675E+01
   0.487423198780519E-02
  -0.405901769356294E+01
   0.469415818547814E-02
  -0.407219721671289E+01
   0.453532550025511E-02
  -0.404875306179607E+01
   0.442368403993850E-02
  -0.399766457321567E+01
   0.437236062634054E-02
  -0.392615283292776E+01
   0.438797204175265E-02
  -0.384250583612687E+01
   0.446159090047432E-02
  -0.376112292004314E+01
   0.456843779865486E-02
  -0.369521894502985E+01
   0.468141912613322E-02
  -0.365399774279040E+01
   0.477096717801184E-02
  -0.363971606438920E+01
   0.481964804520100E-02
  -0.364723660196156E+01
   0.483469469692755E-02
  -0.366742489282289E+01
   0.483490781674683E-02
  -0.369135730195235E+01
   0.483988287703764E-02
  -0.371479224661742E+01
   0.485265581661496E-02
  -0.373768916526115E+01
   0.487180336447405E-02
  -0.998816947609063E+01
   0.274349579603401E-02
  -0.993128739369709E+01
   0.276867776102376E-02
  -0.988198891902193E+01
   0.278019526605912E-02
  -0.983518669312918E+01
   0.278254969390252E-02
  -0.977470143440820E+01
   0.279488058528906E-02
  -0.969420976035747E+01
   0.282326177818751E-02
  -0.958808262270193E+01
   0.287330619263223E-02
  -0.945150449407618E+01
   0.295026187802123E-02
  -0.930707961519680E+01
   0.303318969006552E-02
  -0.916007264393058E+01
   0.311899101580396E-02
  -0.901974424011174E+01
   0.320157162218626E-02
  -0.889757578733250E+01
   0.327641267473673E-02
  -0.878412344726902E+01
   0.336147069116354E-02
  -0.872352100129195E+01
   0.340482752129678E-02
  -0.871573662599257E+01
   0.341230829949981E-02
  -0.876503060735711E+01
   0.338331089271932E-02
  -0.887998580365094E+01
   0.331014746630686E-02
  -0.907304878353490E+01
   0.317681468237906E-02
  -0.928337425735850E+01
   0.305230597831286E-02
  -0.950531001106417E+01
   0.293168905074990E-02
  -0.972671594271031E+01
   0.281550034151881E-02
  -0.994341744008403E+01
   0.269563129056072E-02
  -0.101455841359130E+02
   0.257662653976179E-02
  -0.102833331413867E+02
   0.250035593296311E-02
  -0.103640555896613E+02
   0.246014663919644E-02
  -0.103986187863605E+02
   0.244818865304637E-02
  -0.104007634215741E+02
   0.245522593391428E-02
  -0.103854310907877E+02
   0.247128181569937E-02
  -0.103628104972311E+02
   0.248971365789838E-02
  -0.103401336621849E+02
   0.250567525517486E-02
  -0.103186210699884E+02
   0.251886153874928E-02
  -0.102947324355808E+02
   0.253282094144311E-02
  -0.102645342356050E+02
   0.255143305444540E-02
  -0.102210106820546E+02
   0.258088967007841E-02
  -0.101559376990136E+02
   0.262768675260529E-02
  -0.100603009894352E+02
   0.269858080247322E-02
