   0.837253024521229E+01
   0.643892225499344E-02
   0.724223853940688E+01
   0.615067931669204E-02
   0.651443755506594E+01
   0.592604017914065E-02
   0.610424471914839E+01
   0.576293819632155E-02
   0.602739054144892E+01
   0.566511681741918E-02
   0.641072495068267E+01
   0.563856023104889E-02
   0.589900238458443E+01
   0.569197266249913E-02
   0.591986714984055E+01
   0.583034602126942E-02
   0.643697071254988E+01
   0.605491339936669E-02
   0.744264103582469E+01
   0.636144065004858E-02
   0.897003567507928E+01
   0.674175678411927E-02
   0.112198636139280E+02
   0.718126643248740E-02
   0.144828667533773E+02
   0.766496994655074E-02
   0.173378260657554E+02
   0.816732223510946E-02
   0.199067637272407E+02
   0.866233106542459E-02
   0.222183673468646E+02
   0.912928187111701E-02
   0.241814313136765E+02
   0.955350867071339E-02
   0.257744194691780E+02
   0.992553438221544E-02
   0.270138313808153E+02
   0.102398348289614E-01
   0.279345200751178E+02
   0.104964477397440E-01
   0.285764776646075E+02
   0.107007841537716E-01
   0.289744011959838E+02
   0.108561973897647E-01
   0.291490116048517E+02
   0.109618047708522E-01
   0.291009458238554E+02
   0.110123191508269E-01
   0.288109216968534E+02
   0.109984192949941E-01
   0.282451433862764E+02
   0.109114145999984E-01
   0.273583580944630E+02
   0.107473446347583E-01
   0.260930453742285E+02
   0.105038340146416E-01
   0.243764058382430E+02
   0.101795164597352E-01
   0.221176594497818E+02
   0.977704016529755E-02
   0.192083460922266E+02
   0.930636006256707E-02
   0.155253645550847E+02
   0.878610310178022E-02
   0.127168715240233E+02
   0.824365872833413E-02
   0.106898939035760E+02
   0.771197748548405E-02
   0.933040198841443E+01
   0.722243517464357E-02
   0.856611175158891E+01
   0.679593231911204E-02
   0.116840763090081E+02
   0.810552288466338E-02
   0.122515958812935E+02
   0.783033128335993E-02
   0.120409480630090E+02
   0.758750525167482E-02
   0.112455835498526E+02
   0.733979295820743E-02
   0.970804745041024E+01
   0.714686418353061E-02
   0.900825369144688E+01
   0.705440745599697E-02
   0.877599184059381E+01
   0.705271552122011E-02
   0.899001416560136E+01
   0.715762483245553E-02
   0.970341753291184E+01
   0.735417905568531E-02
   0.110930380051892E+02
   0.761769068947060E-02
   0.113340846193768E+02
   0.798604405375847E-02
   0.121535940350452E+02
   0.840552361697229E-02
   0.136359043029718E+02
   0.903330398199482E-02
   0.157115965679934E+02
   0.975284116314191E-02
   0.185420286062615E+02
   0.104443241533835E-01
   0.224742516731621E+02
   0.110866410759372E-01
   0.251688707930589E+02
   0.116708678765262E-01
   0.269640593286859E+02
   0.121738986995487E-01
   0.281064624307887E+02
   0.125372838346733E-01
   0.287903912955522E+02
   0.127482108927727E-01
   0.291843525672742E+02
   0.129328932907593E-01
   0.294313852256179E+02
   0.131309257527371E-01
   0.296285043404861E+02
   0.133445512795712E-01
   0.297753032014442E+02
   0.135616131201390E-01
   0.297861348296843E+02
   0.136908531522869E-01
   0.295850553963107E+02
   0.136552643336358E-01
   0.291268741812589E+02
   0.135142875515940E-01
   0.283776107403906E+02
   0.132886659417673E-01
   0.272816055712564E+02
   0.129510432453189E-01
   0.257263146541910E+02
   0.124702935884349E-01
   0.235470869719015E+02
   0.118408723059664E-01
   0.205777232700692E+02
   0.111018115328693E-01
   0.166910228616198E+02
   0.102807624552971E-01
   0.142199858908757E+02
   0.950116154566662E-02
   0.127084785435474E+02
   0.887636998583995E-02
   0.118879963867775E+02
   0.843560032265012E-02
   0.142511483739287E+02
   0.103830695552797E-01
   0.138884999786827E+02
   0.101206988705366E-01
   0.134174709454263E+02
   0.986076510990757E-02
   0.127835454504516E+02
   0.940946411553646E-02
   0.120775591200870E+02
   0.894416506371691E-02
   0.116663797469472E+02
   0.883937121996160E-02
   0.115506041794636E+02
   0.895031690632481E-02
   0.117213937318175E+02
   0.917919646737541E-02
   0.121776411491942E+02
   0.945293132942148E-02
   0.130018920851550E+02
   0.982801882145985E-02
   0.143378740510839E+02
   0.102050066645666E-01
   0.146230883972343E+02
   0.989969873702534E-02
   0.161086662644413E+02
   0.106788222975830E-01
   0.181599042982893E+02
   0.115728858178753E-01
   0.208187528390334E+02
   0.121841920237765E-01
   0.245025251241481E+02
   0.128159184176254E-01
   0.268093348141386E+02
   0.135222444941077E-01
   0.281895216039869E+02
   0.142816208792621E-01
   0.288941280797861E+02
   0.147231647864413E-01
   0.291229856732655E+02
   0.145360320749111E-01
   0.290946105112832E+02
   0.146018036936406E-01
   0.290535402263811E+02
   0.148269480140272E-01
   0.292650324852125E+02
   0.151439799761392E-01
   0.296977591054981E+02
   0.157307061799525E-01
   0.299966293725523E+02
   0.161628902116446E-01
   0.300147708749329E+02
   0.159571086249449E-01
   0.297486874547528E+02
   0.157446549885835E-01
   0.292530807414679E+02
   0.155851852740058E-01
   0.285668087189163E+02
   0.153026732763661E-01
   0.275510359235965E+02
   0.147712864519831E-01
   0.258791748749521E+02
   0.139596285096297E-01
   0.232517411869969E+02
   0.131592982538014E-01
   0.193802362793992E+02
   0.121278321915589E-01
   0.170098952599068E+02
   0.112959921983474E-01
   0.156286347132756E+02
   0.108548492943868E-01
   0.147937365677465E+02
   0.106760424663261E-01
   0.170580997782397E+02
   0.131808910536895E-01
   0.165108871328727E+02
   0.127282933216167E-01
   0.159483495225667E+02
   0.122740566575539E-01
   0.153669682045403E+02
   0.118396301276009E-01
   0.148056334756806E+02
   0.113494905219220E-01
   0.144330611602746E+02
   0.111156030617064E-01
   0.142863796771973E+02
   0.111814566816469E-01
   0.143331116568012E+02
   0.113390881348631E-01
   0.145547289558666E+02
   0.114622236399338E-01
   0.149818505269023E+02
   0.114612771003369E-01
   0.156793059723113E+02
   0.116214053728651E-01
   0.167143716151696E+02
   0.113257629436328E-01
   0.194194062675515E+02
   0.124848230499627E-01
   0.217920560671242E+02
   0.129402265007360E-01
   0.241491278526138E+02
   0.132256162162119E-01
   0.264987477635509E+02
   0.137244437705389E-01
   0.281703434516316E+02
   0.143894562988279E-01
   0.290783892808145E+02
   0.150494859845744E-01
   0.293386645900511E+02
   0.154315198218945E-01
   0.290936834418145E+02
   0.155255314426885E-01
   0.285502562613278E+02
   0.157296896252937E-01
   0.280331978030416E+02
   0.158714145862635E-01
   0.282913033341446E+02
   0.161583185905826E-01
   0.292952229760986E+02
   0.173628809192696E-01
   0.299194958417064E+02
   0.177272936569899E-01
   0.300687400187030E+02
   0.173398390205104E-01
   0.298314454567825E+02
   0.175237827041321E-01
   0.294013166838654E+02
   0.171160096955954E-01
   0.290679950249939E+02
   0.167621298530151E-01
   0.286843400667047E+02
   0.163797798066477E-01
   0.275758594293722E+02
   0.157781169688529E-01
   0.253563180166959E+02
   0.150540037530774E-01
   0.217339763508513E+02
   0.142242433045293E-01
   0.196203052581649E+02
   0.137239947658676E-01
   0.184202106797649E+02
   0.135361825389053E-01
   0.176530602674593E+02
   0.133960450735149E-01
   0.195788578876740E+02
   0.160477493459651E-01
   0.189823150981352E+02
   0.153765050799635E-01
   0.183935603675088E+02
   0.146672566828443E-01
   0.178456437764666E+02
   0.141127900426607E-01
   0.173572797694510E+02
   0.136352140241583E-01
   0.169947961226703E+02
   0.133181724368022E-01
   0.167850928264319E+02
   0.132085950838399E-01
   0.167107136031815E+02
   0.131843055903685E-01
   0.167597416907380E+02
   0.131238067460439E-01
   0.169632180790261E+02
   0.129870002821214E-01
   0.174001389754839E+02
   0.126952195682390E-01
   0.183723235620253E+02
   0.125673533494747E-01
   0.209769260101213E+02
   0.136643857430776E-01
   0.235025047322716E+02
   0.138418023202545E-01
   0.257318716801392E+02
   0.139571809171207E-01
   0.277291499733592E+02
   0.144660369554436E-01
   0.290855306667979E+02
   0.152654936860363E-01
   0.296230670826906E+02
   0.160068878198440E-01
   0.294987741874694E+02
   0.162829577164800E-01
   0.287914947872981E+02
   0.162368380319925E-01
   0.276651295841947E+02
   0.166331332540075E-01
   0.263074276710081E+02
   0.164475937363456E-01
   0.266245638069718E+02
   0.170997741369262E-01
   0.287701170097427E+02
   0.186879967221019E-01
   0.296860161676604E+02
   0.183085128796128E-01
   0.298739318767054E+02
   0.184880758747963E-01
   0.295080564254281E+02
   0.187605930562006E-01
   0.289190853705590E+02
   0.182598693081669E-01
   0.289099662940333E+02
   0.176078154475920E-01
   0.293919476135488E+02
   0.174238731258014E-01
   0.288883329497946E+02
   0.169234053023604E-01
   0.270713645266730E+02
   0.164491979536994E-01
   0.236979897185832E+02
   0.160446852292993E-01
   0.218440440384604E+02
   0.157984010162856E-01
   0.208421776288201E+02
   0.161937503281656E-01
   0.201738096070859E+02
   0.163958355489827E-01
   0.217071521577681E+02
   0.184102197167321E-01
   0.211025779030494E+02
   0.174768869820789E-01
   0.205293274151831E+02
   0.166089662034711E-01
   0.200252475734552E+02
   0.159934977049046E-01
   0.195939097438311E+02
   0.155527448101379E-01
   0.192500867193538E+02
   0.152107005881140E-01
   0.190026788723856E+02
   0.149607640928784E-01
   0.188459717936129E+02
   0.147685851103517E-01
   0.187810365987660E+02
   0.145713847787225E-01
   0.188441224618358E+02
   0.144140546209594E-01
   0.191037617583760E+02
   0.142351638049352E-01
   0.197742363344884E+02
   0.138909602453748E-01
   0.214523972632279E+02
   0.141334970356999E-01
   0.243123311265824E+02
   0.146934934197277E-01
   0.264748097012573E+02
   0.147139801771553E-01
   0.284460762833148E+02
   0.153703023534907E-01
   0.296770384256643E+02
   0.163883868892439E-01
   0.298753743622243E+02
   0.171877962116677E-01
   0.294280818639190E+02
   0.170869321980798E-01
   0.282925754502685E+02
   0.172844366239153E-01
   0.266192850647129E+02
   0.174804298092839E-01
   0.257746949324711E+02
   0.175205779182031E-01
   0.261807650841135E+02
   0.179867035456480E-01
   0.284369150710842E+02
   0.191437743234380E-01
   0.293675721010501E+02
   0.190086861122688E-01
   0.295070099593246E+02
   0.195100370279786E-01
   0.288809564361820E+02
   0.195289610105548E-01
   0.278008258166322E+02
   0.188589643594243E-01
   0.280768474832561E+02
   0.180194145794236E-01
   0.298781060608625E+02
   0.179812026378562E-01
   0.299587463386594E+02
   0.177719857662220E-01
   0.285057196039077E+02
   0.176026828566435E-01
   0.253684071812962E+02
   0.178891712557670E-01
   0.237658173273561E+02
   0.181695828198877E-01
   0.229229982949655E+02
   0.190171452443460E-01
   0.223044948278866E+02
   0.190445672487765E-01
   0.234541605166526E+02
   0.200115094441312E-01
   0.228734820763248E+02
   0.189508796406368E-01
   0.223472874671127E+02
   0.180998866976227E-01
   0.219008844205772E+02
   0.175455871293234E-01
   0.215232927186040E+02
   0.171666813192042E-01
   0.212070454813627E+02
   0.168426160061384E-01
   0.209481735430873E+02
   0.165257163066644E-01
   0.207460188263229E+02
   0.162323895900704E-01
   0.206118333665253E+02
   0.159974712752429E-01
   0.205814324690486E+02
   0.159025387226752E-01
   0.207018022271177E+02
   0.158366373947552E-01
   0.211055388109587E+02
   0.153949724109683E-01
   0.221936036647458E+02
   0.147787314739384E-01
   0.246389385660860E+02
   0.150400150596797E-01
   0.266250431332328E+02
   0.154518781839647E-01
   0.287915895687069E+02
   0.160764872246217E-01
   0.300374089783727E+02
   0.177645472193511E-01
   0.298354864348757E+02
   0.186822810665174E-01
   0.291445382531712E+02
   0.183284318593663E-01
   0.275999551990312E+02
   0.184608435005628E-01
   0.265133820891072E+02
   0.188396551399919E-01
   0.260129100710906E+02
   0.190832680646206E-01
   0.263257894695872E+02
   0.189403484625136E-01
   0.281167402913824E+02
   0.194652396621092E-01
   0.289025349659980E+02
   0.197176296268463E-01
   0.289928921410228E+02
   0.198897062233963E-01
   0.280448497503909E+02
   0.199661906551184E-01
   0.275260381840837E+02
   0.193931876832210E-01
   0.280718745216816E+02
   0.186262324499201E-01
   0.303670777464567E+02
   0.179502199267922E-01
   0.308444446153784E+02
   0.182352212881778E-01
   0.296997727102389E+02
   0.186092563673000E-01
   0.267929101306084E+02
   0.197274901090934E-01
   0.254133268078363E+02
   0.208172106496552E-01
   0.246504818780687E+02
   0.214559802633222E-01
   0.240458477148966E+02
   0.209587573592477E-01
   0.248835986204173E+02
   0.211463038118051E-01
   0.243552930710012E+02
   0.202715292356326E-01
   0.238914190318472E+02
   0.196363991070808E-01
   0.235045690720192E+02
   0.192532483362937E-01
   0.231753985036790E+02
   0.189179827536103E-01
   0.228906317818973E+02
   0.185906692631586E-01
   0.226388876021116E+02
   0.182272533645575E-01
   0.224186067211787E+02
   0.178706126146198E-01
   0.222429300276149E+02
   0.175910855734795E-01
   0.221413100536741E+02
   0.174939183067474E-01
   0.221460182265982E+02
   0.174480306836340E-01
   0.223355498302652E+02
   0.168754377670162E-01
   0.229767780083146E+02
   0.159106142652640E-01
   0.245103318643299E+02
   0.154435619419868E-01
   0.262143051854314E+02
   0.163606731811634E-01
   0.288613056530214E+02
   0.169369896015138E-01
   0.302616534475572E+02
   0.192339610329284E-01
   0.294700243634455E+02
   0.206331680576879E-01
   0.286684368964359E+02
   0.200194450403837E-01
   0.276619778297723E+02
   0.197532955170275E-01
   0.269432490969516E+02
   0.208438796464781E-01
   0.265943893026968E+02
   0.209181432024796E-01
   0.267403172386465E+02
   0.201109479773961E-01
   0.276238900402748E+02
   0.196003686172168E-01
   0.282206016754446E+02
   0.198843746983707E-01
   0.283604802728063E+02
   0.203838985774247E-01
   0.279778149972111E+02
   0.206353297126493E-01
   0.277960841867783E+02
   0.205957737849636E-01
   0.284114807455612E+02
   0.195329628685759E-01
   0.307943676377811E+02
   0.177673897777288E-01
   0.315501108323842E+02
   0.186874626615273E-01
   0.306725373994821E+02
   0.196371554962563E-01
   0.280177310015389E+02
   0.218789434233436E-01
   0.267815139025366E+02
   0.230143863721045E-01
   0.260304400709379E+02
   0.227129303860885E-01
   0.254421108510962E+02
   0.220462009075164E-01
   0.260614765542190E+02
   0.225569761800762E-01
   0.255960059715705E+02
   0.220235328595593E-01
   0.251907101801205E+02
   0.215807641057535E-01
   0.248548789699591E+02
   0.213045304079589E-01
   0.245696313185139E+02
   0.210369420220264E-01
   0.243192369864143E+02
   0.207811685112744E-01
   0.240866604036535E+02
   0.204999385691900E-01
   0.238633895861160E+02
   0.202097145980856E-01
   0.236581180251022E+02
   0.199434383356728E-01
   0.234898036749584E+02
   0.196523530970800E-01
   0.233910147598454E+02
   0.192495499746128E-01
   0.234286780757435E+02
   0.183725732108503E-01
   0.237921933134826E+02
   0.173419829841865E-01
   0.248583704438675E+02
   0.166063874765299E-01
   0.262157680140191E+02
   0.166733572809507E-01
   0.287378226659855E+02
   0.169453481225910E-01
   0.304752518590431E+02
   0.201245211337021E-01
   0.296850885426564E+02
   0.226430570685891E-01
   0.288593637367172E+02
   0.216961150208025E-01
   0.281895595790387E+02
   0.210354679596144E-01
   0.275659828311014E+02
   0.222967229431075E-01
   0.272642106774871E+02
   0.221594747564705E-01
   0.273153963659851E+02
   0.213382746004199E-01
   0.277916802501160E+02
   0.209727470720647E-01
   0.282895879168882E+02
   0.210007239750428E-01
   0.284864291332526E+02
   0.216251833791003E-01
   0.283618104513258E+02
   0.219058435167894E-01
   0.283126661345307E+02
   0.218561301519681E-01
   0.288447852235651E+02
   0.203733113216669E-01
   0.310780877555071E+02
   0.179825217269032E-01
   0.320730143909492E+02
   0.194606382799032E-01
   0.314330125293845E+02
   0.208440313759099E-01
   0.290267430454340E+02
   0.239666195906862E-01
   0.278672571860611E+02
   0.243010011886201E-01
   0.271190364391391E+02
   0.234665385678631E-01
   0.265669111835717E+02
   0.230931613542265E-01
   0.270374533297353E+02
   0.240880320583238E-01
   0.266297543230179E+02
   0.237151313809521E-01
   0.262740793856744E+02
   0.233690603081897E-01
   0.259801558525985E+02
   0.231324216569686E-01
   0.257347475883604E+02
   0.229544795995892E-01
   0.255179910508485E+02
   0.228053050818517E-01
   0.253061533506223E+02
   0.226302891505823E-01
   0.250812192070025E+02
   0.223914922293785E-01
   0.248468159701646E+02
   0.221196853165393E-01
   0.246183039853482E+02
   0.217098222810890E-01
   0.244333145101337E+02
   0.211212471523301E-01
   0.243611759122277E+02
   0.201764961871625E-01
   0.245654649116895E+02
   0.186726005763044E-01
   0.254601255316210E+02
   0.180548446945719E-01
   0.264201099626207E+02
   0.178804610519316E-01
   0.283401402824173E+02
   0.173765171862610E-01
   0.306885941536860E+02
   0.207501090290709E-01
   0.302097559754034E+02
   0.240709174184110E-01
   0.293474854922174E+02
   0.240465765867842E-01
   0.289811405591823E+02
   0.221653384049043E-01
   0.282011203525995E+02
   0.237326075026085E-01
   0.279091536562729E+02
   0.233545465243759E-01
   0.278961600145910E+02
   0.228228269368614E-01
   0.281953799472624E+02
   0.224213830931285E-01
   0.287046929678974E+02
   0.225829578869462E-01
   0.289416203074403E+02
   0.233337379656647E-01
   0.289397186729645E+02
   0.234731144351246E-01
   0.289042607748365E+02
   0.231013679851468E-01
   0.292528122298131E+02
   0.213787451233506E-01
   0.311411931948709E+02
   0.191166411809706E-01
   0.324170506189349E+02
   0.206895853253536E-01
   0.319911834833351E+02
   0.222721993324447E-01
   0.298365414104495E+02
   0.258836210340555E-01
   0.287317209465043E+02
   0.257620618082428E-01
   0.279979773485697E+02
   0.246593604189134E-01
   0.274853591719487E+02
   0.244193186875742E-01
   0.278515458636411E+02
   0.256368549534627E-01
   0.274868819117724E+02
   0.252971429634401E-01
   0.271696851253007E+02
   0.250024344804474E-01
   0.269094995252860E+02
   0.248091420704397E-01
   0.266980259305223E+02
   0.247495773135028E-01
   0.265104505660588E+02
   0.247197497135189E-01
   0.263166233392227E+02
   0.246537876276265E-01
   0.260880239157995E+02
   0.244391886240408E-01
   0.258237606416356E+02
   0.240840386473355E-01
   0.255420478216819E+02
   0.234904368409162E-01
   0.252897843603736E+02
   0.226843543788598E-01
   0.251439969505240E+02
   0.216034393440505E-01
   0.252706348092423E+02
   0.201949911669832E-01
   0.262239228143328E+02
   0.196301444179530E-01
   0.267739364315933E+02
   0.202485629541100E-01
   0.283132596528069E+02
   0.186128794340050E-01
   0.309270085516369E+02
   0.211392706369803E-01
   0.310132561680510E+02
   0.244958052017028E-01
   0.298862762196823E+02
   0.261359477376660E-01
   0.292796355518910E+02
   0.242605102210191E-01
   0.287533397623540E+02
   0.251754867815188E-01
   0.285206069624715E+02
   0.248796132280619E-01
   0.284841937091171E+02
   0.242788806220955E-01
   0.287125477894851E+02
   0.236073378054448E-01
   0.293422824664946E+02
   0.235515221996144E-01
   0.295777573179727E+02
   0.250800176272283E-01
   0.296347236808428E+02
   0.249857971504963E-01
   0.295644614632595E+02
   0.245510131316525E-01
   0.297030389867868E+02
   0.229427615596827E-01
   0.309111737590643E+02
   0.217377898562824E-01
   0.326127073079508E+02
   0.224360441409477E-01
   0.323694894821390E+02
   0.240450439463314E-01
   0.304683116031185E+02
   0.277993216210472E-01
   0.294255461583505E+02
   0.272391385357120E-01
   0.287270235747208E+02
   0.261015065325279E-01
   0.282538136004732E+02
   0.259153953559928E-01
   0.285102026251905E+02
   0.270296682128490E-01
   0.281759891706488E+02
   0.266871335571957E-01
   0.278873990399409E+02
   0.264336073832948E-01
   0.276527109613798E+02
   0.263150163680740E-01
   0.274654528169678E+02
   0.263684664025837E-01
   0.272979532058528E+02
   0.264489248144747E-01
   0.271148268510714E+02
   0.264695456787297E-01
   0.268786301759371E+02
   0.262435174039698E-01
   0.265861068612664E+02
   0.257434811762055E-01
   0.262645768150504E+02
   0.249358251347586E-01
   0.259713485724571E+02
   0.239074652224581E-01
   0.257919133202344E+02
   0.228011563922114E-01
   0.258696539681205E+02
   0.219413773115130E-01
   0.264951203912592E+02
   0.215903342918765E-01
   0.271432100382682E+02
   0.224785265533889E-01
   0.284803665972110E+02
   0.206407786131703E-01
   0.311337666578825E+02
   0.222254341384217E-01
   0.314994152607241E+02
   0.246316391389056E-01
   0.303787004026639E+02
   0.270130736382131E-01
   0.296719963450336E+02
   0.259716836090231E-01
   0.292461801760151E+02
   0.260306474480072E-01
   0.290830223930669E+02
   0.262849752743029E-01
   0.290561687582246E+02
   0.257145791631522E-01
   0.292674176065951E+02
   0.248742192828575E-01
   0.301797255095977E+02
   0.238410644912256E-01
   0.303038035294448E+02
   0.257451076564601E-01
   0.304197023535812E+02
   0.259084298276208E-01
   0.302866153703777E+02
   0.262875864668726E-01
   0.302254141725206E+02
   0.249751642281331E-01
   0.309698482401984E+02
   0.237774303874259E-01
   0.327069549085027E+02
   0.238963652375504E-01
   0.325798010841115E+02
   0.258522090727117E-01
   0.309262850346377E+02
   0.295414000638189E-01
   0.299650309319792E+02
   0.285765394874537E-01
   0.293168751807846E+02
   0.274871763568367E-01
   0.288788117217884E+02
   0.273010743262922E-01
   0.290174113721725E+02
   0.283400795812370E-01
   0.287042814102378E+02
   0.280005553015705E-01
   0.284348138374478E+02
   0.277740872621146E-01
   0.282146839945237E+02
   0.277002467360188E-01
   0.280376611205602E+02
   0.277694226534677E-01
   0.278771916753246E+02
   0.278738532228338E-01
   0.276952186805081E+02
   0.278970577349223E-01
   0.274487265326630E+02
   0.275977784482680E-01
   0.271351578958813E+02
   0.269485191937359E-01
   0.267945011820227E+02
   0.260180398078904E-01
   0.264927600954722E+02
   0.249727796056839E-01
   0.263162558861521E+02
   0.241686690791524E-01
   0.263696379707322E+02
   0.237610094800531E-01
   0.268083323204462E+02
   0.229163111884546E-01
   0.274782658742941E+02
   0.236157711380442E-01
   0.287464398782332E+02
   0.232544728261074E-01
   0.312883968441400E+02
   0.244741029745541E-01
   0.317933189209561E+02
   0.252836022861409E-01
   0.308418575010700E+02
   0.268516092275399E-01
   0.300651321630082E+02
   0.276741292697505E-01
   0.296912565585274E+02
   0.273707064802870E-01
   0.295833780564572E+02
   0.277027989817148E-01
   0.295820481006992E+02
   0.272362600303276E-01
   0.297824285620084E+02
   0.264560258242905E-01
   0.306584983970503E+02
   0.249144728109486E-01
   0.310980129597837E+02
   0.264280476422840E-01
   0.313193588204027E+02
   0.262081952520099E-01
   0.310489260758900E+02
   0.276626406133427E-01
   0.307796921011357E+02
   0.272652977430596E-01
   0.311921817181690E+02
   0.257918644305119E-01
   0.327087426915741E+02
   0.249294905821777E-01
   0.326350907412557E+02
   0.272338143149707E-01
   0.312095314369304E+02
   0.303029651533419E-01
   0.303577671680623E+02
   0.295602138061772E-01
   0.297723696856647E+02
   0.288314457852585E-01
   0.293626977939533E+02
   0.286192354963977E-01
   0.293720966427664E+02
   0.295541864875494E-01
   0.290723820216805E+02
   0.292351605039045E-01
   0.288128209595591E+02
   0.290194547552297E-01
   0.285953147166360E+02
   0.288946746178662E-01
   0.284147692942052E+02
   0.288409363374842E-01
   0.282488889600550E+02
   0.288476712703605E-01
   0.280606224101980E+02
   0.288160713506808E-01
   0.278052416745611E+02
   0.284769809839547E-01
   0.274831242407249E+02
   0.277838196387481E-01
   0.271466216799223E+02
   0.269479851586055E-01
   0.268646610787121E+02
   0.261647544127572E-01
   0.267119297534523E+02
   0.256594622341386E-01
   0.267528332205523E+02
   0.251752158306345E-01
   0.270943829290588E+02
   0.243013626933514E-01
   0.277638945824504E+02
   0.248835476176760E-01
   0.290019742859797E+02
   0.259039852330004E-01
   0.313708914919962E+02
   0.260350939506792E-01
   0.319326846189710E+02
   0.255516804548874E-01
   0.313640554253282E+02
   0.261430172853874E-01
   0.303904043482465E+02
   0.285681733060965E-01
   0.300666365539163E+02
   0.288591669179994E-01
   0.300032948276833E+02
   0.290103819462153E-01
   0.300350266492430E+02
   0.286559313899808E-01
   0.302242407935229E+02
   0.284127250028764E-01
   0.307931795585713E+02
   0.267146275161394E-01
   0.314605570700990E+02
   0.273333425546224E-01
   0.318370685597290E+02
   0.270752896343467E-01
   0.318505810962362E+02
   0.281142103239069E-01
   0.313146471199476E+02
   0.296809744057981E-01
   0.314597271062107E+02
   0.280959747854078E-01
   0.326163412332869E+02
   0.261844812826299E-01
   0.325058141527759E+02
   0.286408499508438E-01
   0.313470293596691E+02
   0.309974212154829E-01
   0.306189711287619E+02
   0.306018142118155E-01
   0.300934011731701E+02
   0.301466631481794E-01
   0.297032112457267E+02
   0.298585006565013E-01
   0.295689078323736E+02
   0.304652608274621E-01
   0.292760506192003E+02
   0.301909823002434E-01
   0.290187952490560E+02
   0.299799283298769E-01
   0.287958109181736E+02
   0.297503286281062E-01
   0.286034133745422E+02
   0.295270445686990E-01
   0.284255368864361E+02
   0.294435957933863E-01
   0.282269833340591E+02
   0.293907313220650E-01
   0.279650731639901E+02
   0.290430365024722E-01
   0.276461351604055E+02
   0.283719257453629E-01
   0.273295036041206E+02
   0.276901961683906E-01
   0.270817302100706E+02
   0.271810615301479E-01
   0.269617830588609E+02
   0.267976534132004E-01
   0.270054037020154E+02
   0.260685198265513E-01
   0.273053794535227E+02
   0.252561649891420E-01
   0.279726931777828E+02
   0.260417164174836E-01
   0.291683158247220E+02
   0.275832953147371E-01
   0.313343651947813E+02
   0.262317629165752E-01
   0.319293921081203E+02
   0.256035122269011E-01
   0.315818351916591E+02
   0.258810311767427E-01
   0.306028058707210E+02
   0.289236127786795E-01
   0.303433691784894E+02
   0.298567346248763E-01
   0.303267807040440E+02
   0.300734209463481E-01
   0.303984737207505E+02
   0.298621249035609E-01
   0.305711217602536E+02
   0.297885932538579E-01
   0.309482861419874E+02
   0.278488920124743E-01
   0.314677860944965E+02
   0.280852256313247E-01
   0.320347373754139E+02
   0.279147181681785E-01
   0.322946630310066E+02
   0.286179702383681E-01
   0.317656010054212E+02
   0.316121461219653E-01
   0.316955054963824E+02
   0.305594921613625E-01
   0.324265649353164E+02
   0.278310609638703E-01
   0.321411654759717E+02
   0.304561445800643E-01
   0.313616000014004E+02
   0.316392488547290E-01
   0.307513418213788E+02
   0.315225466523298E-01
   0.302711835111342E+02
   0.311487368078856E-01
   0.298931832152034E+02
   0.307806503735243E-01
   0.296065266387349E+02
   0.303825159781982E-01
   0.293142132204725E+02
   0.301006883676763E-01
   0.290526981827698E+02
   0.298402632847780E-01
   0.288193812933114E+02
   0.295332498048593E-01
   0.286123520916429E+02
   0.292681031851367E-01
   0.284189339978684E+02
   0.291497098659986E-01
   0.282076029236598E+02
   0.290588078495344E-01
   0.279423177253247E+02
   0.287265918423974E-01
   0.276359684393503E+02
   0.281818534915424E-01
   0.273474286660810E+02
   0.276797148474684E-01
   0.271365070355600E+02
   0.273212897482553E-01
   0.270548816632598E+02
   0.270299798236499E-01
   0.271243848096950E+02
   0.263367368417762E-01
   0.274154448901028E+02
   0.255806207653768E-01
   0.280782801394153E+02
   0.265700354337073E-01
   0.292038703972026E+02
   0.279708973157538E-01
   0.311824661310779E+02
   0.257287684952020E-01
   0.318037450478456E+02
   0.255027570987596E-01
   0.316029215025251E+02
   0.258100178827545E-01
   0.307010112790358E+02
   0.289487324172353E-01
   0.305115872169710E+02
   0.305305569638185E-01
   0.305465600045413E+02
   0.310999763569281E-01
   0.306601521696559E+02
   0.308784032553420E-01
   0.308163585015846E+02
   0.305432792426620E-01
   0.310837576916833E+02
   0.290273558418727E-01
   0.314883571704214E+02
   0.288175211608792E-01
   0.319446497679513E+02
   0.291773389740620E-01
   0.324804824626937E+02
   0.293029596669324E-01
   0.321160090647586E+02
   0.322514594499896E-01
   0.318342673266102E+02
   0.321390193031644E-01
   0.320696495477676E+02
   0.297086197403180E-01
   0.318541742413339E+02
   0.312803078669184E-01
   0.312770636620653E+02
   0.318060079707769E-01
   0.307518398037425E+02
   0.317270692848640E-01
   0.303011509550196E+02
   0.311746948136451E-01
   0.299295411856392E+02
   0.307134414572334E-01
   0.295150811221354E+02
   0.288161538915431E-01
   0.292180726671080E+02
   0.283957593651350E-01
   0.289458123895869E+02
   0.279812642078835E-01
   0.286966704406089E+02
   0.275695585703800E-01
   0.284721192322228E+02
   0.272885337402452E-01
   0.282617308144210E+02
   0.271834290336323E-01
   0.280386515017769E+02
   0.271477088735029E-01
   0.277745764890716E+02
   0.269650724491243E-01
   0.274870996128254E+02
   0.267003338442606E-01
   0.272313537267976E+02
   0.265299002247864E-01
   0.270580060399275E+02
   0.264301919188558E-01
   0.270123046461554E+02
   0.263539103868466E-01
   0.271195905244011E+02
   0.260721098472097E-01
   0.274169289965686E+02
   0.254273632198943E-01
   0.280737904211815E+02
   0.266720528730158E-01
   0.291015686671056E+02
   0.276146902499905E-01
   0.309286950307511E+02
   0.254441780597057E-01
   0.315656895627259E+02
   0.255302323089797E-01
   0.314705397083682E+02
   0.256825107635350E-01
   0.306939732278171E+02
   0.296875633810287E-01
   0.305553114927727E+02
   0.309543418891840E-01
   0.306351093724164E+02
   0.316709047103039E-01
   0.308055742506895E+02
   0.317003903553782E-01
   0.309545821925046E+02
   0.310845588774079E-01
   0.311634323414898E+02
   0.300428885858583E-01
   0.314976155244775E+02
   0.302150664523119E-01
   0.318629814500442E+02
   0.303090013141861E-01
   0.324409765015606E+02
   0.301236065007649E-01
   0.324082199908442E+02
   0.313986041400849E-01
   0.318464064576274E+02
   0.323736940175528E-01
   0.317993226545003E+02
   0.304495544704921E-01
   0.315760743762982E+02
   0.310980913113271E-01
   0.311016298556034E+02
   0.310471522879147E-01
   0.306324558092850E+02
   0.306050112699358E-01
   0.302062838706108E+02
   0.298575761922410E-01
   0.298397888917043E+02
   0.292722029471182E-01
   0.293452785768127E+02
   0.268571510728577E-01
   0.290430715178393E+02
   0.263769446327520E-01
   0.287614437028972E+02
   0.259343114436164E-01
   0.285007365668311E+02
   0.255579537117045E-01
   0.282618337595521E+02
   0.252896086294490E-01
   0.280342875487555E+02
   0.251174971058157E-01
   0.277968101261058E+02
   0.249900346791684E-01
   0.275317342601384E+02
   0.248225907899247E-01
   0.272613399977349E+02
   0.247189826515959E-01
   0.270323296746982E+02
   0.247456936474820E-01
   0.268877114738952E+02
   0.248848975604423E-01
   0.268698466758365E+02
   0.251656252488373E-01
   0.270074187141794E+02
   0.254586684042463E-01
   0.273140788984365E+02
   0.251258503983799E-01
   0.279602849311787E+02
   0.267956423445650E-01
   0.288690509295241E+02
   0.270565005040168E-01
   0.305594413684188E+02
   0.254184793127946E-01
   0.311985418888979E+02
   0.256825362494486E-01
   0.311905689952215E+02
   0.255465749724880E-01
   0.305546704870164E+02
   0.299637584340778E-01
   0.304514750269883E+02
   0.305539197722964E-01
   0.305644219279990E+02
   0.311241546618840E-01
   0.308132846104817E+02
   0.317560234990944E-01
   0.309737604865320E+02
   0.314200577512716E-01
   0.311542822407527E+02
   0.307536191037744E-01
   0.314391635915801E+02
   0.312234255953026E-01
   0.317304649935907E+02
   0.312644138807438E-01
   0.321265025470580E+02
   0.314299241552851E-01
   0.323588423204873E+02
   0.310158017933258E-01
   0.317183663071579E+02
   0.317834919646241E-01
   0.315316207458601E+02
   0.305261747555870E-01
   0.312793687670127E+02
   0.303187370251598E-01
   0.308559343022278E+02
   0.295306401328523E-01
   0.304310088909987E+02
   0.288165046010118E-01
   0.300299643586669E+02
   0.280209136910000E-01
   0.296710214898872E+02
   0.273873441621085E-01
   0.291642889434609E+02
   0.258923356512834E-01
   0.288603649803775E+02
   0.253986895115198E-01
   0.285730802049313E+02
   0.249491317074312E-01
   0.283040557896894E+02
   0.245851012880688E-01
   0.280531746868338E+02
   0.243063945944008E-01
   0.278095552934365E+02
   0.240930241123980E-01
   0.275561644158872E+02
   0.239026558661309E-01
   0.272835395544362E+02
   0.236855276086405E-01
   0.270168728553016E+02
   0.235423279264958E-01
   0.267972606802727E+02
   0.235347500769130E-01
   0.266624157536639E+02
   0.237024024759396E-01
   0.266528943985720E+02
   0.241290569723218E-01
   0.268038091995339E+02
   0.248919583778983E-01
   0.271301224450435E+02
   0.256619915745441E-01
   0.277322652912491E+02
   0.270526402345487E-01
   0.285165768617201E+02
   0.261678059512703E-01
   0.300526358459631E+02
   0.253412280944081E-01
   0.306786492904450E+02
   0.257152126624561E-01
   0.307607589545973E+02
   0.256580848984326E-01
   0.302757154647558E+02
   0.304098232240389E-01
   0.302048838110738E+02
   0.301712289287357E-01
   0.303370673144275E+02
   0.298590498115702E-01
   0.306821031841341E+02
   0.310460758638897E-01
   0.308621050249793E+02
   0.315295640538692E-01
   0.310310122533649E+02
   0.310338590136211E-01
   0.312765094371283E+02
   0.317030792939541E-01
   0.315098958701935E+02
   0.320989448768713E-01
   0.317875215414276E+02
   0.327234711087082E-01
   0.320347842724825E+02
   0.310530989025358E-01
   0.314584950915372E+02
   0.313039367321232E-01
   0.312327047581672E+02
   0.304309135613637E-01
   0.309631072863484E+02
   0.295914775452663E-01
   0.305813049109429E+02
   0.285151743118736E-01
   0.302022582721219E+02
   0.277749684031835E-01
   0.298324495814858E+02
   0.270508499510866E-01
   0.294868127418121E+02
   0.264321284281754E-01
   0.290016215550696E+02
   0.266745380851535E-01
   0.287011870160569E+02
   0.260677642592300E-01
   0.284134999629952E+02
   0.255202866012989E-01
   0.281406216917406E+02
   0.250736339236462E-01
   0.278815636395066E+02
   0.247330838719188E-01
   0.276247325361473E+02
   0.244749728323206E-01
   0.273562934026692E+02
   0.242764915138096E-01
   0.270721254422762E+02
   0.240800118318120E-01
   0.267981643111074E+02
   0.239611830273793E-01
   0.265718293728362E+02
   0.239766246409857E-01
   0.264259863160181E+02
   0.241421120228921E-01
   0.263985143215011E+02
   0.245382237754555E-01
   0.265286702141058E+02
   0.253211648264666E-01
   0.268370323679422E+02
   0.263817546313594E-01
   0.273812662576291E+02
   0.274615370743944E-01
   0.280600795649036E+02
   0.257792077932576E-01
   0.293885897191154E+02
   0.250853800051193E-01
   0.299841214893834E+02
   0.252774376480839E-01
   0.301668231732613E+02
   0.261716098715322E-01
   0.298345420472318E+02
   0.305129963631194E-01
   0.298178191470122E+02
   0.299666491662042E-01
   0.299827560210047E+02
   0.290629395851350E-01
   0.304364319441288E+02
   0.297425961392143E-01
   0.306234752269727E+02
   0.318551786428197E-01
   0.307975710281718E+02
   0.318298741928021E-01
   0.309999855858844E+02
   0.323355735635034E-01
   0.311716917593032E+02
   0.325650015222672E-01
   0.313403947849012E+02
   0.328198770811434E-01
   0.314328009537978E+02
   0.320751960595413E-01
   0.310921790149356E+02
   0.320515593448521E-01
   0.308867411034149E+02
   0.314555896752322E-01
   0.306302574510678E+02
   0.304774879525977E-01
   0.303009657682422E+02
   0.294533997039683E-01
   0.299740792444219E+02
   0.287345249960805E-01
   0.296415748997765E+02
   0.280189300948582E-01
   0.293155082921261E+02
   0.273213994559037E-01
   0.288378079795290E+02
   0.290665852618806E-01
   0.285541255669860E+02
   0.283876720473356E-01
   0.282772386631083E+02
   0.277130270954640E-01
   0.280088760751548E+02
   0.271082584420969E-01
   0.277482873702107E+02
   0.266311093695059E-01
   0.274828065887571E+02
   0.262647659675471E-01
   0.272001046789197E+02
   0.259952374253307E-01
   0.268997669599297E+02
   0.257336357013924E-01
   0.266075791244898E+02
   0.255118364221914E-01
   0.263583615392029E+02
   0.253821104794118E-01
   0.261805315956438E+02
   0.252979260067304E-01
   0.261077822159969E+02
   0.252934145402026E-01
   0.261778181203228E+02
   0.255051481911318E-01
   0.264124399250324E+02
   0.260034452033531E-01
   0.268937503396046E+02
   0.275511728019083E-01
   0.275145752443280E+02
   0.270058020299359E-01
   0.285482268268391E+02
   0.243605565993049E-01
   0.291053618531169E+02
   0.252036076240999E-01
   0.293749234639556E+02
   0.271154277031884E-01
   0.292204344740608E+02
   0.302946301431548E-01
   0.292829565931166E+02
   0.294296756251062E-01
   0.295047480200906E+02
   0.282160476251454E-01
   0.301285885835080E+02
   0.282257016805847E-01
   0.302364347359693E+02
   0.316295285406955E-01
   0.304187709787293E+02
   0.322936732541021E-01
   0.305783138305849E+02
   0.324640597709070E-01
   0.306945832684435E+02
   0.324581092075659E-01
   0.307731004833488E+02
   0.321905153634571E-01
   0.307935617450064E+02
   0.321350947345458E-01
   0.305947320848859E+02
   0.326370550166730E-01
   0.304417680201563E+02
   0.327261523781490E-01
   0.302310125287896E+02
   0.321909707488540E-01
   0.299722769638450E+02
   0.316098951968426E-01
   0.297070711211176E+02
   0.310647683406021E-01
   0.294213204675524E+02
   0.304312802862053E-01
   0.291290027503822E+02
   0.297572121195281E-01
   0.285580464803519E+02
   0.314543781919576E-01
   0.283070309031284E+02
   0.310008122121241E-01
   0.280570533570682E+02
   0.303991761254526E-01
   0.278074994231187E+02
   0.296956681219598E-01
   0.275569023726931E+02
   0.290341329359099E-01
   0.272905273888535E+02
   0.284161479502687E-01
   0.269958556992348E+02
   0.278350396335020E-01
   0.266772681470447E+02
   0.272638008371045E-01
   0.263616026917268E+02
   0.267408684196135E-01
   0.260826022189721E+02
   0.263209835696175E-01
   0.258668636008124E+02
   0.259405561589749E-01
   0.257431444913049E+02
   0.255818412229753E-01
   0.257385697847578E+02
   0.252417481736104E-01
   0.258733453607678E+02
   0.249693940108967E-01
   0.262541983335144E+02
   0.258516094617384E-01
   0.268411303554243E+02
   0.277404772305492E-01
   0.275218849871367E+02
   0.246043846918286E-01
   0.280141357317803E+02
   0.253572730101391E-01
   0.283236609892757E+02
   0.272156995181877E-01
   0.284292301291966E+02
   0.293901341475399E-01
   0.286013799795357E+02
   0.286375848927184E-01
   0.289156426391368E+02
   0.266774344959243E-01
   0.295760926250085E+02
   0.282392648427908E-01
   0.296936735475506E+02
   0.310429065561257E-01
   0.298795118572742E+02
   0.322308133772775E-01
   0.300013242605109E+02
   0.319342780256070E-01
   0.300768619305339E+02
   0.318090378005361E-01
   0.300909071425594E+02
   0.314170813255301E-01
   0.300613858270366E+02
   0.313664404412308E-01
   0.299359838588539E+02
   0.319968936190913E-01
   0.298317052046974E+02
   0.325610728529494E-01
   0.296768575625997E+02
   0.326083945656108E-01
   0.294895967162716E+02
   0.326338209853139E-01
   0.292907082633309E+02
   0.325782529747573E-01
   0.290592346698114E+02
   0.322580008389468E-01
   0.288123055735796E+02
   0.318837752760985E-01
   0.280418786135383E+02
   0.313293865388961E-01
   0.278287778861215E+02
   0.312221827818207E-01
   0.276178652373507E+02
   0.310099261203756E-01
   0.274049440583150E+02
   0.305837304628379E-01
   0.271836431557194E+02
   0.300332505930706E-01
   0.269346220213234E+02
   0.293323949147398E-01
   0.266420442340174E+02
   0.284644000505264E-01
   0.263145460327892E+02
   0.275873938667101E-01
   0.259807822794258E+02
   0.268248450640660E-01
   0.256746941177837E+02
   0.262202937970254E-01
   0.254244974482990E+02
   0.257276299520096E-01
   0.252569200179861E+02
   0.253282161004258E-01
   0.251928136537936E+02
   0.249231312297293E-01
   0.252525082504679E+02
   0.243798540203366E-01
   0.255171602015403E+02
   0.239380731544853E-01
   0.260170365333176E+02
   0.251339016420680E-01
   0.265667366410035E+02
   0.252275749638568E-01
   0.269702202460421E+02
   0.254460835797230E-01
   0.272349062776271E+02
   0.255726596523965E-01
   0.274688242818475E+02
   0.274707223360963E-01
   0.277682014571910E+02
   0.278465933313298E-01
   0.282469830540160E+02
   0.245678520385834E-01
   0.287598687334588E+02
   0.287400043853019E-01
   0.289937910014796E+02
   0.306285988855423E-01
   0.291718373600608E+02
   0.310898366321753E-01
   0.292721348471369E+02
   0.308497371216622E-01
   0.293178384286110E+02
   0.306957599471506E-01
   0.292902895452523E+02
   0.302361296735931E-01
   0.292192325302384E+02
   0.299190258769905E-01
   0.291152391487234E+02
   0.302067429736881E-01
   0.290362337280785E+02
   0.307762423168767E-01
   0.289234078714490E+02
   0.310674378626012E-01
   0.287912353149057E+02
   0.314044583611178E-01
   0.286451374500910E+02
   0.316899821814552E-01
   0.284614035666751E+02
   0.316234995996124E-01
   0.282576600815523E+02
   0.314903922978003E-01
   0.272753801245320E+02
   0.292791998150649E-01
   0.270899454432008E+02
   0.292604486365029E-01
   0.269115334504142E+02
   0.293168773048364E-01
   0.267376996946093E+02
   0.293458119501633E-01
   0.265561482696486E+02
   0.292255974098174E-01
   0.263426163903935E+02
   0.288452925351929E-01
   0.260759826638439E+02
   0.281156121027635E-01
   0.257613766473688E+02
   0.272104843936354E-01
   0.254254785590451E+02
   0.263316503111579E-01
   0.251027828073168E+02
   0.255890264625590E-01
   0.248260758009475E+02
   0.250105157989691E-01
   0.246230835810923E+02
   0.245819280988241E-01
   0.245157080779292E+02
   0.242315249092326E-01
   0.245294284474780E+02
   0.238853063081595E-01
   0.247306962778112E+02
   0.237223043109026E-01
   0.251512447532362E+02
   0.245935311825001E-01
   0.255814231491922E+02
   0.246407450441740E-01
   0.258825413813511E+02
   0.245038975535895E-01
   0.260867159396330E+02
   0.244610883821974E-01
   0.263624245871133E+02
   0.255080351830807E-01
   0.267645129600064E+02
   0.264344213923511E-01
   0.273440015845958E+02
   0.236309991431946E-01
   0.278497173405319E+02
   0.276985428451124E-01
   0.281349261706403E+02
   0.288150333030067E-01
   0.283028787906618E+02
   0.291525978866989E-01
   0.283931607078608E+02
   0.292907645422954E-01
   0.284196367030367E+02
   0.292354279201801E-01
   0.283678312150329E+02
   0.288046690733984E-01
   0.282707089255324E+02
   0.283527281844564E-01
   0.281689543447792E+02
   0.283755972847372E-01
   0.280934995701913E+02
   0.287103142897434E-01
   0.279986689144076E+02
   0.289153524808530E-01
   0.278961818128575E+02
   0.291972881300013E-01
   0.277819024540326E+02
   0.294653566704848E-01
   0.276325993179476E+02
   0.294798844872060E-01
   0.274618539419831E+02
   0.293998418686510E-01
   0.263008465143413E+02
   0.269586504562633E-01
   0.261326428631143E+02
   0.268591758714553E-01
   0.259726431228609E+02
   0.268935778263591E-01
   0.258239919464910E+02
   0.270756049545364E-01
   0.256739576207615E+02
   0.272570655508849E-01
   0.254972711625858E+02
   0.272885321609093E-01
   0.252699949333748E+02
   0.270066603222390E-01
   0.249887663103391E+02
   0.264006307907200E-01
   0.246715569991972E+02
   0.256047467354949E-01
   0.243486178127965E+02
   0.247674762164658E-01
   0.240571943628011E+02
   0.240649706351323E-01
   0.238281938371559E+02
   0.235291934537585E-01
   0.236884941796268E+02
   0.231015573716129E-01
   0.236706916817616E+02
   0.227296509278413E-01
   0.238301012156388E+02
   0.226445631248441E-01
   0.241746584178881E+02
   0.232907912078533E-01
   0.245046706648753E+02
   0.233713147728392E-01
   0.247121865850633E+02
   0.230743772429157E-01
   0.248425365784460E+02
   0.227226399634672E-01
   0.251197197401073E+02
   0.234012692561779E-01
   0.255980851369152E+02
   0.244139958253034E-01
   0.262174820477730E+02
   0.240820497623266E-01
   0.268335809879184E+02
   0.261542750548140E-01
   0.271405757876663E+02
   0.267787167452889E-01
   0.272934397200973E+02
   0.270789702996541E-01
   0.273689774237954E+02
   0.273712591520314E-01
   0.273818465117666E+02
   0.274526252218687E-01
   0.273196103309214E+02
   0.271814109647818E-01
   0.272114272083593E+02
   0.267682948611329E-01
   0.271043978834973E+02
   0.266400984179079E-01
   0.270208528007235E+02
   0.267783182621185E-01
   0.269287761619095E+02
   0.268679987041112E-01
   0.268367576716986E+02
   0.270259609543656E-01
   0.267360818458330E+02
   0.271471700780686E-01
   0.266104759591153E+02
   0.271587951302657E-01
   0.264649966255379E+02
   0.270954057913794E-01
   0.251460009604177E+02
   0.247466368640068E-01
   0.249896912468992E+02
   0.245833483799480E-01
   0.248382629054888E+02
   0.245073661542274E-01
   0.246999663663955E+02
   0.245934690167641E-01
   0.245656736372610E+02
   0.247583925759914E-01
   0.244132700578924E+02
   0.249031788193435E-01
   0.242213415592375E+02
   0.249449520499364E-01
   0.239805144329162E+02
   0.247520624106374E-01
   0.236975406347881E+02
   0.242865913933039E-01
   0.233936582628662E+02
   0.236066313605346E-01
   0.231041171626476E+02
   0.228938310562184E-01
   0.228617550278124E+02
   0.222711883232818E-01
   0.227009906279233E+02
   0.217796278811525E-01
   0.226633723882426E+02
   0.214448181885121E-01
   0.227925587792617E+02
   0.213730414550000E-01
   0.230707155480155E+02
   0.216781112617228E-01
   0.233216035735012E+02
   0.216837784426457E-01
   0.234478566210695E+02
   0.214343367916642E-01
   0.234871114698804E+02
   0.207338638135416E-01
   0.237359324826971E+02
   0.211193883700974E-01
   0.242829373280822E+02
   0.220016697075408E-01
   0.250475205890830E+02
   0.234521614475574E-01
   0.257214584416884E+02
   0.246532106387360E-01
   0.260311367252402E+02
   0.247839748109178E-01
   0.261588527886046E+02
   0.249841037188821E-01
   0.262100892739187E+02
   0.252248301356192E-01
   0.262085527981028E+02
   0.253828993624075E-01
   0.261417330513626E+02
   0.253014276510030E-01
   0.260303727465203E+02
   0.250268011242556E-01
   0.259161549711915E+02
   0.248511464244389E-01
   0.258181221209077E+02
   0.248353430689880E-01
   0.257182543140588E+02
   0.248107997937447E-01
   0.256243067660572E+02
   0.248634507805284E-01
   0.255274965419618E+02
   0.248966233269125E-01
   0.254175411119317E+02
   0.249064972356173E-01
   0.252918424921760E+02
   0.248688560592352E-01
   0.238258616428180E+02
   0.226355190388302E-01
   0.236799178113725E+02
   0.224730614081705E-01
   0.235323412042535E+02
   0.223272835215537E-01
   0.233939555642245E+02
   0.222752515160861E-01
   0.232618555063031E+02
   0.223085890894942E-01
   0.231193864887056E+02
   0.223697867762170E-01
   0.229495077352863E+02
   0.224347875167053E-01
   0.227422097581563E+02
   0.224178307081558E-01
   0.224959974590569E+02
   0.222254341263209E-01
   0.222229411073342E+02
   0.218254260687115E-01
   0.219514111088248E+02
   0.213023755517120E-01
   0.217101936332665E+02
   0.207009063484303E-01
   0.215396065658959E+02
   0.201679005148451E-01
   0.214921953486462E+02
   0.198701293233815E-01
   0.216052432001533E+02
   0.198755854469305E-01
   0.218384495342922E+02
   0.200506316737126E-01
   0.220327617699999E+02
   0.200228923957844E-01
   0.220823166889636E+02
   0.197329402789165E-01
   0.220095403789330E+02
   0.187006898538415E-01
   0.222050613776789E+02
   0.187148499956507E-01
   0.228206145115150E+02
   0.197852392352586E-01
   0.237550584647972E+02
   0.218117124144128E-01
   0.245122108159499E+02
   0.233866848851925E-01
   0.248223647589230E+02
   0.232075457590995E-01
   0.249142829477152E+02
   0.231210870088298E-01
   0.249310878226273E+02
   0.231605239319435E-01
   0.249087308907934E+02
   0.232616198690196E-01
   0.248342235657840E+02
   0.232543119220310E-01
   0.247211498745806E+02
   0.231268762716197E-01
   0.245998207680175E+02
   0.230018857015076E-01
   0.244850850633373E+02
   0.228947170465771E-01
   0.243714572048906E+02
   0.227792920354314E-01
   0.242676675441033E+02
   0.227375162715568E-01
   0.241680869124865E+02
   0.227102549525995E-01
   0.240666897484849E+02
   0.227182696624671E-01
   0.239560383308928E+02
   0.227222313319477E-01
   0.223443212171926E+02
   0.204865943308886E-01
   0.222084403267169E+02
   0.203534077932063E-01
   0.220639873686465E+02
   0.201894334890015E-01
   0.219216100077958E+02
   0.200531051655869E-01
   0.217845406526367E+02
   0.199914954381739E-01
   0.216423765899084E+02
   0.199652013874079E-01
   0.214818050780905E+02
   0.199382316553605E-01
   0.212960382912002E+02
   0.199303999254220E-01
   0.210795494680334E+02
   0.198354850393810E-01
   0.208377473249750E+02
   0.196120307034535E-01
   0.205915000523951E+02
   0.192823363291510E-01
   0.203629347554644E+02
   0.187973129712912E-01
   0.201922409477413E+02
   0.182721210593096E-01
   0.201425566113540E+02
   0.180459805059157E-01
   0.202527256373651E+02
   0.182354693227766E-01
   0.204682496653511E+02
   0.185522842533617E-01
   0.206334624588583E+02
   0.186442157642350E-01
   0.206132085728318E+02
   0.182698777255973E-01
   0.203960698704527E+02
   0.166258700545332E-01
   0.205157345860251E+02
   0.159979262699339E-01
   0.211933839238446E+02
   0.175323363512441E-01
   0.223307040724454E+02
   0.210697586255430E-01
   0.231893040230389E+02
   0.230648831861330E-01
   0.235049593307107E+02
   0.224731758819299E-01
   0.235561757498152E+02
   0.218158928312105E-01
   0.235342898284062E+02
   0.214831447990852E-01
   0.234861736235528E+02
   0.213799966455958E-01
   0.233971419716487E+02
   0.212727772833194E-01
   0.232779121768586E+02
   0.211426265554408E-01
   0.231472602226090E+02
   0.210457119134130E-01
   0.230157885343349E+02
   0.209004361710508E-01
   0.228863259939710E+02
   0.207252364683786E-01
   0.227686170619611E+02
   0.206106705577339E-01
   0.226616221137918E+02
   0.205419371123969E-01
   0.225624225548303E+02
   0.205290465791445E-01
   0.224614160026590E+02
   0.205400151126041E-01
   0.206937092195167E+02
   0.187063899126086E-01
   0.205674734389952E+02
   0.185729753386676E-01
   0.204275060133532E+02
   0.183994000502849E-01
   0.202824163227340E+02
   0.182283075397417E-01
   0.201385736946498E+02
   0.180962562266780E-01
   0.199922558099518E+02
   0.179981370682289E-01
   0.198337174402041E+02
   0.178894201367564E-01
   0.196587216079372E+02
   0.178071858701838E-01
   0.194623140826795E+02
   0.177109866340949E-01
   0.192452036429102E+02
   0.175717592839269E-01
   0.190224740758199E+02
   0.174516075606031E-01
   0.188109922908590E+02
   0.172746073539264E-01
   0.186457794988853E+02
   0.169962478326398E-01
   0.185934013005384E+02
   0.168632311431225E-01
   0.187052606935880E+02
   0.171095196261904E-01
   0.189297879774617E+02
   0.176080951904965E-01
   0.191009755612818E+02
   0.178818245843651E-01
   0.190362582901724E+02
   0.175184994358189E-01
   0.186359376322679E+02
   0.135703942046490E-01
   0.186760044006641E+02
   0.128593322426632E-01
   0.193779890327445E+02
   0.146910707310634E-01
   0.206777861557654E+02
   0.200950775532024E-01
   0.216498071898402E+02
   0.228914572805143E-01
   0.220129605340071E+02
   0.226808239007397E-01
   0.220489128238852E+02
   0.217333875919701E-01
   0.219949909972040E+02
   0.210751390978660E-01
   0.219209865256222E+02
   0.206993206871825E-01
   0.218098394184953E+02
   0.203450928874276E-01
   0.216785468869652E+02
   0.200293722360404E-01
   0.215354194503609E+02
   0.197520149731897E-01
   0.213894225417318E+02
   0.194813409809367E-01
   0.212470314744237E+02
   0.192128155228252E-01
   0.211158425481885E+02
   0.190103379402282E-01
   0.209990694082198E+02
   0.188711666378674E-01
   0.208973507556647E+02
   0.188056304152844E-01
   0.208007443755423E+02
   0.187739877620960E-01
   0.188523923368499E+02
   0.174329920933963E-01
   0.187330933685357E+02
   0.173265825831607E-01
   0.185970580282618E+02
   0.171853931710562E-01
   0.184500333265922E+02
   0.169954594547511E-01
   0.183006752006858E+02
   0.168201692591528E-01
   0.181503123606705E+02
   0.166767502057431E-01
   0.179926650277936E+02
   0.165438304810665E-01
   0.178245144728659E+02
   0.164275757915835E-01
   0.176428734216462E+02
   0.163471126302118E-01
   0.174454363824800E+02
   0.162452832581849E-01
   0.172420307341588E+02
   0.161379162503598E-01
   0.170476736334524E+02
   0.160071191293699E-01
   0.168926086961790E+02
   0.157969125665355E-01
   0.168390761371289E+02
   0.156610650479108E-01
   0.169489567104267E+02
   0.158457462270784E-01
   0.171937263812224E+02
   0.164725024469926E-01
   0.174022038499833E+02
   0.171047748094480E-01
   0.173411851439082E+02
   0.169323005093075E-01
   0.167889119706737E+02
   0.124821593194345E-01
   0.167394565827176E+02
   0.114519121022688E-01
   0.173818575169804E+02
   0.126363938642134E-01
   0.187382633566248E+02
   0.188324447655201E-01
   0.197345136969906E+02
   0.214724395600836E-01
   0.201714263850526E+02
   0.219077770533530E-01
   0.202629564994959E+02
   0.213310211974367E-01
   0.202314976390760E+02
   0.207872515783134E-01
   0.201598833367332E+02
   0.203180834038349E-01
   0.200411427514982E+02
   0.197649560459214E-01
   0.199019690381131E+02
   0.192854338024864E-01
   0.197455773506495E+02
   0.188375299997429E-01
   0.195855976092780E+02
   0.184522853958590E-01
   0.194333024764186E+02
   0.181380615956556E-01
   0.192900953417101E+02
   0.178811385899679E-01
   0.191613662224153E+02
   0.176736534454759E-01
   0.190517881870083E+02
   0.175458792442621E-01
   0.189536042505965E+02
   0.174834675903253E-01
   0.168185107719925E+02
   0.163400462715595E-01
   0.167015757562040E+02
   0.162158050205371E-01
   0.165670239124779E+02
   0.160619761823054E-01
   0.164202010872206E+02
   0.158775066192214E-01
   0.162681377564836E+02
   0.156932192915988E-01
   0.161161028936721E+02
   0.155411233665880E-01
   0.159608002322878E+02
   0.154069987297651E-01
   0.158005725686098E+02
   0.152891051878459E-01
   0.156330642843707E+02
   0.151904393247392E-01
   0.154569031348259E+02
   0.151013935206655E-01
   0.152777301471864E+02
   0.150175972885765E-01
   0.151074555998843E+02
   0.149185078503524E-01
   0.149713045886764E+02
   0.147823833999637E-01
   0.149208708496171E+02
   0.146956103368061E-01
   0.150182058130127E+02
   0.148216024972713E-01
   0.152648595540740E+02
   0.153781276697496E-01
   0.155075391348769E+02
   0.162407240485997E-01
   0.155111325543201E+02
   0.167386503483435E-01
   0.148978349660511E+02
   0.121136438812508E-01
   0.147776000140501E+02
   0.111832763085422E-01
   0.152741425489368E+02
   0.119758351112255E-01
   0.164284248187167E+02
   0.161340890951078E-01
   0.173132044524331E+02
   0.180829154824373E-01
   0.177991443640707E+02
   0.190267932506231E-01
   0.179957865689794E+02
   0.191433729258557E-01
   0.180557417778705E+02
   0.191452339998047E-01
   0.180544134083033E+02
   0.190928781154896E-01
   0.179861974902272E+02
   0.187801620026665E-01
   0.178797894842631E+02
   0.184378199628040E-01
   0.177378032495103E+02
   0.180173911972215E-01
   0.175804917130769E+02
   0.176028990872288E-01
   0.174240211024818E+02
   0.172554676729599E-01
   0.172745652261081E+02
   0.169616927846282E-01
   0.171391707718711E+02
   0.167191470689086E-01
   0.170225509100988E+02
   0.165449590383017E-01
   0.169186732048385E+02
   0.164191777212459E-01
   0.145567247217751E+02
   0.152011605162520E-01
   0.144443037195586E+02
   0.150775071589343E-01
   0.143137755246059E+02
   0.149275020815767E-01
   0.141699671797117E+02
   0.147452376834258E-01
   0.140168635232252E+02
   0.145350063786702E-01
   0.138679632324250E+02
   0.143890696574495E-01
   0.137195313502912E+02
   0.142692722356262E-01
   0.135718456658258E+02
   0.141803672745738E-01
   0.134231756374293E+02
   0.141049566099387E-01
   0.132730879383475E+02
   0.140602764721806E-01
   0.131234444136775E+02
   0.140180342599872E-01
   0.129836666085237E+02
   0.139680293351222E-01
   0.128729755220240E+02
   0.139008600954495E-01
   0.128285034287427E+02
   0.138441221687804E-01
   0.129017397212011E+02
   0.139217465545481E-01
   0.131090496463019E+02
   0.143028038618642E-01
   0.133437274170408E+02
   0.150297562453493E-01
   0.134225181539724E+02
   0.159935688692610E-01
   0.129963861774855E+02
   0.134524504693534E-01
   0.128361325284403E+02
   0.128637165487547E-01
   0.130774473467432E+02
   0.124126469307759E-01
   0.137546596615719E+02
   0.132754767537377E-01
   0.143868139804432E+02
   0.139179282968399E-01
   0.148514999819467E+02
   0.147286295529761E-01
   0.151386764271767E+02
   0.153162001857091E-01
   0.153086881355221E+02
   0.157894613900022E-01
   0.154174895431750E+02
   0.162457007152113E-01
   0.154531771970156E+02
   0.164782973853489E-01
   0.154301105755588E+02
   0.165535490000689E-01
   0.153493714570133E+02
   0.164313758782049E-01
   0.152361129991041E+02
   0.162075304308985E-01
   0.151090853268123E+02
   0.159741691841647E-01
   0.149796201635386E+02
   0.157430954368766E-01
   0.148583501096347E+02
   0.155478003548597E-01
   0.147519661778378E+02
   0.154100473071684E-01
   0.146545735003685E+02
   0.152990912988630E-01
   0.118951351133122E+02
   0.134529045955508E-01
   0.118002427390524E+02
   0.133973724192259E-01
   0.116843723390094E+02
   0.132851208255415E-01
   0.115608917569705E+02
   0.131756625319642E-01
   0.114302628885132E+02
   0.130556676712612E-01
   0.112993201654277E+02
   0.129584774289689E-01
   0.111700087954294E+02
   0.128848843741692E-01
   0.110433390938900E+02
   0.128382249505812E-01
   0.109181498479386E+02
   0.128047239328710E-01
   0.107944309406678E+02
   0.127836141441912E-01
   0.106745116335529E+02
   0.127614593291439E-01
   0.105655977065297E+02
   0.127279208270923E-01
   0.104803611653654E+02
   0.126824872658047E-01
   0.104415042278177E+02
   0.126316852779203E-01
   0.104851167080649E+02
   0.126625422802154E-01
   0.106133249172659E+02
   0.128446939237106E-01
   0.107745321490612E+02
   0.132432142859616E-01
   0.108262682364810E+02
   0.137072219303932E-01
   0.105997816503259E+02
   0.127765391889904E-01
   0.104411094342990E+02
   0.120484025208540E-01
   0.104962954192871E+02
   0.113879166720572E-01
   0.108017521439212E+02
   0.112279790338424E-01
   0.111811459422816E+02
   0.113050029096736E-01
   0.115404390121736E+02
   0.116871297874297E-01
   0.118249226065629E+02
   0.120962119743358E-01
   0.120433596381858E+02
   0.125012425770003E-01
   0.122199939087084E+02
   0.129731506831830E-01
   0.123402629416077E+02
   0.133715897296458E-01
   0.124032272456363E+02
   0.136586770895906E-01
   0.124051376732354E+02
   0.137771400869730E-01
   0.123614267680754E+02
   0.137682512704628E-01
   0.122911650754761E+02
   0.137006576959918E-01
   0.122081908433743E+02
   0.136143477941629E-01
   0.121228533888205E+02
   0.135333530511982E-01
   0.120470992383803E+02
   0.135007977100618E-01
   0.119739580633447E+02
   0.134776780363023E-01
   0.860695072103967E+01
   0.108790868955672E-01
   0.854126492638941E+01
   0.108843275253657E-01
   0.846288194453559E+01
   0.108695969486949E-01
   0.837298712180123E+01
   0.108411449810766E-01
   0.827327085165286E+01
   0.107929679595993E-01
   0.816843513764186E+01
   0.107354940793709E-01
   0.806262417237924E+01
   0.106829095812562E-01
   0.795811584350009E+01
   0.106454887975075E-01
   0.785502621763891E+01
   0.106193929793567E-01
   0.775416457187262E+01
   0.105918234179942E-01
   0.765995898464155E+01
   0.105574341849997E-01
   0.757820511257655E+01
   0.105142330170575E-01
   0.751684486657033E+01
   0.104705341850631E-01
   0.748480320795805E+01
   0.104216875811703E-01
   0.749570193602019E+01
   0.104003551676792E-01
   0.755224113795867E+01
   0.104705130196764E-01
   0.763188065283334E+01
   0.107061345855465E-01
   0.765740473232837E+01
   0.109515445830370E-01
   0.754701537555824E+01
   0.105796517658997E-01
   0.742631764652691E+01
   0.100890352816872E-01
   0.739217526537326E+01
   0.963912921174458E-02
   0.749052364427618E+01
   0.936507545493262E-02
   0.767423225060071E+01
   0.925527210757612E-02
   0.789237945851680E+01
   0.929588172076013E-02
   0.810343239268052E+01
   0.940318525178547E-02
   0.829480339205150E+01
   0.955141663708186E-02
   0.846784294855161E+01
   0.978135381037890E-02
   0.861357825736055E+01
   0.100668229102756E-01
   0.872101353040309E+01
   0.103446381508066E-01
   0.878180569013791E+01
   0.105371295242721E-01
   0.880244199703640E+01
   0.106458885099465E-01
   0.879437630628939E+01
   0.107013344258300E-01
   0.876855118281729E+01
   0.107282522548988E-01
   0.873500448662330E+01
   0.107587405839548E-01
   0.869914614107447E+01
   0.108010303769364E-01
   0.865815160294606E+01
   0.108463462303467E-01
   0.445204748392199E+01
   0.774762187040174E-02
   0.441529838083500E+01
   0.777818084054780E-02
   0.436564919116965E+01
   0.778074125200368E-02
   0.430417744232532E+01
   0.775921644595649E-02
   0.423312262735799E+01
   0.771930468037422E-02
   0.415500268918835E+01
   0.766244827139985E-02
   0.407100392255627E+01
   0.759702789770200E-02
   0.398454075110912E+01
   0.753835498621158E-02
   0.389612980067032E+01
   0.748197218663715E-02
   0.380850488714635E+01
   0.742304096930761E-02
   0.373683453537688E+01
   0.737910138281770E-02
   0.368090552375595E+01
   0.734728370702651E-02
   0.363977451968638E+01
   0.732655723518421E-02
   0.361578727797773E+01
   0.732114396804353E-02
   0.361003779582068E+01
   0.733830213759778E-02
   0.362128218908981E+01
   0.740273842681216E-02
   0.364333298516133E+01
   0.754107529229465E-02
   0.364940163043080E+01
   0.769493368811213E-02
   0.361769126505060E+01
   0.771967766656201E-02
   0.357093498917302E+01
   0.760354821495805E-02
   0.354500912557144E+01
   0.740213997564114E-02
   0.356184536212291E+01
   0.717628215050056E-02
   0.362371120729711E+01
   0.698423782913957E-02
   0.372151384135702E+01
   0.685980348521587E-02
   0.384184987157859E+01
   0.681774423454725E-02
   0.397384382714100E+01
   0.686288605916609E-02
   0.410777377577216E+01
   0.697973548954078E-02
   0.423226965135534E+01
   0.713936507208747E-02
   0.433703828527436E+01
   0.730882136416765E-02
   0.441460063679331E+01
   0.744866646015481E-02
   0.446366167165994E+01
   0.753508134285073E-02
   0.448913775728053E+01
   0.757760183817393E-02
   0.449856610570932E+01
   0.760078293997326E-02
   0.449828057387984E+01
   0.762740589585512E-02
   0.449106161391392E+01
   0.766112384160048E-02
   0.447642569735294E+01
   0.770212768478585E-02
  -0.748263069588743E+00
   0.533703263579727E-02
  -0.762713288967787E+00
   0.534136846540006E-02
  -0.783734460917285E+00
   0.534310301749154E-02
  -0.811450769810149E+00
   0.534110087889180E-02
  -0.844646320209901E+00
   0.533631332867524E-02
  -0.882124260027547E+00
   0.532951643669034E-02
  -0.922761022163630E+00
   0.532142639364592E-02
  -0.965486284502708E+00
   0.531251915717660E-02
  -0.100905526799143E+01
   0.530291520572123E-02
  -0.105165672216122E+01
   0.529321661358159E-02
  -0.109102250895503E+01
   0.528475438067989E-02
  -0.112705848506430E+01
   0.527630596640547E-02
  -0.116004113263639E+01
   0.526676627851224E-02
  -0.119028945270283E+01
   0.525561127885800E-02
  -0.121796292339579E+01
   0.524334405811550E-02
  -0.124310902180194E+01
   0.523147095658875E-02
  -0.126626560898873E+01
   0.522052669276664E-02
  -0.128557745843576E+01
   0.521186646942044E-02
  -0.130154224691607E+01
   0.519922147279647E-02
  -0.131365394325629E+01
   0.517769564353786E-02
  -0.131631481045810E+01
   0.515199546373482E-02
  -0.130494869637156E+01
   0.512821015023540E-02
  -0.127729961113138E+01
   0.511216731870412E-02
  -0.123381607817417E+01
   0.510765653755503E-02
  -0.117729732235411E+01
   0.511583366878210E-02
  -0.111227149035326E+01
   0.513515365409464E-02
  -0.104432476204399E+01
   0.516158685713355E-02
  -0.978774643614852E+00
   0.519044853768072E-02
  -0.919557660837895E+00
   0.521797343604265E-02
  -0.869054522493512E+00
   0.524153084989586E-02
  -0.828054335196071E+00
   0.526028082679158E-02
  -0.796006745083710E+00
   0.527547755389507E-02
  -0.771888277035064E+00
   0.528911771779274E-02
  -0.754951488294332E+00
   0.530255366199117E-02
  -0.745066050647317E+00
   0.531575930031431E-02
  -0.742605146380825E+00
   0.532779539345648E-02
