   0.198209151235460E+01
   0.416402951434947E-02
   0.882874061942858E+00
   0.397634751878404E-02
   0.165253574360534E+00
   0.383381356019721E-02
  -0.247286293523590E+00
   0.373052003001680E-02
  -0.333992332578301E+00
   0.366647625808516E-02
   0.359176787195513E-01
   0.364634545621396E-02
  -0.450748335901972E+00
   0.368972908834925E-02
  -0.418086246997977E+00
   0.378361729627433E-02
   0.109478556535426E+00
   0.392899398423484E-02
   0.113232316284211E+01
   0.412733721172277E-02
   0.265881814512493E+01
   0.437879394981777E-02
   0.491574981540281E+01
   0.467567300485746E-02
   0.816315069911093E+01
   0.500666412808011E-02
   0.110140837706222E+02
   0.535310923925969E-02
   0.135834763972310E+02
   0.569603253857357E-02
   0.158956985703313E+02
   0.602008843125762E-02
   0.178588407957481E+02
   0.631441731938274E-02
   0.194511346637015E+02
   0.657211021270797E-02
   0.206891454343189E+02
   0.678927345613415E-02
   0.216079095543140E+02
   0.696601988965407E-02
   0.222476318773350E+02
   0.710624173469152E-02
   0.226432666344122E+02
   0.721248581665876E-02
   0.228158450540356E+02
   0.728439519631864E-02
   0.227663673808641E+02
   0.731851098462120E-02
   0.224759531988475E+02
   0.730849529748751E-02
   0.219112195077668E+02
   0.724833074167782E-02
   0.210273763757832E+02
   0.713512933474565E-02
   0.197675715055121E+02
   0.696702592339858E-02
   0.180600852532451E+02
   0.674282073593498E-02
   0.158158893456682E+02
   0.646406032041652E-02
   0.129292939112081E+02
   0.613747747416327E-02
   0.928147489971111E+01
   0.577613980644579E-02
   0.645163346837043E+01
   0.539951466520716E-02
   0.437764362563085E+01
   0.503139847423241E-02
   0.297373465963945E+01
   0.469433437097148E-02
   0.218255354701046E+01
   0.440351221131184E-02
   0.494811300690320E+01
   0.523755421620158E-02
   0.553342391035341E+01
   0.504562600747924E-02
   0.532146346107591E+01
   0.487430913200745E-02
   0.450173897586410E+01
   0.469832034601884E-02
   0.292270472061333E+01
   0.456419414375857E-02
   0.219654604284453E+01
   0.450104994101429E-02
   0.196037146915301E+01
   0.450368208357592E-02
   0.218543520247905E+01
   0.457846364960193E-02
   0.292391576222164E+01
   0.471358835498581E-02
   0.435261361460569E+01
   0.489215692618550E-02
   0.461163968216307E+01
   0.514257037125090E-02
   0.548389241912322E+01
   0.544080504956274E-02
   0.705159231857065E+01
   0.589076635362192E-02
   0.922061540744121E+01
   0.641092425109141E-02
   0.121168260917464E+02
   0.691380682034749E-02
   0.160696604534868E+02
   0.737844100411791E-02
   0.187757796052395E+02
   0.779576891003938E-02
   0.205756084565460E+02
   0.815023129778128E-02
   0.217184931181269E+02
   0.840357032495606E-02
   0.224004517854108E+02
   0.854862709661582E-02
   0.227904563214316E+02
   0.867276779061146E-02
   0.230319369347362E+02
   0.880471996677666E-02
   0.232223513925766E+02
   0.894776473213629E-02
   0.233619711127193E+02
   0.909429256728620E-02
   0.233660592732206E+02
   0.918169652446741E-02
   0.231589655607868E+02
   0.915682204261463E-02
   0.226947388357825E+02
   0.905918526180196E-02
   0.219383833943243E+02
   0.890208054560195E-02
   0.208330984963184E+02
   0.866565774012365E-02
   0.192649205325851E+02
   0.832669654524567E-02
   0.170667159652275E+02
   0.787962961917969E-02
   0.140672011621651E+02
   0.735096872354061E-02
   0.101298457235777E+02
   0.676416202650636E-02
   0.758162932294885E+01
   0.621009667212399E-02
   0.600968099305481E+01
   0.577203934598165E-02
   0.515772909640109E+01
   0.546742527379104E-02
   0.743565551098977E+01
   0.690518365860981E-02
   0.706301482488133E+01
   0.671588376372146E-02
   0.657684221651264E+01
   0.651276428566371E-02
   0.591719589849415E+01
   0.615963864241607E-02
   0.519600682341889E+01
   0.582785873268843E-02
   0.477177801763978E+01
   0.575164234922159E-02
   0.464355644696816E+01
   0.581204923622652E-02
   0.482478874070331E+01
   0.597346665301930E-02
   0.531872634620928E+01
   0.618609205897382E-02
   0.618979345131672E+01
   0.644435816976100E-02
   0.757366577023549E+01
   0.665374802681137E-02
   0.793291594738082E+01
   0.646141054742838E-02
   0.950386138735482E+01
   0.701971638012566E-02
   0.116472004844512E+02
   0.767706606515041E-02
   0.143705409511244E+02
   0.814702523576741E-02
   0.180822756548285E+02
   0.861712938182812E-02
   0.203984508204354E+02
   0.912224020341752E-02
   0.217788287433777E+02
   0.965124798749888E-02
   0.224808558874983E+02
   0.995574668436042E-02
   0.227066632084725E+02
   0.982594864994293E-02
   0.226733045847335E+02
   0.986290079774729E-02
   0.226253380088954E+02
   0.100067933351313E-01
   0.228276213586909E+02
   0.102174033328001E-01
   0.232495108357490E+02
   0.106168139655804E-01
   0.235385995742987E+02
   0.109125612368275E-01
   0.235489126786976E+02
   0.107740239721257E-01
   0.232745851622190E+02
   0.106286129521577E-01
   0.227686955869478E+02
   0.105174130306583E-01
   0.220684039960471E+02
   0.103202077324459E-01
   0.210343569770842E+02
   0.994673651439665E-02
   0.193398563596939E+02
   0.937358922954224E-02
   0.166813403701557E+02
   0.879842628661079E-02
   0.127604699150843E+02
   0.807126250482739E-02
   0.103134263532967E+02
   0.748851708793857E-02
   0.887265024958877E+01
   0.720345217841466E-02
   0.799839244390183E+01
   0.710092121047553E-02
   0.102234366271093E+02
   0.900980765644760E-02
   0.966779440459270E+01
   0.868327510058314E-02
   0.910011693992424E+01
   0.834410039861744E-02
   0.850804371481519E+01
   0.800455015489048E-02
   0.793553147005132E+01
   0.762273036222336E-02
   0.755832917318271E+01
   0.744689887926145E-02
   0.741026231855532E+01
   0.748432043254059E-02
   0.747338032834448E+01
   0.760187194754793E-02
   0.773499059988825E+01
   0.771003672257447E-02
   0.821404342135866E+01
   0.770746438277188E-02
   0.896502908308357E+01
   0.775273856363074E-02
   0.100849705803635E+02
   0.751391328345139E-02
   0.128831269154419E+02
   0.831315492128599E-02
   0.153287109520599E+02
   0.868920370955639E-02
   0.177267004762359E+02
   0.894762448159902E-02
   0.200898503272220E+02
   0.932567765108860E-02
   0.217595009229811E+02
   0.979702100048461E-02
   0.226608943598097E+02
   0.102545312059143E-01
   0.229153840117351E+02
   0.105141590846292E-01
   0.226659093857119E+02
   0.105659108484082E-01
   0.221173982786468E+02
   0.106879414443936E-01
   0.215950681465892E+02
   0.107661800264082E-01
   0.218423909401501E+02
   0.109526314790547E-01
   0.228317068521982E+02
   0.117783146159759E-01
   0.234447597926076E+02
   0.120352395401871E-01
   0.235855095601628E+02
   0.117736781775268E-01
   0.233394903469488E+02
   0.118960668993146E-01
   0.228987212164950E+02
   0.116185828366162E-01
   0.225476238070479E+02
   0.113790255759726E-01
   0.221404125402141E+02
   0.111082970806921E-01
   0.210082009490080E+02
   0.106776801038890E-01
   0.187671658445432E+02
   0.101659211226676E-01
   0.151231653960566E+02
   0.963690251997302E-02
   0.129343210082176E+02
   0.932099570113860E-02
   0.116668542407788E+02
   0.924239083109982E-02
   0.108470409997060E+02
   0.916188416157849E-02
   0.127423642718586E+02
   0.111804546995221E-01
   0.121447301301179E+02
   0.106857197358803E-01
   0.115630156387322E+02
   0.101627353487688E-01
   0.110190531487161E+02
   0.974996320961290E-02
   0.105305353961410E+02
   0.938441363827478E-02
   0.101704598440986E+02
   0.914487271595849E-02
   0.996748822968993E+01
   0.905744293589115E-02
   0.991471470344819E+01
   0.904391810509265E-02
   0.100051011871519E+02
   0.901324517741307E-02
   0.102668375721717E+02
   0.892198350950812E-02
   0.107747303758468E+02
   0.868946222544313E-02
   0.118297757824685E+02
   0.853233328496976E-02
   0.145183863380645E+02
   0.924646569311968E-02
   0.170938303352300E+02
   0.941398149152218E-02
   0.193438432705971E+02
   0.955142826225302E-02
   0.213363797249836E+02
   0.992512865540900E-02
   0.226765587845416E+02
   0.104766503407638E-01
   0.232004163536496E+02
   0.109850898980687E-01
   0.230685491475784E+02
   0.111680082718248E-01
   0.223581807770439E+02
   0.111165099101198E-01
   0.212282001946144E+02
   0.113660802012584E-01
   0.198709030407981E+02
   0.112130725269103E-01
   0.201744192773702E+02
   0.116374803689444E-01
   0.223018926463877E+02
   0.127341708442493E-01
   0.232060635727825E+02
   0.124925124265670E-01
   0.233850533532355E+02
   0.126168873339169E-01
   0.230120523994475E+02
   0.127969097682380E-01
   0.224133885995900E+02
   0.124575875795340E-01
   0.223814418326022E+02
   0.120243014910344E-01
   0.228306871463436E+02
   0.118877940288520E-01
   0.222992366281825E+02
   0.115233561680265E-01
   0.204679301055011E+02
   0.111984646127633E-01
   0.171036303530384E+02
   0.110685328919011E-01
   0.151807446336621E+02
   0.109881354971825E-01
   0.140935908791889E+02
   0.112985199664015E-01
   0.133629110488264E+02
   0.114366462537084E-01
   0.148830613661588E+02
   0.129892284262655E-01
   0.142853204201456E+02
   0.122908567720895E-01
   0.137276438341588E+02
   0.116511926404150E-01
   0.132369460690512E+02
   0.112061906300890E-01
   0.128140736505069E+02
   0.108835433720441E-01
   0.124792666606870E+02
   0.106337986616398E-01
   0.122455085986452E+02
   0.104512305094604E-01
   0.121141990928887E+02
   0.103153849820500E-01
   0.120911121881121E+02
   0.101808276506633E-01
   0.122137898128173E+02
   0.100800486012070E-01
   0.125495393723845E+02
   0.994816187505060E-02
   0.133092597505554E+02
   0.965176480491116E-02
   0.150730517434883E+02
   0.976820833590982E-02
   0.179576636569971E+02
   0.101229618965692E-01
   0.201223799965437E+02
   0.101809473444742E-01
   0.220684643555212E+02
   0.106367408977229E-01
   0.232670952474004E+02
   0.113202655652658E-01
   0.234462462492314E+02
   0.118666613544444E-01
   0.229915423689626E+02
   0.117889138051821E-01
   0.218568353871721E+02
   0.119062490043977E-01
   0.201812017278794E+02
   0.120382766136022E-01
   0.193426378093229E+02
   0.120388813106248E-01
   0.197336418707425E+02
   0.123072054691765E-01
   0.219709241016561E+02
   0.131136005450510E-01
   0.228883840526410E+02
   0.130398039847479E-01
   0.230186228841288E+02
   0.133857532329146E-01
   0.223893621227739E+02
   0.133905501607453E-01
   0.213036287254197E+02
   0.129368114511650E-01
   0.215491773380675E+02
   0.123817217483367E-01
   0.233028698971795E+02
   0.123329880117589E-01
   0.233474102173552E+02
   0.121565579426697E-01
   0.218804630616508E+02
   0.120492520146494E-01
   0.187660456370866E+02
   0.124807337332018E-01
   0.170927484037045E+02
   0.128003073173436E-01
   0.161641726289984E+02
   0.134335815863272E-01
   0.154951253737636E+02
   0.134571796931854E-01
   0.166516839876614E+02
   0.142386826667205E-01
   0.160822878421778E+02
   0.134343142126418E-01
   0.155749378699103E+02
   0.128066442955452E-01
   0.151454526808983E+02
   0.124143326755516E-01
   0.147809289944863E+02
   0.121512222840290E-01
   0.144774827275195E+02
   0.119230902568385E-01
   0.142359797151099E+02
   0.116967628561295E-01
   0.140608260062747E+02
   0.114857904985239E-01
   0.139673841897166E+02
   0.113186952120762E-01
   0.139957036375296E+02
   0.112681235900028E-01
   0.141946943209282E+02
   0.112397963168086E-01
   0.146944038552916E+02
   0.108958006686881E-01
   0.158754787294078E+02
   0.104004803302877E-01
   0.183355247758184E+02
   0.104946739831875E-01
   0.203086934640503E+02
   0.108094537844919E-01
   0.224272961750937E+02
   0.112115922782048E-01
   0.236220711385507E+02
   0.123303727428428E-01
   0.233983590728077E+02
   0.129698568810691E-01
   0.227011534114411E+02
   0.127259159505471E-01
   0.211654361418252E+02
   0.128209486419776E-01
   0.200716591040870E+02
   0.131508075989438E-01
   0.195597123383650E+02
   0.133078602967175E-01
   0.198705103718189E+02
   0.130875916487608E-01
   0.216572771109325E+02
   0.134506427171208E-01
   0.224271886959447E+02
   0.136244182332104E-01
   0.225078056550657E+02
   0.137520732367476E-01
   0.215628877940476E+02
   0.138061127440160E-01
   0.210382640937940E+02
   0.134187872549828E-01
   0.215460569207922E+02
   0.128982210294885E-01
   0.237781934605331E+02
   0.123712614626250E-01
   0.242083721685624E+02
   0.125136832546038E-01
   0.230447305965017E+02
   0.127824339062496E-01
   0.201632320079930E+02
   0.138641321835948E-01
   0.187138194986160E+02
   0.147905213216536E-01
   0.178837300007330E+02
   0.152904707058370E-01
   0.172487638620298E+02
   0.149512683326972E-01
   0.181007943737807E+02
   0.151365665344298E-01
   0.175855765154958E+02
   0.144757954141724E-01
   0.171417761951482E+02
   0.140255288634690E-01
   0.167722021073127E+02
   0.137694549308938E-01
   0.164569409499960E+02
   0.135422609863493E-01
   0.161853016425173E+02
   0.133093613898446E-01
   0.159505223509436E+02
   0.130400018557769E-01
   0.157556070133418E+02
   0.127681355909001E-01
   0.156178649397476E+02
   0.125519085463482E-01
   0.155740802924748E+02
   0.124993746285633E-01
   0.156602513802465E+02
   0.125071730845542E-01
   0.159512926015107E+02
   0.120867925630824E-01
   0.166937350873560E+02
   0.113581283476795E-01
   0.182571855478762E+02
   0.109403785538889E-01
   0.199363890279690E+02
   0.115867525402706E-01
   0.225078350582354E+02
   0.118977064825577E-01
   0.238353599387894E+02
   0.133932343083645E-01
   0.230241601633861E+02
   0.144176346149171E-01
   0.222170306681064E+02
   0.140244658225678E-01
   0.212231427919101E+02
   0.138799158770689E-01
   0.204735765294597E+02
   0.147341757079971E-01
   0.201100332852323E+02
   0.147725731478123E-01
   0.202723236254236E+02
   0.141294827439618E-01
   0.211771215259632E+02
   0.137622320197537E-01
   0.217506083571389E+02
   0.139011329504153E-01
   0.218784833444654E+02
   0.142828715509576E-01
   0.214861169217120E+02
   0.144850688861390E-01
   0.212977951866838E+02
   0.144646115008306E-01
   0.218838793334980E+02
   0.136766834306135E-01
   0.241899456088742E+02
   0.123015181863027E-01
   0.248858500870422E+02
   0.128499280148343E-01
   0.239812003805681E+02
   0.135147422951156E-01
   0.213457722158503E+02
   0.154698430015454E-01
   0.200497104592923E+02
   0.164300192184668E-01
   0.192597751416959E+02
   0.162604696808543E-01
   0.186589899695045E+02
   0.158197644746820E-01
   0.192891934959838E+02
   0.162670446538622E-01
   0.188387364752411E+02
   0.158924081394954E-01
   0.184531092481048E+02
   0.156003367347319E-01
   0.181330506117112E+02
   0.154249615321091E-01
   0.178611067344987E+02
   0.152534821351863E-01
   0.176231754773021E+02
   0.150790823860193E-01
   0.174063324454851E+02
   0.148714827007681E-01
   0.172076016484379E+02
   0.146508276598059E-01
   0.170395663671038E+02
   0.144432930045078E-01
   0.169286196908902E+02
   0.142299084439057E-01
   0.169106388399429E+02
   0.139421609093213E-01
   0.170502888596257E+02
   0.132783232723866E-01
   0.175194300470739E+02
   0.125207220706343E-01
   0.186361892483717E+02
   0.119475354570976E-01
   0.199619580790291E+02
   0.119408474757197E-01
   0.223932005174028E+02
   0.119959550147680E-01
   0.240305687391537E+02
   0.140317671806796E-01
   0.232148966668749E+02
   0.158667514185487E-01
   0.223815984418742E+02
   0.153295064038320E-01
   0.217159442435260E+02
   0.148579986454943E-01
   0.210572972660983E+02
   0.158842103308111E-01
   0.207457242825016E+02
   0.157945043876043E-01
   0.208182611631829E+02
   0.151439238029276E-01
   0.213205696752222E+02
   0.148868109435176E-01
   0.217994488704459E+02
   0.148282769441996E-01
   0.219683404263435E+02
   0.152856850734806E-01
   0.218283621429386E+02
   0.155033080825970E-01
   0.217818352198259E+02
   0.154916528674403E-01
   0.223069985696810E+02
   0.144035280368831E-01
   0.244551158334104E+02
   0.125055913853619E-01
   0.253769865180477E+02
   0.133926488457973E-01
   0.247008918169487E+02
   0.143503007670162E-01
   0.223016437610432E+02
   0.169993162207419E-01
   0.210986677709710E+02
   0.173481374157854E-01
   0.203402582077773E+02
   0.168346847365753E-01
   0.197883743316039E+02
   0.166430420442313E-01
   0.202613470765186E+02
   0.174913660911816E-01
   0.198693183883453E+02
   0.172498329196344E-01
   0.195319919803852E+02
   0.170330217593531E-01
   0.192525425926967E+02
   0.168903539381408E-01
   0.190184176101303E+02
   0.167866974774480E-01
   0.188122507497157E+02
   0.166942476442920E-01
   0.186149545924924E+02
   0.165698368998760E-01
   0.184144382887106E+02
   0.163889710837296E-01
   0.182184703126149E+02
   0.161790163089355E-01
   0.180496364268749E+02
   0.158784247447515E-01
   0.179472843548761E+02
   0.154559918362100E-01
   0.179773736472747E+02
   0.147636561990336E-01
   0.182837573251654E+02
   0.136243963823742E-01
   0.192273317661340E+02
   0.130683841806042E-01
   0.201752500969270E+02
   0.129602441016577E-01
   0.220043780206047E+02
   0.124359556474055E-01
   0.242169163656923E+02
   0.144598728133864E-01
   0.236923980180754E+02
   0.168338741113878E-01
   0.228102886442626E+02
   0.170475654121956E-01
   0.224522676116230E+02
   0.156521046318066E-01
   0.216443276866180E+02
   0.169970583121088E-01
   0.213503526099304E+02
   0.167891514810757E-01
   0.213624423413707E+02
   0.164149747525344E-01
   0.216825153396450E+02
   0.160871059095864E-01
   0.221661164425198E+02
   0.160596611091223E-01
   0.223605907591263E+02
   0.165849395299722E-01
   0.223419581077111E+02
   0.166858654640630E-01
   0.223218636628563E+02
   0.164892019199604E-01
   0.226973938197644E+02
   0.152850720575170E-01
   0.244975842574077E+02
   0.133736404113843E-01
   0.256860485773957E+02
   0.142363137025709E-01
   0.252160617504587E+02
   0.153202854235763E-01
   0.230544449650256E+02
   0.184076505038419E-01
   0.219278277393624E+02
   0.184770533985796E-01
   0.212049987110859E+02
   0.177934806609047E-01
   0.206996708889299E+02
   0.176980748988541E-01
   0.210564659445243E+02
   0.186981512014485E-01
   0.207083019509545E+02
   0.184872511613453E-01
   0.204081797227995E+02
   0.183078419523087E-01
   0.201609227485407E+02
   0.181971731314495E-01
   0.199582509508607E+02
   0.181794629647031E-01
   0.197791538442166E+02
   0.181751439016441E-01
   0.195991283266019E+02
   0.181349132270977E-01
   0.193965001651584E+02
   0.179780327866727E-01
   0.191742194873367E+02
   0.177153707313124E-01
   0.189559978912462E+02
   0.172884156631371E-01
   0.187876150162736E+02
   0.167123042510487E-01
   0.187397999663082E+02
   0.159235432739030E-01
   0.189587475694536E+02
   0.148343470674483E-01
   0.199489444405412E+02
   0.141756545118608E-01
   0.205060549510227E+02
   0.148152778166292E-01
   0.219688662410675E+02
   0.134098869900965E-01
   0.244196969703012E+02
   0.146877956524717E-01
   0.244404200733746E+02
   0.169560895547680E-01
   0.232830548391578E+02
   0.185539952365060E-01
   0.226950631825402E+02
   0.173517831900341E-01
   0.221459647453726E+02
   0.181587283885723E-01
   0.219107882559234E+02
   0.180062403383937E-01
   0.218970872391931E+02
   0.175863092944647E-01
   0.221410424082787E+02
   0.170209370448536E-01
   0.227355171208302E+02
   0.166938802171119E-01
   0.229166054217047E+02
   0.178083848208189E-01
   0.229564066254822E+02
   0.177459261480343E-01
   0.229070079955083E+02
   0.175658029086124E-01
   0.230939054687914E+02
   0.164961482014334E-01
   0.242471805001298E+02
   0.153649011798794E-01
   0.258439143399879E+02
   0.154273317491587E-01
   0.255511173137526E+02
   0.165134512162184E-01
   0.236278471213939E+02
   0.198123522761965E-01
   0.225833089323917E+02
   0.196269697130507E-01
   0.219079399933493E+02
   0.189215768307688E-01
   0.214465314798518E+02
   0.188592542512249E-01
   0.216852548728132E+02
   0.197537150097428E-01
   0.213682632628145E+02
   0.195397767418495E-01
   0.210956057549900E+02
   0.193860846588004E-01
   0.208722344525127E+02
   0.193242606748787E-01
   0.206917412853182E+02
   0.193819332896568E-01
   0.205314280024184E+02
   0.194551054395318E-01
   0.203627012321188E+02
   0.194833204343761E-01
   0.201557703569496E+02
   0.193312587449016E-01
   0.199102327994759E+02
   0.189805912027474E-01
   0.196559352366541E+02
   0.184154454821089E-01
   0.194458317650785E+02
   0.176880318332449E-01
   0.193558873125444E+02
   0.168816972171056E-01
   0.195121446370915E+02
   0.161976740818227E-01
   0.201773177557340E+02
   0.157913292340202E-01
   0.208275066649263E+02
   0.165298467871055E-01
   0.221122422311370E+02
   0.150021338655726E-01
   0.245826178425473E+02
   0.153837533813094E-01
   0.248736087810003E+02
   0.169312898358483E-01
   0.237159932784663E+02
   0.191461885127930E-01
   0.230244287369093E+02
   0.186967071277891E-01
   0.225844610163534E+02
   0.188680243764044E-01
   0.224130781579367E+02
   0.191037910177936E-01
   0.224026309321619E+02
   0.186947199743628E-01
   0.226230359027743E+02
   0.179612319919793E-01
   0.234907386442841E+02
   0.166722465997338E-01
   0.235545890683257E+02
   0.181010249750706E-01
   0.236504888831066E+02
   0.182412424101988E-01
   0.235332838196254E+02
   0.187408130870560E-01
   0.235303448506756E+02
   0.179815997736272E-01
   0.242722545895993E+02
   0.169678430107574E-01
   0.258972699450020E+02
   0.164151769947560E-01
   0.257201044419258E+02
   0.177371799147449E-01
   0.240303853916992E+02
   0.210799266485773E-01
   0.230818065747880E+02
   0.206524130105950E-01
   0.224625759974276E+02
   0.199813474791594E-01
   0.220394872712167E+02
   0.199104619225795E-01
   0.221559931988842E+02
   0.206994273414079E-01
   0.218606762260999E+02
   0.204824311378828E-01
   0.216063601534552E+02
   0.203387443527304E-01
   0.213967180169095E+02
   0.202952276837898E-01
   0.212261220293313E+02
   0.203489695590103E-01
   0.210735536214230E+02
   0.204346883049552E-01
   0.209087397458524E+02
   0.204781963029333E-01
   0.206963881009894E+02
   0.203014024057046E-01
   0.204345580470305E+02
   0.198713941452023E-01
   0.201620853524804E+02
   0.192392339240649E-01
   0.199382189371366E+02
   0.185111282856326E-01
   0.198385263360073E+02
   0.179271455220957E-01
   0.199566458102825E+02
   0.175814412785776E-01
   0.204366105572067E+02
   0.168636760594262E-01
   0.211043850879155E+02
   0.173953876383825E-01
   0.223174530816665E+02
   0.169441440592039E-01
   0.246853216466266E+02
   0.168725157663385E-01
   0.251120997747103E+02
   0.172766590591235E-01
   0.241249863255550E+02
   0.188818081065613E-01
   0.233514679895963E+02
   0.199493256470546E-01
   0.229671706069369E+02
   0.198817052518997E-01
   0.228453726356938E+02
   0.201664198316405E-01
   0.228519623044834E+02
   0.198234121475334E-01
   0.230554861715577E+02
   0.191270060111260E-01
   0.238888467754536E+02
   0.173903856328283E-01
   0.242557747987577E+02
   0.182885207637436E-01
   0.244513858752949E+02
   0.180954975625661E-01
   0.241867184216843E+02
   0.194819668399911E-01
   0.239767794360337E+02
   0.195859914912377E-01
   0.244209631536737E+02
   0.184534660011935E-01
   0.258549389855884E+02
   0.171202999812858E-01
   0.257275055299482E+02
   0.187208591962792E-01
   0.242668972491321E+02
   0.216442586000657E-01
   0.234338277168806E+02
   0.213921375882976E-01
   0.228771365811219E+02
   0.209683928720430E-01
   0.224848624743995E+02
   0.208662855457292E-01
   0.224744676064919E+02
   0.215232292238108E-01
   0.221933242179618E+02
   0.213141682933921E-01
   0.219490604483460E+02
   0.211656380344439E-01
   0.217432359864527E+02
   0.210681144450200E-01
   0.215716170889673E+02
   0.210187946100926E-01
   0.214171221562104E+02
   0.210382209746969E-01
   0.212506496421434E+02
   0.210717432687394E-01
   0.210338619597153E+02
   0.209038138570996E-01
   0.207650494541599E+02
   0.204660156822122E-01
   0.204925075766173E+02
   0.199148054409498E-01
   0.202779537946599E+02
   0.193823715425674E-01
   0.201880172266034E+02
   0.190194726437334E-01
   0.202825593685767E+02
   0.186179988764392E-01
   0.206621005626959E+02
   0.179027153872105E-01
   0.213260595064134E+02
   0.183205025383855E-01
   0.224995598519750E+02
   0.188758756411945E-01
   0.247061466029654E+02
   0.178895944629289E-01
   0.251987929706902E+02
   0.173674368953199E-01
   0.245924357045150E+02
   0.180688732997579E-01
   0.236136807265000E+02
   0.205158665385445E-01
   0.232767353327090E+02
   0.209555853411464E-01
   0.231935815569129E+02
   0.211066938565471E-01
   0.232233798903628E+02
   0.208397861237782E-01
   0.234099834864956E+02
   0.205656275112532E-01
   0.239495181203393E+02
   0.188557529840976E-01
   0.245406296239525E+02
   0.188771869764999E-01
   0.248816635503676E+02
   0.185269574613998E-01
   0.248780128269892E+02
   0.193999151978148E-01
   0.243941912345522E+02
   0.211967304726049E-01
   0.245952628060686E+02
   0.200943626792369E-01
   0.257194606861387E+02
   0.180352229830207E-01
   0.255514126423097E+02
   0.198414849734252E-01
   0.243652390789520E+02
   0.221662138701081E-01
   0.236557942395160E+02
   0.221334037026198E-01
   0.231569973764247E+02
   0.218839193493062E-01
   0.227868613836452E+02
   0.217133854247517E-01
   0.226454459027859E+02
   0.221032673290782E-01
   0.223727017286051E+02
   0.219230937862100E-01
   0.221326986240804E+02
   0.217735642079169E-01
   0.219257027133035E+02
   0.216033995269298E-01
   0.217480006979028E+02
   0.214441872265051E-01
   0.215872058687419E+02
   0.214272356487420E-01
   0.214146017245492E+02
   0.214740555520146E-01
   0.211921912916118E+02
   0.213085713961050E-01
   0.209231491914421E+02
   0.208808503837707E-01
   0.206613454011206E+02
   0.204283444394052E-01
   0.204672531745025E+02
   0.200831275140357E-01
   0.203961585927135E+02
   0.198055636071882E-01
   0.204833296686241E+02
   0.192224977335051E-01
   0.208140188556779E+02
   0.185606569257656E-01
   0.214736811681320E+02
   0.191479168910050E-01
   0.226003125707886E+02
   0.200893797314370E-01
   0.246184605288477E+02
   0.179804139098598E-01
   0.251489588934561E+02
   0.173312042598418E-01
   0.247647626993915E+02
   0.177049626869453E-01
   0.237744659964533E+02
   0.207232142438423E-01
   0.234929501372558E+02
   0.216510383599196E-01
   0.234475181187724E+02
   0.218407692419777E-01
   0.235058510689813E+02
   0.216714582178924E-01
   0.236708202081782E+02
   0.215329652591309E-01
   0.240298729690642E+02
   0.197667691656719E-01
   0.244879104991169E+02
   0.196049531899364E-01
   0.250083920837824E+02
   0.191501929967707E-01
   0.252298518713400E+02
   0.195304061560639E-01
   0.247350646068255E+02
   0.224133523679378E-01
   0.247346861596207E+02
   0.218273396715746E-01
   0.254768205043429E+02
   0.193408556633739E-01
   0.251517900064973E+02
   0.214505825323271E-01
   0.243510604764601E+02
   0.226813115532315E-01
   0.237560857095470E+02
   0.227537709866744E-01
   0.233023995428704E+02
   0.225362308288736E-01
   0.229480959439941E+02
   0.223024701494432E-01
   0.226796544644864E+02
   0.220387240997651E-01
   0.224107158814705E+02
   0.218626656960082E-01
   0.221710072744324E+02
   0.216961773072747E-01
   0.219609686634184E+02
   0.215111533054632E-01
   0.217759850076002E+02
   0.213617190326350E-01
   0.216039829334110E+02
   0.213273522264168E-01
   0.214191781361263E+02
   0.213241482164695E-01
   0.211901871011602E+02
   0.211352100342064E-01
   0.209261788441246E+02
   0.207633721366385E-01
   0.206804590567380E+02
   0.204050726676725E-01
   0.205085515577243E+02
   0.201365904228943E-01
   0.204613582066488E+02
   0.199060489179746E-01
   0.205625824095955E+02
   0.193486828760621E-01
   0.208731100070550E+02
   0.187110577087006E-01
   0.215284951754946E+02
   0.195121766366450E-01
   0.225876929889112E+02
   0.203591533002814E-01
   0.244285810758632E+02
   0.176013445186279E-01
   0.249840151407994E+02
   0.172118400224136E-01
   0.247479781265595E+02
   0.175582418263556E-01
   0.238311321691727E+02
   0.207187757217670E-01
   0.236104673130506E+02
   0.221104229594811E-01
   0.236050023694656E+02
   0.225401930106477E-01
   0.236913116174655E+02
   0.223335453594621E-01
   0.238366148136619E+02
   0.220140123653217E-01
   0.240911808949504E+02
   0.206333218104877E-01
   0.244495943957801E+02
   0.202406068524738E-01
   0.248653048825037E+02
   0.203030443074839E-01
   0.253422871598898E+02
   0.199452951992757E-01
   0.249933201773328E+02
   0.226285970853217E-01
   0.247902100997699E+02
   0.229098767315334E-01
   0.250754144892376E+02
   0.209931699032894E-01
   0.248372178881233E+02
   0.222674245747161E-01
   0.242492268652748E+02
   0.228396832915981E-01
   0.237402718494384E+02
   0.228732091746884E-01
   0.233197845282785E+02
   0.225250488489367E-01
   0.229770837578149E+02
   0.222391876293090E-01
   0.226059444696537E+02
   0.210126069857491E-01
   0.223360529354385E+02
   0.207397407282976E-01
   0.220898260641596E+02
   0.204595910811130E-01
   0.218689269528082E+02
   0.201968232327184E-01
   0.216710170660502E+02
   0.200335446878542E-01
   0.214850044847698E+02
   0.199986781441916E-01
   0.212884626518351E+02
   0.200136619059400E-01
   0.210570973307051E+02
   0.199081609763500E-01
   0.208045109296293E+02
   0.197181877320961E-01
   0.205807675991734E+02
   0.195800664453204E-01
   0.204337179426652E+02
   0.194769408239317E-01
   0.204088064366681E+02
   0.193792319739424E-01
   0.205332564127749E+02
   0.191089717298684E-01
   0.208347570876882E+02
   0.184959318175731E-01
   0.214853867549044E+02
   0.195796456557107E-01
   0.224548345382973E+02
   0.201038879179152E-01
   0.241459668181110E+02
   0.173863088116975E-01
   0.247138881312194E+02
   0.172011881449246E-01
   0.245861822253996E+02
   0.174283627234095E-01
   0.237894301474640E+02
   0.212479752213355E-01
   0.236157337826986E+02
   0.223903853911286E-01
   0.236432641175328E+02
   0.228795842982825E-01
   0.237695878408089E+02
   0.228181293615214E-01
   0.239039104577020E+02
   0.223116103360754E-01
   0.241031319428027E+02
   0.213616158220643E-01
   0.244043714216789E+02
   0.213595655686855E-01
   0.247378289726907E+02
   0.213155823832720E-01
   0.252506869995719E+02
   0.206221210981308E-01
   0.252122576441112E+02
   0.216430634814039E-01
   0.247401610611808E+02
   0.230021798333434E-01
   0.247656450394203E+02
   0.217176947552757E-01
   0.245397580101105E+02
   0.222730748310191E-01
   0.240695130509059E+02
   0.223560949216076E-01
   0.236237990216112E+02
   0.221201393076430E-01
   0.232337063368779E+02
   0.216566987873426E-01
   0.229009687041880E+02
   0.212957750952782E-01
   0.224493318489615E+02
   0.196434043875746E-01
   0.221764686096606E+02
   0.193134712312863E-01
   0.219244800000442E+02
   0.190081973144840E-01
   0.216958649580017E+02
   0.187680985599572E-01
   0.214873768883254E+02
   0.186113513773266E-01
   0.212873700857315E+02
   0.185212693288400E-01
   0.210777981913865E+02
   0.184580219736957E-01
   0.208441061428819E+02
   0.183551473948060E-01
   0.206046047394142E+02
   0.182838089303158E-01
   0.204015977035564E+02
   0.182945562691820E-01
   0.202756037569205E+02
   0.183686787156818E-01
   0.202688971041848E+02
   0.185313518079000E-01
   0.204104880269750E+02
   0.186744995272818E-01
   0.207045872830215E+02
   0.182157257035669E-01
   0.213423812087035E+02
   0.196691600917660E-01
   0.222065037965722E+02
   0.197516141711819E-01
   0.237568676192597E+02
   0.173747721217117E-01
   0.243246380743097E+02
   0.173078555508570E-01
   0.242863556686180E+02
   0.173419432044236E-01
   0.236269243854195E+02
   0.214669304551214E-01
   0.234888115674589E+02
   0.220885464300057E-01
   0.235392064584531E+02
   0.223808316180729E-01
   0.237249401050591E+02
   0.227169857416040E-01
   0.238632134117515E+02
   0.224354536937907E-01
   0.240357941771992E+02
   0.218365036792135E-01
   0.242984383329574E+02
   0.221374639072128E-01
   0.245654757635493E+02
   0.221020543095468E-01
   0.249095658089453E+02
   0.218806110165658E-01
   0.251221188728478E+02
   0.212755656024551E-01
   0.245723765028867E+02
   0.225524025349687E-01
   0.244640252891517E+02
   0.218708826162075E-01
   0.242273125267329E+02
   0.217907860670614E-01
   0.238234102413898E+02
   0.213218105986470E-01
   0.234293403305724E+02
   0.208975162139409E-01
   0.230671282688543E+02
   0.204001650358831E-01
   0.227436206146411E+02
   0.199944184636836E-01
   0.222560154736071E+02
   0.188962168342691E-01
   0.219830773980818E+02
   0.185466681555565E-01
   0.217288320326765E+02
   0.182371689677455E-01
   0.214957501489230E+02
   0.180123238241194E-01
   0.212789950127543E+02
   0.178521334884328E-01
   0.210662807533834E+02
   0.177317514324405E-01
   0.208432975440974E+02
   0.176208396078770E-01
   0.206032684817572E+02
   0.174842895552856E-01
   0.203674383822512E+02
   0.173914016869630E-01
   0.201727344508204E+02
   0.173859140250346E-01
   0.200547342480194E+02
   0.174941610772540E-01
   0.200534415923276E+02
   0.177832976681868E-01
   0.202028405551732E+02
   0.183062327547292E-01
   0.205096938646617E+02
   0.187355960843881E-01
   0.210916490319969E+02
   0.198355792587504E-01
   0.218439088037431E+02
   0.191078693222951E-01
   0.232429354125953E+02
   0.173619363441656E-01
   0.237983871004572E+02
   0.173935559883703E-01
   0.238479602085822E+02
   0.174950278609362E-01
   0.233400660048878E+02
   0.219100368397798E-01
   0.232326384787419E+02
   0.218494040001290E-01
   0.232971372138284E+02
   0.214148833961743E-01
   0.235618045870447E+02
   0.221267310829951E-01
   0.237087566873143E+02
   0.224463748611936E-01
   0.238685857548894E+02
   0.219943384685258E-01
   0.241019042713807E+02
   0.225170613247186E-01
   0.243198412582236E+02
   0.228211314376157E-01
   0.245609687645695E+02
   0.231498043116403E-01
   0.247856914611832E+02
   0.214742114774723E-01
   0.242898044108188E+02
   0.222546706228083E-01
   0.241336026782181E+02
   0.218361443048807E-01
   0.238901302561487E+02
   0.212823801845538E-01
   0.235360263515994E+02
   0.205862873997917E-01
   0.231906380233060E+02
   0.201409290021189E-01
   0.228582774132919E+02
   0.196811979108818E-01
   0.225468782011885E+02
   0.192688960588746E-01
   0.220527561471591E+02
   0.193809515157075E-01
   0.217862438439795E+02
   0.189705814170783E-01
   0.215356868822720E+02
   0.186098970697490E-01
   0.213019806431163E+02
   0.183294353488831E-01
   0.210799592628976E+02
   0.181235414268961E-01
   0.208572029689548E+02
   0.179701894115969E-01
   0.206222663785885E+02
   0.178544411858458E-01
   0.203734407785254E+02
   0.177375919518505E-01
   0.201328920872353E+02
   0.176696138745673E-01
   0.199340299578112E+02
   0.176897043130990E-01
   0.198081074066491E+02
   0.178098189319336E-01
   0.197921927213589E+02
   0.180971793042683E-01
   0.199239264429735E+02
   0.186774289345460E-01
   0.202162280014128E+02
   0.194189254098798E-01
   0.207304561282721E+02
   0.201592301272595E-01
   0.213786820184602E+02
   0.187905965519617E-01
   0.225892987021209E+02
   0.173018203294180E-01
   0.231191013920131E+02
   0.172679213412238E-01
   0.232608643842493E+02
   0.180365040656259E-01
   0.229061649006155E+02
   0.221285017083091E-01
   0.228453832355213E+02
   0.217451451224671E-01
   0.229421973753495E+02
   0.208884049700119E-01
   0.232972763524037E+02
   0.210838863960114E-01
   0.234514403474600E+02
   0.228059640460669E-01
   0.236161805146860E+02
   0.227534737093673E-01
   0.238148994280615E+02
   0.231796799953047E-01
   0.239788652230986E+02
   0.233855597368507E-01
   0.241224664014549E+02
   0.234975941787436E-01
   0.241987045659695E+02
   0.226584361615822E-01
   0.239146374350579E+02
   0.229633244741227E-01
   0.237589088606319E+02
   0.226224976085712E-01
   0.235280419654032E+02
   0.219250634403180E-01
   0.232253310215157E+02
   0.212334094800324E-01
   0.229294363785872E+02
   0.207877019803079E-01
   0.226293677139160E+02
   0.203072402577350E-01
   0.223345816717407E+02
   0.198237222208670E-01
   0.218366384494987E+02
   0.211201962918708E-01
   0.215862605510367E+02
   0.206595420916320E-01
   0.213476279349712E+02
   0.202104715754825E-01
   0.211199838573322E+02
   0.198130401200082E-01
   0.208984072663949E+02
   0.195042073236587E-01
   0.206701293092733E+02
   0.192726411729664E-01
   0.204251606135200E+02
   0.191111632429185E-01
   0.201651039732313E+02
   0.189580763721653E-01
   0.199121592969293E+02
   0.188293336760254E-01
   0.196970832158709E+02
   0.187587887711051E-01
   0.195469788266134E+02
   0.187124257902679E-01
   0.194943481256141E+02
   0.187206512658033E-01
   0.195750516591186E+02
   0.188990354581624E-01
   0.198026451334794E+02
   0.192614660806687E-01
   0.202550632480187E+02
   0.203784961386643E-01
   0.208315509948822E+02
   0.197409210070332E-01
   0.217810445327554E+02
   0.170690943030879E-01
   0.222775393656693E+02
   0.175601316799445E-01
   0.224989076874249E+02
   0.190550245543744E-01
   0.223158681843216E+02
   0.221245905991098E-01
   0.223195863483417E+02
   0.213777936728835E-01
   0.224678594373202E+02
   0.202556436763655E-01
   0.229723173931966E+02
   0.197322670013275E-01
   0.230625128259753E+02
   0.227560226258863E-01
   0.232376249172772E+02
   0.232960441961783E-01
   0.234011123563695E+02
   0.234787154442414E-01
   0.235149497036555E+02
   0.234933388057877E-01
   0.235782227082795E+02
   0.232360937551286E-01
   0.235872872785819E+02
   0.230425551383939E-01
   0.234238031502704E+02
   0.235825689597044E-01
   0.232999820222096E+02
   0.236735257156114E-01
   0.231067940205174E+02
   0.232639134954370E-01
   0.228663335055079E+02
   0.228568944433292E-01
   0.226249291127797E+02
   0.225155820534059E-01
   0.223650373991339E+02
   0.220809063615922E-01
   0.220986608872228E+02
   0.216012843190225E-01
   0.215150512409613E+02
   0.229397194854144E-01
   0.212925944173472E+02
   0.226334665723986E-01
   0.210778401928082E+02
   0.222292228920198E-01
   0.208675275785885E+02
   0.217506996247617E-01
   0.206558662000018E+02
   0.212970015673005E-01
   0.204287649115834E+02
   0.208752589430412E-01
   0.201762984148312E+02
   0.204865997803279E-01
   0.199039855858268E+02
   0.201146417659487E-01
   0.196351351028965E+02
   0.197799621526370E-01
   0.193992828978341E+02
   0.195160017588953E-01
   0.192213966779772E+02
   0.192737050269225E-01
   0.191282514388746E+02
   0.190367259208249E-01
   0.191441243900856E+02
   0.187989185084397E-01
   0.192814027354490E+02
   0.185689226929634E-01
   0.196425123273596E+02
   0.192218270440679E-01
   0.201766372073993E+02
   0.204540691145571E-01
   0.208055442483359E+02
   0.177411479204845E-01
   0.212476245426011E+02
   0.182310816873501E-01
   0.215118730207333E+02
   0.197083579669344E-01
   0.215668394401583E+02
   0.216320655961645E-01
   0.216588442703291E+02
   0.208493244104514E-01
   0.218848036205171E+02
   0.190176497020051E-01
   0.224226190595361E+02
   0.197659651044154E-01
   0.225346758907621E+02
   0.224567372218788E-01
   0.227153668875277E+02
   0.234050240280103E-01
   0.228472902238158E+02
   0.232425915592340E-01
   0.229240473894716E+02
   0.231594792746153E-01
   0.229296484639948E+02
   0.228128403989253E-01
   0.228942438184003E+02
   0.227090700582035E-01
   0.227899615072829E+02
   0.232749049172767E-01
   0.226996260732395E+02
   0.237002582559267E-01
   0.225538423655348E+02
   0.237247427360995E-01
   0.223744298937171E+02
   0.237400179495992E-01
   0.221889738765204E+02
   0.237325566136794E-01
   0.219747267222446E+02
   0.235137629328973E-01
   0.217462277230677E+02
   0.232419021844629E-01
   0.209880489487817E+02
   0.229652567511470E-01
   0.207976738689202E+02
   0.229102761311182E-01
   0.206163389892008E+02
   0.227883032334057E-01
   0.204377438406789E+02
   0.225074757213718E-01
   0.202519939766737E+02
   0.221258678317013E-01
   0.200411502969282E+02
   0.216310217320664E-01
   0.197924371726386E+02
   0.210187603285849E-01
   0.195146730116759E+02
   0.204120843388560E-01
   0.192332281521688E+02
   0.199001697626769E-01
   0.189777579507401E+02
   0.195068561545964E-01
   0.187738360570752E+02
   0.191916981381566E-01
   0.186452280696774E+02
   0.189319843972409E-01
   0.186094885100065E+02
   0.186426634875771E-01
   0.186810283182197E+02
   0.182110376406793E-01
   0.189358201046449E+02
   0.178542544710710E-01
   0.193857119780326E+02
   0.186168655139705E-01
   0.198976375950102E+02
   0.185434546848229E-01
   0.202650250424901E+02
   0.186898711790904E-01
   0.204943373018861E+02
   0.188628598734102E-01
   0.206616222100870E+02
   0.203512370644522E-01
   0.208579006714007E+02
   0.203555619217958E-01
   0.212218651015217E+02
   0.172564463225617E-01
   0.216366308308708E+02
   0.204838879147908E-01
   0.218649534667268E+02
   0.223033292474320E-01
   0.220435581397637E+02
   0.227065898990980E-01
   0.221552841498770E+02
   0.225717349567202E-01
   0.222029260787234E+02
   0.224529086172267E-01
   0.221718916368243E+02
   0.220697850479927E-01
   0.220996167399625E+02
   0.217975872616456E-01
   0.220087711946327E+02
   0.220612404883382E-01
   0.219356173191525E+02
   0.224943234306034E-01
   0.218269028085786E+02
   0.227232909122444E-01
   0.216958828839145E+02
   0.229786716059424E-01
   0.215540540855215E+02
   0.232068892821641E-01
   0.213792138663715E+02
   0.231668093695581E-01
   0.211869579397133E+02
   0.230725452684704E-01
   0.202402985580406E+02
   0.215656755302775E-01
   0.200732159630817E+02
   0.215749299936090E-01
   0.199190677455933E+02
   0.216484568785430E-01
   0.197733789333700E+02
   0.217018480114940E-01
   0.196219451045895E+02
   0.216389249702182E-01
   0.194422626799487E+02
   0.213776329393692E-01
   0.192166076966147E+02
   0.208558045881084E-01
   0.189503726844154E+02
   0.202086705627084E-01
   0.186679742969263E+02
   0.195936642487881E-01
   0.183998924644163E+02
   0.190883301911064E-01
   0.181750251877507E+02
   0.187060329766572E-01
   0.180172330499660E+02
   0.184253038216634E-01
   0.179445862745954E+02
   0.181814405041295E-01
   0.179773748956243E+02
   0.179136085919983E-01
   0.181756344147451E+02
   0.177746084384629E-01
   0.185565188788080E+02
   0.183558848760911E-01
   0.189598474894232E+02
   0.183477513618709E-01
   0.192354678421518E+02
   0.182325682996690E-01
   0.194091273468352E+02
   0.182233212563086E-01
   0.196130324993299E+02
   0.189893649422200E-01
   0.198961952018731E+02
   0.194132693250934E-01
   0.203402806236776E+02
   0.166252975943211E-01
   0.207648281029613E+02
   0.199599418878159E-01
   0.210494449049962E+02
   0.210888760902738E-01
   0.212238818378479E+02
   0.213984360616287E-01
   0.213232166475863E+02
   0.215272688433679E-01
   0.213501497291398E+02
   0.214729726342667E-01
   0.212970332899379E+02
   0.211210343246525E-01
   0.212023686204684E+02
   0.207672274581597E-01
   0.211107854107073E+02
   0.208175088395217E-01
   0.210388081076322E+02
   0.210828777801023E-01
   0.209462586198884E+02
   0.212565981362801E-01
   0.208421784687712E+02
   0.214803652870903E-01
   0.207270099024044E+02
   0.216921319525691E-01
   0.205797840719146E+02
   0.217017699107293E-01
   0.204147309419897E+02
   0.216440280632476E-01
   0.192987533650213E+02
   0.199354517134507E-01
   0.191463085835729E+02
   0.198836401274658E-01
   0.190076725292551E+02
   0.199384296140037E-01
   0.188830693561677E+02
   0.201023121171697E-01
   0.187583375371238E+02
   0.202616109394431E-01
   0.186100233660987E+02
   0.203041351836935E-01
   0.184176727735231E+02
   0.201085764905048E-01
   0.181794653300394E+02
   0.196709195264764E-01
   0.179126203330400E+02
   0.190990796741506E-01
   0.176443113787719E+02
   0.185046454045284E-01
   0.174070871768010E+02
   0.180160256461849E-01
   0.172273810160757E+02
   0.176490762610454E-01
   0.171275345595135E+02
   0.173506064712642E-01
   0.171347587292342E+02
   0.170792967915284E-01
   0.172969053166361E+02
   0.170140604459293E-01
   0.176129491375246E+02
   0.174657122329838E-01
   0.179235538881093E+02
   0.175144723161205E-01
   0.181125670166420E+02
   0.172780716519859E-01
   0.182168686189186E+02
   0.170083998540088E-01
   0.184233410196158E+02
   0.174814419616692E-01
   0.187766814672400E+02
   0.180281710275896E-01
   0.192490947333456E+02
   0.172707266698741E-01
   0.197929511266597E+02
   0.190330924529760E-01
   0.201011459551949E+02
   0.196626419993665E-01
   0.202656373514569E+02
   0.199436671212224E-01
   0.203481150944159E+02
   0.201759325082235E-01
   0.203590645905508E+02
   0.202213669831733E-01
   0.202952694559436E+02
   0.199974552871776E-01
   0.201910863222674E+02
   0.196867423515504E-01
   0.200932659881987E+02
   0.196196017375861E-01
   0.200140458343484E+02
   0.197464149767472E-01
   0.199248992290401E+02
   0.198399300569903E-01
   0.198310601089090E+02
   0.199744167013667E-01
   0.197271848883419E+02
   0.200726970003770E-01
   0.195991156223308E+02
   0.200763025252201E-01
   0.194546591912089E+02
   0.200276337476225E-01
   0.181739117860396E+02
   0.183219116013545E-01
   0.180314275553550E+02
   0.182200936836489E-01
   0.179005937099412E+02
   0.181922024640068E-01
   0.177859864258278E+02
   0.182864890997261E-01
   0.176757386129861E+02
   0.184343677360795E-01
   0.175486457592204E+02
   0.185604968306781E-01
   0.173860960976900E+02
   0.186025732880856E-01
   0.171814934301535E+02
   0.184662637556239E-01
   0.169428618775285E+02
   0.181291784878742E-01
   0.166899711717966E+02
   0.176365794249407E-01
   0.164536289419308E+02
   0.171240130627370E-01
   0.162620724438957E+02
   0.166806872731467E-01
   0.161442071295723E+02
   0.163311272118735E-01
   0.161349809539351E+02
   0.160922112639244E-01
   0.162708693704542E+02
   0.160437722153237E-01
   0.165307738669879E+02
   0.162637817493202E-01
   0.167675499094292E+02
   0.162722271368862E-01
   0.168785246906450E+02
   0.160742613991349E-01
   0.168950851110571E+02
   0.155209216872017E-01
   0.170780866892717E+02
   0.157793418672713E-01
   0.175009502205993E+02
   0.162980804725229E-01
   0.181055875034993E+02
   0.169809200197412E-01
   0.187125080351559E+02
   0.179945787994764E-01
   0.190286456159397E+02
   0.182060956903258E-01
   0.191731950584160E+02
   0.184111252553579E-01
   0.192315430212922E+02
   0.186032187995808E-01
   0.192260318662382E+02
   0.187068289579246E-01
   0.191558603964121E+02
   0.186298957996702E-01
   0.190473369170595E+02
   0.184265599658428E-01
   0.189412871667599E+02
   0.183200365717286E-01
   0.188492871324231E+02
   0.183352945430089E-01
   0.187540206655317E+02
   0.183463409741084E-01
   0.186593674047431E+02
   0.184040864344908E-01
   0.185587840285191E+02
   0.184361115113634E-01
   0.184435273318705E+02
   0.184386322354501E-01
   0.183150059125367E+02
   0.184065999958302E-01
   0.168684530285289E+02
   0.167192351926437E-01
   0.167340866052783E+02
   0.166134325357227E-01
   0.166069830539926E+02
   0.165312552395709E-01
   0.164944237909099E+02
   0.165251646123361E-01
   0.163884495676929E+02
   0.165775773298078E-01
   0.162718462089103E+02
   0.166433695079975E-01
   0.161294380210587E+02
   0.167041155145593E-01
   0.159537852224230E+02
   0.166976176636338E-01
   0.157460507147057E+02
   0.165587036459068E-01
   0.155187491818381E+02
   0.162666611257825E-01
   0.152969281030428E+02
   0.158846010385865E-01
   0.151055538982903E+02
   0.154456692406204E-01
   0.149787769575303E+02
   0.150577325310917E-01
   0.149611678105068E+02
   0.148470732269864E-01
   0.150830612673064E+02
   0.148627094320638E-01
   0.153044755898631E+02
   0.149998186873206E-01
   0.154865801378103E+02
   0.149936421759623E-01
   0.155205163650656E+02
   0.147657383974279E-01
   0.154251904280762E+02
   0.139246235045596E-01
   0.155621134651406E+02
   0.139129220763438E-01
   0.160560930002232E+02
   0.146180106726743E-01
   0.168270283717836E+02
   0.158140819570350E-01
   0.175196473147605E+02
   0.170726587459538E-01
   0.178409425547060E+02
   0.170350452040056E-01
   0.179548173836566E+02
   0.170194982293803E-01
   0.179804110836502E+02
   0.170567470751816E-01
   0.179525332405124E+02
   0.171124294200185E-01
   0.178727120124943E+02
   0.170910034041784E-01
   0.177594739504347E+02
   0.169934620851035E-01
   0.176443567417657E+02
   0.169184399700204E-01
   0.175367287445809E+02
   0.168637902583246E-01
   0.174290299979477E+02
   0.168066173087354E-01
   0.173258395533796E+02
   0.167944737273353E-01
   0.172226891754384E+02
   0.167828341402511E-01
   0.171142095560503E+02
   0.167853441176080E-01
   0.169974365201346E+02
   0.167819393857320E-01
   0.153781259677652E+02
   0.150425136776725E-01
   0.152509453740251E+02
   0.149516831564360E-01
   0.151265326880889E+02
   0.148508743113169E-01
   0.150131694329686E+02
   0.147842021277773E-01
   0.149062811487527E+02
   0.147692613929643E-01
   0.147931928120879E+02
   0.147729502879010E-01
   0.146618297521812E+02
   0.147688499362124E-01
   0.145067899109853E+02
   0.147708112316132E-01
   0.143256308388774E+02
   0.147036841477780E-01
   0.141257007038384E+02
   0.145425623846616E-01
   0.139256351297167E+02
   0.143019450085812E-01
   0.137444750393156E+02
   0.139420197759737E-01
   0.136165657889047E+02
   0.135494853469601E-01
   0.135968812585649E+02
   0.133939061426186E-01
   0.137172087758267E+02
   0.135636904522209E-01
   0.139233776779662E+02
   0.138257237294310E-01
   0.140735941859369E+02
   0.139175818767743E-01
   0.140313267951218E+02
   0.136049464802245E-01
   0.137856757486707E+02
   0.122104407999143E-01
   0.138539352427609E+02
   0.117150382928591E-01
   0.144148489694059E+02
   0.127985442551595E-01
   0.154138807501181E+02
   0.154403650513775E-01
   0.162087377594653E+02
   0.169950693787556E-01
   0.165320393311702E+02
   0.165781861520954E-01
   0.166060048520341E+02
   0.160873865335372E-01
   0.165934252096229E+02
   0.158204311466014E-01
   0.165372633268394E+02
   0.156967608181901E-01
   0.164410920605849E+02
   0.155887332609739E-01
   0.163176179003608E+02
   0.154718901012846E-01
   0.161905919847984E+02
   0.154062395891578E-01
   0.160660395654694E+02
   0.153162835821544E-01
   0.159424407173128E+02
   0.152107892572144E-01
   0.158257039090841E+02
   0.151421658749019E-01
   0.157152945775361E+02
   0.151010565027238E-01
   0.156077391203390E+02
   0.150886052007429E-01
   0.154978050231961E+02
   0.150871058466060E-01
   0.136921682926646E+02
   0.136586702891414E-01
   0.135709088915484E+02
   0.135559825488667E-01
   0.134496402835545E+02
   0.134375767243198E-01
   0.133369312673676E+02
   0.133462380690624E-01
   0.132282348307478E+02
   0.132822965724905E-01
   0.131157657290742E+02
   0.132357462065371E-01
   0.129907377556704E+02
   0.131761196928597E-01
   0.128493411413657E+02
   0.131288221877436E-01
   0.126889085951836E+02
   0.130660524349656E-01
   0.125134230983537E+02
   0.129798634227310E-01
   0.123369829574393E+02
   0.129177468350355E-01
   0.121733251713902E+02
   0.128125197040080E-01
   0.120515640157803E+02
   0.126213868075493E-01
   0.120287698143668E+02
   0.125338775098723E-01
   0.121492112004625E+02
   0.127379102769427E-01
   0.123613937030095E+02
   0.131352342881299E-01
   0.125073329893621E+02
   0.133421361164755E-01
   0.124040424730440E+02
   0.129636522390137E-01
   0.119520844314185E+02
   0.960075103865309E-02
   0.119411294598142E+02
   0.898364644976942E-02
   0.125371116613543E+02
   0.103034002465718E-01
   0.137386955902041E+02
   0.146726990886865E-01
   0.146638120039439E+02
   0.169727872107167E-01
   0.150307895017550E+02
   0.168452537293150E-01
   0.150884672603152E+02
   0.161237548312572E-01
   0.150442573266224E+02
   0.156050592132405E-01
   0.149596062248410E+02
   0.152509591931837E-01
   0.148412102364856E+02
   0.149538258952054E-01
   0.147014013540052E+02
   0.146736700474105E-01
   0.145589183329872E+02
   0.144508282149601E-01
   0.144175450318823E+02
   0.142453057554795E-01
   0.142781057625923E+02
   0.140539105095346E-01
   0.141458600429596E+02
   0.139072425014077E-01
   0.140249370565096E+02
   0.138113835928043E-01
   0.139135769429561E+02
   0.137589464114082E-01
   0.138057792002904E+02
   0.137230617458689E-01
   0.117823815488722E+02
   0.126765149702773E-01
   0.116652016684480E+02
   0.125936354205079E-01
   0.115470050970312E+02
   0.124973412037699E-01
   0.114362377620650E+02
   0.123975036392021E-01
   0.113273560296355E+02
   0.123078550263919E-01
   0.112166810911131E+02
   0.122360315707773E-01
   0.110987570495770E+02
   0.121703944255993E-01
   0.109702391233375E+02
   0.121133080513333E-01
   0.108289346934739E+02
   0.120782019149811E-01
   0.106742715583992E+02
   0.120248340008234E-01
   0.105160839240932E+02
   0.119648929600031E-01
   0.103673673325755E+02
   0.118809384289088E-01
   0.102540872855722E+02
   0.117283030083794E-01
   0.102296529416822E+02
   0.116278739079594E-01
   0.103473062478476E+02
   0.117749202622425E-01
   0.105744632615201E+02
   0.122509114685140E-01
   0.107467749275234E+02
   0.127144676126337E-01
   0.106323346882547E+02
   0.124469971094436E-01
   0.100193232533524E+02
   0.865803437475817E-02
   0.992279368286822E+01
   0.776609628357565E-02
   0.104801366788247E+02
   0.864208591106329E-02
   0.117606262996530E+02
   0.136206999686433E-01
   0.127250833252283E+02
   0.158651025743154E-01
   0.131595893007035E+02
   0.162497991545764E-01
   0.132665774826933E+02
   0.158307865647429E-01
   0.132419072878893E+02
   0.154204674850759E-01
   0.131564397466217E+02
   0.149940886298375E-01
   0.130287546630923E+02
   0.145406518120384E-01
   0.128758970064261E+02
   0.141113372509581E-01
   0.127196372005525E+02
   0.137649938698811E-01
   0.125627655360810E+02
   0.134714072443025E-01
   0.124095349392945E+02
   0.132406730827600E-01
   0.122598930017588E+02
   0.130288899011999E-01
   0.121243576722850E+02
   0.128738090532826E-01
   0.120035012336053E+02
   0.127763763717476E-01
   0.118930508645049E+02
   0.127254452183255E-01
   0.962075307323179E+01
   0.116963540777885E-01
   0.950063631992970E+01
   0.115827189476146E-01
   0.938144288582584E+01
   0.114659108212012E-01
   0.927660955081577E+01
   0.113982617341519E-01
   0.916976812579614E+01
   0.113153875535174E-01
   0.906169803013212E+01
   0.112425688763471E-01
   0.895145030830098E+01
   0.111839751379546E-01
   0.883696679552081E+01
   0.111383733627889E-01
   0.871515937524717E+01
   0.111031740440677E-01
   0.858450148514958E+01
   0.110658638220990E-01
   0.845278804007894E+01
   0.110273073305030E-01
   0.833063582370110E+01
   0.109708856060475E-01
   0.823964413172896E+01
   0.108801195260528E-01
   0.822270190170782E+01
   0.108251190506544E-01
   0.833012633819795E+01
   0.109245637297882E-01
   0.855824870714148E+01
   0.113373875240324E-01
   0.875936043654390E+01
   0.119644562912966E-01
   0.870743886016783E+01
   0.122332694929023E-01
   0.804031989326350E+01
   0.840445689622677E-02
   0.787860490090858E+01
   0.758338575450471E-02
   0.831224222984188E+01
   0.815907611069197E-02
   0.942001509696420E+01
   0.115587416932050E-01
   0.102785204350143E+02
   0.132151774367406E-01
   0.107479781188345E+02
   0.139652574658972E-01
   0.109434085185103E+02
   0.140762501053191E-01
   0.109993294597839E+02
   0.140981193068256E-01
   0.109775727142913E+02
   0.140083608059731E-01
   0.108979385785491E+02
   0.137620447843628E-01
   0.107750311484318E+02
   0.134546312910865E-01
   0.106281699788644E+02
   0.131209288214644E-01
   0.104671482862194E+02
   0.127900868278777E-01
   0.103019639486070E+02
   0.125079766686818E-01
   0.101402147697278E+02
   0.122582746433171E-01
   0.999163864864314E+01
   0.120560207688033E-01
   0.985716367203142E+01
   0.119006710812752E-01
   0.973687752389265E+01
   0.117911156753695E-01
   0.719244289114538E+01
   0.106989281159727E-01
   0.707334405176207E+01
   0.105807827803288E-01
   0.695630961290344E+01
   0.104655044130728E-01
   0.684589276143979E+01
   0.103587793477246E-01
   0.673657978364682E+01
   0.102510202986975E-01
   0.663056218939432E+01
   0.101715186379029E-01
   0.652885551537235E+01
   0.101198560536700E-01
   0.643009443178553E+01
   0.100967502423691E-01
   0.633026148099883E+01
   0.100798995286916E-01
   0.622654090572434E+01
   0.100668070229016E-01
   0.612852858414937E+01
   0.100607175723861E-01
   0.604326540897255E+01
   0.100484476149110E-01
   0.598704431963561E+01
   0.100271729632055E-01
   0.598786797464989E+01
   0.100237726051192E-01
   0.607994530932241E+01
   0.100992714476864E-01
   0.627492759328363E+01
   0.103762349601126E-01
   0.647598488813909E+01
   0.109106977829556E-01
   0.651852492543981E+01
   0.116208706136359E-01
   0.607071761059730E+01
   0.958612832038135E-02
   0.587725700303798E+01
   0.905168884888397E-02
   0.607818285248083E+01
   0.870288070446051E-02
   0.672030891429119E+01
   0.946563302847975E-02
   0.732232875275380E+01
   0.100193184973511E-01
   0.775427044443576E+01
   0.106300656311944E-01
   0.801541910216421E+01
   0.110669302441726E-01
   0.815962931031518E+01
   0.114174257775922E-01
   0.823923057741403E+01
   0.117403667293432E-01
   0.825435892912103E+01
   0.119152483411200E-01
   0.820688043478083E+01
   0.119290655077924E-01
   0.811635286895472E+01
   0.118378906261578E-01
   0.799140600260798E+01
   0.116513844213642E-01
   0.784702129623179E+01
   0.114431080318965E-01
   0.769827461422794E+01
   0.112342226350431E-01
   0.755836146917875E+01
   0.110612586559747E-01
   0.742517086664129E+01
   0.109049728029781E-01
   0.730654194171752E+01
   0.107952393666339E-01
   0.433396320119579E+01
   0.930075746192041E-02
   0.422725916408110E+01
   0.921686543635366E-02
   0.412635061064449E+01
   0.914606707160225E-02
   0.402832256485513E+01
   0.907528977653261E-02
   0.393072613293860E+01
   0.899798945310520E-02
   0.383722773118349E+01
   0.893497084172722E-02
   0.375115560544037E+01
   0.889709077083349E-02
   0.367138822573786E+01
   0.888397998688962E-02
   0.359436568275176E+01
   0.887869105026701E-02
   0.351460079626627E+01
   0.885147654848113E-02
   0.345330892422378E+01
   0.885898960222885E-02
   0.341042433147668E+01
   0.887438859383162E-02
   0.339374632489429E+01
   0.889545131371369E-02
   0.341764645099573E+01
   0.893048268287154E-02
   0.349554605629966E+01
   0.899185816211578E-02
   0.363068269950153E+01
   0.915170900137207E-02
   0.377721873549976E+01
   0.946538285632679E-02
   0.381210324423316E+01
   0.984166184846038E-02
   0.357179752522773E+01
   0.911354894167873E-02
   0.339053831932092E+01
   0.853067958790326E-02
   0.341625098579424E+01
   0.801552254098314E-02
   0.369059656529954E+01
   0.791148665266164E-02
   0.403200788354144E+01
   0.796746373025979E-02
   0.434281815809102E+01
   0.821848912052326E-02
   0.457684684807997E+01
   0.847967087206021E-02
   0.474925338579198E+01
   0.875017789170547E-02
   0.488594177385036E+01
   0.908391600054870E-02
   0.497752099512641E+01
   0.938668544114838E-02
   0.501440793011943E+01
   0.959619120840450E-02
   0.499715503455248E+01
   0.968461469158641E-02
   0.493346443797016E+01
   0.966510925744076E-02
   0.483781064200243E+01
   0.958261589631133E-02
   0.472941554100881E+01
   0.948561243441299E-02
   0.462801866656802E+01
   0.943134468890754E-02
   0.452848704879579E+01
   0.938746314685374E-02
   0.443093712440580E+01
   0.934348750087854E-02
   0.786087360947150E+00
   0.728267935581127E-02
   0.719317591927213E+00
   0.727887463951060E-02
   0.649476487191353E+00
   0.726030569994410E-02
   0.576926698515771E+00
   0.723044508893678E-02
   0.502376920269076E+00
   0.718581048814570E-02
   0.431676596594463E+00
   0.713931930492213E-02
   0.369286728988285E+00
   0.710491201188139E-02
   0.313410935831497E+00
   0.708110516412848E-02
   0.262286765539023E+00
   0.705995281075267E-02
   0.222465888097019E+00
   0.704745285663095E-02
   0.203668057357785E+00
   0.706100136770492E-02
   0.202359968539817E+00
   0.708045167831917E-02
   0.219878999826083E+00
   0.710489546453033E-02
   0.260007919092829E+00
   0.713568209656713E-02
   0.323589591246510E+00
   0.718003047275953E-02
   0.403575169255175E+00
   0.726829648593778E-02
   0.484462382780428E+00
   0.747032675879614E-02
   0.501708846668157E+00
   0.768311006075867E-02
   0.376766785423565E+00
   0.741657957193640E-02
   0.230308914696661E+00
   0.703950515066027E-02
   0.158836946233488E+00
   0.667357847910210E-02
   0.220953113606276E+00
   0.646640991928066E-02
   0.354068038148506E+00
   0.635864506692185E-02
   0.510687939521982E+00
   0.634369233864741E-02
   0.658124530552457E+00
   0.637457243985913E-02
   0.791971450496373E+00
   0.644782919215410E-02
   0.916946947963931E+00
   0.659710341180615E-02
   0.102560712371324E+01
   0.680427326853069E-02
   0.110323381852466E+01
   0.701277081014209E-02
   0.113899301754846E+01
   0.716012907672771E-02
   0.113415525230126E+01
   0.723738419165061E-02
   0.109784805586704E+01
   0.726498146405176E-02
   0.104192351589249E+01
   0.726066631366820E-02
   0.982437140164578E+00
   0.726759814594906E-02
   0.920679661987853E+00
   0.727915712019152E-02
   0.851928433858045E+00
   0.727640039909428E-02
  -0.376231232951609E+01
   0.489560103242293E-02
  -0.379112599474638E+01
   0.490963080544647E-02
  -0.382491413777762E+01
   0.490298550780652E-02
  -0.386247801022487E+01
   0.487794442063073E-02
  -0.390144785627482E+01
   0.483833803712562E-02
  -0.393289993705521E+01
   0.479658126610243E-02
  -0.395320261981928E+01
   0.476292964310304E-02
  -0.396095756624978E+01
   0.474448903961435E-02
  -0.395714455442918E+01
   0.473819897244205E-02
  -0.394153496427871E+01
   0.474187578405839E-02
  -0.391495381768029E+01
   0.474757452520100E-02
  -0.388121626194525E+01
   0.475452104872303E-02
  -0.384185030570629E+01
   0.476891956088186E-02
  -0.379703457486319E+01
   0.479831813733722E-02
  -0.375210511562910E+01
   0.484474793318021E-02
  -0.371527110742961E+01
   0.491984133852407E-02
  -0.369951763150283E+01
   0.503076533182336E-02
  -0.372657569958089E+01
   0.513723903837753E-02
  -0.380711632625330E+01
   0.514160754530111E-02
  -0.391306222945201E+01
   0.504013099203217E-02
  -0.400606204410661E+01
   0.487405181122318E-02
  -0.406006071081889E+01
   0.469403916879697E-02
  -0.407309247011809E+01
   0.453526084182284E-02
  -0.404949612307810E+01
   0.442365759376241E-02
  -0.399826559184628E+01
   0.437235534006857E-02
  -0.392662837023618E+01
   0.438797493369914E-02
  -0.384287265637602E+01
   0.446159524396699E-02
  -0.376139581204595E+01
   0.456844109008323E-02
  -0.369541025002850E+01
   0.468142103745920E-02
  -0.365411779721976E+01
   0.477096805958010E-02
  -0.363977370108437E+01
   0.481964811040435E-02
  -0.364723932277820E+01
   0.483469390098159E-02
  -0.366737900246142E+01
   0.483490593585184E-02
  -0.369126805012277E+01
   0.483987962530549E-02
  -0.371466384843597E+01
   0.485265126253477E-02
  -0.373752448323987E+01
   0.487179895884920E-02
  -0.998756109478688E+01
   0.274363921502855E-02
  -0.993057162273396E+01
   0.276886298509339E-02
  -0.988117976945648E+01
   0.278042730932664E-02
  -0.983430227044202E+01
   0.278283613207431E-02
  -0.977377334286847E+01
   0.279522373756225E-02
  -0.969328960754688E+01
   0.282365119958393E-02
  -0.958725589922370E+01
   0.287370349912684E-02
  -0.945091605621332E+01
   0.295057576026405E-02
  -0.930683703357030E+01
   0.303336024658107E-02
  -0.916021418287831E+01
   0.311901305157304E-02
  -0.901979530390963E+01
   0.320187927625217E-02
  -0.889770868676798E+01
   0.327682068266840E-02
  -0.878460165548048E+01
   0.336170876977869E-02
  -0.872440712621664E+01
   0.340485352612926E-02
  -0.871709359910497E+01
   0.341207574193868E-02
  -0.876692967055681E+01
   0.338275784303025E-02
  -0.888255031386751E+01
   0.330914468544303E-02
  -0.907646274339339E+01
   0.317516029559924E-02
  -0.928738893786988E+01
   0.305023825267307E-02
  -0.950953326838996E+01
   0.292954481109435E-02
  -0.973058810676544E+01
   0.281371822523626E-02
  -0.994669693183464E+01
   0.269433898919853E-02
  -0.101482574588250E+02
   0.257576043663179E-02
  -0.102854830389499E+02
   0.249978644855367E-02
  -0.103657567885027E+02
   0.245977799203690E-02
  -0.103999478476783E+02
   0.244794725433934E-02
  -0.104017867880070E+02
   0.245506220954031E-02
  -0.103861978878396E+02
   0.247116801884308E-02
  -0.103633550238171E+02
   0.248963720515010E-02
  -0.103404832029695E+02
   0.250562962094523E-02
  -0.103187984086774E+02
   0.251884233647635E-02
  -0.102947550886005E+02
   0.253282588413861E-02
  -0.102644156223314E+02
   0.255146115264287E-02
  -0.102207604508481E+02
   0.258094150702902E-02
  -0.101555628429367E+02
   0.262776454885084E-02
  -0.100598080423265E+02
   0.269868795076993E-02
