   0.197494621539100E+01
   0.416174870629140E-02
   0.876818870149086E+00
   0.397451780257604E-02
   0.160174169866217E+00
   0.383236281625252E-02
  -0.251532419426637E+00
   0.372936744525851E-02
  -0.337540067477930E+00
   0.366554650855902E-02
   0.329364499115215E-01
   0.364557528376621E-02
  -0.453223572203086E+00
   0.368909604583687E-02
  -0.420152645397319E+00
   0.378307343804507E-02
   0.107732440699060E+00
   0.392849641434066E-02
   0.113080146022409E+01
   0.412684744656905E-02
   0.265742159382932E+01
   0.437828265362523E-02
   0.491442367608045E+01
   0.467511877678286E-02
   0.816184189065235E+01
   0.500604579378812E-02
   0.110127500064607E+02
   0.535240595923794E-02
   0.135820762356221E+02
   0.569522510740960E-02
   0.158941908756407E+02
   0.601915904974440E-02
   0.178571849439352E+02
   0.631334942673717E-02
   0.194492892242762E+02
   0.657088793206211E-02
   0.206870670110386E+02
   0.678788098724310E-02
   0.216055518147694E+02
   0.696444123499633E-02
   0.222449448082323E+02
   0.710446070984092E-02
   0.226401960529760E+02
   0.721048680131353E-02
   0.228123324159569E+02
   0.728216433544203E-02
   0.227623499820935E+02
   0.731603763136997E-02
   0.224713649983669E+02
   0.730577372184354E-02
   0.219059930566788E+02
   0.724536168849091E-02
   0.210214467038948E+02
   0.713192128277149E-02
   0.197608833444194E+02
   0.696359719284659E-02
   0.180526056946111E+02
   0.673920234446844E-02
   0.158076289318816E+02
   0.646029887117210E-02
   0.129203396149361E+02
   0.613363849459296E-02
   0.927203621726811E+01
   0.577231094541075E-02
   0.644195950913038E+01
   0.539580379528569E-02
   0.436817834505302E+01
   0.502792202543353E-02
   0.296482342189410E+01
   0.469119196138395E-02
   0.217445647409956E+01
   0.440077971587957E-02
   0.493884120965794E+01
   0.523382803677278E-02
   0.552643653915296E+01
   0.504305874605721E-02
   0.531621439449563E+01
   0.487251531719452E-02
   0.449774821581196E+01
   0.469702039000777E-02
   0.291960663555250E+01
   0.456320348218019E-02
   0.219412118969451E+01
   0.450028911458750E-02
   0.195846856876281E+01
   0.450310448409917E-02
   0.218392532425268E+01
   0.457801717261492E-02
   0.292268611183829E+01
   0.471321980755496E-02
   0.435156344684717E+01
   0.489181508215527E-02
   0.461070547026938E+01
   0.514222491391645E-02
   0.548301486283540E+01
   0.544043761448688E-02
   0.705072932698045E+01
   0.589035225195223E-02
   0.921973053874354E+01
   0.641043714810058E-02
   0.121158883680644E+02
   0.691322301595541E-02
   0.160686256635693E+02
   0.737774063819927E-02
   0.187746189696345E+02
   0.779493510016607E-02
   0.205742892246633E+02
   0.814924781612491E-02
   0.217169778531293E+02
   0.840242149335877E-02
   0.223986969849042E+02
   0.854729485032076E-02
   0.227884107978101E+02
   0.867122282547463E-02
   0.230295401920806E+02
   0.880292675417019E-02
   0.232195317040511E+02
   0.894568462992022E-02
   0.233586425864478E+02
   0.909188441123304E-02
   0.233621166333541E+02
   0.917892507015934E-02
   0.231542759727705E+02
   0.915365911118001E-02
   0.226891301457161E+02
   0.905558910354480E-02
   0.219316285708390E+02
   0.889799900322653E-02
   0.208248970501164E+02
   0.866103625364928E-02
   0.192548853857541E+02
   0.832148271470119E-02
   0.170543997030659E+02
   0.787379167767312E-02
   0.140522730974314E+02
   0.734455283051756E-02
   0.101127896838295E+02
   0.675742780814584E-02
   0.756581473947131E+01
   0.620356301140289E-02
   0.599554627367202E+01
   0.576602321611683E-02
   0.514593001373077E+01
   0.546237168149861E-02
   0.742681428188161E+01
   0.690041981746023E-02
   0.705690317312675E+01
   0.671336691004114E-02
   0.657256312281917E+01
   0.651133031799687E-02
   0.591408764220578E+01
   0.615869732551312E-02
   0.519360488450679E+01
   0.582704182280325E-02
   0.476992238994001E+01
   0.575099313881093E-02
   0.464213454955314E+01
   0.581158980344728E-02
   0.482369287906467E+01
   0.597315862339865E-02
   0.531784882717995E+01
   0.618585937336778E-02
   0.618904922503811E+01
   0.644414387573908E-02
   0.757297920130592E+01
   0.665348151701337E-02
   0.793226065205969E+01
   0.646112971131651E-02
   0.950320793585569E+01
   0.701939407878514E-02
   0.116465248820619E+02
   0.767668059095011E-02
   0.143698143217781E+02
   0.814656112791264E-02
   0.180814716723851E+02
   0.861656573946972E-02
   0.203975419556278E+02
   0.912155565434269E-02
   0.217777862682308E+02
   0.965041818401507E-02
   0.224796471348224E+02
   0.995476274693614E-02
   0.227052489197914E+02
   0.982481916175418E-02
   0.226716362005697E+02
   0.986157563697674E-02
   0.226233559171116E+02
   0.100052184830655E-01
   0.228252537411029E+02
   0.102155264747395E-01
   0.232466726658563E+02
   0.106145531947297E-01
   0.235351866796083E+02
   0.109098629438577E-01
   0.235447911429908E+02
   0.107709065805365E-01
   0.232695742404147E+02
   0.106249955118124E-01
   0.227625409034284E+02
   0.105131776019033E-01
   0.220607248458277E+02
   0.103152420469385E-01
   0.210245329926986E+02
   0.994090915841707E-02
   0.193267654594790E+02
   0.936670482288568E-02
   0.166626408606133E+02
   0.879005083867535E-02
   0.127304634149277E+02
   0.806119627222960E-02
   0.102959240567638E+02
   0.747837195361805E-02
   0.885712633884595E+01
   0.719277953654712E-02
   0.798609258513910E+01
   0.709279378818151E-02
   0.102159640337729E+02
   0.900539159139826E-02
   0.966277221241257E+01
   0.868126541733894E-02
   0.909672241300623E+01
   0.834320128077072E-02
   0.850562690033029E+01
   0.800399136887563E-02
   0.793367398910915E+01
   0.762215155714446E-02
   0.755687300445131E+01
   0.744635421090403E-02
   0.740913887190947E+01
   0.748392438665312E-02
   0.747248593769095E+01
   0.760153544883371E-02
   0.773427319632721E+01
   0.770977689551032E-02
   0.821345198144732E+01
   0.770727546040351E-02
   0.896449673098389E+01
   0.775253487997478E-02
   0.100844618803558E+02
   0.751368786035036E-02
   0.128826162276192E+02
   0.831288360688511E-02
   0.153281747186407E+02
   0.868888709678401E-02
   0.177261161294235E+02
   0.894724824875055E-02
   0.200891967205395E+02
   0.932522208354977E-02
   0.217587563994634E+02
   0.979646815759722E-02
   0.226600354899310E+02
   0.102538656805547E-01
   0.229143831677961E+02
   0.105133722391774E-01
   0.226647318096909E+02
   0.105649818661641E-01
   0.221159990320733E+02
   0.106868307006913E-01
   0.215933891837052E+02
   0.107648481516279E-01
   0.218403599041500E+02
   0.109510232466825E-01
   0.228292442474546E+02
   0.117762774009153E-01
   0.234417718965447E+02
   0.120327749256852E-01
   0.235818763658211E+02
   0.117707995084886E-01
   0.233350528305116E+02
   0.118925974867189E-01
   0.228932636929142E+02
   0.116145393382171E-01
   0.225408392247765E+02
   0.113742579749920E-01
   0.221318332759467E+02
   0.111025844010138E-01
   0.209971204041984E+02
   0.106706742869573E-01
   0.187525234054157E+02
   0.101565959379340E-01
   0.151037186630796E+02
   0.962159319740808E-02
   0.129178690846306E+02
   0.930664444591743E-02
   0.116532576589285E+02
   0.923106535205327E-02
   0.108365180282370E+02
   0.915404953632793E-02
   0.127362037679104E+02
   0.111766636609170E-01
   0.121404982795938E+02
   0.106837677862151E-01
   0.115601471285578E+02
   0.101618066516604E-01
   0.110170308341482E+02
   0.974940386139311E-02
   0.105290259826681E+02
   0.938396669016332E-02
   0.101692740853941E+02
   0.914442023761784E-02
   0.996654755824273E+01
   0.905703973239404E-02
   0.991395114293640E+01
   0.904354522294296E-02
   0.100044808897148E+02
   0.901293434242755E-02
   0.102663316768845E+02
   0.892175619016700E-02
   0.107742985072887E+02
   0.868929436095099E-02
   0.118293731096055E+02
   0.853216316030321E-02
   0.145179797823810E+02
   0.924625006014384E-02
   0.170933944711979E+02
   0.941372315117558E-02
   0.193433606573725E+02
   0.955111842749095E-02
   0.213358339120008E+02
   0.992475155173808E-02
   0.226759326771875E+02
   0.104761910060587E-01
   0.231996914494101E+02
   0.109845392244261E-01
   0.230677027521166E+02
   0.111673648793218E-01
   0.223571832376763E+02
   0.111157556640878E-01
   0.212270108177152E+02
   0.113651643776672E-01
   0.198694651147584E+02
   0.112119840623515E-01
   0.201726539607404E+02
   0.116361015511353E-01
   0.222997294857566E+02
   0.127323472256024E-01
   0.232034216843793E+02
   0.124903504958556E-01
   0.233818279956660E+02
   0.126142455478710E-01
   0.230081094081929E+02
   0.127936950301800E-01
   0.224085549053640E+02
   0.124538485556802E-01
   0.223755003565128E+02
   0.120199576796555E-01
   0.228233140475774E+02
   0.118825467594477E-01
   0.222900636527715E+02
   0.115170468193415E-01
   0.204566183725921E+02
   0.111906730989646E-01
   0.170903729475875E+02
   0.110587259314314E-01
   0.151683144666705E+02
   0.109784231285550E-01
   0.140829167762590E+02
   0.112901652987499E-01
   0.133544579023531E+02
   0.114304588314243E-01
   0.148779236292899E+02
   0.129858380714981E-01
   0.142816766472531E+02
   0.122887986862807E-01
   0.137251235813966E+02
   0.116500302523856E-01
   0.132351684374450E+02
   0.112054672934732E-01
   0.128127670460958E+02
   0.108830305968181E-01
   0.124782560726082E+02
   0.106333558742085E-01
   0.122447025503112E+02
   0.104508293553016E-01
   0.121135394067883E+02
   0.103150088785248E-01
   0.120905706870676E+02
   0.101804980847798E-01
   0.122133488523450E+02
   0.100797946461422E-01
   0.125491750444916E+02
   0.994799186225774E-02
   0.133089355075413E+02
   0.965164119074379E-02
   0.150727263474564E+02
   0.976806131206739E-02
   0.179573044074399E+02
   0.101227511802487E-01
   0.201219746490872E+02
   0.101806850858799E-01
   0.220680005497265E+02
   0.106364171713903E-01
   0.232665594383956E+02
   0.113198695380196E-01
   0.234456246283891E+02
   0.118661925570764E-01
   0.229908168681811E+02
   0.117883842421945E-01
   0.218559819220108E+02
   0.119056289936906E-01
   0.201801850415234E+02
   0.120375385233716E-01
   0.193413988833339E+02
   0.120379764490633E-01
   0.197320915280348E+02
   0.123060134823203E-01
   0.219690068899562E+02
   0.131120178097882E-01
   0.228860297876447E+02
   0.130378771675414E-01
   0.230157401406079E+02
   0.133833468118000E-01
   0.223858378968918E+02
   0.133876485999819E-01
   0.212993198338490E+02
   0.129334625570779E-01
   0.215439579082278E+02
   0.123778690163408E-01
   0.232964888675809E+02
   0.123282880228038E-01
   0.233397072126236E+02
   0.121509432054197E-01
   0.218713961460687E+02
   0.120426867668258E-01
   0.187560291326906E+02
   0.124733986572984E-01
   0.170830806561381E+02
   0.127929774607080E-01
   0.161556928448382E+02
   0.134270621398376E-01
   0.154882754162133E+02
   0.134521723662706E-01
   0.166473714475029E+02
   0.142358046629357E-01
   0.160791474551105E+02
   0.134323932334397E-01
   0.155727128269054E+02
   0.128054072046752E-01
   0.151438692804317E+02
   0.124135121184616E-01
   0.147797718514101E+02
   0.121506484345312E-01
   0.144766004805670E+02
   0.119226408266268E-01
   0.142352809416653E+02
   0.116963766865900E-01
   0.140602552468682E+02
   0.114854369694911E-01
   0.139669144258096E+02
   0.113183808114729E-01
   0.139953213466802E+02
   0.112678733161434E-01
   0.141943830755637E+02
   0.112396264941652E-01
   0.146941343818032E+02
   0.108956903381605E-01
   0.158752127007677E+02
   0.104003726929695E-01
   0.183352260832322E+02
   0.104945077543735E-01
   0.203083492115947E+02
   0.108092264802892E-01
   0.224268974942216E+02
   0.112113126973574E-01
   0.236216067725980E+02
   0.123300192860062E-01
   0.233978200792018E+02
   0.129694459249518E-01
   0.227005256582895E+02
   0.127254677635929E-01
   0.211647016925809E+02
   0.128204514406753E-01
   0.200707774895417E+02
   0.131502239894834E-01
   0.195586235867234E+02
   0.133071147585650E-01
   0.198691363143908E+02
   0.130865524165331E-01
   0.216555668603791E+02
   0.134492776263052E-01
   0.224250786195392E+02
   0.136227085504141E-01
   0.225052147486847E+02
   0.137499642525131E-01
   0.215597213842933E+02
   0.138035445630969E-01
   0.210344030785747E+02
   0.134157948338721E-01
   0.215413994355164E+02
   0.128947337439483E-01
   0.237726024126789E+02
   0.123671127644100E-01
   0.242017813172835E+02
   0.125086971727130E-01
   0.230372146492421E+02
   0.127767264812609E-01
   0.201551945945289E+02
   0.138579886481046E-01
   0.187060172511486E+02
   0.147843273440668E-01
   0.178768273676559E+02
   0.152850574444421E-01
   0.172431259204971E+02
   0.149471720219347E-01
   0.180971253988301E+02
   0.151340943043657E-01
   0.175828548251111E+02
   0.144740562215196E-01
   0.171398139495263E+02
   0.140243370585835E-01
   0.167707937420299E+02
   0.137686357247270E-01
   0.164559133385822E+02
   0.135416852067765E-01
   0.161845257601813E+02
   0.133089253993494E-01
   0.159499141752419E+02
   0.130396433563379E-01
   0.157551145686112E+02
   0.127678202518728E-01
   0.156174615985967E+02
   0.125516336922868E-01
   0.155737527198571E+02
   0.124991530527114E-01
   0.156599860048523E+02
   0.125070173626980E-01
   0.159510654236252E+02
   0.120866902415633E-01
   0.166935135164621E+02
   0.113580392316681E-01
   0.182569372269697E+02
   0.109402543642331E-01
   0.199360945752337E+02
   0.115865486681039E-01
   0.225074899108489E+02
   0.118974611158753E-01
   0.238349534735669E+02
   0.133929116473426E-01
   0.230236891499884E+02
   0.144172640910206E-01
   0.222164836339212E+02
   0.140240802402524E-01
   0.212225008606122E+02
   0.138795004530063E-01
   0.204727962715049E+02
   0.147336522069856E-01
   0.201090613458255E+02
   0.147718939348103E-01
   0.202710947824867E+02
   0.141285695904144E-01
   0.211755894139844E+02
   0.137610873587945E-01
   0.217487096824245E+02
   0.138996800885295E-01
   0.218761442153240E+02
   0.142810398754435E-01
   0.214832492268078E+02
   0.144827843020003E-01
   0.212943095036606E+02
   0.144618344059859E-01
   0.218797021489847E+02
   0.136734370480068E-01
   0.241849900347362E+02
   0.122978373641737E-01
   0.248801150737321E+02
   0.128454441213857E-01
   0.239748052006494E+02
   0.135096398809195E-01
   0.213390662593918E+02
   0.154642977964410E-01
   0.200432307006886E+02
   0.164246362226096E-01
   0.192540311686764E+02
   0.162559692272058E-01
   0.186542574581186E+02
   0.158163207477172E-01
   0.192860298299818E+02
   0.162648464928853E-01
   0.188363612361853E+02
   0.158908251497140E-01
   0.184513783736254E+02
   0.155992380965054E-01
   0.181318001623590E+02
   0.154241952250405E-01
   0.178601948671913E+02
   0.152529422233848E-01
   0.176224923674365E+02
   0.150786802449008E-01
   0.174058035581899E+02
   0.148711648577451E-01
   0.172071789666604E+02
   0.146505585912333E-01
   0.170392236498129E+02
   0.144430644823038E-01
   0.169283425492467E+02
   0.142297257573334E-01
   0.169104139001776E+02
   0.139420280881624E-01
   0.170500959139253E+02
   0.132782283194883E-01
   0.175192427216751E+02
   0.125206404222942E-01
   0.186359805301237E+02
   0.119474342010212E-01
   0.199617048633827E+02
   0.119406631741266E-01
   0.223929009093649E+02
   0.119957536453999E-01
   0.240302097478723E+02
   0.140314765450491E-01
   0.232144795200974E+02
   0.158664033905815E-01
   0.223811132477427E+02
   0.153291538560569E-01
   0.217153697394507E+02
   0.148576071474013E-01
   0.210565939236447E+02
   0.158837099846632E-01
   0.207448443581737E+02
   0.157938611870559E-01
   0.208171462759096E+02
   0.151430614314886E-01
   0.213191739081473E+02
   0.148857111526155E-01
   0.217977131341156E+02
   0.148268881853134E-01
   0.219661987686807E+02
   0.152839458161840E-01
   0.218257386415224E+02
   0.155011548846071E-01
   0.217786490796293E+02
   0.154889615922188E-01
   0.223032123003343E+02
   0.144004292183429E-01
   0.244506768544842E+02
   0.125022306188453E-01
   0.253719257363741E+02
   0.133885170573894E-01
   0.246953411719684E+02
   0.143456212674325E-01
   0.222958937770061E+02
   0.169941403668403E-01
   0.210931432190834E+02
   0.173433016502032E-01
   0.203353707680738E+02
   0.168307701087489E-01
   0.197843301131179E+02
   0.166400263490670E-01
   0.202585860645609E+02
   0.174893736251630E-01
   0.198672290862151E+02
   0.172483966294898E-01
   0.195304577374403E+02
   0.170320221568651E-01
   0.192514294502476E+02
   0.168896592272713E-01
   0.190176063003677E+02
   0.167862084550886E-01
   0.188116473233292E+02
   0.166938896843920E-01
   0.186144930067376E+02
   0.165695625537429E-01
   0.184140748724146E+02
   0.163887489997381E-01
   0.182181793334935E+02
   0.161788330321098E-01
   0.180494025009689E+02
   0.158782784352340E-01
   0.179470939502858E+02
   0.154558806785937E-01
   0.179772093001925E+02
   0.147635703384076E-01
   0.182835974502803E+02
   0.136243203520874E-01
   0.192271538315684E+02
   0.130682919147697E-01
   0.201750371612938E+02
   0.129601170540203E-01
   0.220041186728523E+02
   0.124358007804114E-01
   0.242165966470033E+02
   0.144596110385248E-01
   0.236920226131299E+02
   0.168335429063685E-01
   0.228098496235532E+02
   0.170472122977245E-01
   0.224517441292934E+02
   0.156517134090107E-01
   0.216436845088107E+02
   0.169965597237140E-01
   0.213495476722517E+02
   0.167885335909341E-01
   0.213614232198200E+02
   0.164141592850018E-01
   0.216812351238439E+02
   0.160860538168409E-01
   0.221645167685801E+02
   0.160583008182532E-01
   0.223586109139683E+02
   0.165832213089072E-01
   0.223395347826040E+02
   0.166837537367790E-01
   0.223189244191525E+02
   0.164865478505935E-01
   0.226939235238827E+02
   0.152820318321409E-01
   0.244935719656852E+02
   0.133704217346369E-01
   0.256815317011160E+02
   0.142324051035588E-01
   0.252111713537707E+02
   0.153159112831171E-01
   0.230494261821043E+02
   0.184028273187610E-01
   0.219230450549543E+02
   0.184727035572494E-01
   0.212007830092094E+02
   0.177900548416596E-01
   0.206961677175211E+02
   0.176953900201799E-01
   0.210540294188535E+02
   0.186963074206508E-01
   0.207064471130640E+02
   0.184859222949041E-01
   0.204068093821045E+02
   0.183069127719796E-01
   0.201599251489532E+02
   0.181965281191076E-01
   0.199575243404287E+02
   0.181790095376109E-01
   0.197786168507929E+02
   0.181748159905078E-01
   0.195987222403226E+02
   0.181346677689071E-01
   0.193961853129198E+02
   0.179778422857782E-01
   0.191739711487314E+02
   0.177152203088190E-01
   0.189558000475614E+02
   0.172882978583308E-01
   0.187874538491025E+02
   0.167122117499978E-01
   0.187396599875741E+02
   0.159234679763425E-01
   0.189586106392911E+02
   0.148342768073381E-01
   0.199487908322954E+02
   0.141755618932684E-01
   0.205058727409404E+02
   0.148151733718921E-01
   0.219686395329308E+02
   0.134097530745813E-01
   0.244194099580716E+02
   0.146875578448083E-01
   0.244400776148517E+02
   0.169557690956385E-01
   0.232826531230440E+02
   0.185536426745612E-01
   0.226945846620042E+02
   0.173514130881444E-01
   0.221453725342709E+02
   0.181582427374480E-01
   0.219100461555292E+02
   0.180056373577923E-01
   0.218961482589495E+02
   0.175855253534614E-01
   0.221398612912767E+02
   0.170199398820455E-01
   0.227340335766708E+02
   0.166925608706485E-01
   0.229147622075635E+02
   0.178066501357396E-01
   0.229541512369901E+02
   0.177438095093750E-01
   0.229042852163340E+02
   0.175632168605590E-01
   0.230907063479257E+02
   0.164931501406078E-01
   0.242435280977050E+02
   0.153616315985248E-01
   0.258398460723882E+02
   0.154235435421663E-01
   0.255467587335983E+02
   0.165092787412036E-01
   0.236234099018605E+02
   0.198078477037269E-01
   0.225791164431055E+02
   0.196230403613189E-01
   0.219042520282461E+02
   0.189184730379552E-01
   0.214434578911939E+02
   0.188567979298138E-01
   0.216830860977855E+02
   0.197520163675403E-01
   0.213666040346985E+02
   0.195385490741552E-01
   0.210943737975075E+02
   0.193852209539083E-01
   0.208713349459704E+02
   0.193236585924149E-01
   0.206910865159425E+02
   0.193815092350572E-01
   0.205309468913006E+02
   0.194548008919266E-01
   0.203623413521108E+02
   0.194830963348553E-01
   0.201554955412984E+02
   0.193310904196650E-01
   0.199100195799320E+02
   0.189804641229516E-01
   0.196557674714997E+02
   0.184153496006777E-01
   0.194456955341228E+02
   0.176879562795935E-01
   0.193557683986191E+02
   0.168816333656647E-01
   0.195120273319859E+02
   0.161976099297766E-01
   0.201771858929095E+02
   0.157912487858114E-01
   0.208273489175045E+02
   0.165297548694741E-01
   0.221120429895145E+02
   0.150020158070645E-01
   0.245823585354168E+02
   0.153835285366132E-01
   0.248732947331346E+02
   0.169309880131823E-01
   0.237156231087797E+02
   0.191458505948209E-01
   0.230239867910178E+02
   0.186963453001931E-01
   0.225839124357715E+02
   0.188675580143531E-01
   0.224123893027356E+02
   0.191031946203654E-01
   0.224017607190389E+02
   0.186939611904528E-01
   0.226219408785554E+02
   0.179602830636547E-01
   0.234893561328589E+02
   0.166709752545725E-01
   0.235528673371213E+02
   0.180993295493090E-01
   0.236483806479655E+02
   0.182391324887774E-01
   0.235307481164624E+02
   0.187382309362948E-01
   0.235273821729584E+02
   0.179786340700103E-01
   0.242689082767754E+02
   0.169646379431251E-01
   0.258935790328536E+02
   0.164115564930770E-01
   0.257161848481159E+02
   0.177331832170913E-01
   0.240264239280809E+02
   0.210757157266908E-01
   0.230780933158665E+02
   0.206488488078297E-01
   0.224593148709183E+02
   0.199785198529910E-01
   0.220367637502088E+02
   0.199082148825055E-01
   0.221540472243519E+02
   0.206978518661448E-01
   0.218591809632954E+02
   0.204812844589035E-01
   0.216052451240024E+02
   0.203379303481756E-01
   0.213959017265420E+02
   0.202946556449307E-01
   0.212255281965985E+02
   0.203485653227128E-01
   0.210731196903178E+02
   0.204343995602998E-01
   0.209084186199921E+02
   0.204779872628827E-01
   0.206961466579153E+02
   0.203012504281335E-01
   0.204343741287738E+02
   0.198712853533097E-01
   0.201619429327880E+02
   0.192391561390517E-01
   0.199381042010667E+02
   0.185110686810056E-01
   0.198384258234779E+02
   0.179270928668190E-01
   0.199565456584631E+02
   0.175813848076785E-01
   0.204364972448389E+02
   0.168636086710233E-01
   0.211042473742459E+02
   0.173953060089578E-01
   0.223172758575719E+02
   0.169440302259692E-01
   0.246850861327626E+02
   0.168722915491130E-01
   0.251118104243115E+02
   0.172763703270657E-01
   0.241246431209431E+02
   0.188814889415473E-01
   0.233510573575299E+02
   0.199489669216781E-01
   0.229666604258120E+02
   0.198812517879472E-01
   0.228447313319536E+02
   0.201658380666811E-01
   0.228511529355509E+02
   0.198226785966371E-01
   0.230544671186978E+02
   0.191260905190099E-01
   0.238875593755562E+02
   0.173891761714388E-01
   0.242541665064292E+02
   0.182868809049106E-01
   0.244494154260726E+02
   0.180934695850659E-01
   0.241843527234160E+02
   0.194794325691939E-01
   0.239740281298976E+02
   0.195830806368045E-01
   0.244178780719410E+02
   0.184503387881476E-01
   0.258515710576378E+02
   0.171169102375704E-01
   0.257239526632560E+02
   0.187170974412316E-01
   0.242633357584284E+02
   0.216404247687054E-01
   0.234305114896726E+02
   0.213889187581683E-01
   0.228742263071622E+02
   0.209657955441037E-01
   0.224824277260504E+02
   0.208642143930560E-01
   0.224727085193802E+02
   0.215217439576851E-01
   0.221919673409760E+02
   0.213130758620974E-01
   0.219480447721175E+02
   0.211648533357224E-01
   0.217424906871565E+02
   0.210675573231338E-01
   0.215710752922046E+02
   0.210183989992949E-01
   0.214167284840722E+02
   0.210379404372276E-01
   0.212503615099987E+02
   0.210715441715075E-01
   0.210336488351468E+02
   0.209036742973533E-01
   0.207648903833338E+02
   0.204659216057830E-01
   0.204923867700524E+02
   0.199147424255178E-01
   0.202778576284255E+02
   0.193823251026178E-01
   0.201879328854878E+02
   0.190194306091515E-01
   0.202824744107190E+02
   0.186179522351062E-01
   0.206620032549507E+02
   0.179026591396567E-01
   0.213259387581887E+02
   0.183204287277041E-01
   0.224994010546031E+02
   0.188757635348997E-01
   0.247059315958762E+02
   0.178893778698318E-01
   0.251985255725351E+02
   0.173671650292419E-01
   0.245921154532108E+02
   0.180685640750402E-01
   0.236132979524594E+02
   0.205155179802586E-01
   0.232762597977607E+02
   0.209551450093374E-01
   0.231929836865198E+02
   0.211061360626616E-01
   0.232226255581292E+02
   0.208390839196923E-01
   0.234090327749090E+02
   0.205647307189296E-01
   0.239483218527728E+02
   0.188546262629701E-01
   0.245391319066567E+02
   0.188756514071349E-01
   0.248798255205274E+02
   0.185250232391368E-01
   0.248758033927960E+02
   0.193974812947840E-01
   0.243916304075746E+02
   0.211938628694632E-01
   0.245924089364025E+02
   0.200913064976715E-01
   0.257163743417336E+02
   0.180320407926264E-01
   0.255481760290023E+02
   0.198379650854336E-01
   0.243620196495472E+02
   0.221627100025179E-01
   0.236528111842915E+02
   0.221304578587062E-01
   0.231543795927905E+02
   0.218815030325205E-01
   0.227846674880473E+02
   0.217114481797333E-01
   0.226438461536696E+02
   0.221018502294806E-01
   0.223714637099350E+02
   0.219220390690567E-01
   0.221317690121399E+02
   0.217727972973889E-01
   0.219250193582625E+02
   0.216028499300692E-01
   0.217475046455469E+02
   0.214437973082080E-01
   0.215868477661701E+02
   0.214269634784535E-01
   0.214143427128138E+02
   0.214738671254526E-01
   0.211920029417847E+02
   0.213084436241960E-01
   0.209230116441134E+02
   0.208807688407342E-01
   0.206612432801273E+02
   0.204282937223699E-01
   0.204671732148264E+02
   0.200830927260155E-01
   0.203960885672906E+02
   0.198055321721337E-01
   0.204832582334990E+02
   0.192224616848849E-01
   0.208139355295397E+02
   0.185606112234653E-01
   0.214735752624506E+02
   0.191478520158868E-01
   0.226001699609148E+02
   0.200892744750223E-01
   0.246182639738396E+02
   0.179802156604368E-01
   0.251487114964345E+02
   0.173309509998495E-01
   0.247644640043432E+02
   0.177046679559778E-01
   0.237741089927761E+02
   0.207228848229863E-01
   0.234925067134034E+02
   0.216506215159148E-01
   0.234469604689593E+02
   0.218402446166207E-01
   0.235051472670884E+02
   0.216707954523089E-01
   0.236699328817315E+02
   0.215321121291067E-01
   0.240287596107861E+02
   0.197657265201529E-01
   0.244865209607463E+02
   0.196035818679303E-01
   0.250066827260728E+02
   0.191484076504426E-01
   0.252277926954270E+02
   0.195281135304911E-01
   0.247326792717037E+02
   0.224105479107083E-01
   0.247320426030682E+02
   0.218243554507246E-01
   0.254739831524064E+02
   0.193378544085771E-01
   0.251488344388138E+02
   0.214472856290280E-01
   0.243481404181043E+02
   0.226781174336452E-01
   0.237533863847261E+02
   0.227510422173471E-01
   0.233000296040639E+02
   0.225339653610030E-01
   0.229461061448781E+02
   0.223006377488218E-01
   0.226781948909167E+02
   0.220374062636334E-01
   0.224095837586277E+02
   0.218616819834854E-01
   0.221701556054359E+02
   0.216954624589766E-01
   0.219603424397501E+02
   0.215106440433122E-01
   0.217755317482847E+02
   0.213613624651758E-01
   0.216036581292611E+02
   0.213271081866971E-01
   0.214189461283812E+02
   0.213239833311932E-01
   0.211900212802147E+02
   0.211351005678548E-01
   0.209260604699586E+02
   0.207633050434693E-01
   0.206803734058105E+02
   0.204050343126391E-01
   0.205084859202623E+02
   0.201365673265494E-01
   0.204613009489201E+02
   0.199060283792852E-01
   0.205625230076844E+02
   0.193486565957636E-01
   0.208730389941086E+02
   0.187110214780353E-01
   0.215284025091218E+02
   0.195121227577394E-01
   0.225875650845072E+02
   0.203590609888289E-01
   0.244284014639508E+02
   0.176011677201143E-01
   0.249837863146049E+02
   0.172116061132240E-01
   0.247476998557381E+02
   0.175579642182689E-01
   0.238307993328248E+02
   0.207184700890017E-01
   0.236100538668811E+02
   0.221100335127133E-01
   0.236044817782558E+02
   0.225396983725122E-01
   0.236906543774412E+02
   0.223329258052246E-01
   0.238357864685288E+02
   0.220132208985321E-01
   0.240901433105906E+02
   0.206323448632801E-01
   0.244483028351080E+02
   0.202393549309952E-01
   0.248637207960928E+02
   0.203014367244403E-01
   0.253403728894891E+02
   0.199431642353424E-01
   0.249911014143522E+02
   0.226259419216849E-01
   0.247877633890816E+02
   0.229070504202013E-01
   0.250728046654230E+02
   0.209903555902884E-01
   0.248345145332900E+02
   0.222643992101039E-01
   0.242465726990529E+02
   0.228368060767006E-01
   0.237378190287962E+02
   0.228706967323135E-01
   0.233176288191817E+02
   0.225229485276465E-01
   0.229752717064761E+02
   0.222374877144358E-01
   0.226046119803334E+02
   0.210114526554732E-01
   0.223350181766032E+02
   0.207388886638917E-01
   0.220890472571055E+02
   0.204589817126124E-01
   0.218683549809492E+02
   0.201963973494980E-01
   0.216706047903958E+02
   0.200332531023361E-01
   0.214847114410661E+02
   0.199984830290320E-01
   0.212882560850735E+02
   0.200135330631350E-01
   0.210569523541016E+02
   0.199080761735495E-01
   0.208044099797082E+02
   0.197181379090619E-01
   0.205806966655492E+02
   0.195800405086447E-01
   0.204336649796709E+02
   0.194769277163739E-01
   0.204087605571476E+02
   0.193792210544868E-01
   0.205332077955990E+02
   0.191089543684155E-01
   0.208346970210158E+02
   0.184959035237654E-01
   0.214853060085850E+02
   0.195796030496876E-01
   0.224547201240015E+02
   0.201038101947078E-01
   0.241458029282608E+02
   0.173861499891288E-01
   0.247136768209005E+02
   0.172009719816614E-01
   0.245859235247792E+02
   0.174281051058207E-01
   0.237891200868805E+02
   0.212476865603429E-01
   0.236153484873326E+02
   0.223900244996802E-01
   0.236427779391805E+02
   0.228791215149803E-01
   0.237689729785853E+02
   0.228175446468535E-01
   0.239031362900766E+02
   0.223108752755470E-01
   0.241021636269136E+02
   0.213606974885607E-01
   0.244031690609173E+02
   0.213583893674265E-01
   0.247363589073968E+02
   0.213141098021564E-01
   0.252489131052487E+02
   0.206201776772895E-01
   0.252101986251743E+02
   0.216406474316372E-01
   0.247379014769432E+02
   0.229996129309688E-01
   0.247632429561133E+02
   0.217151087201044E-01
   0.245372856514452E+02
   0.222703802345937E-01
   0.240670979648590E+02
   0.223535715367607E-01
   0.236215660251844E+02
   0.221179139159796E-01
   0.232317416138467E+02
   0.216548332558441E-01
   0.228993161939829E+02
   0.212942748914243E-01
   0.224481152039094E+02
   0.196424220436491E-01
   0.221755228630640E+02
   0.193127493626979E-01
   0.219237680463537E+02
   0.190076847157234E-01
   0.216953429582633E+02
   0.187677442770036E-01
   0.214870023986090E+02
   0.186111132076173E-01
   0.212871062917461E+02
   0.185211143592761E-01
   0.210776150416079E+02
   0.184579241249658E-01
   0.208439805263497E+02
   0.183550877585165E-01
   0.206045198286253E+02
   0.182837769305162E-01
   0.204015401416425E+02
   0.182945424528222E-01
   0.202755622164491E+02
   0.183686747016384E-01
   0.202688614801792E+02
   0.185313495131863E-01
   0.204104491999474E+02
   0.186744910658191E-01
   0.207045370681889E+02
   0.182157042356853E-01
   0.213423111716720E+02
   0.196691260420438E-01
   0.222064017442312E+02
   0.197515487394761E-01
   0.237567185558722E+02
   0.173746286981755E-01
   0.243244436026091E+02
   0.173076563362477E-01
   0.242861159295255E+02
   0.173417071650445E-01
   0.236266360997986E+02
   0.214666633902014E-01
   0.234884528695151E+02
   0.220882201523857E-01
   0.235387522926179E+02
   0.223804069377775E-01
   0.237243637461645E+02
   0.227164320371866E-01
   0.238624885225839E+02
   0.224347610725189E-01
   0.240348892584041E+02
   0.218356371258402E-01
   0.242973175516476E+02
   0.221363556956517E-01
   0.245641099743733E+02
   0.221006844357501E-01
   0.249079289148225E+02
   0.218788759154069E-01
   0.251202158707530E+02
   0.212733936253328E-01
   0.245702935186512E+02
   0.225501233817718E-01
   0.244618156437509E+02
   0.218685429638490E-01
   0.242250515531404E+02
   0.217884268931090E-01
   0.238212105241623E+02
   0.213196500276740E-01
   0.234273055134051E+02
   0.208956022990643E-01
   0.230653362867081E+02
   0.203985574623841E-01
   0.227421129243627E+02
   0.199931341190159E-01
   0.222549022640695E+02
   0.188953378884602E-01
   0.219822114618037E+02
   0.185460216959764E-01
   0.217281803241507E+02
   0.182367113265445E-01
   0.214952734036515E+02
   0.180120104920842E-01
   0.212786548466684E+02
   0.178519266966425E-01
   0.210660435773391E+02
   0.177316212109754E-01
   0.208431357371327E+02
   0.176207624760474E-01
   0.206031605115470E+02
   0.174842480756738E-01
   0.203673681127723E+02
   0.173913840773527E-01
   0.201726891137346E+02
   0.173859112825773E-01
   0.200547031512827E+02
   0.174941660134809E-01
   0.200534153168962E+02
   0.177833035553841E-01
   0.202028106452111E+02
   0.183062326739663E-01
   0.205096527739664E+02
   0.187355840863768E-01
   0.210915888436849E+02
   0.198355528625762E-01
   0.218438183463140E+02
   0.191078152195546E-01
   0.232428006504607E+02
   0.173618082275352E-01
   0.237982091858381E+02
   0.173933759303402E-01
   0.238477390616602E+02
   0.174948134269029E-01
   0.233397989113102E+02
   0.219097939730416E-01
   0.232323050303214E+02
   0.218491102910827E-01
   0.232967132082877E+02
   0.214145022667799E-01
   0.235612641445637E+02
   0.221262166590661E-01
   0.237080772554357E+02
   0.224457187136500E-01
   0.238677394170276E+02
   0.219935209684218E-01
   0.241008590053176E+02
   0.225160223407665E-01
   0.243185718223997E+02
   0.228198473908098E-01
   0.245594567039685E+02
   0.231482144641490E-01
   0.247839395796679E+02
   0.214722850565651E-01
   0.242878871094077E+02
   0.222526415984090E-01
   0.241315712595056E+02
   0.218340325162078E-01
   0.238880613764311E+02
   0.212803034598269E-01
   0.235340181174561E+02
   0.205843889454332E-01
   0.231887790066503E+02
   0.201392256497785E-01
   0.228566389943592E+02
   0.196797574122518E-01
   0.225454994571558E+02
   0.192677468765159E-01
   0.220517367079044E+02
   0.193801079926955E-01
   0.217854509097129E+02
   0.189699654060613E-01
   0.215350906875085E+02
   0.186094649160409E-01
   0.213015457738105E+02
   0.183291435753386E-01
   0.210796508720863E+02
   0.181233528572954E-01
   0.208569903559079E+02
   0.179700745920289E-01
   0.206221241262093E+02
   0.178543773897788E-01
   0.203733488277484E+02
   0.177375624035890E-01
   0.201328350662351E+02
   0.176696065627902E-01
   0.199339956805701E+02
   0.176897104370683E-01
   0.198080857549849E+02
   0.178098316744067E-01
   0.197921748825187E+02
   0.180971922951903E-01
   0.199239045654386E+02
   0.186774354920583E-01
   0.202161951799506E+02
   0.194189206585644E-01
   0.207304050145638E+02
   0.201592098848177E-01
   0.213786025941166E+02
   0.187905522905639E-01
   0.225891780578999E+02
   0.173017098302011E-01
   0.231189400958961E+02
   0.172677667437796E-01
   0.232606617259182E+02
   0.180363118274214E-01
   0.229059183729984E+02
   0.221282841393554E-01
   0.228450738312608E+02
   0.217448790462034E-01
   0.229418020486467E+02
   0.208880616527104E-01
   0.232967695998271E+02
   0.210834109823302E-01
   0.234508042691062E+02
   0.228053475134387E-01
   0.236153899436101E+02
   0.227527087763860E-01
   0.238139255771502E+02
   0.231787121235260E-01
   0.239776862241868E+02
   0.233843657510704E-01
   0.241210700792408E+02
   0.234961464973489E-01
   0.241970994262213E+02
   0.226567354248271E-01
   0.239128757898265E+02
   0.229614592854071E-01
   0.237570430878620E+02
   0.226205217093083E-01
   0.235261476166409E+02
   0.219231274307876E-01
   0.232234932273166E+02
   0.212316042974193E-01
   0.229277343297665E+02
   0.207860611753873E-01
   0.226278670127162E+02
   0.203058435091762E-01
   0.223333189954832E+02
   0.198226120932324E-01
   0.218357078355395E+02
   0.211193618402596E-01
   0.215855364702753E+02
   0.206589296160927E-01
   0.213470838727427E+02
   0.202100408426122E-01
   0.211195880680892E+02
   0.198127493838536E-01
   0.208981282457704E+02
   0.195040196024819E-01
   0.206699391323908E+02
   0.192725273180331E-01
   0.204250359756589E+02
   0.191111008599977E-01
   0.201650262338105E+02
   0.189580488128755E-01
   0.199121138855022E+02
   0.188293285315354E-01
   0.196970585303354E+02
   0.187587969865566E-01
   0.195469653031531E+02
   0.187124405557711E-01
   0.194943375445959E+02
   0.187206664144487E-01
   0.195750367872822E+02
   0.188990446630664E-01
   0.198026197487335E+02
   0.192614660502269E-01
   0.202550205873026E+02
   0.203784822531759E-01
   0.208314820493380E+02
   0.197408839472168E-01
   0.217809380819157E+02
   0.170690077919109E-01
   0.222773949062004E+02
   0.175600055572867E-01
   0.224987237245384E+02
   0.190548574852095E-01
   0.223156417505226E+02
   0.221243983768660E-01
   0.223193000971083E+02
   0.213775546707837E-01
   0.224674914115665E+02
   0.202553303718429E-01
   0.229718425091421E+02
   0.197318203302547E-01
   0.230619185316529E+02
   0.227554475374829E-01
   0.232368870347678E+02
   0.232953191076166E-01
   0.234002057523922E+02
   0.234778052449935E-01
   0.235138558580518E+02
   0.234922222447223E-01
   0.235769354681087E+02
   0.232347823884633E-01
   0.235858171710874E+02
   0.230410366986296E-01
   0.234221889381881E+02
   0.235808520462800E-01
   0.232982738883164E+02
   0.236716725357645E-01
   0.231050627643903E+02
   0.232620670969749E-01
   0.228646539096166E+02
   0.228551230094999E-01
   0.226233750773205E+02
   0.225139703715422E-01
   0.223636682552159E+02
   0.220795384314436E-01
   0.220975087715788E+02
   0.216001920909646E-01
   0.215142084574310E+02
   0.229389338178210E-01
   0.212919383725415E+02
   0.226328818561552E-01
   0.210773475130844E+02
   0.222288069437886E-01
   0.208671701071445E+02
   0.217504166984809E-01
   0.206556157289500E+02
   0.212968176166944E-01
   0.204285962932966E+02
   0.208751471211952E-01
   0.201761904447094E+02
   0.204865389669857E-01
   0.199039210238139E+02
   0.201146152964182E-01
   0.196351002188560E+02
   0.197799570780424E-01
   0.193992666920917E+02
   0.195160086196116E-01
   0.192213901381842E+02
   0.192737170023940E-01
   0.191282469720165E+02
   0.190367377107310E-01
   0.191441155234187E+02
   0.187989260108562E-01
   0.192813839853720E+02
   0.185689247732401E-01
   0.196424774388175E+02
   0.192218181375969E-01
   0.201765782100604E+02
   0.204540402520909E-01
   0.208054521144422E+02
   0.177410890635374E-01
   0.212474972132127E+02
   0.182309896020092E-01
   0.215117082680252E+02
   0.197082281210475E-01
   0.215666327688194E+02
   0.216319003454331E-01
   0.216585806568803E+02
   0.208491124676949E-01
   0.218844620250632E+02
   0.190173649211815E-01
   0.224221774243777E+02
   0.197655462514212E-01
   0.225341230317343E+02
   0.224562066646127E-01
   0.227146806261763E+02
   0.234043388475908E-01
   0.228464492287559E+02
   0.232417433735194E-01
   0.229230364137446E+02
   0.231584474958416E-01
   0.229284659557522E+02
   0.228116538101522E-01
   0.228929015600393E+02
   0.227077276238215E-01
   0.227884901405021E+02
   0.232733849511324E-01
   0.226980719787455E+02
   0.236986083639774E-01
   0.225522698453559E+02
   0.237230723342498E-01
   0.223729054777995E+02
   0.237383843916814E-01
   0.221875662533108E+02
   0.237310735285751E-01
   0.219734877884952E+02
   0.235125028282790E-01
   0.217451849674737E+02
   0.232408862859482E-01
   0.209872947236648E+02
   0.229646081598863E-01
   0.207970868204234E+02
   0.229097899777544E-01
   0.206158985662270E+02
   0.227879527897278E-01
   0.204374252697519E+02
   0.225072336178776E-01
   0.202517723060842E+02
   0.221257077684402E-01
   0.200410031511240E+02
   0.216309231680752E-01
   0.197923454774829E+02
   0.210187066113786E-01
   0.195146210003138E+02
   0.204120609777040E-01
   0.192332030502422E+02
   0.199001649190274E-01
   0.189777494462618E+02
   0.195068609725579E-01
   0.187738357363200E+02
   0.191917063430733E-01
   0.186452289713591E+02
   0.189319916190341E-01
   0.186094848747981E+02
   0.186426670008439E-01
   0.186810152938745E+02
   0.182110369745208E-01
   0.189357922859356E+02
   0.178542479995731E-01
   0.193856621375530E+02
   0.186168444428468E-01
   0.198975578536370E+02
   0.185434046666439E-01
   0.202649129139072E+02
   0.186897936638795E-01
   0.204941902569450E+02
   0.188627566022790E-01
   0.206614348084182E+02
   0.203510983247846E-01
   0.208576594936304E+02
   0.203553751547020E-01
   0.212215494790610E+02
   0.172561869303850E-01
   0.216362247821648E+02
   0.204835125399634E-01
   0.218644424779628E+02
   0.223028350754655E-01
   0.220429242746804E+02
   0.227059620514270E-01
   0.221545091822305E+02
   0.225709585883994E-01
   0.222019978462337E+02
   0.224519740569946E-01
   0.221708113111701E+02
   0.220687243643602E-01
   0.220983974633013E+02
   0.217964209583844E-01
   0.220074394830089E+02
   0.220599569932875E-01
   0.219342150320144E+02
   0.224929484132023E-01
   0.218254875369063E+02
   0.227218992383152E-01
   0.216945145906584E+02
   0.229773202227950E-01
   0.215527936470313E+02
   0.232056716871008E-01
   0.213781055358736E+02
   0.231657763258998E-01
   0.211860249581452E+02
   0.230717093251903E-01
   0.202396309365733E+02
   0.215651832058715E-01
   0.200726968668084E+02
   0.215745646873927E-01
   0.199186792765412E+02
   0.216481949036307E-01
   0.197730993575375E+02
   0.217016662954212E-01
   0.196217524503419E+02
   0.216388036795037E-01
   0.194421370848161E+02
   0.213775570652080E-01
   0.192165320303089E+02
   0.208557618954827E-01
   0.189503327160365E+02
   0.202086512535802E-01
   0.186679583185998E+02
   0.195936592800277E-01
   0.183998909618233E+02
   0.190883323235501E-01
   0.181750304209409E+02
   0.187060369839845E-01
   0.180172387074932E+02
   0.184253061358477E-01
   0.179445872617813E+02
   0.181814389198164E-01
   0.179773669284115E+02
   0.179136024089641E-01
   0.181756127259895E+02
   0.177745965418015E-01
   0.185564769639321E+02
   0.183558589210007E-01
   0.189597788457281E+02
   0.183477029745425E-01
   0.192353697749179E+02
   0.182324996011778E-01
   0.194089969251039E+02
   0.182232326311007E-01
   0.196128639566749E+02
   0.189892476452537E-01
   0.198959765687913E+02
   0.194131088467778E-01
   0.203399930422827E+02
   0.166250707148227E-01
   0.207644578838440E+02
   0.199596135923854E-01
   0.210489771484956E+02
   0.210884334633064E-01
   0.212233023899970E+02
   0.213978783635547E-01
   0.213225098689600E+02
   0.215265758647485E-01
   0.213493057308931E+02
   0.214721436339369E-01
   0.212960544966298E+02
   0.211200984854795E-01
   0.212012687745119E+02
   0.207662158313905E-01
   0.211095886643331E+02
   0.208164237810406E-01
   0.210375527781727E+02
   0.210817460701642E-01
   0.209449965362412E+02
   0.212554771245042E-01
   0.208409628783739E+02
   0.214793019851457E-01
   0.207258928217168E+02
   0.216911873243722E-01
   0.205788028081151E+02
   0.217009750544180E-01
   0.204139049386071E+02
   0.216433881569229E-01
   0.192981672730212E+02
   0.199350728110947E-01
   0.191458536506202E+02
   0.198833634112254E-01
   0.190073334438315E+02
   0.199382353862935E-01
   0.188828271588185E+02
   0.201021798842186E-01
   0.187581728791299E+02
   0.202615233030456E-01
   0.186099185889413E+02
   0.203040795263377E-01
   0.184176124910365E+02
   0.201085433801719E-01
   0.181794366641655E+02
   0.196709022961506E-01
   0.179126126544130E+02
   0.190990723540771E-01
   0.176443160599256E+02
   0.185046430795207E-01
   0.174070972183977E+02
   0.180160243872454E-01
   0.172273907911486E+02
   0.176490732095186E-01
   0.171275396576848E+02
   0.173505997360859E-01
   0.171347554830182E+02
   0.170792856102317E-01
   0.172968895086724E+02
   0.170140437289702E-01
   0.176129150213522E+02
   0.174656829879964E-01
   0.179234961287574E+02
   0.175144267307287E-01
   0.181124827367779E+02
   0.172780114474172E-01
   0.182167544017186E+02
   0.170083241545699E-01
   0.184231912073648E+02
   0.174813424283296E-01
   0.187764856817846E+02
   0.180280362423952E-01
   0.192488377041416E+02
   0.172705389023089E-01
   0.197926176821810E+02
   0.190328075617902E-01
   0.201007240814982E+02
   0.196622567070674E-01
   0.202651156731517E+02
   0.199431851522694E-01
   0.203474804952563E+02
   0.201753375426053E-01
   0.203583082642284E+02
   0.202206562252855E-01
   0.202943939146386E+02
   0.199966498862592E-01
   0.201901046757755E+02
   0.196858723210904E-01
   0.200922006600383E+02
   0.196186829302636E-01
   0.200129318202699E+02
   0.197454756346144E-01
   0.199237835596105E+02
   0.198390178400000E-01
   0.198299895370354E+02
   0.199735691412939E-01
   0.197262031931398E+02
   0.200719547243631E-01
   0.195982539368991E+02
   0.200756825752638E-01
   0.194539338390543E+02
   0.200271372787527E-01
   0.181734020311877E+02
   0.183216099656698E-01
   0.180310327110306E+02
   0.182198752183118E-01
   0.179003008943628E+02
   0.181920514000068E-01
   0.177857792426562E+02
   0.182863877466152E-01
   0.176756001365789E+02
   0.184343006694932E-01
   0.175485603416876E+02
   0.185604527252641E-01
   0.173860499442783E+02
   0.186025441189484E-01
   0.171814748911008E+02
   0.184662445221702E-01
   0.169428613671314E+02
   0.181291655811674E-01
   0.166899809687374E+02
   0.176365700377804E-01
   0.164536428449869E+02
   0.171240047875851E-01
   0.162620855478947E+02
   0.166806779856157E-01
   0.161442157997219E+02
   0.163311152726191E-01
   0.161349822440005E+02
   0.160921957859695E-01
   0.162708595590543E+02
   0.160437517866507E-01
   0.165307480040977E+02
   0.162637520116801E-01
   0.167675034324828E+02
   0.162721860592477E-01
   0.168784545320398E+02
   0.160742098013338E-01
   0.168949873342220E+02
   0.155208583547507E-01
   0.170779561749785E+02
   0.157792604124240E-01
   0.175007780482997E+02
   0.162979712919721E-01
   0.181053601431169E+02
   0.169807530939914E-01
   0.187122132412490E+02
   0.179943341612553E-01
   0.190282738712034E+02
   0.182057795460956E-01
   0.191727363573247E+02
   0.184107341619252E-01
   0.192309862726289E+02
   0.186027396120594E-01
   0.192253684702579E+02
   0.187062535798878E-01
   0.191550921654388E+02
   0.186292364141652E-01
   0.190464753792039E+02
   0.184258408470154E-01
   0.189403524496176E+02
   0.183192785986438E-01
   0.188483106270174E+02
   0.183345246577591E-01
   0.187530458131026E+02
   0.183456024244234E-01
   0.186584347860510E+02
   0.184034076224315E-01
   0.185579300568961E+02
   0.184355198368831E-01
   0.184427778714022E+02
   0.184381381609391E-01
   0.183143748482571E+02
   0.184062042603827E-01
   0.168680158920706E+02
   0.167189919788508E-01
   0.167337489034796E+02
   0.166132557432432E-01
   0.166067341914406E+02
   0.165311330861142E-01
   0.164942497490750E+02
   0.165250826846457E-01
   0.163883356830668E+02
   0.165775221868389E-01
   0.162717786994700E+02
   0.166433307893883E-01
   0.161294045730845E+02
   0.167040860102089E-01
   0.159537753792978E+02
   0.166975934069487E-01
   0.157460559611036E+02
   0.165586827767184E-01
   0.155187627598717E+02
   0.162666425389106E-01
   0.152969446570358E+02
   0.158845837495515E-01
   0.151055692936951E+02
   0.154456521230474E-01
   0.149787885068669E+02
   0.150577143493635E-01
   0.149611735024595E+02
   0.148470532886367E-01
   0.150830578683996E+02
   0.148626859890348E-01
   0.153044587951340E+02
   0.149997893753658E-01
   0.154865458455874E+02
   0.149936058318090E-01
   0.155204613242280E+02
   0.147656957223656E-01
   0.154251099824684E+02
   0.139245718959987E-01
   0.155620033477026E+02
   0.139128579121350E-01
   0.160559458929418E+02
   0.146179259429083E-01
   0.168268327598953E+02
   0.158139449862135E-01
   0.175193952327778E+02
   0.170724659673193E-01
   0.178406263685642E+02
   0.170348106668248E-01
   0.179544277074129E+02
   0.170192111309435E-01
   0.179799387186770E+02
   0.170563975001967E-01
   0.179519691580670E+02
   0.171120041282131E-01
   0.178720567519211E+02
   0.170905066894180E-01
   0.177587365869471E+02
   0.169929085515406E-01
   0.176435540252888E+02
   0.169178462239901E-01
   0.175358877809263E+02
   0.168631772947882E-01
   0.174281924792926E+02
   0.168060337150271E-01
   0.173250400753111E+02
   0.167939390486467E-01
   0.172219575235794E+02
   0.167823666805300E-01
   0.171135671000034E+02
   0.167849513646506E-01
   0.169968951905555E+02
   0.167816224885294E-01
   0.153777601114454E+02
   0.150423263990062E-01
   0.152506638519304E+02
   0.149515452955091E-01
   0.151263270067234E+02
   0.148507777926473E-01
   0.150130277337155E+02
   0.147841360325744E-01
   0.149061909489498E+02
   0.147692149519450E-01
   0.147931421605200E+02
   0.147729146612923E-01
   0.146618077957905E+02
   0.147688189031821E-01
   0.145067873996297E+02
   0.147707814814611E-01
   0.143256403781220E+02
   0.147036548329350E-01
   0.141257165814149E+02
   0.145425333966752E-01
   0.139256528977890E+02
   0.143019164729862E-01
   0.137444914010872E+02
   0.139419918046282E-01
   0.136165792448653E+02
   0.135494573905939E-01
   0.135968911492912E+02
   0.133938788509670E-01
   0.137172123273811E+02
   0.135636618351682E-01
   0.139233710477855E+02
   0.138256931440194E-01
   0.140735734720291E+02
   0.139175488268082E-01
   0.140312885865960E+02
   0.136049123273336E-01
   0.137856142133106E+02
   0.122103994656664E-01
   0.138538472354137E+02
   0.117149896348600E-01
   0.144147290049878E+02
   0.127984820611553E-01
   0.154137205432672E+02
   0.154402616196138E-01
   0.162085338650059E+02
   0.169949421736142E-01
   0.165317847000355E+02
   0.165780483059682E-01
   0.166056900169606E+02
   0.160872139276589E-01
   0.165930437340174E+02
   0.158202250129580E-01
   0.165368052189209E+02
   0.156965014309418E-01
   0.164405561741515E+02
   0.155884174444172E-01
   0.163170100609872E+02
   0.154715212647760E-01
   0.161899243613093E+02
   0.154058226830344E-01
   0.160653336265378E+02
   0.153158218713102E-01
   0.159417396428718E+02
   0.152103580007153E-01
   0.158250358608512E+02
   0.151417718324601E-01
   0.157146830706661E+02
   0.151007091513905E-01
   0.156072015272602E+02
   0.150883103048520E-01
   0.154973516400162E+02
   0.150868651174740E-01
   0.136918752922292E+02
   0.136585494987866E-01
   0.135706851462213E+02
   0.135558927835059E-01
   0.134494791379357E+02
   0.134375127732552E-01
   0.133368226620837E+02
   0.133461915878095E-01
   0.132281684174829E+02
   0.132822601632873E-01
   0.131157314340541E+02
   0.132357133530216E-01
   0.129907262588330E+02
   0.131760856053408E-01
   0.128493445043721E+02
   0.131287843696994E-01
   0.126889206746704E+02
   0.130660106565516E-01
   0.125134393617009E+02
   0.129798180545001E-01
   0.123369999174264E+02
   0.129176984351307E-01
   0.121733403674682E+02
   0.128124695910245E-01
   0.120515775282303E+02
   0.126213354488134E-01
   0.120287830493621E+02
   0.125338300094462E-01
   0.121492218024044E+02
   0.127378653557661E-01
   0.123613981564593E+02
   0.131351935831695E-01
   0.125073273563007E+02
   0.133420994084352E-01
   0.124040233827039E+02
   0.129636226892580E-01
   0.119520442999919E+02
   0.960071955861042E-02
   0.119410659973602E+02
   0.898360857390367E-02
   0.125370207062614E+02
   0.103033486184214E-01
   0.137385734676887E+02
   0.146726236871828E-01
   0.146636603015240E+02
   0.169727358243851E-01
   0.150305984709688E+02
   0.168452030095226E-01
   0.150882299198290E+02
   0.161236931996540E-01
   0.150439703830925E+02
   0.156050003849967E-01
   0.149592582629976E+02
   0.152508708554656E-01
   0.148407984614469E+02
   0.149536986872986E-01
   0.147009277559964E+02
   0.146734944644322E-01
   0.145583893209830E+02
   0.144505941019532E-01
   0.144169733085325E+02
   0.142449731760045E-01
   0.142775426186359E+02
   0.140536326070676E-01
   0.141453248395692E+02
   0.139069965816325E-01
   0.140244469224484E+02
   0.138111661378578E-01
   0.139131454291417E+02
   0.137587598126679E-01
   0.138054151451816E+02
   0.137229079774414E-01
   0.117821642841000E+02
   0.126764830024569E-01
   0.116650387283282E+02
   0.125936145443736E-01
   0.115468911536415E+02
   0.124973271756429E-01
   0.114361638132642E+02
   0.123974877459413E-01
   0.113273137710963E+02
   0.123078333936747E-01
   0.112166623400175E+02
   0.122360005111347E-01
   0.110987541265267E+02
   0.121703509668998E-01
   0.109702456179708E+02
   0.121132510130397E-01
   0.108289460033971E+02
   0.120781321603836E-01
   0.106742847299217E+02
   0.120247543011984E-01
   0.105160966463840E+02
   0.119648069439828E-01
   0.103673776682563E+02
   0.118808487151362E-01
   0.102540971255087E+02
   0.117282066851938E-01
   0.102296671041804E+02
   0.116277845883219E-01
   0.103473227324274E+02
   0.117748390966775E-01
   0.105744784605745E+02
   0.122508411744956E-01
   0.107467848646656E+02
   0.127144080535494E-01
   0.106323369682524E+02
   0.124469598017986E-01
   0.100193087938974E+02
   0.865800379254109E-02
   0.992276015721380E+01
   0.776606401487896E-02
   0.104800805915185E+02
   0.864204564433891E-02
   0.117605457439236E+02
   0.136206463787053E-01
   0.127249807750631E+02
   0.158650796624503E-01
   0.131594566768294E+02
   0.162497865484880E-01
   0.132664086982473E+02
   0.158307642672222E-01
   0.132417049365673E+02
   0.154204890662157E-01
   0.131561928997699E+02
   0.149941146556101E-01
   0.130284598567458E+02
   0.145406717945663E-01
   0.128755540626931E+02
   0.141113404144820E-01
   0.127192453955407E+02
   0.137649413454769E-01
   0.125623202221210E+02
   0.134711388040953E-01
   0.124091101585497E+02
   0.132405566374080E-01
   0.122594916527479E+02
   0.130288101652370E-01
   0.121239903632364E+02
   0.128737430361084E-01
   0.120031777003467E+02
   0.127763204627769E-01
   0.118927785327234E+02
   0.127254008328972E-01
   0.962060660541923E+01
   0.116964044214913E-01
   0.950053109497444E+01
   0.115827708574416E-01
   0.938137407403833E+01
   0.114659569474403E-01
   0.927656780753353E+01
   0.113982844483596E-01
   0.916974703843631E+01
   0.113153866766836E-01
   0.906169117780370E+01
   0.112425436557266E-01
   0.895145172445048E+01
   0.111839242739079E-01
   0.883697194094506E+01
   0.111382973804049E-01
   0.871516555497011E+01
   0.111030751552050E-01
   0.858450762925828E+01
   0.110657472146036E-01
   0.845279286663403E+01
   0.110271791931650E-01
   0.833063698868255E+01
   0.109707472022596E-01
   0.823964535956057E+01
   0.108799561628566E-01
   0.822271499425306E+01
   0.108249691124752E-01
   0.833014821532560E+01
   0.109244265398678E-01
   0.855827469359341E+01
   0.113372646636563E-01
   0.875938707623840E+01
   0.119643494000874E-01
   0.870746418110089E+01
   0.122331910301913E-01
   0.804033689645632E+01
   0.840440902182814E-02
   0.787860914540640E+01
   0.758334603040295E-02
   0.831222919387544E+01
   0.815903608681486E-02
   0.941998132188428E+01
   0.115586955777965E-01
   0.102784666504490E+02
   0.132151508104625E-01
   0.107478992089957E+02
   0.139652435022278E-01
   0.109433016183362E+02
   0.140762451424852E-01
   0.109991959891396E+02
   0.140981473817833E-01
   0.109774073558246E+02
   0.140084107531696E-01
   0.108977382670484E+02
   0.137621075356728E-01
   0.107747953808180E+02
   0.134546994799342E-01
   0.106278983436881E+02
   0.131209796119330E-01
   0.104668444117926E+02
   0.127900624238793E-01
   0.103016667401244E+02
   0.125080002347053E-01
   0.101399345466270E+02
   0.122583213063983E-01
   0.999138322123727E+01
   0.120560744164420E-01
   0.985693907421665E+01
   0.119007208760256E-01
   0.973668980976559E+01
   0.117911632452518E-01
   0.719234875449561E+01
   0.106990274537063E-01
   0.707327854060341E+01
   0.105808754321722E-01
   0.695626886110661E+01
   0.104655834380413E-01
   0.684586972185947E+01
   0.103588339856011E-01
   0.673656828935123E+01
   0.102510455520138E-01
   0.663055637411600E+01
   0.101715091109979E-01
   0.652885120487663E+01
   0.101198099818804E-01
   0.643008936563430E+01
   0.100966682401057E-01
   0.633025559553966E+01
   0.100797853288321E-01
   0.622653528226320E+01
   0.100666668758853E-01
   0.612852268554276E+01
   0.100605583749978E-01
   0.604325658338114E+01
   0.100482735381914E-01
   0.598703210877711E+01
   0.100269131847053E-01
   0.598788220077609E+01
   0.100235541629551E-01
   0.607997810320356E+01
   0.100990746235080E-01
   0.627497057953236E+01
   0.103760495815743E-01
   0.647603604112902E+01
   0.109105287370019E-01
   0.651858241943008E+01
   0.116207268631399E-01
   0.607077506660587E+01
   0.958601627472695E-02
   0.587731120652382E+01
   0.905160176195597E-02
   0.607822622252806E+01
   0.870281138090720E-02
   0.672033379899259E+01
   0.946557073970785E-02
   0.732233116137571E+01
   0.100192667975596E-01
   0.775424733376419E+01
   0.106300266873659E-01
   0.801536947904239E+01
   0.110669054913614E-01
   0.815955478746841E+01
   0.114174253613780E-01
   0.823913042156432E+01
   0.117403922011282E-01
   0.825423208018157E+01
   0.119152972777310E-01
   0.820672711848886E+01
   0.119291318553087E-01
   0.811617347927954E+01
   0.118379603943756E-01
   0.799120637194006E+01
   0.116514387019009E-01
   0.784682141533278E+01
   0.114431794346201E-01
   0.769808579749046E+01
   0.112343108672514E-01
   0.755819046927493E+01
   0.110613573371186E-01
   0.742502256298681E+01
   0.109050769475711E-01
   0.730641917331976E+01
   0.107953406310252E-01
   0.433388364794892E+01
   0.930085703342270E-02
   0.422719646562392E+01
   0.921695939637368E-02
   0.412630139900245E+01
   0.914614644972720E-02
   0.402828175892678E+01
   0.907534619837743E-02
   0.393068883253310E+01
   0.899801613679793E-02
   0.383719028790219E+01
   0.893496185462609E-02
   0.375111676514058E+01
   0.889704277679615E-02
   0.367134924747094E+01
   0.888389214860552E-02
   0.359433022092697E+01
   0.887856697354107E-02
   0.351457364383283E+01
   0.885132648711082E-02
   0.345328974880777E+01
   0.885881386636717E-02
   0.341041408817329E+01
   0.887418880788269E-02
   0.339375148050041E+01
   0.889521207028714E-02
   0.341768119166874E+01
   0.893024400045267E-02
   0.349561390169970E+01
   0.899164602425816E-02
   0.363076577461520E+01
   0.915147468607258E-02
   0.377732256400949E+01
   0.946515694405941E-02
   0.381222613072702E+01
   0.984145351871235E-02
   0.357193454930854E+01
   0.911337111662528E-02
   0.339068254731714E+01
   0.853053969850653E-02
   0.341638998249424E+01
   0.801541600337378E-02
   0.369071585864364E+01
   0.791139999392000E-02
   0.403209699941500E+01
   0.796738843271852E-02
   0.434287241903543E+01
   0.821842344435490E-02
   0.457686673559638E+01
   0.847961857693720E-02
   0.474924232828852E+01
   0.875014612876858E-02
   0.488590351308792E+01
   0.908391340655000E-02
   0.497745438721798E+01
   0.938670003406846E-02
   0.501431672207989E+01
   0.959622517972502E-02
   0.499703975271925E+01
   0.968465404181956E-02
   0.493333217900611E+01
   0.966515392381922E-02
   0.483767190461725E+01
   0.958267101491482E-02
   0.472928177475998E+01
   0.948568830067087E-02
   0.462789454560566E+01
   0.943143307826031E-02
   0.452837630153882E+01
   0.938756063671292E-02
   0.443084176242180E+01
   0.934358893288981E-02
   0.785961182075154E+00
   0.728275348614649E-02
   0.719191829355351E+00
   0.727894272501817E-02
   0.649349658392835E+00
   0.726036204145610E-02
   0.576796843786989E+00
   0.723048446846212E-02
   0.502242599991075E+00
   0.718582561595541E-02
   0.431539548829985E+00
   0.713930389231676E-02
   0.369152831767424E+00
   0.710486220549527E-02
   0.313289041941914E+00
   0.708101917105377E-02
   0.262187212432617E+00
   0.705983444538478E-02
   0.222399222797159E+00
   0.704731852452901E-02
   0.203631360376074E+00
   0.706084200104869E-02
   0.202356852296044E+00
   0.708026718311646E-02
   0.219919257410093E+00
   0.710469073608760E-02
   0.260100035797060E+00
   0.713546974785680E-02
   0.323734434730682E+00
   0.717981561956433E-02
   0.403769435140656E+00
   0.726807371769635E-02
   0.484709088143941E+00
   0.747010675366468E-02
   0.502005920159844E+00
   0.768290118664712E-02
   0.377104342736164E+00
   0.741639946288879E-02
   0.230664727058254E+00
   0.703935808352134E-02
   0.159186664205428E+00
   0.667347003776906E-02
   0.221267844771080E+00
   0.646632357002722E-02
   0.354329665298964E+00
   0.635857085107283E-02
   0.510889215211603E+00
   0.634362653246066E-02
   0.658266972317298E+00
   0.637451734564992E-02
   0.792060685474471E+00
   0.644778800701795E-02
   0.916988960563962E+00
   0.659707690280866E-02
   0.102560668478844E+01
   0.680425795758687E-02
   0.110319687428609E+01
   0.701276687803034E-02
   0.113892510459716E+01
   0.716013561876753E-02
   0.113406244211806E+01
   0.723740006196421E-02
   0.109772982941356E+01
   0.726498110335499E-02
   0.104180054952779E+01
   0.726069835366344E-02
   0.982311343539057E+00
   0.726764664971412E-02
   0.920553086394822E+00
   0.727921658614118E-02
   0.851803333920932E+00
   0.727647139784335E-02
  -0.376260802996532E+01
   0.489560394563732E-02
  -0.379145479783939E+01
   0.490962458450208E-02
  -0.382527511703882E+01
   0.490296454922801E-02
  -0.386286859911121E+01
   0.487790173975660E-02
  -0.390186108918802E+01
   0.483826601757909E-02
  -0.393331934261600E+01
   0.479647775411927E-02
  -0.395360145616214E+01
   0.476279952101302E-02
  -0.396130260460823E+01
   0.474434325650392E-02
  -0.395740698562975E+01
   0.473804864626538E-02
  -0.394170491827985E+01
   0.474172165062832E-02
  -0.391504711576063E+01
   0.474740355273312E-02
  -0.388121976833230E+01
   0.475434642290269E-02
  -0.384173512989098E+01
   0.476877054050223E-02
  -0.379678557661191E+01
   0.479820565078378E-02
  -0.375172661249198E+01
   0.484465304638330E-02
  -0.371475578523596E+01
   0.491976887116894E-02
  -0.369884235224287E+01
   0.503075498740174E-02
  -0.372573372658545E+01
   0.513732025359411E-02
  -0.380614722169751E+01
   0.514176799101929E-02
  -0.391205224343326E+01
   0.504031172979955E-02
  -0.400510933094823E+01
   0.487419382341008E-02
  -0.405922484439081E+01
   0.469412624596177E-02
  -0.407239737988172E+01
   0.453530115012997E-02
  -0.404894360460119E+01
   0.442366549699567E-02
  -0.399784488342567E+01
   0.437234524353110E-02
  -0.392632301138043E+01
   0.438795823893589E-02
  -0.384266623009611E+01
   0.446157836443617E-02
  -0.376127422094774E+01
   0.456842649933515E-02
  -0.369536192013559E+01
   0.468140921172748E-02
  -0.365413328696582E+01
   0.477095837733929E-02
  -0.363984498716985E+01
   0.481963949686899E-02
  -0.364735965845281E+01
   0.483468462103372E-02
  -0.366754046505161E+01
   0.483490157903019E-02
  -0.369146561446715E+01
   0.483987992662290E-02
  -0.371489454290176E+01
   0.485265526122396E-02
  -0.373778708787495E+01
   0.487180507037332E-02
  -0.998836294146160E+01
   0.274346442986361E-02
  -0.993149694553109E+01
   0.276864202715985E-02
  -0.988222525130063E+01
   0.278014858393920E-02
  -0.983546525676339E+01
   0.278248013260672E-02
  -0.977503739587020E+01
   0.279477465277171E-02
  -0.969461347236514E+01
   0.282310757322416E-02
  -0.958855330715420E+01
   0.287309884232959E-02
  -0.945203047649191E+01
   0.295000412423274E-02
  -0.930761376625363E+01
   0.303292148402084E-02
  -0.916056660589780E+01
   0.311875637901795E-02
  -0.902017289580346E+01
   0.320139492850087E-02
  -0.889794070268334E+01
   0.327629263882666E-02
  -0.878444386541626E+01
   0.336138957627698E-02
  -0.872382913259476E+01
   0.340475561553567E-02
  -0.871605813869519E+01
   0.341222485912799E-02
  -0.876537884697940E+01
   0.338320910786679E-02
  -0.888037932433520E+01
   0.331001421131539E-02
  -0.907351509187471E+01
   0.317662632940398E-02
  -0.928389409765681E+01
   0.305208613508508E-02
  -0.950587066291645E+01
   0.293144987146537E-02
  -0.972729164237294E+01
   0.281526141815193E-02
  -0.994397016126846E+01
   0.269542071257880E-02
  -0.101460939448839E+02
   0.257645442457299E-02
  -0.102837940545158E+02
   0.250021802247067E-02
  -0.103644667232179E+02
   0.246003712795430E-02
  -0.103989829885860E+02
   0.244810151347537E-02
  -0.104010859024339E+02
   0.245515564901112E-02
  -0.103857182562697E+02
   0.247122361847991E-02
  -0.103630680819363E+02
   0.248966433000877E-02
  -0.103403671101338E+02
   0.250563240687309E-02
  -0.103188351945975E+02
   0.251882353389034E-02
  -0.102949314605063E+02
   0.253278673163074E-02
  -0.102647225573964E+02
   0.255140166435098E-02
  -0.102211927068477E+02
   0.258086013066244E-02
  -0.101561181993942E+02
   0.262765790571098E-02
  -0.100604854792120E+02
   0.269855101265967E-02
