   0.891174082091320E+00
   0.385984621621756E-02
  -0.225988379284039E+00
   0.369321055000935E-02
  -0.971833513535261E+00
   0.356429563570937E-02
  -0.141318806661469E+01
   0.346781768249518E-02
  -0.152280626824968E+01
   0.340428778769172E-02
  -0.116732535679088E+01
   0.337894792872828E-02
  -0.164423165744211E+01
   0.342433547905192E-02
  -0.158517458469243E+01
   0.351397346984788E-02
  -0.101449285304965E+01
   0.364826184115332E-02
   0.607147233240399E-01
   0.382802765707526E-02
   0.164056597633735E+01
   0.405376160632601E-02
   0.390443019074668E+01
   0.432358312448383E-02
   0.710633484675882E+01
   0.462790811468982E-02
   0.992730143533979E+01
   0.494809199635021E-02
   0.124763247718111E+02
   0.526583920908912E-02
   0.147742207875488E+02
   0.556644599785262E-02
   0.167275422071038E+02
   0.583961449577691E-02
   0.183132415374423E+02
   0.607882928635494E-02
   0.195469251574282E+02
   0.628039273586282E-02
   0.204629596919090E+02
   0.644437033686377E-02
   0.211011261996180E+02
   0.657437546634340E-02
   0.214961673801050E+02
   0.667280672954745E-02
   0.216690727329006E+02
   0.673939631284459E-02
   0.216209249598804E+02
   0.677100521922233E-02
   0.213330091779456E+02
   0.676181899775926E-02
   0.207721576160934E+02
   0.670631909757347E-02
   0.198938321135585E+02
   0.660187825031851E-02
   0.186414813216026E+02
   0.644678916998356E-02
   0.169437623427290E+02
   0.623991477378866E-02
   0.147121550423051E+02
   0.598256996330069E-02
   0.118417365917918E+02
   0.568083273013897E-02
   0.821498235129444E+01
   0.534670896666218E-02
   0.539417913501817E+01
   0.499818413206634E-02
   0.332553181618799E+01
   0.465764864653418E-02
   0.192974708418458E+01
   0.434652469145755E-02
   0.112747498774505E+01
   0.407923819744898E-02
   0.364846768874720E+01
   0.479678042289024E-02
   0.422275590416536E+01
   0.461636183766336E-02
   0.398798916523739E+01
   0.444972890326929E-02
   0.313352890663438E+01
   0.427274201401795E-02
   0.150836679256386E+01
   0.412814995805471E-02
   0.754722369480874E+00
   0.405677407264929E-02
   0.516576309060628E+00
   0.405753601097928E-02
   0.762750404958406E+00
   0.413299329666090E-02
   0.154501254866218E+01
   0.427279053801044E-02
   0.303636169485346E+01
   0.445810841940510E-02
   0.336065560058540E+01
   0.470650116774837E-02
   0.427820697745924E+01
   0.499691352247968E-02
   0.587669207209225E+01
   0.542530332685201E-02
   0.806452084939224E+01
   0.591677238880899E-02
   0.109656914485347E+02
   0.639039212125391E-02
   0.149098791008596E+02
   0.682681620022813E-02
   0.176120302697648E+02
   0.721791609241887E-02
   0.194097789658297E+02
   0.754944723798703E-02
   0.205513421212402E+02
   0.778598872897874E-02
   0.212322277219654E+02
   0.792099039592775E-02
   0.216211079081334E+02
   0.803579239003652E-02
   0.218613366220506E+02
   0.815741412876811E-02
   0.220504138463207E+02
   0.828927925984917E-02
   0.221887052348043E+02
   0.842448143673968E-02
   0.221915813779107E+02
   0.850479771972559E-02
   0.219833605962386E+02
   0.848074498811457E-02
   0.215178324656533E+02
   0.838889239358289E-02
   0.207596045732296E+02
   0.824150920058943E-02
   0.196512920168714E+02
   0.802001766402493E-02
   0.180780559802423E+02
   0.770253260323818E-02
   0.158714123349446E+02
   0.728349077594720E-02
   0.128580379522864E+02
   0.678725920341282E-02
   0.889880350727650E+01
   0.623613684700676E-02
   0.632310147270491E+01
   0.571555412083757E-02
   0.473642221487323E+01
   0.530302762170449E-02
   0.387136503079798E+01
   0.501411927027158E-02
   0.609255628313363E+01
   0.634392645073838E-02
   0.570742314985580E+01
   0.616678315265076E-02
   0.519927597670948E+01
   0.596403794058441E-02
   0.450781256321426E+01
   0.560938170536258E-02
   0.375936845628440E+01
   0.528640511279585E-02
   0.331325681726659E+01
   0.520066059230041E-02
   0.317243080601928E+01
   0.524040052084530E-02
   0.335704189730254E+01
   0.537813225291979E-02
   0.388342188516599E+01
   0.559264474239867E-02
   0.480098024737241E+01
   0.585529301624519E-02
   0.623937458813307E+01
   0.607676088423097E-02
   0.664482654974431E+01
   0.592501322204997E-02
   0.826159632006499E+01
   0.646022869420186E-02
   0.104399006452168E+02
   0.708571809793256E-02
   0.131769563778003E+02
   0.753530125889103E-02
   0.168964610331501E+02
   0.798135794193654E-02
   0.192161803110141E+02
   0.845681466736353E-02
   0.205980300957650E+02
   0.895207372400256E-02
   0.213006202223377E+02
   0.923690582720272E-02
   0.215264766231885E+02
   0.911657163134801E-02
   0.214924504432634E+02
   0.914957472905761E-02
   0.214432367306118E+02
   0.928118296268890E-02
   0.216437763610072E+02
   0.947528428685510E-02
   0.220635198919235E+02
   0.984550888349944E-02
   0.223503547145889E+02
   0.101194420488390E-01
   0.223582595593742E+02
   0.998967653028579E-02
   0.220807870971424E+02
   0.985271891255910E-02
   0.215704923274530E+02
   0.974688656030743E-02
   0.208637749363400E+02
   0.956055006298201E-02
   0.198203196880368E+02
   0.920914334489827E-02
   0.181119171591788E+02
   0.867032065773019E-02
   0.154316418278948E+02
   0.812654541864746E-02
   0.114741353618215E+02
   0.744050394292189E-02
   0.901624756395787E+01
   0.689142246584186E-02
   0.755633278883292E+01
   0.662144125573997E-02
   0.666728332374983E+01
   0.652549239530328E-02
   0.887323077166425E+01
   0.832866749249592E-02
   0.830735907070325E+01
   0.802174590531354E-02
   0.772594156553742E+01
   0.769847105855174E-02
   0.711326751989745E+01
   0.736321647937802E-02
   0.651813676210161E+01
   0.698367814058751E-02
   0.612372758427691E+01
   0.680432552588419E-02
   0.596557345511664E+01
   0.682558065350512E-02
   0.603138748311529E+01
   0.692798449659692E-02
   0.631248391162642E+01
   0.703067903127025E-02
   0.683522826847964E+01
   0.707345225848875E-02
   0.761751918163349E+01
   0.710432269405026E-02
   0.877854566708141E+01
   0.690048812646232E-02
   0.116227801899655E+02
   0.765837539207460E-02
   0.141025296507526E+02
   0.802935847540234E-02
   0.165196869129869E+02
   0.828716934448323E-02
   0.188931070881193E+02
   0.864983162663986E-02
   0.205677569577935E+02
   0.909478431711063E-02
   0.214715795599324E+02
   0.952426784502761E-02
   0.217273430532945E+02
   0.976749630726940E-02
   0.214783449662972E+02
   0.981462614398258E-02
   0.209294438958314E+02
   0.992525804760265E-02
   0.204062576391516E+02
   0.999424813635503E-02
   0.206517722903150E+02
   0.101653460975558E-01
   0.216385489307924E+02
   0.109326721479262E-01
   0.222491894215543E+02
   0.111718284297763E-01
   0.223871575393511E+02
   0.109277276855766E-01
   0.221374033474743E+02
   0.110385083942410E-01
   0.216915476058682E+02
   0.107781184853845E-01
   0.213327676778145E+02
   0.105527950895555E-01
   0.209147148629756E+02
   0.102961908160396E-01
   0.197682380225714E+02
   0.988829360767054E-02
   0.175081821990281E+02
   0.940210357115493E-02
   0.138375872221000E+02
   0.889765405742132E-02
   0.116266858339615E+02
   0.860157939446747E-02
   0.103426766588682E+02
   0.854157359310211E-02
   0.950840200361226E+01
   0.847105698376773E-02
   0.113956154370825E+02
   0.103883538968690E-01
   0.107905955951611E+02
   0.992111175757074E-02
   0.102002985707991E+02
   0.942595941155467E-02
   0.964374145243681E+01
   0.902916791784885E-02
   0.914021148539435E+01
   0.867157011152607E-02
   0.876729257748174E+01
   0.843372101773791E-02
   0.855635551739062E+01
   0.833868478014429E-02
   0.850560938042413E+01
   0.831919082964357E-02
   0.861093952181387E+01
   0.829151948557605E-02
   0.890182373519068E+01
   0.822328602099965E-02
   0.943996892737568E+01
   0.800918856537052E-02
   0.105292730846042E+02
   0.786046177016657E-02
   0.132579669219001E+02
   0.853609922299262E-02
   0.158642153751158E+02
   0.871411964136641E-02
   0.181325225632926E+02
   0.886095685735639E-02
   0.201343387014000E+02
   0.921938897102879E-02
   0.214786845810812E+02
   0.973816689177488E-02
   0.220048517069378E+02
   0.102152290271823E-01
   0.218746130796473E+02
   0.103870879805986E-01
   0.211652920732938E+02
   0.103374064363965E-01
   0.200352262509591E+02
   0.105661586771435E-01
   0.186779266574006E+02
   0.104186354201304E-01
   0.189794131670211E+02
   0.108089078612549E-01
   0.211042910204084E+02
   0.118298534621507E-01
   0.220063621636824E+02
   0.116073703770046E-01
   0.221824236496448E+02
   0.117216409323925E-01
   0.218057379064238E+02
   0.118850503701932E-01
   0.212019539168731E+02
   0.115670652695343E-01
   0.211615284798413E+02
   0.111629823161124E-01
   0.215986792844609E+02
   0.110308374406618E-01
   0.210530570148568E+02
   0.106842428391935E-01
   0.192059775791703E+02
   0.103759449230027E-01
   0.158251552998615E+02
   0.102695137456196E-01
   0.138801299593793E+02
   0.102054887737952E-01
   0.127720226720883E+02
   0.104994911799428E-01
   0.120259464063355E+02
   0.106291843121733E-01
   0.135426599189699E+02
   0.121085860678910E-01
   0.129400419814239E+02
   0.114477208468603E-01
   0.123773491724652E+02
   0.108435609609764E-01
   0.118791504718975E+02
   0.104216608429485E-01
   0.114466571798498E+02
   0.101111813780565E-01
   0.111028854490249E+02
   0.986720380624622E-02
   0.108637882529335E+02
   0.968586059043920E-02
   0.107346394163895E+02
   0.955230801154664E-02
   0.107237852112553E+02
   0.942671450926212E-02
   0.108689687162872E+02
   0.934205935928979E-02
   0.112312906634614E+02
   0.922286126003132E-02
   0.120210420686098E+02
   0.893903225834961E-02
   0.138190718450969E+02
   0.904875310999041E-02
   0.167301888717803E+02
   0.938992950460143E-02
   0.189106861432657E+02
   0.946170602159256E-02
   0.208634277333668E+02
   0.989435765924774E-02
   0.220642525871884E+02
   0.105338738639315E-01
   0.222453291506091E+02
   0.110470064395391E-01
   0.217926305115671E+02
   0.109766002416235E-01
   0.206597768924008E+02
   0.110849111494745E-01
   0.189841752730375E+02
   0.112084287437714E-01
   0.181460520715506E+02
   0.112032388045621E-01
   0.185352899044660E+02
   0.114431216160589E-01
   0.207705455977390E+02
   0.121950580434058E-01
   0.216863100197840E+02
   0.121291624313936E-01
   0.218134357718558E+02
   0.124496006924168E-01
   0.211809968200239E+02
   0.124495041038895E-01
   0.200907535378792E+02
   0.120250475730334E-01
   0.203269117208168E+02
   0.115077965395679E-01
   0.220665691977628E+02
   0.114554284343149E-01
   0.220963974212498E+02
   0.112821740758139E-01
   0.206154117690419E+02
   0.111793193373520E-01
   0.174896505828280E+02
   0.116163564411216E-01
   0.157944210942411E+02
   0.119320727253061E-01
   0.148445698213242E+02
   0.125264172518953E-01
   0.141621769362983E+02
   0.125498460862837E-01
   0.153191262675609E+02
   0.133046446311923E-01
   0.147463098707585E+02
   0.125413560615450E-01
   0.142356838081639E+02
   0.119478897954645E-01
   0.138013920550111E+02
   0.115779468056803E-01
   0.134304383512862E+02
   0.113273274061713E-01
   0.131208794126673E+02
   0.111070527697798E-01
   0.128763254861972E+02
   0.108882671766541E-01
   0.127039435665864E+02
   0.106860934086231E-01
   0.126211225697631E+02
   0.105300157077176E-01
   0.126681506234592E+02
   0.104904272701948E-01
   0.128908473727140E+02
   0.104702881735766E-01
   0.134181962931771E+02
   0.101425511083643E-01
   0.146301328507060E+02
   0.967352063177106E-02
   0.171125909233860E+02
   0.975794179942966E-02
   0.190986521661013E+02
   0.100648942230232E-01
   0.212203268877488E+02
   0.104429785833954E-01
   0.224144743377913E+02
   0.114836530744618E-01
   0.221925083614383E+02
   0.120869184391942E-01
   0.214976803421511E+02
   0.118636348988040E-01
   0.199652433362433E+02
   0.119563901576308E-01
   0.188704239901079E+02
   0.122782587048060E-01
   0.183564144028567E+02
   0.124208379882230E-01
   0.186675921530971E+02
   0.121931572730182E-01
   0.204550931083188E+02
   0.125310515493791E-01
   0.212238748122737E+02
   0.126943170373841E-01
   0.213008555496451E+02
   0.128122385404506E-01
   0.203536828453804E+02
   0.128591403024264E-01
   0.198244487495302E+02
   0.124959061468171E-01
   0.203226139643654E+02
   0.120056641663189E-01
   0.225383159396295E+02
   0.115017070115792E-01
   0.229526087712702E+02
   0.116218440488902E-01
   0.217753707531203E+02
   0.118703411817280E-01
   0.188848641715523E+02
   0.129304160163736E-01
   0.174144712974719E+02
   0.138197717476860E-01
   0.165665854387559E+02
   0.142933644980992E-01
   0.159217357598203E+02
   0.139790441058616E-01
   0.167750318100197E+02
   0.141674837480669E-01
   0.162571961015790E+02
   0.135402087497838E-01
   0.158109725383050E+02
   0.131155577154006E-01
   0.154380663022772E+02
   0.128762653973783E-01
   0.151181743945248E+02
   0.126608540164462E-01
   0.148421787727055E+02
   0.124372795699873E-01
   0.146057084229842E+02
   0.121790642133085E-01
   0.144137360276270E+02
   0.119189626344367E-01
   0.142852175489530E+02
   0.117142337862427E-01
   0.142576705236341E+02
   0.116709645905515E-01
   0.143656917328350E+02
   0.116872026061884E-01
   0.146830481249269E+02
   0.112904848446593E-01
   0.154545103690330E+02
   0.106014744312324E-01
   0.170397943674386E+02
   0.102025140370083E-01
   0.187294332076776E+02
   0.108128137787182E-01
   0.212993159476547E+02
   0.110964094503179E-01
   0.226226702031526E+02
   0.124808404908629E-01
   0.218136683266214E+02
   0.134541629417809E-01
   0.210091222128352E+02
   0.130975124043019E-01
   0.200189734370992E+02
   0.129756525704177E-01
   0.192651640087875E+02
   0.137925411066829E-01
   0.188992976716654E+02
   0.138248198066887E-01
   0.190646695445556E+02
   0.132087046578759E-01
   0.199740694938223E+02
   0.128637604965053E-01
   0.205469929170073E+02
   0.129903336733805E-01
   0.206697865128025E+02
   0.133468440895600E-01
   0.202724388232948E+02
   0.135351739517619E-01
   0.200798075986461E+02
   0.135128428707708E-01
   0.206591949660287E+02
   0.127593136965678E-01
   0.229464042359663E+02
   0.114476816481620E-01
   0.236248477229722E+02
   0.119399037856690E-01
   0.227062859029126E+02
   0.125574910348229E-01
   0.200623857167933E+02
   0.144519626367191E-01
   0.187480195199623E+02
   0.153758158318923E-01
   0.179453880882156E+02
   0.152239228471996E-01
   0.173376723737179E+02
   0.148165418641249E-01
   0.179681460663295E+02
   0.152541943316448E-01
   0.175157235074254E+02
   0.149019634555307E-01
   0.171278248554596E+02
   0.146261179378416E-01
   0.168053483392387E+02
   0.144651513952277E-01
   0.165299544062427E+02
   0.143042023736205E-01
   0.162888875075760E+02
   0.141380162299265E-01
   0.160713074474578E+02
   0.139403115573740E-01
   0.158756883871706E+02
   0.137293047775239E-01
   0.157159910709063E+02
   0.135317296275290E-01
   0.156195109426639E+02
   0.133321753001778E-01
   0.156215462549647E+02
   0.130636852540821E-01
   0.157861072138448E+02
   0.124354887560889E-01
   0.162828727688518E+02
   0.117210767896770E-01
   0.174218479740476E+02
   0.111809910409511E-01
   0.187567989819695E+02
   0.111710206193096E-01
   0.211833147495468E+02
   0.112045232272379E-01
   0.228119289797275E+02
   0.130789215271814E-01
   0.219972142144095E+02
   0.148160600145138E-01
   0.211663215605849E+02
   0.143434338784102E-01
   0.205035324350038E+02
   0.139056922514889E-01
   0.198404844155339E+02
   0.148946149862906E-01
   0.195275744908871E+02
   0.148115332091464E-01
   0.196037912601410E+02
   0.141882502013975E-01
   0.201111239190788E+02
   0.139469411237675E-01
   0.205886357934895E+02
   0.138800418692975E-01
   0.207512685824313E+02
   0.143099889244576E-01
   0.206060213826677E+02
   0.145146452011290E-01
   0.205568363143711E+02
   0.145027078543088E-01
   0.210806703050789E+02
   0.134709058092264E-01
   0.232073610851717E+02
   0.116493564210550E-01
   0.241100493102257E+02
   0.124474846611812E-01
   0.234194152035676E+02
   0.133366622294001E-01
   0.210108977410002E+02
   0.158962300611031E-01
   0.197930904693268E+02
   0.162422837485761E-01
   0.190271607929687E+02
   0.157754462512578E-01
   0.184705605542217E+02
   0.156074193368841E-01
   0.189419366963633E+02
   0.164293780010756E-01
   0.185482403440918E+02
   0.162045553762550E-01
   0.182090366051249E+02
   0.160017088822036E-01
   0.179274331690408E+02
   0.158707498736680E-01
   0.176904286572303E+02
   0.157746401168872E-01
   0.174818088844599E+02
   0.156874074421244E-01
   0.172842844193863E+02
   0.155694584662034E-01
   0.170871265744136E+02
   0.153969704271414E-01
   0.168991643455875E+02
   0.151966102833816E-01
   0.167440475154488E+02
   0.149135583463207E-01
   0.166608686996518E+02
   0.145181753288695E-01
   0.167148555682084E+02
   0.138674112470050E-01
   0.170468648108612E+02
   0.127885195541643E-01
   0.180101448480416E+02
   0.122503851244539E-01
   0.189698943155953E+02
   0.121637556518279E-01
   0.207933583180513E+02
   0.116401146159463E-01
   0.229911787033083E+02
   0.134761165736455E-01
   0.224644862835360E+02
   0.157131920387045E-01
   0.215831201472184E+02
   0.159640916434233E-01
   0.212286254039271E+02
   0.146490869942712E-01
   0.204178581436241E+02
   0.159567353548603E-01
   0.201240142230466E+02
   0.157731807758329E-01
   0.201403965130328E+02
   0.154220243420024E-01
   0.204643141274449E+02
   0.151051991771992E-01
   0.209448943765080E+02
   0.150543952581786E-01
   0.211315061523067E+02
   0.155460568476214E-01
   0.211077694437367E+02
   0.156393673474901E-01
   0.210869046122581E+02
   0.154614798764961E-01
   0.214648644570119E+02
   0.143306292905584E-01
   0.232448796000795E+02
   0.124747488243929E-01
   0.244124590391348E+02
   0.132327134074077E-01
   0.239273658285710E+02
   0.142372947033369E-01
   0.217552069610586E+02
   0.172267868863926E-01
   0.206179258717838E+02
   0.173199391242380E-01
   0.198914585156770E+02
   0.166978802499676E-01
   0.193827927629572E+02
   0.166201139570158E-01
   0.197354171655246E+02
   0.175811767108228E-01
   0.193858990408490E+02
   0.173860726621432E-01
   0.190841936400327E+02
   0.172194693545043E-01
   0.188349261745915E+02
   0.171181546152737E-01
   0.186296019503154E+02
   0.171031664538085E-01
   0.184483880797118E+02
   0.170996307496906E-01
   0.182684611622901E+02
   0.170617009759621E-01
   0.180695780844525E+02
   0.169128947048797E-01
   0.178555750816180E+02
   0.166642772542985E-01
   0.176510179799884E+02
   0.162635593991809E-01
   0.175011974490187E+02
   0.157242539508800E-01
   0.174757549546484E+02
   0.149835483830709E-01
   0.177176891932781E+02
   0.139484449447575E-01
   0.187238467089212E+02
   0.132867233468841E-01
   0.192937198800890E+02
   0.139301090933859E-01
   0.207537247362426E+02
   0.125694490326730E-01
   0.231855775753000E+02
   0.136804551522140E-01
   0.232010224824071E+02
   0.157928706707197E-01
   0.220432693199039E+02
   0.173812034014094E-01
   0.214608317931213E+02
   0.162838032462499E-01
   0.209096505959696E+02
   0.170725712832114E-01
   0.206746661726601E+02
   0.169407834579012E-01
   0.206648030791148E+02
   0.165469867751943E-01
   0.209114552320362E+02
   0.159978067920011E-01
   0.215010895177316E+02
   0.156394497258423E-01
   0.216729395313839E+02
   0.166915953156600E-01
   0.217078714603874E+02
   0.166330020408196E-01
   0.216585321088842E+02
   0.164826021336976E-01
   0.218498191603994E+02
   0.154852181074007E-01
   0.229893961351969E+02
   0.143640980167229E-01
   0.245630204873581E+02
   0.143396495756867E-01
   0.242548718780572E+02
   0.153428457123070E-01
   0.223194370389103E+02
   0.185527109504186E-01
   0.212679868038009E+02
   0.184179690535134E-01
   0.205912552874277E+02
   0.177754825342926E-01
   0.201274580591805E+02
   0.177278356048065E-01
   0.203601700641517E+02
   0.185832846206186E-01
   0.200421095366584E+02
   0.183850608050297E-01
   0.197680601307536E+02
   0.182423537852486E-01
   0.195427235081380E+02
   0.181855996447152E-01
   0.193596680550401E+02
   0.182402150079891E-01
   0.191974753576380E+02
   0.183091799010940E-01
   0.190292425362059E+02
   0.183365217556855E-01
   0.188266905998370E+02
   0.181946636846746E-01
   0.185900843197318E+02
   0.178667113550459E-01
   0.183496608804575E+02
   0.173396887755835E-01
   0.181574497335609E+02
   0.166603672960079E-01
   0.180878215682622E+02
   0.159032636197596E-01
   0.182640040561158E+02
   0.152499603728206E-01
   0.189446850899602E+02
   0.148444441720720E-01
   0.196050246612614E+02
   0.155600571709215E-01
   0.208902392553612E+02
   0.140931291576074E-01
   0.233388357532460E+02
   0.143181437492417E-01
   0.236234213318628E+02
   0.157462435026662E-01
   0.224647259198619E+02
   0.179311110378605E-01
   0.217783890077211E+02
   0.175700590150999E-01
   0.213377471614168E+02
   0.177577397085925E-01
   0.211657639210457E+02
   0.179898088791222E-01
   0.211581084595089E+02
   0.176040680771297E-01
   0.213800220645471E+02
   0.168878708155389E-01
   0.222408614944244E+02
   0.155765224765815E-01
   0.222949355754219E+02
   0.169328273977517E-01
   0.223857078857727E+02
   0.170677834393634E-01
   0.222679951989594E+02
   0.175755426175088E-01
   0.222704372554079E+02
   0.168883624355275E-01
   0.230068087376881E+02
   0.158994556157112E-01
   0.246083822367050E+02
   0.152572437500704E-01
   0.244163508587362E+02
   0.164787188693867E-01
   0.227129191813863E+02
   0.197475264041447E-01
   0.217601770809324E+02
   0.193944433800121E-01
   0.211407458143835E+02
   0.187835878636786E-01
   0.207159311016545E+02
   0.187262056952202E-01
   0.208252678082016E+02
   0.194722102672047E-01
   0.205291213378078E+02
   0.192699733115763E-01
   0.202735692824679E+02
   0.191349093708484E-01
   0.200620521761297E+02
   0.190922448888989E-01
   0.198891057789936E+02
   0.191399725951779E-01
   0.197350633664436E+02
   0.192197107945907E-01
   0.195714114424348E+02
   0.192639760109492E-01
   0.193643432271311E+02
   0.191044992726802E-01
   0.191121650888915E+02
   0.187079380002034E-01
   0.188534659354526E+02
   0.181225849613929E-01
   0.186462330593629E+02
   0.174451578628316E-01
   0.185642464353642E+02
   0.168973910033202E-01
   0.186994290151860E+02
   0.165641648341384E-01
   0.191943380048548E+02
   0.158753410928199E-01
   0.198705061275102E+02
   0.163833166730583E-01
   0.210832417043401E+02
   0.159302534021617E-01
   0.234305821712142E+02
   0.156913561453036E-01
   0.238508591694306E+02
   0.160468108432522E-01
   0.228629863220264E+02
   0.176547091120385E-01
   0.220930686017562E+02
   0.187528339674083E-01
   0.217088110962193E+02
   0.187205876141621E-01
   0.215856064334726E+02
   0.189977290460015E-01
   0.215936452133337E+02
   0.186725710478840E-01
   0.217977288507461E+02
   0.179905548251268E-01
   0.226242788765811E+02
   0.162425748736841E-01
   0.229791741258988E+02
   0.170521194061534E-01
   0.231687960123871E+02
   0.168631352594269E-01
   0.229024222228678E+02
   0.182277811122794E-01
   0.226980468758816E+02
   0.183918752898009E-01
   0.231420541209401E+02
   0.173062501854530E-01
   0.245573815121178E+02
   0.159146534282196E-01
   0.244145199872910E+02
   0.174025365610718E-01
   0.229414602512282E+02
   0.202826248923833E-01
   0.221055659248477E+02
   0.200966071585621E-01
   0.215487962369377E+02
   0.197150404568990E-01
   0.211552722689136E+02
   0.196257530211130E-01
   0.211376675634693E+02
   0.202360723334291E-01
   0.208559389503334E+02
   0.200396692804241E-01
   0.206106991460558E+02
   0.198974825976706E-01
   0.204033795122983E+02
   0.198003974784100E-01
   0.202300049351262E+02
   0.197482846945149E-01
   0.200748140129393E+02
   0.197664699691907E-01
   0.199104470328038E+02
   0.198071348585265E-01
   0.196997766169286E+02
   0.196634337915915E-01
   0.194408366973211E+02
   0.192644960916839E-01
   0.191811575305884E+02
   0.187576864318500E-01
   0.189811779224603E+02
   0.182652036950124E-01
   0.189062363046236E+02
   0.179261722228772E-01
   0.190155442296533E+02
   0.175412497450914E-01
   0.194088330837152E+02
   0.168592083941090E-01
   0.200800078650959E+02
   0.172554900739801E-01
   0.212513837701075E+02
   0.177497744759843E-01
   0.234391667925474E+02
   0.166260337332548E-01
   0.239269656118003E+02
   0.161122795361010E-01
   0.233193185911372E+02
   0.168321520228623E-01
   0.223433067540034E+02
   0.192709587727993E-01
   0.220061803039408E+02
   0.197311077559050E-01
   0.219207767110324E+02
   0.198824011164358E-01
   0.219505245488005E+02
   0.196283486016823E-01
   0.221369133025772E+02
   0.193512701800741E-01
   0.226717421832305E+02
   0.176538196861095E-01
   0.232498994027375E+02
   0.175946092365910E-01
   0.235833898914824E+02
   0.172333076700538E-01
   0.235741995812555E+02
   0.180749765526561E-01
   0.230952357978907E+02
   0.198849643070776E-01
   0.233000291542327E+02
   0.188484927803016E-01
   0.244132270126435E+02
   0.167787509893143E-01
   0.242296890910935E+02
   0.184779875478310E-01
   0.230328423050536E+02
   0.207786767844258E-01
   0.223208115786013E+02
   0.207920832290833E-01
   0.218217078259965E+02
   0.205692353238992E-01
   0.214507860494348E+02
   0.204128004949489E-01
   0.213038349888435E+02
   0.207657731054413E-01
   0.210308810227715E+02
   0.205955358712510E-01
   0.207904778810594E+02
   0.204516184183200E-01
   0.205829101592650E+02
   0.202868136282315E-01
   0.204045886910758E+02
   0.201336858166936E-01
   0.202442265685185E+02
   0.201230167317595E-01
   0.200745451841514E+02
   0.201814808767991E-01
   0.198584216277961E+02
   0.200415538839043E-01
   0.195986043832302E+02
   0.196509509227991E-01
   0.193479219734261E+02
   0.192341113960032E-01
   0.191658206811906E+02
   0.189150794528050E-01
   0.191070870559613E+02
   0.186559841786431E-01
   0.192070031883216E+02
   0.181007153325102E-01
   0.195497533820935E+02
   0.174708982200469E-01
   0.202159337721016E+02
   0.180315856598335E-01
   0.213395193984834E+02
   0.188909094612927E-01
   0.233409979107499E+02
   0.167017153392764E-01
   0.238675255829091E+02
   0.160638648154272E-01
   0.234822553538653E+02
   0.164561496739488E-01
   0.224940401040317E+02
   0.194570730992670E-01
   0.222110451389517E+02
   0.203810397837277E-01
   0.221620215301948E+02
   0.205673199527979E-01
   0.222186152044425E+02
   0.204047922575469E-01
   0.223826341619560E+02
   0.202586444379165E-01
   0.227387326123190E+02
   0.185300142794633E-01
   0.231861661921807E+02
   0.183153382011720E-01
   0.236972353558735E+02
   0.178239427142642E-01
   0.239097088429789E+02
   0.181552759463682E-01
   0.234171507317091E+02
   0.209986229033815E-01
   0.234227356871048E+02
   0.204723824716889E-01
   0.241607057074831E+02
   0.180304621823271E-01
   0.238235599466307E+02
   0.200494576018192E-01
   0.230132270785105E+02
   0.212736596881319E-01
   0.224152187463988E+02
   0.213669345749409E-01
   0.219611988917626E+02
   0.211685118891603E-01
   0.216067120398760E+02
   0.209514865419942E-01
   0.213365745913199E+02
   0.207039035070281E-01
   0.210681225637020E+02
   0.205393419957271E-01
   0.208291099348307E+02
   0.203839387488108E-01
   0.206200126323645E+02
   0.202135188261022E-01
   0.204358517033555E+02
   0.200770832721732E-01
   0.202651255183818E+02
   0.200510781718539E-01
   0.200833545319841E+02
   0.200576303225035E-01
   0.198600563139927E+02
   0.198885219456006E-01
   0.196038999670777E+02
   0.195433652947787E-01
   0.193670701037746E+02
   0.192076227463484E-01
   0.192044147054521E+02
   0.189540165095166E-01
   0.191669002448748E+02
   0.187355655170062E-01
   0.192786704814906E+02
   0.182056304701918E-01
   0.195989757097232E+02
   0.175955248356842E-01
   0.202607279911814E+02
   0.183709179113975E-01
   0.213170670608770E+02
   0.191431662087519E-01
   0.231427480164167E+02
   0.163425029656643E-01
   0.236940996895155E+02
   0.159423436203043E-01
   0.234573498626246E+02
   0.162995446522317E-01
   0.225423220708975E+02
   0.194494630785968E-01
   0.223188084732229E+02
   0.208088734846246E-01
   0.223080191401291E+02
   0.212183949748334E-01
   0.223904899263890E+02
   0.210155130001066E-01
   0.225343774513246E+02
   0.207011398159321E-01
   0.227867756651960E+02
   0.193498711128494E-01
   0.231369450898617E+02
   0.189347593012019E-01
   0.235443507185142E+02
   0.189549115618285E-01
   0.240089134560033E+02
   0.185318183901873E-01
   0.236591583681840E+02
   0.211566945817596E-01
   0.234635800003220E+02
   0.214815117243458E-01
   0.237510767165085E+02
   0.196419980621127E-01
   0.235034533729875E+02
   0.208610677579785E-01
   0.229075406011786E+02
   0.214300808991460E-01
   0.223958063099698E+02
   0.214739915229339E-01
   0.219755999403104E+02
   0.211523509639784E-01
   0.216335610120868E+02
   0.208891408694315E-01
   0.212644760972568E+02
   0.197582586265822E-01
   0.209958061280930E+02
   0.195029955339051E-01
   0.207513061566873E+02
   0.192416163430736E-01
   0.205324692831324E+02
   0.189989413438660E-01
   0.203363932103200E+02
   0.188499898114293E-01
   0.201523222173478E+02
   0.188221346143025E-01
   0.199588699482145E+02
   0.188414822788354E-01
   0.197325625534614E+02
   0.187455036012788E-01
   0.194865052057439E+02
   0.185669581653280E-01
   0.192696894766378E+02
   0.184338846968445E-01
   0.191295549175741E+02
   0.183311344451862E-01
   0.191118014475406E+02
   0.182330205382683E-01
   0.192441344334138E+02
   0.179709877577198E-01
   0.195524256117988E+02
   0.173727155824184E-01
   0.202095464165491E+02
   0.184334958688856E-01
   0.211771886451183E+02
   0.189041977624484E-01
   0.228531985040631E+02
   0.161381494223025E-01
   0.234165798707503E+02
   0.159257500725524E-01
   0.232887428739006E+02
   0.161696491871792E-01
   0.224933614338595E+02
   0.199474470848792E-01
   0.223162371589294E+02
   0.210681249257312E-01
   0.223366437593651E+02
   0.215247101096397E-01
   0.224566387774702E+02
   0.214523254300325E-01
   0.225889983454550E+02
   0.209651928277825E-01
   0.227865315220224E+02
   0.200354317551129E-01
   0.230816300406804E+02
   0.200093511374911E-01
   0.234081819394906E+02
   0.199454535251941E-01
   0.239075234507630E+02
   0.191851479675095E-01
   0.238644457342801E+02
   0.201604630403860E-01
   0.234020515616812E+02
   0.215546861613089E-01
   0.234337083790228E+02
   0.203605325741247E-01
   0.232015582508055E+02
   0.208932397559517E-01
   0.227259006152095E+02
   0.209879592647664E-01
   0.222786543309787E+02
   0.207773183932909E-01
   0.218897968313828E+02
   0.203521782163677E-01
   0.215584349888533E+02
   0.200205957961338E-01
   0.211082558000480E+02
   0.184763919688960E-01
   0.208372590482056E+02
   0.181669284277017E-01
   0.205879545294075E+02
   0.178831068365917E-01
   0.203622774186066E+02
   0.176618948953282E-01
   0.201564451238029E+02
   0.175190769742442E-01
   0.199590568665144E+02
   0.174385431884161E-01
   0.197528781404354E+02
   0.173824598865415E-01
   0.195240647750922E+02
   0.172878480138904E-01
   0.192903794742945E+02
   0.172210076156314E-01
   0.190932078838133E+02
   0.172288224179639E-01
   0.189727191762476E+02
   0.172932942383647E-01
   0.189713768304703E+02
   0.174397688952691E-01
   0.191183831635469E+02
   0.175646260358453E-01
   0.194160320494498E+02
   0.170966847870776E-01
   0.200598369462272E+02
   0.185171221679539E-01
   0.209242345035070E+02
   0.185831918004158E-01
   0.224585378314621E+02
   0.161276046804199E-01
   0.230214270777641E+02
   0.160241698875711E-01
   0.229835306115347E+02
   0.160897448541335E-01
   0.223253022574703E+02
   0.201577191432861E-01
   0.221838235543575E+02
   0.207822141640383E-01
   0.222255113497475E+02
   0.210363605879784E-01
   0.224021647182970E+02
   0.213319492390327E-01
   0.225373708663211E+02
   0.210606786691924E-01
   0.227084733652209E+02
   0.204755644257240E-01
   0.229666601072254E+02
   0.207510720362928E-01
   0.232279561814566E+02
   0.207038970224233E-01
   0.235608567473176E+02
   0.204284018800147E-01
   0.237661308697741E+02
   0.197976397083060E-01
   0.232263667976753E+02
   0.211277643952537E-01
   0.231252197265603E+02
   0.205235828728664E-01
   0.228851210084245E+02
   0.204553255071439E-01
   0.224783278051537E+02
   0.200272642118298E-01
   0.220839447334898E+02
   0.196410927321827E-01
   0.217232961458253E+02
   0.191832989969153E-01
   0.214012548084216E+02
   0.188060292053507E-01
   0.209110382039159E+02
   0.177600511055202E-01
   0.206405431497194E+02
   0.174330688181770E-01
   0.203898585267878E+02
   0.171481507635579E-01
   0.201605171976993E+02
   0.169430375851532E-01
   0.199471597613217E+02
   0.167977761616559E-01
   0.197377313616679E+02
   0.166888451149815E-01
   0.195186244186587E+02
   0.165877843977206E-01
   0.192836856736142E+02
   0.164619047653181E-01
   0.190535826435681E+02
   0.163755597116898E-01
   0.188644482385719E+02
   0.163694205925712E-01
   0.187515607408059E+02
   0.164682889552542E-01
   0.187550014418226E+02
   0.167371902370093E-01
   0.189086930386335E+02
   0.172257375100723E-01
   0.192177571113145E+02
   0.176085473756274E-01
   0.198032825048732E+02
   0.186676688642285E-01
   0.205576744642001E+02
   0.179769123730100E-01
   0.219409724491019E+02
   0.161222012526857E-01
   0.224916516575916E+02
   0.161149630075079E-01
   0.225414201071396E+02
   0.162461717926514E-01
   0.220352000946217E+02
   0.205968628050956E-01
   0.219242038909169E+02
   0.205638994818859E-01
   0.219792762868755E+02
   0.201177542837217E-01
   0.222324408088022E+02
   0.207628261783777E-01
   0.223747271699682E+02
   0.210590204319188E-01
   0.225327442568856E+02
   0.206154222011647E-01
   0.227631990296256E+02
   0.211140496126508E-01
   0.229768238570120E+02
   0.214017948593983E-01
   0.232094107671318E+02
   0.216850061490330E-01
   0.234262402749160E+02
   0.200161502588636E-01
   0.229387280821646E+02
   0.208575174540485E-01
   0.227882239589607E+02
   0.204970906655612E-01
   0.225429872519892E+02
   0.199799635511024E-01
   0.221872995768336E+02
   0.193345867781675E-01
   0.218419986002740E+02
   0.189276479882698E-01
   0.215108207743324E+02
   0.185011892230587E-01
   0.212005648671497E+02
   0.181131321095605E-01
   0.207000428277870E+02
   0.182050691085305E-01
   0.204364142152858E+02
   0.178230993497977E-01
   0.201898361160281E+02
   0.174899498095515E-01
   0.199603432660957E+02
   0.172319844800866E-01
   0.197422586509837E+02
   0.170433751428054E-01
   0.195233736556532E+02
   0.169032521787639E-01
   0.192928664193374E+02
   0.167977755348697E-01
   0.190496053303626E+02
   0.166912514173343E-01
   0.188151997294065E+02
   0.166295991759829E-01
   0.186223364521571E+02
   0.166492784924600E-01
   0.185020207520652E+02
   0.167619477861094E-01
   0.184912967165991E+02
   0.170330149971604E-01
   0.186276594366122E+02
   0.175835112940953E-01
   0.189225590299428E+02
   0.182790419939808E-01
   0.194382110636441E+02
   0.189739330597715E-01
   0.200884519194589E+02
   0.176689284123599E-01
   0.212863964385471E+02
   0.160875501379458E-01
   0.218121538133134E+02
   0.160314155794323E-01
   0.219529443985645E+02
   0.167860612128110E-01
   0.216002049805784E+02
   0.208278795311196E-01
   0.215347673558283E+02
   0.204725156081674E-01
   0.216224189957841E+02
   0.196312327770878E-01
   0.219632029811257E+02
   0.197623961635722E-01
   0.221132508592363E+02
   0.214213234652635E-01
   0.222760538883917E+02
   0.213635173764519E-01
   0.224732079021403E+02
   0.217751388347660E-01
   0.226340582910884E+02
   0.219744640596279E-01
   0.227708528879807E+02
   0.220631307807673E-01
   0.228404788723708E+02
   0.212123810083441E-01
   0.225608790898008E+02
   0.215557591481788E-01
   0.224074739964495E+02
   0.212446396622905E-01
   0.221746262367527E+02
   0.205835639536530E-01
   0.218701008906708E+02
   0.199357707702808E-01
   0.215738201046390E+02
   0.195255176642097E-01
   0.212741276136490E+02
   0.190753965409883E-01
   0.209802130852647E+02
   0.186204473524230E-01
   0.204741328649046E+02
   0.198425928107985E-01
   0.202265027179141E+02
   0.194130474932712E-01
   0.199918602883295E+02
   0.189959684880796E-01
   0.197686398362144E+02
   0.186271302283443E-01
   0.195513607736794E+02
   0.183409823406794E-01
   0.193275005528328E+02
   0.181272561759916E-01
   0.190876811508532E+02
   0.179797333481466E-01
   0.188340316406991E+02
   0.178411971219011E-01
   0.185882359990173E+02
   0.177252381843802E-01
   0.183803315147864E+02
   0.176628247311510E-01
   0.182371678612055E+02
   0.176221003446773E-01
   0.181910688603685E+02
   0.176330518107690E-01
   0.182776616670838E+02
   0.178079141651123E-01
   0.185089612647951E+02
   0.181516259128670E-01
   0.189627071719713E+02
   0.192065772149595E-01
   0.195384600412438E+02
   0.185694184130153E-01
   0.204806368082643E+02
   0.159223017511238E-01
   0.209738374626172E+02
   0.163698617181989E-01
   0.211932420568147E+02
   0.178060867705449E-01
   0.210111253924715E+02
   0.208505216171679E-01
   0.210079185903808E+02
   0.201281523307226E-01
   0.211465159355815E+02
   0.190306290661218E-01
   0.216333152846103E+02
   0.184409658355983E-01
   0.217226442779508E+02
   0.213949246627545E-01
   0.218962342854359E+02
   0.219112950753007E-01
   0.220593411009802E+02
   0.220932781413349E-01
   0.221708459913594E+02
   0.221084865821727E-01
   0.222287453123174E+02
   0.218508767412073E-01
   0.222321183431397E+02
   0.216357906121282E-01
   0.220697882494498E+02
   0.221741039906083E-01
   0.219449559228275E+02
   0.222572480599632E-01
   0.217483915242085E+02
   0.218603152347562E-01
   0.215047075163435E+02
   0.214729730548200E-01
   0.212617143119366E+02
   0.211569925247416E-01
   0.210011130426460E+02
   0.207473861311112E-01
   0.207348175561520E+02
   0.202942051748085E-01
   0.201441058274211E+02
   0.215692540061728E-01
   0.199235962281807E+02
   0.212828999791106E-01
   0.197122513865095E+02
   0.209061364895320E-01
   0.195061034708655E+02
   0.204594327522652E-01
   0.192987377646547E+02
   0.200351910144393E-01
   0.190763861772244E+02
   0.196412946509530E-01
   0.188297949667728E+02
   0.192801181894800E-01
   0.185648937279901E+02
   0.189372174797066E-01
   0.183045174505698E+02
   0.186305955507486E-01
   0.180774652960804E+02
   0.183903347801878E-01
   0.179083377357131E+02
   0.181697621027945E-01
   0.178234837801482E+02
   0.179528348212599E-01
   0.178466231214234E+02
   0.177327992227937E-01
   0.179886698149617E+02
   0.175114774506460E-01
   0.183521965067447E+02
   0.181322176054094E-01
   0.188839626605618E+02
   0.192700110397797E-01
   0.195108109009435E+02
   0.166455572898658E-01
   0.199511882087400E+02
   0.171052413114035E-01
   0.202140931381944E+02
   0.185301378801229E-01
   0.202658705796528E+02
   0.204141911298353E-01
   0.203476825171202E+02
   0.196359361249507E-01
   0.205617531823811E+02
   0.178396862398738E-01
   0.210821196398214E+02
   0.184754021934935E-01
   0.211956643558439E+02
   0.211351559510641E-01
   0.213752547974595E+02
   0.220404044715675E-01
   0.215077960005734E+02
   0.218959755257790E-01
   0.215827815187790E+02
   0.218169658034022E-01
   0.215839774851229E+02
   0.214749723584802E-01
   0.215437745167065E+02
   0.213608762950467E-01
   0.214383817252444E+02
   0.219111870286960E-01
   0.213446210780825E+02
   0.223082377276278E-01
   0.211940577220362E+02
   0.223225043432623E-01
   0.210096737501547E+02
   0.223289987091586E-01
   0.208208933840886E+02
   0.223230937633833E-01
   0.206045200757489E+02
   0.221145213006254E-01
   0.203748887991668E+02
   0.218546738198304E-01
   0.196131397747608E+02
   0.216144116298393E-01
   0.194237594938306E+02
   0.215644988067169E-01
   0.192449000706576E+02
   0.214534440991616E-01
   0.190696931996697E+02
   0.211925960397693E-01
   0.188877058611253E+02
   0.208350813541060E-01
   0.186814074506982E+02
   0.203702955386561E-01
   0.184387939985804E+02
   0.197962240145379E-01
   0.181689841411562E+02
   0.192304302233043E-01
   0.178969806570539E+02
   0.187568515962404E-01
   0.176516991874562E+02
   0.183962580397156E-01
   0.174581089148071E+02
   0.181091301196044E-01
   0.173392774399189E+02
   0.178721245290322E-01
   0.173120164472243E+02
   0.176023420926342E-01
   0.173896167930245E+02
   0.171901864403279E-01
   0.176478199334499E+02
   0.168507631699872E-01
   0.180953009290880E+02
   0.175520400790618E-01
   0.186076623980676E+02
   0.174661528607863E-01
   0.189754221095256E+02
   0.176110685461596E-01
   0.192047639586631E+02
   0.177988214256497E-01
   0.193659644130222E+02
   0.192261205549661E-01
   0.195486845739579E+02
   0.191823655304947E-01
   0.198963883968970E+02
   0.161349684463674E-01
   0.202992665152809E+02
   0.192160957876287E-01
   0.205291155777278E+02
   0.210163825968668E-01
   0.207076680302514E+02
   0.214049701894124E-01
   0.208203211401034E+02
   0.212839786540874E-01
   0.208662753773899E+02
   0.211680134166790E-01
   0.208315976506559E+02
   0.207943793611823E-01
   0.207551313171263E+02
   0.205260351271626E-01
   0.206616935180741E+02
   0.207812068571663E-01
   0.205837305208636E+02
   0.211874287658947E-01
   0.204693515878219E+02
   0.214004176469648E-01
   0.203322550502715E+02
   0.216365812385143E-01
   0.201855069794605E+02
   0.218499030656290E-01
   0.200071608195018E+02
   0.218086431058266E-01
   0.198126501999474E+02
   0.217164964301159E-01
   0.188655221712142E+02
   0.203154442255788E-01
   0.186986739116091E+02
   0.203260807079466E-01
   0.185460969407954E+02
   0.203991640684893E-01
   0.184027884277095E+02
   0.204536209624543E-01
   0.182542544741213E+02
   0.203974926939396E-01
   0.180784118460562E+02
   0.201529770084547E-01
   0.178583510892134E+02
   0.196623377779623E-01
   0.175998006325540E+02
   0.190546694938898E-01
   0.173270722375472E+02
   0.184805645158275E-01
   0.170699914879323E+02
   0.180124362801936E-01
   0.168565823070866E+02
   0.176612676187499E-01
   0.167097553120511E+02
   0.174044953815634E-01
   0.166466818267277E+02
   0.171785814738297E-01
   0.166866772803030E+02
   0.169247441609852E-01
   0.168891752727618E+02
   0.167926165352648E-01
   0.172689950737023E+02
   0.173336871877640E-01
   0.176741586059458E+02
   0.173269570890874E-01
   0.179514345564145E+02
   0.172232913453870E-01
   0.181255292235456E+02
   0.172263313417879E-01
   0.183223919148154E+02
   0.179529433742047E-01
   0.185899020666269E+02
   0.183075360892675E-01
   0.190149110194125E+02
   0.155467233947627E-01
   0.194312104775031E+02
   0.187642349987134E-01
   0.197185600557219E+02
   0.198902200614806E-01
   0.198942496098007E+02
   0.201903893189537E-01
   0.199943260619122E+02
   0.203158384653204E-01
   0.200193793787681E+02
   0.202591223220743E-01
   0.199629394288043E+02
   0.199168455608938E-01
   0.198645520881856E+02
   0.195748044364850E-01
   0.197696245246947E+02
   0.196248050378726E-01
   0.196921712193008E+02
   0.198742047688291E-01
   0.195933504957976E+02
   0.200370351382306E-01
   0.194826004001298E+02
   0.202460747443089E-01
   0.193615446148115E+02
   0.204435969245296E-01
   0.192096501784931E+02
   0.204478459155425E-01
   0.190413738504814E+02
   0.203901613038894E-01
   0.179254834899806E+02
   0.187934337086023E-01
   0.177727630616028E+02
   0.187464007687877E-01
   0.176351359289615E+02
   0.188015903530042E-01
   0.175121501503323E+02
   0.189599642548116E-01
   0.173894514978533E+02
   0.191135868781666E-01
   0.172440237650694E+02
   0.191559276478393E-01
   0.170562370306519E+02
   0.189724226139663E-01
   0.168248210178478E+02
   0.185601695517825E-01
   0.165671975738947E+02
   0.180232681539455E-01
   0.163100864558931E+02
   0.174674157985684E-01
   0.160849703959462E+02
   0.170130823961456E-01
   0.159171250878412E+02
   0.166735811777808E-01
   0.158278139441234E+02
   0.163968277610923E-01
   0.158432491157089E+02
   0.161432889360163E-01
   0.160103976001319E+02
   0.160840940609940E-01
   0.163268347351873E+02
   0.165091278553150E-01
   0.166399108521746E+02
   0.165598243431231E-01
   0.168312307571982E+02
   0.163394791367714E-01
   0.169362991907157E+02
   0.160895105814149E-01
   0.171359513621675E+02
   0.165353761995798E-01
   0.174733034429076E+02
   0.170172521965510E-01
   0.179260189077798E+02
   0.162107262923787E-01
   0.184636476682247E+02
   0.179269654566306E-01
   0.187752583842821E+02
   0.185558068069892E-01
   0.189423369396704E+02
   0.188298047500100E-01
   0.190254511060097E+02
   0.190508513116738E-01
   0.190342848988618E+02
   0.190883932814045E-01
   0.189671402390719E+02
   0.188691473068853E-01
   0.188593802806582E+02
   0.185706721705195E-01
   0.187576869027683E+02
   0.185083310982015E-01
   0.186726298288831E+02
   0.186282517022304E-01
   0.185767957397432E+02
   0.187166596128753E-01
   0.184759127525155E+02
   0.188423616440297E-01
   0.183655565124611E+02
   0.189321836573677E-01
   0.182320114473709E+02
   0.189306025512960E-01
   0.180835009606136E+02
   0.188812946190711E-01
   0.168002045800847E+02
   0.172746425923355E-01
   0.166570083385315E+02
   0.171801390709960E-01
   0.165269217855694E+02
   0.171574719287515E-01
   0.164136861224734E+02
   0.172507514160512E-01
   0.163050497487815E+02
   0.173939782823718E-01
   0.161801441997214E+02
   0.175153333736706E-01
   0.160211204541076E+02
   0.175557755877331E-01
   0.158221788457187E+02
   0.174270033013895E-01
   0.155919265105491E+02
   0.171096908443419E-01
   0.153499718522076E+02
   0.166471962239120E-01
   0.151259850481977E+02
   0.161672072700831E-01
   0.149468720314074E+02
   0.157532987675784E-01
   0.148402139240646E+02
   0.154276040479744E-01
   0.148397490954816E+02
   0.152055033060212E-01
   0.149810753150203E+02
   0.151630682301132E-01
   0.152427100468233E+02
   0.153730568011855E-01
   0.154822462246416E+02
   0.153867163153433E-01
   0.155955751484082E+02
   0.152021328006842E-01
   0.156129628806534E+02
   0.146787930894132E-01
   0.157900425858996E+02
   0.149223894607829E-01
   0.161978948907432E+02
   0.153911229097789E-01
   0.167822664306117E+02
   0.159691300261686E-01
   0.173846235940580E+02
   0.169580491263451E-01
   0.177056781961038E+02
   0.171816970947211E-01
   0.178542598720348E+02
   0.173844627150197E-01
   0.179135874553342E+02
   0.175670406027549E-01
   0.179058740411406E+02
   0.176604194224249E-01
   0.178321120553223E+02
   0.175815756977619E-01
   0.177197237898763E+02
   0.173856284115636E-01
   0.176091501120227E+02
   0.172850100703542E-01
   0.175108097353533E+02
   0.172998537689409E-01
   0.174082718871649E+02
   0.173107660731325E-01
   0.173061939369692E+02
   0.173644030667015E-01
   0.171987241328539E+02
   0.173917075506403E-01
   0.170774283363517E+02
   0.173896034926267E-01
   0.169440970508503E+02
   0.173558101297618E-01
   0.154897265915505E+02
   0.157533020102068E-01
   0.153541292298564E+02
   0.156544985249903E-01
   0.152275439311858E+02
   0.155804978299848E-01
   0.151163661940707E+02
   0.155796686863194E-01
   0.150119353798745E+02
   0.156332948810575E-01
   0.148972170524185E+02
   0.156980543119322E-01
   0.147577393006253E+02
   0.157564347347982E-01
   0.145869173585250E+02
   0.157500950651263E-01
   0.143868180031465E+02
   0.156191528238511E-01
   0.141701563896217E+02
   0.153450568490849E-01
   0.139608264572948E+02
   0.149868740715836E-01
   0.137823177148239E+02
   0.145753949167180E-01
   0.136671855070774E+02
   0.142120643052725E-01
   0.136585693993385E+02
   0.140161588960229E-01
   0.137860398905515E+02
   0.140344465332000E-01
   0.140098959993981E+02
   0.141678418208737E-01
   0.141945146715915E+02
   0.141680948458650E-01
   0.142302382872845E+02
   0.139544340383148E-01
   0.141350687453374E+02
   0.131509791831238E-01
   0.142673655148212E+02
   0.131403820268169E-01
   0.147477745816753E+02
   0.137940181318098E-01
   0.154997239652189E+02
   0.148743930552538E-01
   0.161896496082670E+02
   0.160885894567499E-01
   0.165175657460699E+02
   0.160735297597585E-01
   0.166369695084017E+02
   0.160670639484709E-01
   0.166642134985469E+02
   0.161022368825373E-01
   0.166342031800189E+02
   0.161500660157972E-01
   0.165505281050960E+02
   0.161240972953078E-01
   0.164328718661238E+02
   0.160277787734080E-01
   0.163122934034357E+02
   0.159553521536209E-01
   0.161973305884627E+02
   0.159030871773803E-01
   0.160812171569602E+02
   0.158486913456528E-01
   0.159699594917501E+02
   0.158363117045900E-01
   0.158595170205896E+02
   0.158226981875802E-01
   0.157445742591414E+02
   0.158212313671058E-01
   0.156222463192189E+02
   0.158142111444646E-01
   0.139876448284692E+02
   0.141525154567728E-01
   0.138585937309544E+02
   0.140673159335157E-01
   0.137343282083048E+02
   0.139754118986085E-01
   0.136223043282027E+02
   0.139178809274728E-01
   0.135169372403847E+02
   0.139083006160619E-01
   0.134055814705162E+02
   0.139146352120544E-01
   0.132769056210388E+02
   0.139122133786290E-01
   0.131263363449224E+02
   0.139141276359406E-01
   0.129525592855840E+02
   0.138511859269858E-01
   0.127634967241638E+02
   0.137018947467214E-01
   0.125764992745951E+02
   0.134786874661011E-01
   0.124087793576951E+02
   0.131418646583188E-01
   0.122928409940560E+02
   0.127725945921675E-01
   0.122822717926742E+02
   0.126280472513349E-01
   0.124082785074635E+02
   0.127933737279542E-01
   0.126170230417247E+02
   0.130469003250825E-01
   0.127687442172027E+02
   0.131395455495285E-01
   0.127265792905769E+02
   0.128408275026348E-01
   0.124788633112473E+02
   0.114952443141984E-01
   0.125437656688629E+02
   0.110265360798215E-01
   0.130933073525551E+02
   0.120443158015915E-01
   0.140808743213673E+02
   0.145530215632980E-01
   0.148751985938369E+02
   0.160460935962626E-01
   0.152055525764371E+02
   0.156596260487725E-01
   0.152857283616640E+02
   0.151941817812622E-01
   0.152753168350011E+02
   0.149362978910198E-01
   0.152169688928689E+02
   0.148104883681066E-01
   0.151166357677642E+02
   0.147004720323069E-01
   0.149880808669389E+02
   0.145832085199704E-01
   0.148543660396046E+02
   0.145165717233156E-01
   0.147207266261751E+02
   0.144279356862339E-01
   0.145865511826829E+02
   0.143247246752025E-01
   0.144605731408815E+02
   0.142583455742804E-01
   0.143423008836465E+02
   0.142172205616108E-01
   0.142279527033310E+02
   0.142024601174801E-01
   0.141116783353468E+02
   0.141968305695475E-01
   0.122818761014692E+02
   0.128306219313369E-01
   0.121579505598691E+02
   0.127337622390710E-01
   0.120361446621481E+02
   0.126244359687044E-01
   0.119244218425641E+02
   0.125438996893290E-01
   0.118169897070610E+02
   0.124882222526936E-01
   0.117059578896967E+02
   0.124469016199871E-01
   0.115834322155391E+02
   0.123922087823253E-01
   0.114465623589075E+02
   0.123484764744609E-01
   0.112939063084346E+02
   0.122911807531739E-01
   0.111305530934578E+02
   0.122176995251389E-01
   0.109690619817064E+02
   0.121716618976703E-01
   0.108205807778766E+02
   0.120836463081030E-01
   0.107118291800590E+02
   0.119087951574054E-01
   0.106982958208390E+02
   0.118266252569263E-01
   0.108240547099516E+02
   0.120199078813234E-01
   0.110380153939139E+02
   0.123983131148610E-01
   0.111830927309863E+02
   0.125927349076453E-01
   0.110763655427169E+02
   0.122173041823899E-01
   0.106155615938633E+02
   0.896151343772626E-02
   0.106012533854900E+02
   0.836564572928126E-02
   0.111894497926905E+02
   0.961047623464869E-02
   0.123911697441851E+02
   0.138208440228994E-01
   0.133215683464235E+02
   0.160486014170187E-01
   0.136966014038051E+02
   0.159376157087732E-01
   0.137609819367024E+02
   0.152485037353989E-01
   0.137199791543554E+02
   0.147523883643915E-01
   0.136332444324665E+02
   0.144050701284116E-01
   0.135106595526158E+02
   0.141150635186212E-01
   0.133654083266392E+02
   0.138404156359025E-01
   0.132148030446050E+02
   0.136196256528995E-01
   0.130614855605897E+02
   0.134139191399488E-01
   0.129074038290531E+02
   0.132187399745421E-01
   0.127638334462070E+02
   0.130755985915254E-01
   0.126341414069337E+02
   0.129825747665557E-01
   0.125157781860996E+02
   0.129317400400395E-01
   0.124007379142466E+02
   0.128935287612571E-01
   0.103414316455857E+02
   0.118899618031612E-01
   0.102210886304844E+02
   0.118160376880689E-01
   0.101016597350013E+02
   0.117303068330563E-01
   0.999113742984725E+01
   0.116430134337587E-01
   0.988284248863059E+01
   0.115636223116826E-01
   0.977298127114728E+01
   0.114985191478398E-01
   0.965715102592802E+01
   0.114381333899140E-01
   0.953330233838086E+01
   0.113861242366828E-01
   0.940059560091747E+01
   0.113573260276891E-01
   0.925955774917715E+01
   0.113176857414933E-01
   0.911772431912586E+01
   0.112750608001676E-01
   0.898528225098775E+01
   0.112077489897679E-01
   0.888577256647003E+01
   0.110694654096642E-01
   0.887128204912186E+01
   0.109743757653105E-01
   0.899486126847027E+01
   0.111121249695133E-01
   0.922292847753738E+01
   0.115579753336282E-01
   0.939239229037413E+01
   0.119897816203972E-01
   0.927135086605013E+01
   0.117106342824219E-01
   0.864653327505611E+01
   0.804218012570274E-02
   0.854747257214417E+01
   0.717909898614605E-02
   0.910224280214377E+01
   0.801289949432990E-02
   0.103908648228868E+02
   0.128093287863489E-01
   0.113662818625600E+02
   0.149994892915101E-01
   0.118098333248862E+02
   0.153779476961914E-01
   0.119234261705608E+02
   0.149737295758420E-01
   0.119035438938417E+02
   0.145912874567462E-01
   0.118161067926666E+02
   0.141753019533865E-01
   0.116838312730402E+02
   0.137348386661892E-01
   0.115260692850210E+02
   0.133209244121157E-01
   0.113611339171590E+02
   0.129842127330642E-01
   0.111895615992089E+02
   0.126925553300725E-01
   0.110149761712498E+02
   0.124371679787110E-01
   0.108505186344129E+02
   0.122242443775162E-01
   0.107049581970078E+02
   0.120759571519148E-01
   0.105771591952336E+02
   0.119870194392797E-01
   0.104581134922856E+02
   0.119342113114918E-01
   0.813066878346708E+01
   0.109328310806397E-01
   0.800610336568315E+01
   0.108326793078895E-01
   0.788388064132979E+01
   0.107290736217429E-01
   0.777767287037679E+01
   0.106738183028794E-01
   0.766983681349435E+01
   0.106006415950028E-01
   0.756102367129584E+01
   0.105328879274418E-01
   0.745151646452033E+01
   0.104759927596648E-01
   0.734097454981350E+01
   0.104312002120727E-01
   0.722779066377186E+01
   0.103987091508715E-01
   0.711207049516274E+01
   0.103731979974593E-01
   0.699821133114053E+01
   0.103515422733352E-01
   0.689397692444295E+01
   0.103135739724577E-01
   0.681835357548380E+01
   0.102377912197284E-01
   0.681327276267385E+01
   0.101891971555381E-01
   0.692933435298363E+01
   0.102871846504348E-01
   0.716012097895359E+01
   0.106753379643080E-01
   0.735899123146561E+01
   0.112633697333162E-01
   0.730082513970975E+01
   0.114962365516415E-01
   0.662321568414591E+01
   0.780648778976749E-02
   0.646033813997599E+01
   0.700809813821982E-02
   0.689635235225479E+01
   0.755602738159871E-02
   0.802045658529433E+01
   0.108561151199505E-01
   0.889367623441958E+01
   0.124813160021351E-01
   0.937249032098606E+01
   0.132053502176227E-01
   0.957472599052912E+01
   0.133118376083855E-01
   0.963509613150545E+01
   0.133393121926803E-01
   0.961160858259304E+01
   0.132476184332307E-01
   0.952579634699737E+01
   0.129978634905796E-01
   0.939955780180567E+01
   0.127079231213187E-01
   0.924386900191336E+01
   0.123866980142623E-01
   0.906452179354427E+01
   0.120505605092501E-01
   0.886969908826423E+01
   0.117165528695632E-01
   0.868866433888802E+01
   0.114601630142180E-01
   0.852823473286699E+01
   0.112713592963321E-01
   0.838741199167715E+01
   0.111388939690821E-01
   0.825500856685113E+01
   0.110203566617081E-01
   0.563044804327060E+01
   0.996596198586381E-02
   0.550370667400195E+01
   0.985827076672546E-02
   0.537912446926138E+01
   0.975231506404495E-02
   0.526278914888175E+01
   0.965401442898186E-02
   0.514909927686387E+01
   0.955313500184559E-02
   0.503920864735313E+01
   0.947342039749295E-02
   0.493563193855599E+01
   0.941570229370554E-02
   0.483938324674951E+01
   0.938495834232183E-02
   0.474788707132781E+01
   0.936380917420595E-02
   0.466177787464953E+01
   0.936491293664008E-02
   0.458320543005651E+01
   0.937595102959289E-02
   0.451614891383759E+01
   0.937610603337397E-02
   0.447696083618415E+01
   0.936896015506463E-02
   0.449208799678608E+01
   0.937170001849403E-02
   0.459820240603651E+01
   0.946052949959989E-02
   0.480172917557150E+01
   0.973658989651265E-02
   0.500491978836324E+01
   0.102468136688351E-01
   0.504702440844669E+01
   0.109133444200671E-01
   0.459958154964680E+01
   0.896598693489524E-02
   0.440717385612966E+01
   0.844122412036890E-02
   0.461421553221293E+01
   0.811177482098929E-02
   0.527295813581402E+01
   0.887946217804655E-02
   0.589014100146828E+01
   0.943530264199880E-02
   0.633233524782602E+01
   0.100268879533326E-01
   0.660019226734108E+01
   0.104465188840376E-01
   0.674835546002369E+01
   0.107858524620269E-01
   0.682691341461603E+01
   0.110925672546485E-01
   0.683235519671844E+01
   0.112272952119941E-01
   0.678515903816294E+01
   0.112621705693939E-01
   0.668608963150782E+01
   0.111759264139478E-01
   0.654193189205761E+01
   0.109798367213223E-01
   0.636980809753764E+01
   0.107447536541166E-01
   0.619176501410509E+01
   0.104951704680047E-01
   0.603260872525289E+01
   0.103143020824347E-01
   0.589234719065943E+01
   0.101892923591138E-01
   0.576030739338444E+01
   0.100771146052084E-01
   0.265329134681468E+01
   0.858457527232123E-02
   0.253854487376068E+01
   0.852681321111868E-02
   0.242194826776874E+01
   0.845726854851375E-02
   0.231177522298578E+01
   0.838851957490870E-02
   0.220568507429670E+01
   0.831399049160276E-02
   0.210366236743725E+01
   0.824015067423110E-02
   0.201297585993457E+01
   0.818752004688998E-02
   0.193591290326831E+01
   0.816442915238332E-02
   0.186892779522696E+01
   0.815781742598794E-02
   0.181432272632535E+01
   0.817246138338910E-02
   0.177330588600731E+01
   0.820075289719013E-02
   0.174987212964985E+01
   0.823282564565261E-02
   0.175200521052410E+01
   0.826986855523740E-02
   0.179359942829618E+01
   0.831819010335168E-02
   0.188997438224996E+01
   0.840210565888099E-02
   0.203769605060613E+01
   0.857076871852459E-02
   0.219000368503310E+01
   0.886911808713200E-02
   0.223152772444569E+01
   0.922846587029697E-02
   0.199947523008448E+01
   0.853882218097778E-02
   0.182144283717427E+01
   0.796464897314571E-02
   0.185979565329512E+01
   0.748166012874678E-02
   0.215015418299113E+01
   0.739848816749573E-02
   0.250598415946524E+01
   0.746228264149760E-02
   0.282670173280828E+01
   0.770337104401624E-02
   0.306683457127037E+01
   0.795184729679713E-02
   0.324357665869524E+01
   0.821490147955674E-02
   0.338307920940159E+01
   0.854566947984776E-02
   0.346973815650780E+01
   0.882626670227467E-02
   0.350399189753826E+01
   0.903116249187360E-02
   0.347852859473035E+01
   0.911586586396260E-02
   0.339534318125358E+01
   0.907868513381546E-02
   0.327064147367688E+01
   0.896445804884155E-02
   0.313589605265435E+01
   0.885243327552455E-02
   0.300490914878439E+01
   0.876517733761878E-02
   0.288820687455626E+01
   0.871702895219083E-02
   0.277529285364046E+01
   0.866839856254993E-02
  -0.106076233052521E+01
   0.673792287308735E-02
  -0.115196634559084E+01
   0.672651718747509E-02
  -0.125906495508274E+01
   0.666821172948972E-02
  -0.135034461061833E+01
   0.663915470523165E-02
  -0.143520218938827E+01
   0.660375703609989E-02
  -0.151159411413878E+01
   0.656385391265104E-02
  -0.157449393125694E+01
   0.653264397511734E-02
  -0.162314617206439E+01
   0.651552454419040E-02
  -0.166577034417188E+01
   0.649732665287557E-02
  -0.168866953645446E+01
   0.650679309868528E-02
  -0.169528161120184E+01
   0.652568482828305E-02
  -0.168344731501074E+01
   0.655004858071882E-02
  -0.165089456787144E+01
   0.658241527001611E-02
  -0.159539924053371E+01
   0.662092125845676E-02
  -0.151716715563691E+01
   0.667157149090215E-02
  -0.142426437835807E+01
   0.676069208830413E-02
  -0.133033258677348E+01
   0.695617104530377E-02
  -0.129675305708873E+01
   0.716589407488066E-02
  -0.140411951887899E+01
   0.692055914094741E-02
  -0.153386188891051E+01
   0.656202277763536E-02
  -0.157992617702056E+01
   0.623453027051387E-02
  -0.150366060282717E+01
   0.602629807610448E-02
  -0.135588115261041E+01
   0.591853199786757E-02
  -0.118780134303586E+01
   0.590011169022924E-02
  -0.103316368374611E+01
   0.592555749240342E-02
  -0.895560009129263E+00
   0.599364000876584E-02
  -0.769667970642822E+00
   0.613632484450666E-02
  -0.662319723236406E+00
   0.633433993036387E-02
  -0.585920792845051E+00
   0.653981953040972E-02
  -0.554081257082235E+00
   0.669058848027432E-02
  -0.569944346767463E+00
   0.677008493049456E-02
  -0.633276796753922E+00
   0.677041652942267E-02
  -0.719121019161644E+00
   0.674457208320173E-02
  -0.819781630982521E+00
   0.669996102206906E-02
  -0.902280473873398E+00
   0.670623660804556E-02
  -0.979431647151101E+00
   0.672590968921981E-02
  -0.604908035759310E+01
   0.439579535010456E-02
  -0.611071536665303E+01
   0.440182378232297E-02
  -0.617671050550752E+01
   0.438778567564323E-02
  -0.623934538892518E+01
   0.436505660632776E-02
  -0.629495013960536E+01
   0.433592193585012E-02
  -0.634044534424271E+01
   0.430105981810198E-02
  -0.637298386227934E+01
   0.426882713299970E-02
  -0.639153863061727E+01
   0.424615620299353E-02
  -0.639563786661527E+01
   0.423422868572968E-02
  -0.638434725809070E+01
   0.423388327445494E-02
  -0.635934881947230E+01
   0.423590694609022E-02
  -0.632200443000717E+01
   0.424352357744051E-02
  -0.627333814517188E+01
   0.426343249831989E-02
  -0.621620891955082E+01
   0.429743345425501E-02
  -0.615658517270826E+01
   0.434622440354890E-02
  -0.610160131677752E+01
   0.442173358924759E-02
  -0.606189292143003E+01
   0.453352474992364E-02
  -0.605795020753377E+01
   0.464494001239162E-02
  -0.610339507210269E+01
   0.465988779723125E-02
  -0.617135642713470E+01
   0.457448028368929E-02
  -0.622465043072035E+01
   0.442907789463088E-02
  -0.624137490874346E+01
   0.426644868927274E-02
  -0.621930564339535E+01
   0.412525114496250E-02
  -0.616696626599631E+01
   0.402747135379525E-02
  -0.609545080014072E+01
   0.398318547738631E-02
  -0.601234551750495E+01
   0.399766249239845E-02
  -0.592483645840846E+01
   0.406301402546239E-02
  -0.584413816158410E+01
   0.415956982737676E-02
  -0.578244251790203E+01
   0.426299394110129E-02
  -0.574962625125590E+01
   0.434464339867627E-02
  -0.574945723828322E+01
   0.438592332467286E-02
  -0.577819136162988E+01
   0.439050775019235E-02
  -0.582549888540763E+01
   0.437878954113759E-02
  -0.588186798858475E+01
   0.436763695702147E-02
  -0.593767638173224E+01
   0.436861382580562E-02
  -0.599237995783311E+01
   0.437975196850486E-02
  -0.137484331492177E+02
   0.189080677480619E-02
  -0.137622589479523E+02
   0.189210869021663E-02
  -0.137729002823177E+02
   0.189231779674603E-02
  -0.137756701611345E+02
   0.189314476337824E-02
  -0.137656721971597E+02
   0.189662227246272E-02
  -0.137403595971591E+02
   0.190410227907666E-02
  -0.136957653651161E+02
   0.191808621207843E-02
  -0.136299833942531E+02
   0.194042603961072E-02
  -0.135459378238468E+02
   0.197045897571966E-02
  -0.134500391168563E+02
   0.200592386641217E-02
  -0.133514927601511E+02
   0.204305165646761E-02
  -0.132619701107338E+02
   0.207663168849076E-02
  -0.131919398070892E+02
   0.210216667020035E-02
  -0.131449059383091E+02
   0.211951892675503E-02
  -0.131281129431161E+02
   0.212588131491954E-02
  -0.131438478995759E+02
   0.212146153841219E-02
  -0.131940032402147E+02
   0.210538155306755E-02
  -0.132764015302753E+02
   0.207658226201678E-02
  -0.133820376393969E+02
   0.203554288203630E-02
  -0.134967673634484E+02
   0.198675280370950E-02
  -0.136070461736456E+02
   0.193574917202725E-02
  -0.137018449748095E+02
   0.188798472905554E-02
  -0.137721868985197E+02
   0.184931074437024E-02
  -0.138144418770299E+02
   0.182302162486218E-02
  -0.138272441801281E+02
   0.181123038789334E-02
  -0.138163979683346E+02
   0.181235285146908E-02
  -0.137894351464694E+02
   0.182339219481555E-02
  -0.137540777173245E+02
   0.184061838708539E-02
  -0.137224472634780E+02
   0.185755174260904E-02
  -0.136992937785247E+02
   0.187116313173664E-02
  -0.136860307038456E+02
   0.188031279477405E-02
  -0.136807461739152E+02
   0.188615647474017E-02
  -0.136867966065532E+02
   0.188770589417321E-02
  -0.137001921977303E+02
   0.188745002086184E-02
  -0.137177786167856E+02
   0.188694116078817E-02
  -0.137347321891760E+02
   0.188797886317396E-02
