   0.197820052207384E+01
   0.416277986770294E-02
   0.879644222665505E+00
   0.397536521396171E-02
   0.162590529598649E+00
   0.383304843605876E-02
  -0.249474397833279E+00
   0.372992299179636E-02
  -0.335789315684080E+00
   0.366600366150748E-02
   0.344309108377260E-01
   0.364596063890093E-02
  -0.451968429976877E+00
   0.368941628380841E-02
  -0.419097584349163E+00
   0.378334968188137E-02
   0.108625048615261E+00
   0.392874815890747E-02
   0.113157623298008E+01
   0.412709252853258E-02
   0.265812880649218E+01
   0.437853466425113E-02
   0.491508565274251E+01
   0.467538695262629E-02
   0.816248140827164E+01
   0.500633934127356E-02
   0.110133866294585E+02
   0.535273392285871E-02
   0.135827291947143E+02
   0.569559575304194E-02
   0.158948790864853E+02
   0.601957994116889E-02
   0.178579267363261E+02
   0.631382748072371E-02
   0.194501027994396E+02
   0.657142965601119E-02
   0.206879708736523E+02
   0.678849274925367E-02
   0.216065651500203E+02
   0.696512940451832E-02
   0.222460877825692E+02
   0.710523168468337E-02
   0.226414900307711E+02
   0.721134668723089E-02
   0.228138000878834E+02
   0.728311842718552E-02
   0.227640153754440E+02
   0.731708979537890E-02
   0.224732532779601E+02
   0.730692568149851E-02
   0.219081299368028E+02
   0.724661243235115E-02
   0.210238571914843E+02
   0.713326664705323E-02
   0.197635893647739E+02
   0.696502905103203E-02
   0.180556219241474E+02
   0.674070749966545E-02
   0.158109558888645E+02
   0.646185810112823E-02
   0.129239530178064E+02
   0.613522578404058E-02
   0.927587272732688E+01
   0.577389324025357E-02
   0.644593575540953E+01
   0.539734273204301E-02
   0.437213157003915E+01
   0.502937815999957E-02
   0.296865354692746E+01
   0.469253349501262E-02
   0.217805029974613E+01
   0.440197997396017E-02
   0.494360449567721E+01
   0.523590314348982E-02
   0.553016116993901E+01
   0.504451991902524E-02
   0.531910220665504E+01
   0.487354871249397E-02
   0.450001650839871E+01
   0.469779057808288E-02
   0.292143555648804E+01
   0.456382011838665E-02
   0.219559117993754E+01
   0.450077897502750E-02
   0.195964051502881E+01
   0.450348273453872E-02
   0.218486022793933E+01
   0.457830923272194E-02
   0.292344285585225E+01
   0.471345542678940E-02
   0.435219726874204E+01
   0.489202311123737E-02
   0.461125736225061E+01
   0.514242555430174E-02
   0.548351785727856E+01
   0.544064130184948E-02
   0.705120488175754E+01
   0.589057205211243E-02
   0.922019819562900E+01
   0.641068617829782E-02
   0.121163658239387E+02
   0.691351277084985E-02
   0.160691364640740E+02
   0.737808077348598E-02
   0.187751792136953E+02
   0.779533373700699E-02
   0.205749159000043E+02
   0.814971247430545E-02
   0.217176891395645E+02
   0.840295899745814E-02
   0.223995128152642E+02
   0.854791278072709E-02
   0.227893534549487E+02
   0.867193403146910E-02
   0.230306348364935E+02
   0.880374680008665E-02
   0.232208070652585E+02
   0.894663026191168E-02
   0.233601322063998E+02
   0.909297304562242E-02
   0.233638608900912E+02
   0.918017035238589E-02
   0.231563247931976E+02
   0.915507060390865E-02
   0.226915467632462E+02
   0.905718255470301E-02
   0.219344943123844E+02
   0.889979450017049E-02
   0.208283167355322E+02
   0.866305345356781E-02
   0.192589896150879E+02
   0.832373717486362E-02
   0.170593300682628E+02
   0.787628765793149E-02
   0.140581098564730E+02
   0.734726866377963E-02
   0.101192980538202E+02
   0.676027366850309E-02
   0.757187841283226E+01
   0.620634895986895E-02
   0.600156339577913E+01
   0.576869882384209E-02
   0.515152538303888E+01
   0.546492709767274E-02
   0.743171854168647E+01
   0.690358937801080E-02
   0.706051650822447E+01
   0.671520034596151E-02
   0.657517401318457E+01
   0.651237087363369E-02
   0.591605766647570E+01
   0.615942039168082E-02
   0.519516408170926E+01
   0.582765158328996E-02
   0.477115343118567E+01
   0.575148204930484E-02
   0.464309430241014E+01
   0.581194486970975E-02
   0.482443939804220E+01
   0.597340139112240E-02
   0.531844733041005E+01
   0.618604320690970E-02
   0.618955096751508E+01
   0.644430671309412E-02
   0.757342921094269E+01
   0.665366379892132E-02
   0.793267692654886E+01
   0.646130712118797E-02
   0.950360213034477E+01
   0.701958469683945E-02
   0.116469086863661E+02
   0.767689615352555E-02
   0.143702075831559E+02
   0.814680952478802E-02
   0.180818924706335E+02
   0.861685854062262E-02
   0.203980073499743E+02
   0.912190450352739E-02
   0.217783128611684E+02
   0.965083562053795E-02
   0.224802524024798E+02
   0.995525280542869E-02
   0.227059524203730E+02
   0.982537639262254E-02
   0.226724605756009E+02
   0.986222399190858E-02
   0.226243271425379E+02
   0.100059831508104E-01
   0.228264011886987E+02
   0.102164319653241E-01
   0.232480302716055E+02
   0.106156378956366E-01
   0.235367961009164E+02
   0.109111482200483E-01
   0.235467047700693E+02
   0.107723774367715E-01
   0.232718606116390E+02
   0.106266855916767E-01
   0.227652933744936E+02
   0.105151380088509E-01
   0.220640803069778E+02
   0.103175212304653E-01
   0.210287136083708E+02
   0.994356307679541E-02
   0.193321661743844E+02
   0.936982166388886E-02
   0.166700507834742E+02
   0.879385898565813E-02
   0.127416948469887E+02
   0.806590126492324E-02
   0.103004508294069E+02
   0.748309180510167E-02
   0.886316910905371E+01
   0.719755797159723E-02
   0.799206014202411E+01
   0.709724129477248E-02
   0.102204726036054E+02
   0.900883421854104E-02
   0.966597581531834E+01
   0.868303465804101E-02
   0.909893399104300E+01
   0.834398775755003E-02
   0.850723185735521E+01
   0.800444583808953E-02
   0.793493517094804E+01
   0.762259585051116E-02
   0.755788672951634E+01
   0.744677986246328E-02
   0.740993891053913E+01
   0.748424815466275E-02
   0.747313568140105E+01
   0.760181893548702E-02
   0.773480070000154E+01
   0.771000309359228E-02
   0.821388574817136E+01
   0.770744305322482E-02
   0.896487908163399E+01
   0.775270407101465E-02
   0.100848121133006E+02
   0.751385114129233E-02
   0.128829437842937E+02
   0.831306090706101E-02
   0.153284964136295E+02
   0.868907839619864E-02
   0.177264490063058E+02
   0.894746303262477E-02
   0.200895566000047E+02
   0.932547355168031E-02
   0.217591583786824E+02
   0.979676773474841E-02
   0.226604946380254E+02
   0.102542224310946E-01
   0.229149157002386E+02
   0.105137906853294E-01
   0.226653566349370E+02
   0.105654713282411E-01
   0.221167388291449E+02
   0.106874110156465E-01
   0.215942706137587E+02
   0.107655375388355E-01
   0.218414122225976E+02
   0.109518491668247E-01
   0.228304988404314E+02
   0.117773168974140E-01
   0.234432688755357E+02
   0.120340207214302E-01
   0.235836656628323E+02
   0.117722361321827E-01
   0.233371975692196E+02
   0.118943068075572E-01
   0.228958445130028E+02
   0.116165082880439E-01
   0.225439665062177E+02
   0.113765558403178E-01
   0.221356850440577E+02
   0.111053185909419E-01
   0.210019885131358E+02
   0.106740365452121E-01
   0.187588836067311E+02
   0.101612170907002E-01
   0.151123142675936E+02
   0.962990776268812E-02
   0.129250528913868E+02
   0.931464458654890E-02
   0.116598806673652E+02
   0.923779954357454E-02
   0.108422690649308E+02
   0.915924398325889E-02
   0.127400587396362E+02
   0.111795961401791E-01
   0.121432989006737E+02
   0.106854395988306E-01
   0.115620984565427E+02
   0.101626183055311E-01
   0.110184284053655E+02
   0.974985466545458E-02
   0.105300844847704E+02
   0.938429679837310E-02
   0.101701243541495E+02
   0.914475932340870E-02
   0.996723933490850E+01
   0.905735575894682E-02
   0.991452703418001E+01
   0.904385058528313E-02
   0.100049590147021E+02
   0.901320228230559E-02
   0.102667259261804E+02
   0.892196466901763E-02
   0.107746308331461E+02
   0.868945223516918E-02
   0.118296698867392E+02
   0.853231033105613E-02
   0.145182569228058E+02
   0.924640706405933E-02
   0.170936696208306E+02
   0.941389083020465E-02
   0.193436486839345E+02
   0.955130540708957E-02
   0.213361489024041E+02
   0.992497180238437E-02
   0.226762881300338E+02
   0.104764559088559E-01
   0.232001008317038E+02
   0.109848553417915E-01
   0.230681807102729E+02
   0.111677328328965E-01
   0.223577476440538E+02
   0.111161841211031E-01
   0.212276844306586E+02
   0.113656810807598E-01
   0.198702763781463E+02
   0.112125912173642E-01
   0.201736329742638E+02
   0.116368596420645E-01
   0.223009010877063E+02
   0.127333390282267E-01
   0.232048254593335E+02
   0.124915122206454E-01
   0.233835112917833E+02
   0.126156432489374E-01
   0.230101293499547E+02
   0.127953691950195E-01
   0.224109779429082E+02
   0.124557692480291E-01
   0.223783950762145E+02
   0.120221573530235E-01
   0.228268009399064E+02
   0.118851708953276E-01
   0.222943227608190E+02
   0.115201965129158E-01
   0.204618596954318E+02
   0.111946428063744E-01
   0.170966761876016E+02
   0.110641088843107E-01
   0.151744181884009E+02
   0.109840968781986E-01
   0.140885221412241E+02
   0.112951809873223E-01
   0.133593212737707E+02
   0.114346325081220E-01
   0.148812180852338E+02
   0.129883410316831E-01
   0.142841450816722E+02
   0.122904310254314E-01
   0.137268912473242E+02
   0.116509809813429E-01
   0.132364425973568E+02
   0.112060500317908E-01
   0.128137186386592E+02
   0.108834284913187E-01
   0.124790056766764E+02
   0.106336952811284E-01
   0.122453137235713E+02
   0.104511422738450E-01
   0.121140520680441E+02
   0.103153122464881E-01
   0.120910023625413E+02
   0.101807777891768E-01
   0.122137075747673E+02
   0.100800263482973E-01
   0.125494713123097E+02
   0.994815972686751E-02
   0.133091893890096E+02
   0.965176381333784E-02
   0.150729626735931E+02
   0.976818639111183E-02
   0.179575428212211E+02
   0.101228981969878E-01
   0.201222274710159E+02
   0.101808504625924E-01
   0.220682805756878E+02
   0.106366163360266E-01
   0.232668788538997E+02
   0.113201127147146E-01
   0.234459953334110E+02
   0.118664822134849E-01
   0.229912516399518E+02
   0.117887124062130E-01
   0.218564972487111E+02
   0.119060145380442E-01
   0.201808034423776E+02
   0.120379982707684E-01
   0.193421470117146E+02
   0.120385311686527E-01
   0.197330092216933E+02
   0.123067201307441E-01
   0.219701088716223E+02
   0.131129386154608E-01
   0.228873550527845E+02
   0.130389830748256E-01
   0.230173335233328E+02
   0.133847042586311E-01
   0.223877529968887E+02
   0.133892547695425E-01
   0.213016174706627E+02
   0.129352904137846E-01
   0.215466541112761E+02
   0.123799286977587E-01
   0.232996593081247E+02
   0.123307409919045E-01
   0.233434656161950E+02
   0.121538509608921E-01
   0.218758309302083E+02
   0.120461342193559E-01
   0.187610814557470E+02
   0.124774989369689E-01
   0.170881535779408E+02
   0.127973255463782E-01
   0.161603985452155E+02
   0.134310777314646E-01
   0.154923636055056E+02
   0.134555273821984E-01
   0.166502130129855E+02
   0.142379465140372E-01
   0.160813267186118E+02
   0.134339015062899E-01
   0.155743167090589E+02
   0.128064107573627E-01
   0.151450419093287E+02
   0.124141869319701E-01
   0.147806460644407E+02
   0.121511194447816E-01
   0.144772790438247E+02
   0.119230059915455E-01
   0.142358288049131E+02
   0.116966892938010E-01
   0.140607127906534E+02
   0.114857271917693E-01
   0.139673008446019E+02
   0.113186497840467E-01
   0.139956437502814E+02
   0.112681031811406E-01
   0.141946479591787E+02
   0.112397976783251E-01
   0.146943571735294E+02
   0.108958081338799E-01
   0.158754173165188E+02
   0.104004761520355E-01
   0.183354346259725E+02
   0.104946327959629E-01
   0.203085732366299E+02
   0.108093732803162E-01
   0.224271491425717E+02
   0.112114931254625E-01
   0.236218972165740E+02
   0.123302500585508E-01
   0.233981597314932E+02
   0.129697208364035E-01
   0.227009251017903E+02
   0.127257714298364E-01
   0.211651755809201E+02
   0.128207993935071E-01
   0.200713506066117E+02
   0.131506429949468E-01
   0.195593240336903E+02
   0.133076356802989E-01
   0.198699999144832E+02
   0.130872243679553E-01
   0.216566087914882E+02
   0.134501363190170E-01
   0.224263364996051E+02
   0.136237688089323E-01
   0.225067306167310E+02
   0.137512483571678E-01
   0.215615472862523E+02
   0.138050734048822E-01
   0.210365787822070E+02
   0.134175547553936E-01
   0.215439307448546E+02
   0.128967159236186E-01
   0.237755103494832E+02
   0.123693705487117E-01
   0.242051462182248E+02
   0.125113740806676E-01
   0.230410717662039E+02
   0.127798317335109E-01
   0.201594667962868E+02
   0.138615646699536E-01
   0.187103303247017E+02
   0.147881037885063E-01
   0.178808385900599E+02
   0.152885081178738E-01
   0.172466145146236E+02
   0.149499953906030E-01
   0.180996098251950E+02
   0.151359710735757E-01
   0.175847902666011E+02
   0.144754396358207E-01
   0.171412652408098E+02
   0.140253197857978E-01
   0.167718675956793E+02
   0.137693285910255E-01
   0.164567157822669E+02
   0.135421794795960E-01
   0.161851438750586E+02
   0.133093000289938E-01
   0.159504081432356E+02
   0.130399502913893E-01
   0.157555231679071E+02
   0.127680918892908E-01
   0.156178048832800E+02
   0.125518781591242E-01
   0.155740390167990E+02
   0.124993626712219E-01
   0.156602213168467E+02
   0.125071783571442E-01
   0.159512626360938E+02
   0.120868033054690E-01
   0.166936935121155E+02
   0.113581329174420E-01
   0.182571205745425E+02
   0.109403592842574E-01
   0.199362941684299E+02
   0.115866789539764E-01
   0.225077177922751E+02
   0.118976272197917E-01
   0.238352199600785E+02
   0.133931348270856E-01
   0.230240033792483E+02
   0.144175351293090E-01
   0.222168535421069E+02
   0.140243694427239E-01
   0.212229412938836E+02
   0.138798246307769E-01
   0.204733338609481E+02
   0.147340637824838E-01
   0.201097225525071E+02
   0.147724116504003E-01
   0.202719104224942E+02
   0.141292234892772E-01
   0.211765786768767E+02
   0.137618846535143E-01
   0.217499088314526E+02
   0.139006770372225E-01
   0.218775918719569E+02
   0.142822729176407E-01
   0.214849871693312E+02
   0.144842736017984E-01
   0.212963699502208E+02
   0.144636298748343E-01
   0.218820734061403E+02
   0.136754176484318E-01
   0.241876793894843E+02
   0.122999241491522E-01
   0.248831685992483E+02
   0.128479379211390E-01
   0.239782331220387E+02
   0.135125180421319E-01
   0.213427983056420E+02
   0.154676547683157E-01
   0.200469786519622E+02
   0.164280456161486E-01
   0.192575099000495E+02
   0.162589636764340E-01
   0.186572871131985E+02
   0.158187737305092E-01
   0.192882300203569E+02
   0.162665565214692E-01
   0.188380917144364E+02
   0.158921154789263E-01
   0.184526904338655E+02
   0.156001712686251E-01
   0.181327795621681E+02
   0.154248666312347E-01
   0.178609289328447E+02
   0.152534282586329E-01
   0.176230552941220E+02
   0.150790475063077E-01
   0.174062490684366E+02
   0.148714579293344E-01
   0.172075431939427E+02
   0.146508091001574E-01
   0.170395267075590E+02
   0.144432832343916E-01
   0.169285943099206E+02
   0.142299100147645E-01
   0.169106216358697E+02
   0.139421719774835E-01
   0.170502712742415E+02
   0.132783357879919E-01
   0.175194030990335E+02
   0.125207310323069E-01
   0.186361433938357E+02
   0.119475279424502E-01
   0.199618845029886E+02
   0.119407807924013E-01
   0.223931083447262E+02
   0.119958991953756E-01
   0.240304559578451E+02
   0.140316879759809E-01
   0.232147725551603E+02
   0.158666743481338E-01
   0.223814600735692E+02
   0.153294405335486E-01
   0.217157847571385E+02
   0.148579283098311E-01
   0.210571032951041E+02
   0.158841230922224E-01
   0.207454725405482E+02
   0.157943774554725E-01
   0.208179223932331E+02
   0.151437162848361E-01
   0.213201199082378E+02
   0.148865252250052E-01
   0.217988621424767E+02
   0.148278941343921E-01
   0.219675860698512E+02
   0.152851838488015E-01
   0.218273987707540E+02
   0.155026470074182E-01
   0.217806100669255E+02
   0.154907763854512E-01
   0.223054527454631E+02
   0.144024087987838E-01
   0.244531849398655E+02
   0.125042117265901E-01
   0.253747284318360E+02
   0.133908948497045E-01
   0.246984378611690E+02
   0.143483532453563E-01
   0.222992279126164E+02
   0.169973871341219E-01
   0.210964694419152E+02
   0.173464702053063E-01
   0.203384420861934E+02
   0.168334685520474E-01
   0.197870025985332E+02
   0.166422414149504E-01
   0.202605560937646E+02
   0.174909618041137E-01
   0.198687871095784E+02
   0.172495943087002E-01
   0.195316479289316E+02
   0.170328924882002E-01
   0.192523232025641E+02
   0.168902869908909E-01
   0.190182777954509E+02
   0.167866657521677E-01
   0.188121604810428E+02
   0.166942335772528E-01
   0.186148957037348E+02
   0.165698323974432E-01
   0.184144001618719E+02
   0.163889722900454E-01
   0.182184470807803E+02
   0.161790232469750E-01
   0.180496238261091E+02
   0.158784375668804E-01
   0.179472773650676E+02
   0.154560087123029E-01
   0.179773657318663E+02
   0.147636724996809E-01
   0.182837415668110E+02
   0.136244088444225E-01
   0.192273006923962E+02
   0.130683842888540E-01
   0.201751991559199E+02
   0.129602234222642E-01
   0.220043079258941E+02
   0.124359278512215E-01
   0.242168253864965E+02
   0.144598099658047E-01
   0.236922976419433E+02
   0.168338103448319E-01
   0.228101782920389E+02
   0.170475131694311E-01
   0.224521388508331E+02
   0.156520396709809E-01
   0.216441707057940E+02
   0.169969849248431E-01
   0.213501468103302E+02
   0.167890503375701E-01
   0.213621625981453E+02
   0.164148134577217E-01
   0.216821384460341E+02
   0.160868702980149E-01
   0.221656166749485E+02
   0.160593270930827E-01
   0.223599414796500E+02
   0.165844910174749E-01
   0.223411234924425E+02
   0.166852713031928E-01
   0.223207964348526E+02
   0.164883843889789E-01
   0.226960549975015E+02
   0.152840535443162E-01
   0.244959285779445E+02
   0.133723992193879E-01
   0.256841280845453E+02
   0.142347292917165E-01
   0.252140033396179E+02
   0.153185476906774E-01
   0.230524460031392E+02
   0.184059512571645E-01
   0.219260286015347E+02
   0.184756461468287E-01
   0.212035211802808E+02
   0.177924940508709E-01
   0.206985515757860E+02
   0.176974181439790E-01
   0.210558107689379E+02
   0.186978059442177E-01
   0.207078615959699E+02
   0.184870512998369E-01
   0.204078960290494E+02
   0.183077372243741E-01
   0.201607449215533E+02
   0.181971242085323E-01
   0.199581414449376E+02
   0.181794455882340E-01
   0.197790872134203E+02
   0.181751433780538E-01
   0.195990886931998E+02
   0.181349220980265E-01
   0.193964779795201E+02
   0.179780470873133E-01
   0.191742091592133E+02
   0.177153888555570E-01
   0.189559954230522E+02
   0.172884364263168E-01
   0.187876162221002E+02
   0.167123259314120E-01
   0.187397998047903E+02
   0.159235631325173E-01
   0.189587406377606E+02
   0.148343626831724E-01
   0.199489245852372E+02
   0.141756571106255E-01
   0.205060201196571E+02
   0.148152767546754E-01
   0.219688134583881E+02
   0.134098735165057E-01
   0.244196234742833E+02
   0.146877445955815E-01
   0.244403368461783E+02
   0.169560268248498E-01
   0.232829655968675E+02
   0.185539523288436E-01
   0.226949604029575E+02
   0.173517404584317E-01
   0.221458372673271E+02
   0.181586715115322E-01
   0.219106189302732E+02
   0.180061587791130E-01
   0.218968540347339E+02
   0.175861766758787E-01
   0.221407232123661E+02
   0.170207366590571E-01
   0.227350851427639E+02
   0.166935730960187E-01
   0.229160384572201E+02
   0.178079589995429E-01
   0.229556734470717E+02
   0.177453627619240E-01
   0.229060722504773E+02
   0.175650523966074E-01
   0.230927378451155E+02
   0.164952024748893E-01
   0.242457567861437E+02
   0.153637412863649E-01
   0.258422690841660E+02
   0.154258671262953E-01
   0.255493734023576E+02
   0.165118678720814E-01
   0.236261717279095E+02
   0.198108518136541E-01
   0.225818178271275E+02
   0.196257786764356E-01
   0.219067216644013E+02
   0.189207481014263E-01
   0.214456075408386E+02
   0.188586975989570E-01
   0.216847090434899E+02
   0.197534245372542E-01
   0.213678969658466E+02
   0.195396119559778E-01
   0.210953715655656E+02
   0.193860017378401E-01
   0.208720906277468E+02
   0.193242267102966E-01
   0.206916564013567E+02
   0.193819275486213E-01
   0.205313803999313E+02
   0.194551156042158E-01
   0.203626769827063E+02
   0.194833395890166E-01
   0.201557608132955E+02
   0.193312825892722E-01
   0.199102326791037E+02
   0.189806170872904E-01
   0.196559408502396E+02
   0.184154717418631E-01
   0.194458396037970E+02
   0.176880570675566E-01
   0.193558934693840E+02
   0.168817201674140E-01
   0.195121448779390E+02
   0.161976932897532E-01
   0.201773076220033E+02
   0.157913414851706E-01
   0.208274838703966E+02
   0.165298555036980E-01
   0.221122035173428E+02
   0.150021324413899E-01
   0.245825586207582E+02
   0.153837100887083E-01
   0.248735396327549E+02
   0.169312327316799E-01
   0.237159202912760E+02
   0.191461534070899E-01
   0.230243460063597E+02
   0.186966776703355E-01
   0.225843572203302E+02
   0.188679815261466E-01
   0.224129380473366E+02
   0.191037229081267E-01
   0.224024352659878E+02
   0.186946079754260E-01
   0.226227635314681E+02
   0.179610572006701E-01
   0.234903604924201E+02
   0.166719445361564E-01
   0.235540886812325E+02
   0.181006163550987E-01
   0.236498378542358E+02
   0.182406934677078E-01
   0.235324561934300E+02
   0.187400971107300E-01
   0.235293207632350E+02
   0.179807142356690E-01
   0.242710235546460E+02
   0.169667868975599E-01
   0.258958531180704E+02
   0.164138430238845E-01
   0.257186175270081E+02
   0.177357333181062E-01
   0.240289683324361E+02
   0.210786017972770E-01
   0.230805587490457E+02
   0.206514035925056E-01
   0.224615616069036E+02
   0.199806494076984E-01
   0.220387184190525E+02
   0.199099931206732E-01
   0.221555361528262E+02
   0.206991830751803E-01
   0.218603705663501E+02
   0.204822949666897E-01
   0.216061667289853E+02
   0.203386788570922E-01
   0.213966021666727E+02
   0.202952053102591E-01
   0.212260573117325E+02
   0.203489729442129E-01
   0.210735214966330E+02
   0.204347069576804E-01
   0.209087279158992E+02
   0.204782235091036E-01
   0.206963886941089E+02
   0.203014333816898E-01
   0.204345661178153E+02
   0.198714256386401E-01
   0.201620975345394E+02
   0.192392642539583E-01
   0.199382322680155E+02
   0.185111564785596E-01
   0.198385377393315E+02
   0.179271713590519E-01
   0.199566519558890E+02
   0.175814641227658E-01
   0.204366080039839E+02
   0.168636938351274E-01
   0.211043715842994E+02
   0.173954019529226E-01
   0.223174251929781E+02
   0.169441489500612E-01
   0.246852742650660E+02
   0.168724770602851E-01
   0.251120423158209E+02
   0.172766073897613E-01
   0.241249259017427E+02
   0.188817761888937E-01
   0.233514010887892E+02
   0.199493038682722E-01
   0.229670861020690E+02
   0.198816730013975E-01
   0.228452565906934E+02
   0.201663640410445E-01
   0.228517976715678E+02
   0.198233176247404E-01
   0.230552530804654E+02
   0.191268533957891E-01
   0.238885172489964E+02
   0.173901113040055E-01
   0.242553304982605E+02
   0.182881145063689E-01
   0.244508038757733E+02
   0.180949533360216E-01
   0.241859820058523E+02
   0.194812791150186E-01
   0.239758777214870E+02
   0.195851682997609E-01
   0.244198915660228E+02
   0.184525012953788E-01
   0.258537147957366E+02
   0.171191150243440E-01
   0.257262297690744E+02
   0.187195698384815E-01
   0.242656913851539E+02
   0.216431234392164E-01
   0.234327757974676E+02
   0.213912895101910E-01
   0.228762852850334E+02
   0.209678015157859E-01
   0.224842182638331E+02
   0.208658895421582E-01
   0.224740831450896E+02
   0.215230203569739E-01
   0.221930684922663E+02
   0.213140533385744E-01
   0.219489007833141E+02
   0.211655851465259E-01
   0.217431433121379E+02
   0.210681002273157E-01
   0.215715690237841E+02
   0.210188044969771E-01
   0.214171027357190E+02
   0.210382459109429E-01
   0.212506479290738E+02
   0.210717764145417E-01
   0.210338707732677E+02
   0.209038499913916E-01
   0.207650642072224E+02
   0.204660512856840E-01
   0.204925252174712E+02
   0.199148390963162E-01
   0.202779717922512E+02
   0.193824026728847E-01
   0.201880330983417E+02
   0.190195014255124E-01
   0.202825704459278E+02
   0.186180248499686E-01
   0.206621040710746E+02
   0.179027369388163E-01
   0.213260533038665E+02
   0.183205202285744E-01
   0.224995404764884E+02
   0.188758840429965E-01
   0.247061089290873E+02
   0.178895612706340E-01
   0.251987454157243E+02
   0.173673915145426E-01
   0.245923849822066E+02
   0.180688373922291E-01
   0.236136266267206E+02
   0.205158491220641E-01
   0.232766667908130E+02
   0.209555616978066E-01
   0.231934856675869E+02
   0.211066499809093E-01
   0.232232414158599E+02
   0.208397082673834E-01
   0.234097841418689E+02
   0.205654956244675E-01
   0.239492339285090E+02
   0.188555297880455E-01
   0.245402386095290E+02
   0.188768212369552E-01
   0.248811458594302E+02
   0.185264450790038E-01
   0.248773540929365E+02
   0.193992446809634E-01
   0.243933944815765E+02
   0.211959584615441E-01
   0.245943270263699E+02
   0.200934815158544E-01
   0.257184020377880E+02
   0.180341786325257E-01
   0.255503157488345E+02
   0.198403609238548E-01
   0.243642084672904E+02
   0.221652406849214E-01
   0.236549020551218E+02
   0.221326838787176E-01
   0.231562782286271E+02
   0.218834125756517E-01
   0.227863183536745E+02
   0.217130461000512E-01
   0.226451213895037E+02
   0.221030855417995E-01
   0.223724875497233E+02
   0.219229947799694E-01
   0.221325672347256E+02
   0.217735208012907E-01
   0.219256294974220E+02
   0.216033915139283E-01
   0.217479665940677E+02
   0.214442024169286E-01
   0.215871970361687E+02
   0.214272659770442E-01
   0.214146083734982E+02
   0.214740935628294E-01
   0.211922068839190E+02
   0.213086114906990E-01
   0.209231695174060E+02
   0.208808892384131E-01
   0.206613676976727E+02
   0.204283810083822E-01
   0.204672752442343E+02
   0.200831615041477E-01
   0.203961783688761E+02
   0.198055951386629E-01
   0.204833449489656E+02
   0.192225262088252E-01
   0.208140273354200E+02
   0.185606810144800E-01
   0.214736808851708E+02
   0.191479371600656E-01
   0.226003001342287E+02
   0.200893906738675E-01
   0.246184311062130E+02
   0.179803875473480E-01
   0.251489199922017E+02
   0.173311656682694E-01
   0.247647206923151E+02
   0.177049284230900E-01
   0.237744227240157E+02
   0.207232021322542E-01
   0.234928950584930E+02
   0.216510227863606E-01
   0.234474393194310E+02
   0.218407368148280E-01
   0.235057349266844E+02
   0.216713965968311E-01
   0.236706501911658E+02
   0.215328560920576E-01
   0.240296282181458E+02
   0.197665889218338E-01
   0.244875707160496E+02
   0.196046615879433E-01
   0.250079357696228E+02
   0.191497466897666E-01
   0.252292656246406E+02
   0.195297860556179E-01
   0.247343594648497E+02
   0.224126315696023E-01
   0.247338680014219E+02
   0.218265358449941E-01
   0.254759047949441E+02
   0.193399479326472E-01
   0.251508484638273E+02
   0.214496305652726E-01
   0.243501777077522E+02
   0.226804834812849E-01
   0.237553251421282E+02
   0.227531512080568E-01
   0.233017887582716E+02
   0.225357922631939E-01
   0.229476359551031E+02
   0.223021749113795E-01
   0.226793803949635E+02
   0.220385721946952E-01
   0.224105370192135E+02
   0.218625867105689E-01
   0.221709001882220E+02
   0.216961480080757E-01
   0.219609123015814E+02
   0.215111557760819E-01
   0.217759629706048E+02
   0.213617423707842E-01
   0.216039831203002E+02
   0.213273884736305E-01
   0.214191918271016E+02
   0.213241901284384E-01
   0.211902084135430E+02
   0.211352528310526E-01
   0.209262039393301E+02
   0.207634131224764E-01
   0.206804854254168E+02
   0.204051111789966E-01
   0.205085772633606E+02
   0.201366263710909E-01
   0.204613814797376E+02
   0.199060824052181E-01
   0.205626013446954E+02
   0.193487127520088E-01
   0.208731226800203E+02
   0.187110830436405E-01
   0.215284998541974E+02
   0.195121987707764E-01
   0.225876864341784E+02
   0.203591664266137E-01
   0.244285588752337E+02
   0.176013248097738E-01
   0.249839840092753E+02
   0.172118083261908E-01
   0.247479441195865E+02
   0.175582120552321E-01
   0.238310982835048E+02
   0.207187688858382E-01
   0.236104237666844E+02
   0.221104147216035E-01
   0.236049381474582E+02
   0.225401703120186E-01
   0.236912146436255E+02
   0.223334985738360E-01
   0.238364703358960E+02
   0.220139253537441E-01
   0.240909705017589E+02
   0.206331735496731E-01
   0.244492997777174E+02
   0.202403698360086E-01
   0.248649074701297E+02
   0.203026878701900E-01
   0.253417690823062E+02
   0.199447442700744E-01
   0.249926962697834E+02
   0.226279370039984E-01
   0.247894954744984E+02
   0.229091645368013E-01
   0.250746249987621E+02
   0.209924088180168E-01
   0.248364086153034E+02
   0.222666258982985E-01
   0.242484696156040E+02
   0.228389838817774E-01
   0.237396210969814E+02
   0.228726762004534E-01
   0.233192636987575E+02
   0.225246724527708E-01
   0.229766930674004E+02
   0.222389368082534E-01
   0.226057136738810E+02
   0.210124930322049E-01
   0.223359047067880E+02
   0.207396890581885E-01
   0.220897403026628E+02
   0.204595814135518E-01
   0.218688854844425E+02
   0.201968391263022E-01
   0.216710056295065E+02
   0.200335760414273E-01
   0.214850124800091E+02
   0.199987181004596E-01
   0.212884824117611E+02
   0.200137052290797E-01
   0.210571236155776E+02
   0.199082043523523E-01
   0.208045402518027E+02
   0.197182291850025E-01
   0.205807976565802E+02
   0.195801055292630E-01
   0.204337469973930E+02
   0.194769775520931E-01
   0.204088329227811E+02
   0.193792662565524E-01
   0.205332786710037E+02
   0.191090024326741E-01
   0.208347734536819E+02
   0.184959574772813E-01
   0.214853957829432E+02
   0.195796694542116E-01
   0.224548331743579E+02
   0.201039031921955E-01
   0.241459511209097E+02
   0.173862948307512E-01
   0.247138641555219E+02
   0.172011629875813E-01
   0.245861556996563E+02
   0.174283388701826E-01
   0.237894046326213E+02
   0.212479736856527E-01
   0.236157002669092E+02
   0.223903837878449E-01
   0.236432124226701E+02
   0.228795697049822E-01
   0.237695072651235E+02
   0.228180937866426E-01
   0.239037881349714E+02
   0.223115412105621E-01
   0.241029515263171E+02
   0.213614938173947E-01
   0.244041166513476E+02
   0.213593701493511E-01
   0.247374836348219E+02
   0.213152935350157E-01
   0.252502332953951E+02
   0.206216545230574E-01
   0.252117063774253E+02
   0.216424678909660E-01
   0.247395383701166E+02
   0.230015719511789E-01
   0.247649639619812E+02
   0.217170607547212E-01
   0.245390626997529E+02
   0.222724192827753E-01
   0.240688634491557E+02
   0.223555209505698E-01
   0.236232414958315E+02
   0.221196989129213E-01
   0.232332617031218E+02
   0.216563922799242E-01
   0.229006369916442E+02
   0.212955771500753E-01
   0.224491384887153E+02
   0.196433272316593E-01
   0.221763469502484E+02
   0.193134442574509E-01
   0.219244127260157E+02
   0.190082031142603E-01
   0.216958364207842E+02
   0.187681238310832E-01
   0.214873746886995E+02
   0.186113876873825E-01
   0.212873849345473E+02
   0.185213110538045E-01
   0.210778233334776E+02
   0.184580652486292E-01
   0.208441368977686E+02
   0.183551899459336E-01
   0.206046379458248E+02
   0.182838495986243E-01
   0.204016312338621E+02
   0.182945947946143E-01
   0.202756360124269E+02
   0.183687151591287E-01
   0.202689266672330E+02
   0.185313860960333E-01
   0.204105134509694E+02
   0.186745307940874E-01
   0.207046070908441E+02
   0.182157515290500E-01
   0.213423941924762E+02
   0.196691851370565E-01
   0.222065071890456E+02
   0.197516316254994E-01
   0.237568579680340E+02
   0.173747633165554E-01
   0.243246208679607E+02
   0.173078367442301E-01
   0.242863362663621E+02
   0.173419259309594E-01
   0.236269065090603E+02
   0.214669344814169E-01
   0.234887869123603E+02
   0.220885510255127E-01
   0.235391656051025E+02
   0.223808235460624E-01
   0.237248735748102E+02
   0.227169580326579E-01
   0.238631102969845E+02
   0.224353974697430E-01
   0.240356398928373E+02
   0.218364021016864E-01
   0.242982184873543E+02
   0.221373006444440E-01
   0.245651763917007E+02
   0.221018145823954E-01
   0.249091732709685E+02
   0.218802440264033E-01
   0.251216362898502E+02
   0.212750543807571E-01
   0.245718358526332E+02
   0.225519006294654E-01
   0.244634382857359E+02
   0.218703597058758E-01
   0.242267156694394E+02
   0.217902572055475E-01
   0.238228533667268E+02
   0.213213537483045E-01
   0.234288630148947E+02
   0.208971671773245E-01
   0.230667491250763E+02
   0.203999274912182E-01
   0.227433396689059E+02
   0.199942719467468E-01
   0.222558540449290E+02
   0.188961639645137E-01
   0.219829784480999E+02
   0.185466569398361E-01
   0.217287806200237E+02
   0.182371842048624E-01
   0.214957327937030E+02
   0.180123547504177E-01
   0.212790009221223E+02
   0.178521730296014E-01
   0.210663017559206E+02
   0.177317947460302E-01
   0.208433276372526E+02
   0.176208834302469E-01
   0.206033034370310E+02
   0.174843319397292E-01
   0.203674753090406E+02
   0.173914418645028E-01
   0.201727713724303E+02
   0.173859519662238E-01
   0.200547696716732E+02
   0.174941969651774E-01
   0.200534742112759E+02
   0.177833315208320E-01
   0.202028691084246E+02
   0.183062643271476E-01
   0.205097171003430E+02
   0.187356242485647E-01
   0.210916658038051E+02
   0.198356055371046E-01
   0.218439167066898E+02
   0.191078880181721E-01
   0.232429315769065E+02
   0.173619324745071E-01
   0.237983764804928E+02
   0.173935438713752E-01
   0.238479477215437E+02
   0.174950177289043E-01
   0.233400553003366E+02
   0.219100482460596E-01
   0.232326217877747E+02
   0.218494150013464E-01
   0.232971059045606E+02
   0.214148818840880E-01
   0.235617503038500E+02
   0.221267117013259E-01
   0.237086704346090E+02
   0.224463298613352E-01
   0.238684543425148E+02
   0.219942528496552E-01
   0.241017150744352E+02
   0.225169242780929E-01
   0.243195824437321E+02
   0.228209313223200E-01
   0.245606302137324E+02
   0.231495137775104E-01
   0.247852733960732E+02
   0.214737969781965E-01
   0.242893368439140E+02
   0.222542618249215E-01
   0.241330974444278E+02
   0.218357147063410E-01
   0.238896183246084E+02
   0.212819533337820E-01
   0.235355488888690E+02
   0.205859160772300E-01
   0.231902292451005E+02
   0.201406444163515E-01
   0.228579541420456E+02
   0.196810083209084E-01
   0.225466405168326E+02
   0.192687844213057E-01
   0.220526217447911E+02
   0.193809101322053E-01
   0.217861641347847E+02
   0.189705775447304E-01
   0.215356490491136E+02
   0.186099176462147E-01
   0.213019730228529E+02
   0.183294705496521E-01
   0.210799724032098E+02
   0.181235844059668E-01
   0.208572296319760E+02
   0.179702354606654E-01
   0.206223011692504E+02
   0.178544871367655E-01
   0.203734798277576E+02
   0.177376358846404E-01
   0.201329327114666E+02
   0.176696551400788E-01
   0.199340702980906E+02
   0.176897430267572E-01
   0.198081460559108E+02
   0.178098553774236E-01
   0.197922284665480E+02
   0.180972135832305E-01
   0.199239581778101E+02
   0.186774612057728E-01
   0.202162546694588E+02
   0.194189554817285E-01
   0.207304766374364E+02
   0.201592573824787E-01
   0.213786943822185E+02
   0.187906164332380E-01
   0.225893006567655E+02
   0.173018217480609E-01
   0.231190973516560E+02
   0.172679169078562E-01
   0.232608587342703E+02
   0.180365020301710E-01
   0.229061609140220E+02
   0.221285199352720E-01
   0.228453737375804E+02
   0.217451617282298E-01
   0.229421745779437E+02
   0.208884108749131E-01
   0.232972327073832E+02
   0.210838728181413E-01
   0.234513692364473E+02
   0.228059336696367E-01
   0.236160696127555E+02
   0.227534091282181E-01
   0.238147374590529E+02
   0.231795711429359E-01
   0.239786422100887E+02
   0.233853972871070E-01
   0.241221750547903E+02
   0.234973638753543E-01
   0.241983466845712E+02
   0.226581239647829E-01
   0.239142347503513E+02
   0.229629892549159E-01
   0.237584747044242E+02
   0.226221342243403E-01
   0.235276032636541E+02
   0.219247023876221E-01
   0.232249217082770E+02
   0.212330870265312E-01
   0.229290863407052E+02
   0.207874526578619E-01
   0.226290920975216E+02
   0.203070758088107E-01
   0.223343807173087E+02
   0.198236281588492E-01
   0.218365273172059E+02
   0.211201646925416E-01
   0.215861974441590E+02
   0.206595454051523E-01
   0.213476018881334E+02
   0.202104979615437E-01
   0.211199847834042E+02
   0.198130802298630E-01
   0.208984268974999E+02
   0.195042545952387E-01
   0.206701612207372E+02
   0.192726910600365E-01
   0.204251999079088E+02
   0.191112125250378E-01
   0.201651470642148E+02
   0.189581229872550E-01
   0.199122036451320E+02
   0.188293768078049E-01
   0.196971270442122E+02
   0.187588285305817E-01
   0.195470207954843E+02
   0.187124625311720E-01
   0.194943871104930E+02
   0.187206852939348E-01
   0.195750866805439E+02
   0.188990672393827E-01
   0.198026752799982E+02
   0.192614958758233E-01
   0.202550875671607E+02
   0.203785242985287E-01
   0.208315679146927E+02
   0.197409436018187E-01
   0.217810524235810E+02
   0.170691022039810E-01
   0.222775420255120E+02
   0.175601362828375E-01
   0.224989088947232E+02
   0.190550323009301E-01
   0.223158704979709E+02
   0.221246144217631E-01
   0.223195833715091E+02
   0.213778142229542E-01
   0.224678440905504E+02
   0.202556537355532E-01
   0.229722829333621E+02
   0.197322536935567E-01
   0.230624550577436E+02
   0.227560032400288E-01
   0.232375318692222E+02
   0.232959946513257E-01
   0.234009739456335E+02
   0.234786264119998E-01
   0.235147576271535E+02
   0.234932028453703E-01
   0.235779721726394E+02
   0.232359081861258E-01
   0.235869810058349E+02
   0.230423140190426E-01
   0.234234572236135E+02
   0.235822942384689E-01
   0.232996098643854E+02
   0.236732208244644E-01
   0.231064189099498E+02
   0.232636063342147E-01
   0.228659834724374E+02
   0.228566106284992E-01
   0.226246302086012E+02
   0.225153608344680E-01
   0.223648030179079E+02
   0.220807608814329E-01
   0.220984915890189E+02
   0.216012038861083E-01
   0.215149602013642E+02
   0.229397032422512E-01
   0.212925456465468E+02
   0.226334814660654E-01
   0.210778243755543E+02
   0.222292583814083E-01
   0.208675360151378E+02
   0.217507468380970E-01
   0.206558916737608E+02
   0.212970544386286E-01
   0.204288017064392E+02
   0.208753132712071E-01
   0.201763420346709E+02
   0.204866523004609E-01
   0.199040326621293E+02
   0.201146904032960E-01
   0.196351831917437E+02
   0.197800059997486E-01
   0.193993302752630E+02
   0.195160409777640E-01
   0.192214420599677E+02
   0.192737402295914E-01
   0.191282937896153E+02
   0.190367579435371E-01
   0.191441628368197E+02
   0.187989482140704E-01
   0.192814364651388E+02
   0.185689503766945E-01
   0.196425405228454E+02
   0.192218533500321E-01
   0.201766588085142E+02
   0.204540944559837E-01
   0.208055583260679E+02
   0.177411645997817E-01
   0.212476340760390E+02
   0.182310971009958E-01
   0.215118811325074E+02
   0.197083770395639E-01
   0.215668476560913E+02
   0.216320931583342E-01
   0.216588472860837E+02
   0.208493477704004E-01
   0.218847948378848E+02
   0.190176604153345E-01
   0.224225935850501E+02
   0.197659581309877E-01
   0.225346298464024E+02
   0.224567257947876E-01
   0.227152892453502E+02
   0.234049844732472E-01
   0.228471720756141E+02
   0.232425167659552E-01
   0.229238819482127E+02
   0.231593638905151E-01
   0.229294328780647E+02
   0.228126874757412E-01
   0.228939814632961E+02
   0.227088809803556E-01
   0.227896647223686E+02
   0.232746861086757E-01
   0.226993077010905E+02
   0.237000152759962E-01
   0.225535225884822E+02
   0.237244978365035E-01
   0.223741320518307E+02
   0.237397898480516E-01
   0.221887200234795E+02
   0.237323789183495E-01
   0.219745283777222E+02
   0.235136471773623E-01
   0.217460858632134E+02
   0.232418426544387E-01
   0.209879747168891E+02
   0.229652605418847E-01
   0.207976369796272E+02
   0.229103048447306E-01
   0.206163316332466E+02
   0.227883482063501E-01
   0.204377585556987E+02
   0.225075291076408E-01
   0.202520244651296E+02
   0.221259244509176E-01
   0.200411914472823E+02
   0.216310781019772E-01
   0.197924847979354E+02
   0.210188133252690E-01
   0.195147239028709E+02
   0.204121322590435E-01
   0.192332799185402E+02
   0.199002118532493E-01
   0.189778089015348E+02
   0.195068927336124E-01
   0.187738849557946E+02
   0.191917301356137E-01
   0.186452739516781E+02
   0.189320131348215E-01
   0.186095305730281E+02
   0.186426901717578E-01
   0.186810658254606E+02
   0.182110626955461E-01
   0.189358523479287E+02
   0.178542778967650E-01
   0.193857382535807E+02
   0.186168888225935E-01
   0.198976575884169E+02
   0.185434758865143E-01
   0.202650410465109E+02
   0.186898924297539E-01
   0.204943517616226E+02
   0.188628837189974E-01
   0.206616359190678E+02
   0.203512655188870E-01
   0.208579092784294E+02
   0.203555873320787E-01
   0.212218622221673E+02
   0.172564550536422E-01
   0.216366141877363E+02
   0.204838930539754E-01
   0.218649175787490E+02
   0.223033226719653E-01
   0.220434936438673E+02
   0.227065581678489E-01
   0.221551832840459E+02
   0.225716719665556E-01
   0.222027833608379E+02
   0.224528111681474E-01
   0.221717055844105E+02
   0.220696583828226E-01
   0.220993911574547E+02
   0.217974376982598E-01
   0.220085161372140E+02
   0.220610722989068E-01
   0.219353447142759E+02
   0.224941413450782E-01
   0.218266302792874E+02
   0.227231115830988E-01
   0.216956301533321E+02
   0.229785110194681E-01
   0.215538391936770E+02
   0.232067682400206E-01
   0.213790464847463E+02
   0.231667349889614E-01
   0.211868393324642E+02
   0.230725144894816E-01
   0.202402370852183E+02
   0.215656946911975E-01
   0.200731878293799E+02
   0.215749679433125E-01
   0.199190665231344E+02
   0.216485067955753E-01
   0.197733982783153E+02
   0.217019036351682E-01
   0.196219794688610E+02
   0.216389817761139E-01
   0.194423073878076E+02
   0.213776877641618E-01
   0.192166587726339E+02
   0.208558546702580E-01
   0.189504270347435E+02
   0.202087149906138E-01
   0.186680295380672E+02
   0.195937023634811E-01
   0.183999469210135E+02
   0.190883624905106E-01
   0.181750776607742E+02
   0.187060605984125E-01
   0.180172826220527E+02
   0.184253282773752E-01
   0.179446321782507E+02
   0.181814631953924E-01
   0.179774164424942E+02
   0.179136303337510E-01
   0.181756710037462E+02
   0.177746297919786E-01
   0.185565500277667E+02
   0.183559069191486E-01
   0.189598732341613E+02
   0.183477732142835E-01
   0.192354899898367E+02
   0.182325911494079E-01
   0.194091476991715E+02
   0.182233466593681E-01
   0.196130513668989E+02
   0.189893927040738E-01
   0.198962090599657E+02
   0.194132952475760E-01
   0.203402837670979E+02
   0.166253092549338E-01
   0.207648190868196E+02
   0.199599532585829E-01
   0.210494175897263E+02
   0.210888728126596E-01
   0.212238282821798E+02
   0.213984110307722E-01
   0.213231302197592E+02
   0.215272170211774E-01
   0.213500260283207E+02
   0.214728923379001E-01
   0.212968716795618E+02
   0.211209302322865E-01
   0.212021730443407E+02
   0.207671073673392E-01
   0.211105643906496E+02
   0.208173772761576E-01
   0.210385727446392E+02
   0.210827412835189E-01
   0.209460245740947E+02
   0.212564702362106E-01
   0.208419624353995E+02
   0.214802579922516E-01
   0.207268265115782E+02
   0.216920564118422E-01
   0.205796414652309E+02
   0.217017300608926E-01
   0.204146305290496E+02
   0.216440210202929E-01
   0.192986997830509E+02
   0.199354784535829E-01
   0.191462853939948E+02
   0.198836815729192E-01
   0.190076745432666E+02
   0.199384801062738E-01
   0.188830911820712E+02
   0.201023662931606E-01
   0.187583742044354E+02
   0.202616645488661E-01
   0.186100704762486E+02
   0.203041851741167E-01
   0.184177264634406E+02
   0.201086207227850E-01
   0.181795225122171E+02
   0.196709576088645E-01
   0.179126786243346E+02
   0.190991115773109E-01
   0.176443691041083E+02
   0.185046718411122E-01
   0.174071431656542E+02
   0.180160478575753E-01
   0.172274343812509E+02
   0.176490957088549E-01
   0.171275845413422E+02
   0.173506245226320E-01
   0.171348046425174E+02
   0.170793143769970E-01
   0.172969466088395E+02
   0.170140784191388E-01
   0.176129854442103E+02
   0.174657314222068E-01
   0.179235854212047E+02
   0.175144924476038E-01
   0.181125951921938E+02
   0.172780935094070E-01
   0.182168945979400E+02
   0.170084242115496E-01
   0.184233648347001E+02
   0.174814681095485E-01
   0.187767003018954E+02
   0.180281966963048E-01
   0.192491039423228E+02
   0.172707455705923E-01
   0.197929484966251E+02
   0.190331068786843E-01
   0.201011256437337E+02
   0.196626424007373E-01
   0.202655925330481E+02
   0.199436491040985E-01
   0.203480402464591E+02
   0.201758928094715E-01
   0.203589561627799E+02
   0.202213043876043E-01
   0.202951273194633E+02
   0.199973730681636E-01
   0.201909142266686E+02
   0.196866468524895E-01
   0.200930712975550E+02
   0.196194979690235E-01
   0.200138387908284E+02
   0.197463099281800E-01
   0.199246941286161E+02
   0.198398354496625E-01
   0.198308712837862E+02
   0.199743417525451E-01
   0.197270244305641E+02
   0.200726487894352E-01
   0.195989904776677E+02
   0.200762829146796E-01
   0.194545709363210E+02
   0.200276398902565E-01
   0.181738604143792E+02
   0.183219404132080E-01
   0.180314047403520E+02
   0.182201345258448E-01
   0.179005953685046E+02
   0.181922505032801E-01
   0.177860079525559E+02
   0.182865394173361E-01
   0.176757754544405E+02
   0.184344160575500E-01
   0.175486936412158E+02
   0.185605399780005E-01
   0.173861511370790E+02
   0.186026095047560E-01
   0.171815524475005E+02
   0.184662931465221E-01
   0.169429224611942E+02
   0.181292020008644E-01
   0.166900316519005E+02
   0.176365983341305E-01
   0.164536881834568E+02
   0.171240287560724E-01
   0.162621295920438E+02
   0.166807010373802E-01
   0.161442614089106E+02
   0.163311402011550E-01
   0.161350316292240E+02
   0.160922242898417E-01
   0.162709158446402E+02
   0.160437859637328E-01
   0.165308157897787E+02
   0.162637968474423E-01
   0.167675875312480E+02
   0.162722437279523E-01
   0.168785590841869E+02
   0.160742805285069E-01
   0.168951167313816E+02
   0.155209436592966E-01
   0.170781153818994E+02
   0.157793657272790E-01
   0.175009737070851E+02
   0.162981048697852E-01
   0.181056018591873E+02
   0.169809413857749E-01
   0.187125105233344E+02
   0.179945956179847E-01
   0.190286306728989E+02
   0.182061018787389E-01
   0.191731566421497E+02
   0.184111168662638E-01
   0.192314766428610E+02
   0.186031939338340E-01
   0.192259346346479E+02
   0.187067863385256E-01
   0.191557324535559E+02
   0.186298371109609E-01
   0.190471816268525E+02
   0.184264894396505E-01
   0.189411108270584E+02
   0.183199585527811E-01
   0.188490990392748E+02
   0.183352148603308E-01
   0.187538345039413E+02
   0.183462710926944E-01
   0.186591957662701E+02
   0.184040331985074E-01
   0.185586372121322E+02
   0.184360799640632E-01
   0.184434114984574E+02
   0.184386235816612E-01
   0.183149229259639E+02
   0.184066120482676E-01
   0.168683970905173E+02
   0.167192639256467E-01
   0.167340585767002E+02
   0.166134709490977E-01
   0.166069798370209E+02
   0.165312993726832E-01
   0.164944413903601E+02
   0.165252099570179E-01
   0.163884836935473E+02
   0.165776196432272E-01
   0.162718925659919E+02
   0.166434054796027E-01
   0.161294925678056E+02
   0.167041434577292E-01
   0.159538445889632E+02
   0.166976379513840E-01
   0.157461124013915E+02
   0.165587179532918E-01
   0.155188115299701E+02
   0.162666713985109E-01
   0.152969900480028E+02
   0.158846090001147E-01
   0.151056146573272E+02
   0.154456761350076E-01
   0.149788357228475E+02
   0.150577393060105E-01
   0.149612237223612E+02
   0.148470803559985E-01
   0.150831135849162E+02
   0.148627173289122E-01
   0.153045238534149E+02
   0.149998279980594E-01
   0.154866245088958E+02
   0.149936534341676E-01
   0.155205575887469E+02
   0.147657533174341E-01
   0.154252280830028E+02
   0.139246424545176E-01
   0.155621471728020E+02
   0.139129431496471E-01
   0.160561208455800E+02
   0.146180333876487E-01
   0.168270469856184E+02
   0.158141036253250E-01
   0.175196536070878E+02
   0.170726793596743E-01
   0.178409310022995E+02
   0.170350601224592E-01
   0.179547824215628E+02
   0.170195025087974E-01
   0.179803492875420E+02
   0.170567405270700E-01
   0.179524422329816E+02
   0.171124104014714E-01
   0.178725920323084E+02
   0.170909719514401E-01
   0.177593278458829E+02
   0.169934199988710E-01
   0.176441896615434E+02
   0.169183893172795E-01
   0.175365489064200E+02
   0.168637336788049E-01
   0.174288515794016E+02
   0.168065698323375E-01
   0.173256739657469E+02
   0.167944392997178E-01
   0.172225455688938E+02
   0.167828161163536E-01
   0.171140937294426E+02
   0.167853435441555E-01
   0.169973507672338E+02
   0.167819548665801E-01
   0.153780569436754E+02
   0.150425449552275E-01
   0.152509049986332E+02
   0.149517207062391E-01
   0.151265187184288E+02
   0.148509152871869E-01
   0.150131782860717E+02
   0.147842428053888E-01
   0.149063086421035E+02
   0.147692980637878E-01
   0.147932344729393E+02
   0.147729798025389E-01
   0.146618812185688E+02
   0.147688705430272E-01
   0.145068475060803E+02
   0.147708232817534E-01
   0.143256919022357E+02
   0.147036895207728E-01
   0.141257635736124E+02
   0.145425632212158E-01
   0.139256988614415E+02
   0.143019431774258E-01
   0.137445390171940E+02
   0.139420168236994E-01
   0.136166291898352E+02
   0.135494825576599E-01
   0.135969429852698E+02
   0.133939037638309E-01
   0.137172678128134E+02
   0.135636886199591E-01
   0.139234333236665E+02
   0.138257235519150E-01
   0.140736463858171E+02
   0.139175845866135E-01
   0.140313760044226E+02
   0.136049553503474E-01
   0.137857203699344E+02
   0.122104563440811E-01
   0.138539744576213E+02
   0.117150560300271E-01
   0.144148809887404E+02
   0.127985646929913E-01
   0.154139027125171E+02
   0.154403874662955E-01
   0.162087460735796E+02
   0.169950956267459E-01
   0.165320282332555E+02
   0.165782129522963E-01
   0.166059689358392E+02
   0.160874059160426E-01
   0.165933624078663E+02
   0.158204473615878E-01
   0.165371716784523E+02
   0.156967714796665E-01
   0.164409717607738E+02
   0.155887362118763E-01
   0.163174711729290E+02
   0.154718841516117E-01
   0.161904226446410E+02
   0.154062226486711E-01
   0.160658544168391E+02
   0.153162505075893E-01
   0.159422562958781E+02
   0.152107679863759E-01
   0.158255308572725E+02
   0.151421550865043E-01
   0.157151415170202E+02
   0.151010568571756E-01
   0.156076119163530E+02
   0.150886172271584E-01
   0.154977065542827E+02
   0.150871284735604E-01
   0.136920746252754E+02
   0.136587184205020E-01
   0.135708464810858E+02
   0.135560306332142E-01
   0.134496075488203E+02
   0.134376230040530E-01
   0.133369247156060E+02
   0.133462796880026E-01
   0.132282501778409E+02
   0.132823309683938E-01
   0.131157981044060E+02
   0.132357708281461E-01
   0.129907822693800E+02
   0.131761329138016E-01
   0.128493936604890E+02
   0.131288242656348E-01
   0.126889662197686E+02
   0.130660452506874E-01
   0.125134841220142E+02
   0.129798487577260E-01
   0.123370465762300E+02
   0.129177259550099E-01
   0.121733910955510E+02
   0.128124946742837E-01
   0.120516315207003E+02
   0.126213611138669E-01
   0.120288375005928E+02
   0.125338530221170E-01
   0.121492776474176E+02
   0.127378875461631E-01
   0.123614577941990E+02
   0.131352149541267E-01
   0.125073943314459E+02
   0.133421225203719E-01
   0.124041013571824E+02
   0.129636509216899E-01
   0.119521377558490E+02
   0.960076168803559E-02
   0.119411753470020E+02
   0.898366026327986E-02
   0.125371478596205E+02
   0.103034166104530E-01
   0.137387193898194E+02
   0.146727202070287E-01
   0.146638191647630E+02
   0.169728195339448E-01
   0.150307732452641E+02
   0.168452898232968E-01
   0.150884229145487E+02
   0.161237905393534E-01
   0.150441843762180E+02
   0.156051044399623E-01
   0.149595030525254E+02
   0.152510091931725E-01
   0.148410769736923E+02
   0.149538759494264E-01
   0.147012395766552E+02
   0.146737148473030E-01
   0.145587302720453E+02
   0.144508588786521E-01
   0.144173350329569E+02
   0.142452978910547E-01
   0.142778963642575E+02
   0.140539284199492E-01
   0.141456610457632E+02
   0.139072721641066E-01
   0.140247573089589E+02
   0.138114203499176E-01
   0.139134229117158E+02
   0.137589889222702E-01
   0.138056545268885E+02
   0.137231080938868E-01
   0.117822445779133E+02
   0.126766161215076E-01
   0.116651016433155E+02
   0.125937249171754E-01
   0.115469407336433E+02
   0.124974174669075E-01
   0.114362049724191E+02
   0.123975632562584E-01
   0.113273500920479E+02
   0.123078975180198E-01
   0.112166963575672E+02
   0.122360555564710E-01
   0.110987877574952E+02
   0.121703986328543E-01
   0.109702804598845E+02
   0.121132929020638E-01
   0.108289834114452E+02
   0.120781696362663E-01
   0.106743259937363E+02
   0.120247876954884E-01
   0.105161436765109E+02
   0.119648359591989E-01
   0.103674327903574E+02
   0.118808752672876E-01
   0.102541577858393E+02
   0.117282401903973E-01
   0.102297263292610E+02
   0.116278131884643E-01
   0.103473805399093E+02
   0.117748627154252E-01
   0.105745367312319E+02
   0.122508593856464E-01
   0.107468468549393E+02
   0.127144253955058E-01
   0.106324054966400E+02
   0.124469780269606E-01
   0.100193882800819E+02
   0.865803733782203E-02
   0.992284900069339E+01
   0.776610594157218E-02
   0.104801782973546E+02
   0.864209827157225E-02
   0.117606498023911E+02
   0.136207167345077E-01
   0.127250828379634E+02
   0.158651290254464E-01
   0.131595576653253E+02
   0.162498324314250E-01
   0.132665103420174E+02
   0.158308237145823E-01
   0.132418065251886E+02
   0.154205334639919E-01
   0.131563047415904E+02
   0.149941789962993E-01
   0.130285856374988E+02
   0.145407601440643E-01
   0.128756954052587E+02
   0.141114559107329E-01
   0.127194034013960E+02
   0.137651016354317E-01
   0.125624982228673E+02
   0.134714262951361E-01
   0.124092702915498E+02
   0.132407659805264E-01
   0.122596382753952E+02
   0.130290011381587E-01
   0.121241233264870E+02
   0.128739246903221E-01
   0.120032953268578E+02
   0.127764913249060E-01
   0.118928781368775E+02
   0.127255550795623E-01
   0.962053266855657E+01
   0.116965584404045E-01
   0.950046479898712E+01
   0.115828940778901E-01
   0.938131861690592E+01
   0.114660533165676E-01
   0.927652667729511E+01
   0.113983649301351E-01
   0.916972104180442E+01
   0.113154564914181E-01
   0.906167973894670E+01
   0.112426056781318E-01
   0.895145368648539E+01
   0.111839801078416E-01
   0.883698603997210E+01
   0.111383480590564E-01
   0.871519060441503E+01
   0.111031215409591E-01
   0.858454279755103E+01
   0.110657886655751E-01
   0.845283915285627E+01
   0.110272141917293E-01
   0.833069790786492E+01
   0.109707816122212E-01
   0.823971656055203E+01
   0.108800158885959E-01
   0.822278099626464E+01
   0.108250142769178E-01
   0.833020971260657E+01
   0.109244616471321E-01
   0.855833337256811E+01
   0.113372903719652E-01
   0.875944527787671E+01
   0.119643708561737E-01
   0.870752383157879E+01
   0.122332120075610E-01
   0.804040047437806E+01
   0.840443878897724E-02
   0.787867363542895E+01
   0.758338211323414E-02
   0.831229122608675E+01
   0.815907952463019E-02
   0.942003536490571E+01
   0.115587476240585E-01
   0.102785031642323E+02
   0.132151906815023E-01
   0.107479156768065E+02
   0.139652827919803E-01
   0.109432970746863E+02
   0.140762926834608E-01
   0.109991706566561E+02
   0.140981973979709E-01
   0.109773683466100E+02
   0.140084827976482E-01
   0.108976892792166E+02
   0.137622058612218E-01
   0.107747391717764E+02
   0.134548242097963E-01
   0.106278370469085E+02
   0.131211375308367E-01
   0.104667795707491E+02
   0.127902789689146E-01
   0.103015844257663E+02
   0.125082010405141E-01
   0.101398435042705E+02
   0.122585182841305E-01
   0.999129199345115E+01
   0.120562687053031E-01
   0.985685345193551E+01
   0.119009132679240E-01
   0.973661040276452E+01
   0.117913425597185E-01
   0.719204269912795E+01
   0.106992716956271E-01
   0.707301881924289E+01
   0.105810762185312E-01
   0.695605658504228E+01
   0.104657417763994E-01
   0.684570433831766E+01
   0.103589599782237E-01
   0.673644646977835E+01
   0.102511481676687E-01
   0.663047340660603E+01
   0.101715957940161E-01
   0.652880181752521E+01
   0.101198856487626E-01
   0.643006838003799E+01
   0.100967361128717E-01
   0.633025799686889E+01
   0.100798467721395E-01
   0.622655685822372E+01
   0.100667210570999E-01
   0.612856267821331E+01
   0.100606029605403E-01
   0.604331876463114E+01
   0.100483106341273E-01
   0.598711762744099E+01
   0.100270396567687E-01
   0.598795360805843E+01
   0.100236249698133E-01
   0.608004170130457E+01
   0.100991242325875E-01
   0.627502911024726E+01
   0.103760883059997E-01
   0.647608905069612E+01
   0.109105578234260E-01
   0.651863051776145E+01
   0.116207540556475E-01
   0.607081815330152E+01
   0.958604982409301E-02
   0.587734418044835E+01
   0.905164145189663E-02
   0.607824180008835E+01
   0.870285655974551E-02
   0.672032217409058E+01
   0.946561955521198E-02
   0.732228077735471E+01
   0.100193135732551E-01
   0.775415087888933E+01
   0.106300765578431E-01
   0.801522330855610E+01
   0.110669676461961E-01
   0.815935811663972E+01
   0.114175052621853E-01
   0.823888711766511E+01
   0.117405053302590E-01
   0.825394439855851E+01
   0.119154502626016E-01
   0.820639854652077E+01
   0.119293265486499E-01
   0.811580640380546E+01
   0.118381950158249E-01
   0.799080469238531E+01
   0.116517131585033E-01
   0.784638848659383E+01
   0.114434594165294E-01
   0.769764735566144E+01
   0.112346069139098E-01
   0.755776910780153E+01
   0.110616594356688E-01
   0.742463382997893E+01
   0.109053728845621E-01
   0.730607054739826E+01
   0.107956165048049E-01
   0.433314955678366E+01
   0.930122352767059E-02
   0.422658149412776E+01
   0.921727247111562E-02
   0.412580210006912E+01
   0.914640039021883E-02
   0.402788985028731E+01
   0.907555086222546E-02
   0.393039252282031E+01
   0.899818346386806E-02
   0.383697629988394E+01
   0.893510196020747E-02
   0.375097183879023E+01
   0.889716347226089E-02
   0.367126114178683E+01
   0.888400011252220E-02
   0.359428710641678E+01
   0.887866528347538E-02
   0.351456380604958E+01
   0.885141049434062E-02
   0.345330807091475E+01
   0.885888621321827E-02
   0.341045821212366E+01
   0.887425410230625E-02
   0.339381446219609E+01
   0.889530049597373E-02
   0.341774383761305E+01
   0.893031711272987E-02
   0.349566768895273E+01
   0.899168880783049E-02
   0.363081741354774E+01
   0.915152409716407E-02
   0.377736407716846E+01
   0.946519818767659E-02
   0.381225406940957E+01
   0.984149038431779E-02
   0.357194449326502E+01
   0.911341074061787E-02
   0.339066638908867E+01
   0.853058800944385E-02
   0.341633376151178E+01
   0.801547173703771E-02
   0.369060222976021E+01
   0.791145890027448E-02
   0.403190825750802E+01
   0.796744783003014E-02
   0.434259436826415E+01
   0.821848479548874E-02
   0.457648940794509E+01
   0.847968628653066E-02
   0.474876079888361E+01
   0.875023059809775E-02
   0.488531913387164E+01
   0.908404246862765E-02
   0.497676344774313E+01
   0.938687796303253E-02
   0.501352069505142E+01
   0.959645626141165E-02
   0.499614180591627E+01
   0.968493974814439E-02
   0.493234200179475E+01
   0.966548249350181E-02
   0.483660681832627E+01
   0.958299433085980E-02
   0.472821226637823E+01
   0.948607605690304E-02
   0.462686819179252E+01
   0.943184605829976E-02
   0.452743072344641E+01
   0.938797694163562E-02
   0.442999890648833E+01
   0.934399205201009E-02
   0.784273312880793E+00
   0.728310387092883E-02
   0.717783056399938E+00
   0.727924876830466E-02
   0.648207871822419E+00
   0.726062058317660E-02
   0.575896372974925E+00
   0.723070243826395E-02
   0.501551365288542E+00
   0.718600953375248E-02
   0.431024540736024E+00
   0.713946094832126E-02
   0.368782466138935E+00
   0.710499972610176E-02
   0.313035556820537E+00
   0.708114723619058E-02
   0.262024754048568E+00
   0.705995815417474E-02
   0.222298652251670E+00
   0.704741959014433E-02
   0.203578016909723E+00
   0.706092650400163E-02
   0.202341180786682E+00
   0.708034273876697E-02
   0.219932817334464E+00
   0.710476958119115E-02
   0.260129173757372E+00
   0.713554569702262E-02
   0.323765533567544E+00
   0.717988038576653E-02
   0.403794235720203E+00
   0.726813215481693E-02
   0.484717939198615E+00
   0.747015965625085E-02
   0.501989111410999E+00
   0.768295297142949E-02
   0.377049249526543E+00
   0.741645424729953E-02
   0.230553776346476E+00
   0.703942063006330E-02
   0.158994389857608E+00
   0.667353941537942E-02
   0.220961606888695E+00
   0.646639196463851E-02
   0.353877098829527E+00
   0.635863059300426E-02
   0.510263267817075E+00
   0.634367529862240E-02
   0.657445621612192E+00
   0.637455539113960E-02
   0.791026894102096E+00
   0.644782003162512E-02
   0.915730544377988E+00
   0.659711785471691E-02
   0.102411092104083E+01
   0.680432589622830E-02
   0.110144874904659E+01
   0.701287567109504E-02
   0.113692722268634E+01
   0.716029783384261E-02
   0.113183483502346E+01
   0.723758996508216E-02
   0.109526983745243E+01
   0.726495838796580E-02
   0.103933919151920E+01
   0.726088840020201E-02
   0.979941732240297E+00
   0.726791597876023E-02
   0.918363821983951E+00
   0.727952361852657E-02
   0.849857680879364E+00
   0.727682005913658E-02
  -0.376678395074973E+01
   0.489521997966814E-02
  -0.379493868007946E+01
   0.490936047836120E-02
  -0.382810619432675E+01
   0.490279565035028E-02
  -0.386511397780398E+01
   0.487780802935530E-02
  -0.390360162826676E+01
   0.483822897082884E-02
  -0.393463973583831E+01
   0.479648137184043E-02
  -0.395458598148546E+01
   0.476282711475462E-02
  -0.396202778975237E+01
   0.474438183888117E-02
  -0.395793644414243E+01
   0.473809034071874E-02
  -0.394209374238717E+01
   0.474175478395244E-02
  -0.391533853595943E+01
   0.474741882097805E-02
  -0.388143772481453E+01
   0.475435028778242E-02
  -0.384188187731924E+01
   0.476879318904586E-02
  -0.379687671851636E+01
   0.479825315777494E-02
  -0.375179429868516E+01
   0.484470456918387E-02
  -0.371482680846877E+01
   0.491981582222201E-02
  -0.369893880892351E+01
   0.503079936817435E-02
  -0.372587943447197E+01
   0.513736591711522E-02
  -0.380637115701917E+01
   0.514181862226325E-02
  -0.391239261977720E+01
   0.504036874645088E-02
  -0.400562195911989E+01
   0.487424653363199E-02
  -0.405998273886316E+01
   0.469414972020730E-02
  -0.407346624584351E+01
   0.453528115351769E-02
  -0.405037687534675E+01
   0.442360041760623E-02
  -0.399968769263681E+01
   0.437223748622041E-02
  -0.392861363658304E+01
   0.438781407938191E-02
  -0.384543841999795E+01
   0.446140978307550E-02
  -0.376458154990131E+01
   0.456822702882811E-02
  -0.369933318177548E+01
   0.468109666654608E-02
  -0.365880967366122E+01
   0.477048737641670E-02
  -0.364518977579866E+01
   0.481897080147208E-02
  -0.365321888468342E+01
   0.483381737657987E-02
  -0.367360412969205E+01
   0.483397941104842E-02
  -0.369737879208045E+01
   0.483902854841400E-02
  -0.372036358659796E+01
   0.485195808809194E-02
  -0.374264619406119E+01
   0.487127230298413E-02
  -0.100010903837925E+02
   0.273961556478195E-02
  -0.994195851621340E+01
   0.276575227144714E-02
  -0.989064515277090E+01
   0.277805141660249E-02
  -0.984211051259710E+01
   0.278101217417541E-02
  -0.978019121799449E+01
   0.279377863941415E-02
  -0.969855565485028E+01
   0.282244479833962E-02
  -0.959156673072931E+01
   0.287263234586302E-02
  -0.945438457851710E+01
   0.294960410777952E-02
  -0.930947124631530E+01
   0.303255266867564E-02
  -0.916206928263196E+01
   0.311838400402679E-02
  -0.902144730318068E+01
   0.320097869841827E-02
  -0.889907124750224E+01
   0.327581936515430E-02
  -0.878530809398022E+01
   0.336105923371797E-02
  -0.872446771366928E+01
   0.340457698472929E-02
  -0.871655259812436E+01
   0.341215725586120E-02
  -0.876582503920910E+01
   0.338319747378024E-02
  -0.888085657610029E+01
   0.331002845642906E-02
  -0.907409635045607E+01
   0.317665219910981E-02
  -0.928465022917220E+01
   0.305212302904387E-02
  -0.950687314053788E+01
   0.293150900798351E-02
  -0.972869625079174E+01
   0.281528627775108E-02
  -0.994607536871367E+01
   0.269524703869354E-02
  -0.101490788024872E+02
   0.257603248925336E-02
  -0.102878011963927E+02
   0.249952408664008E-02
  -0.103696127719205E+02
   0.245906334039308E-02
  -0.104053531661944E+02
   0.244685521129470E-02
  -0.104086524407311E+02
   0.245371604184213E-02
  -0.103942918866735E+02
   0.246977541489098E-02
  -0.103742135248753E+02
   0.248700734427921E-02
  -0.103541488692873E+02
   0.250168810666661E-02
  -0.103353260557643E+02
   0.251342886084142E-02
  -0.103136861154500E+02
   0.252609605262437E-02
  -0.102845036083924E+02
   0.254411048838106E-02
  -0.102403657128859E+02
   0.257391853455525E-02
  -0.101734359558224E+02
   0.262171642325599E-02
  -0.100755962855457E+02
   0.269361802637959E-02
