   0.197458615317242E+01
   0.416162913890808E-02
   0.876559776957981E+00
   0.397443610387910E-02
   0.159990387060054E+00
   0.383230779199886E-02
  -0.251658798809714E+00
   0.372933131407775E-02
  -0.337623921681455E+00
   0.366552350283911E-02
   0.328821190725284E-01
   0.364556085111612E-02
  -0.453258304334282E+00
   0.368908692201259E-02
  -0.420175678191603E+00
   0.378306699210534E-02
   0.107715179102719E+00
   0.392849074278967E-02
   0.113078600245158E+01
   0.412684114497099E-02
   0.265740628137249E+01
   0.437827474365295E-02
   0.491440438490677E+01
   0.467510825269654E-02
   0.816181523378284E+01
   0.500603171717235E-02
   0.110127143829563E+02
   0.535238739644368E-02
   0.135820300946892E+02
   0.569520111348307E-02
   0.158941325560931E+02
   0.601912862651150E-02
   0.178571125365729E+02
   0.631331148942916E-02
   0.194492004005160E+02
   0.657084127823162E-02
   0.206869588854567E+02
   0.678782427501608E-02
   0.216054208337472E+02
   0.696437298214876E-02
   0.222447866649292E+02
   0.710437930942416E-02
   0.226400056355597E+02
   0.721039055043842E-02
   0.228121038016398E+02
   0.728205148132416E-02
   0.227620764918645E+02
   0.731590643548563E-02
   0.224710393330481E+02
   0.730562255550738E-02
   0.219056075692616E+02
   0.724518917587246E-02
   0.210209939229353E+02
   0.713172648596306E-02
   0.197603569378319E+02
   0.696337985181295E-02
   0.180520021733795E+02
   0.673896321154605E-02
   0.158069505470255E+02
   0.646004021949404E-02
   0.129195990799736E+02
   0.613336494551537E-02
   0.927126394122196E+01
   0.577203061141193E-02
   0.644118912945429E+01
   0.539552899658326E-02
   0.436745936967951E+01
   0.502766817977919E-02
   0.296421769289178E+01
   0.469097498617955E-02
   0.217398491919839E+01
   0.440061223304094E-02
   0.493872180626366E+01
   0.523389583712205E-02
   0.552645872938849E+01
   0.504313994965978E-02
   0.531629959918776E+01
   0.487258266664714E-02
   0.449786265101710E+01
   0.469708250249683E-02
   0.291973631015681E+01
   0.456326597705495E-02
   0.219424566643589E+01
   0.450034587074510E-02
   0.195857810158071E+01
   0.450315182808863E-02
   0.218401633706031E+01
   0.457805415891798E-02
   0.292275843576852E+01
   0.471324739344746E-02
   0.435161866799676E+01
   0.489183466697764E-02
   0.461074785184004E+01
   0.514223900274732E-02
   0.548304552980238E+01
   0.544044693569084E-02
   0.705074797504381E+01
   0.589035737994484E-02
   0.921973756745219E+01
   0.641043825019991E-02
   0.121158846093854E+02
   0.691322003227747E-02
   0.160686116978320E+02
   0.737773340303925E-02
   0.187745955929269E+02
   0.779492326144733E-02
   0.205742564274635E+02
   0.814923074595418E-02
   0.217169347455391E+02
   0.840239822748699E-02
   0.223986416598110E+02
   0.854726408185790E-02
   0.227883401355218E+02
   0.867118295909034E-02
   0.230294496212967E+02
   0.880287584184644E-02
   0.232194149693663E+02
   0.894562034302740E-02
   0.233584915048662E+02
   0.909180382036527E-02
   0.233619205282940E+02
   0.917882438438548E-02
   0.231540205419054E+02
   0.915353374948056E-02
   0.226887957412839E+02
   0.905543353218436E-02
   0.219311877490047E+02
   0.889780647222764E-02
   0.208243112841635E+02
   0.866079821718805E-02
   0.192541012095541E+02
   0.832118791703893E-02
   0.170533463779085E+02
   0.787342795565477E-02
   0.140508721313111E+02
   0.734411761490746E-02
   0.101110193889098E+02
   0.675694672226104E-02
   0.756412828529978E+01
   0.620308269268413E-02
   0.599442183816332E+01
   0.576561644954322E-02
   0.514541088887214E+01
   0.546224799224642E-02
   0.742699854391909E+01
   0.690092934097531E-02
   0.705721055892130E+01
   0.671378825939279E-02
   0.657283186299983E+01
   0.651156179602375E-02
   0.591433016144235E+01
   0.615887656426822E-02
   0.519380314500007E+01
   0.582716208283611E-02
   0.477008843152420E+01
   0.575108707219064E-02
   0.464227355880908E+01
   0.581166510230582E-02
   0.482380667373960E+01
   0.597321510926839E-02
   0.531794221976429E+01
   0.618590352895264E-02
   0.618912586416081E+01
   0.644418032807866E-02
   0.757304167078885E+01
   0.665351167981277E-02
   0.793231161473247E+01
   0.646115150461013E-02
   0.950324540798209E+01
   0.701941101826058E-02
   0.116465487591844E+02
   0.767669378036261E-02
   0.143698276396967E+02
   0.814657104222440E-02
   0.180814773708338E+02
   0.861657306537103E-02
   0.203975419585155E+02
   0.912156080487504E-02
   0.217777817688525E+02
   0.965042116831396E-02
   0.224796385011884E+02
   0.995476303276328E-02
   0.227052355372182E+02
   0.982481563921740E-02
   0.226716161620403E+02
   0.986156723590631E-02
   0.226233255680243E+02
   0.100052035766686E-01
   0.228252073746302E+02
   0.102155034848312E-01
   0.232466029481600E+02
   0.106145197785208E-01
   0.235350844341362E+02
   0.109098144123906E-01
   0.235446436462985E+02
   0.107708375579156E-01
   0.232693628448175E+02
   0.106248990329425E-01
   0.227622373957894E+02
   0.105130451001222E-01
   0.220602854632756E+02
   0.103150641762857E-01
   0.210238866524878E+02
   0.994067398198625E-02
   0.193257823421140E+02
   0.936639907142659E-02
   0.166610321610310E+02
   0.878967155004567E-02
   0.127274643543586E+02
   0.806080261744303E-02
   0.102926517365320E+02
   0.747789412638142E-02
   0.885547476747045E+01
   0.719189510594147E-02
   0.798565097790951E+01
   0.709278124621496E-02
   0.102164025510545E+02
   0.900628514171061E-02
   0.966320460690137E+01
   0.868186139374184E-02
   0.909703709595578E+01
   0.834345549867873E-02
   0.850585773995391E+01
   0.800410124003566E-02
   0.793385787885264E+01
   0.762222952346289E-02
   0.755703041130195E+01
   0.744643424867007E-02
   0.740927483086712E+01
   0.748399967513775E-02
   0.747260530402154E+01
   0.760160824778247E-02
   0.773437586960666E+01
   0.770984035744962E-02
   0.821353783498630E+01
   0.770732509166907E-02
   0.896456901538141E+01
   0.775257874447753E-02
   0.100845208666082E+02
   0.751371985246058E-02
   0.128826598432664E+02
   0.831290957658385E-02
   0.153282060495885E+02
   0.868890809397190E-02
   0.177261388112349E+02
   0.894726616923053E-02
   0.200892139700577E+02
   0.932523870420527E-02
   0.217587708567353E+02
   0.979648472977723E-02
   0.226600492038470E+02
   0.102538829028222E-01
   0.229143974736680E+02
   0.105133901069657E-01
   0.226647472725546E+02
   0.105649994547852E-01
   0.221160150346264E+02
   0.106868476531472E-01
   0.215934030007658E+02
   0.107648630410810E-01
   0.218403656154429E+02
   0.109510355900775E-01
   0.228292351552582E+02
   0.117762873285034E-01
   0.234417415674307E+02
   0.120327773300582E-01
   0.235818154898166E+02
   0.117707870127890E-01
   0.233349470611286E+02
   0.118925629313682E-01
   0.228930903453147E+02
   0.116144772162311E-01
   0.225405633829432E+02
   0.113741607232317E-01
   0.221314072944136E+02
   0.111024442561689E-01
   0.209964918578376E+02
   0.106704948718862E-01
   0.187516415988589E+02
   0.101564417457571E-01
   0.151026518156444E+02
   0.962183353122811E-02
   0.129168842278826E+02
   0.930707194643511E-02
   0.116528503610004E+02
   0.923156841093007E-02
   0.108366557592774E+02
   0.915481939834288E-02
   0.127366514662561E+02
   0.111773808554697E-01
   0.121409215254892E+02
   0.106842740127268E-01
   0.115604627115539E+02
   0.101620470606671E-01
   0.110172547388370E+02
   0.974949656748779E-02
   0.105291918134998E+02
   0.938400060127964E-02
   0.101694133393477E+02
   0.914446216331865E-02
   0.996667178114554E+01
   0.905709582552834E-02
   0.991406517100464E+01
   0.904361333708840E-02
   0.100045842059313E+02
   0.901300547919264E-02
   0.102664217087740E+02
   0.892182000377197E-02
   0.107743737669613E+02
   0.868934485764129E-02
   0.118294345253988E+02
   0.853220429911800E-02
   0.145180267391517E+02
   0.924628216519887E-02
   0.170934301747988E+02
   0.941374896650660E-02
   0.193433892059430E+02
   0.955114137787322E-02
   0.213358588479500E+02
   0.992477444443635E-02
   0.226759571595218E+02
   0.104762159363513E-01
   0.231997182160704E+02
   0.109845674482791E-01
   0.230677338698154E+02
   0.111673964127790E-01
   0.223572204112292E+02
   0.111157901661622E-01
   0.212270549780993E+02
   0.113652030334440E-01
   0.198695149464298E+02
   0.112120241539009E-01
   0.201727017010320E+02
   0.116361435074726E-01
   0.222997680531451E+02
   0.127323947872016E-01
   0.232034486092974E+02
   0.124903963902593E-01
   0.233818376729762E+02
   0.126142845158379E-01
   0.230080924084297E+02
   0.127937204131608E-01
   0.224084942612640E+02
   0.124538548719004E-01
   0.223753663232610E+02
   0.120199376024584E-01
   0.228230674059936E+02
   0.118824922706761E-01
   0.222896963974472E+02
   0.115169661507897E-01
   0.204561537378618E+02
   0.111906148169644E-01
   0.170899338674197E+02
   0.110589077674230E-01
   0.151680204077632E+02
   0.109788447355155E-01
   0.140828873303588E+02
   0.112905687868162E-01
   0.133547424757792E+02
   0.114311173683464E-01
   0.148783378022217E+02
   0.129863529799313E-01
   0.142820659939640E+02
   0.122891919056358E-01
   0.137254291171291E+02
   0.116502603653467E-01
   0.132353932977870E+02
   0.112055877882657E-01
   0.128129340189722E+02
   0.108830915003075E-01
   0.124783909619052E+02
   0.106334036846649E-01
   0.122448202854681E+02
   0.104508818364020E-01
   0.121136474435446E+02
   0.103150717907707E-01
   0.120906705930511E+02
   0.101805688096475E-01
   0.122134384016712E+02
   0.100798648558917E-01
   0.125492508173586E+02
   0.994805007183724E-02
   0.133089967336547E+02
   0.965168430060125E-02
   0.150727748560419E+02
   0.976809608352756E-02
   0.179573427409889E+02
   0.101227801169573E-01
   0.201220071633782E+02
   0.101807114183137E-01
   0.220680309621195E+02
   0.106364448251336E-01
   0.232665913209184E+02
   0.113199013229037E-01
   0.234456613607526E+02
   0.118662301345409E-01
   0.229908609491351E+02
   0.117884266879239E-01
   0.218560361413501E+02
   0.119056791170054E-01
   0.201802521945923E+02
   0.120375979887088E-01
   0.193414761656014E+02
   0.120380423586014E-01
   0.197321725568857E+02
   0.123060820566747E-01
   0.219690837587140E+02
   0.131120968473391E-01
   0.228861035936981E+02
   0.130379626920094E-01
   0.230158083607855E+02
   0.133834356414465E-01
   0.223858963777863E+02
   0.133877316705348E-01
   0.212993579104859E+02
   0.129335358466906E-01
   0.215439474806127E+02
   0.123779196275895E-01
   0.232963772996070E+02
   0.123283046962325E-01
   0.233395183383136E+02
   0.121509384121718E-01
   0.218711754050185E+02
   0.120427009334783E-01
   0.187558838531227E+02
   0.124735771777892E-01
   0.170830594491645E+02
   0.127932983177616E-01
   0.161558377039389E+02
   0.134274272746207E-01
   0.154886008922023E+02
   0.134526722016194E-01
   0.166477605852686E+02
   0.142362266651484E-01
   0.160795094104918E+02
   0.134327289367441E-01
   0.155730075919984E+02
   0.128056399242481E-01
   0.151440948892699E+02
   0.124136652565414E-01
   0.147799430818553E+02
   0.121507474448095E-01
   0.144767366308870E+02
   0.119227125381860E-01
   0.142353964680124E+02
   0.116964389724830E-01
   0.140603590189375E+02
   0.114855009000443E-01
   0.139670099567904E+02
   0.113184502040875E-01
   0.139954076947015E+02
   0.112679440494997E-01
   0.141944570227881E+02
   0.112396879871816E-01
   0.146941944555891E+02
   0.108957354949049E-01
   0.158752610713342E+02
   0.104004067294371E-01
   0.183352659604102E+02
   0.104945374692203E-01
   0.203083845409805E+02
   0.108092549402740E-01
   0.224269319607057E+02
   0.112113435541931E-01
   0.236216442992747E+02
   0.123300571256644E-01
   0.233978647949315E+02
   0.129694925484765E-01
   0.227005800392813E+02
   0.127255205382401E-01
   0.211647695026024E+02
   0.128205172136826E-01
   0.200708612087226E+02
   0.131503079908540E-01
   0.195587208472036E+02
   0.133072121804496E-01
   0.198692421899235E+02
   0.130866479413949E-01
   0.216556750641037E+02
   0.134493868884654E-01
   0.224251917774712E+02
   0.136228350838364E-01
   0.225053321484396E+02
   0.137501027552019E-01
   0.215598447250250E+02
   0.138036876650313E-01
   0.210345154245498E+02
   0.134159408610907E-01
   0.215414700086674E+02
   0.128948527070734E-01
   0.237725893662123E+02
   0.123671851129263E-01
   0.242017164300790E+02
   0.125087514943382E-01
   0.230371472327974E+02
   0.127768023623140E-01
   0.201552129053754E+02
   0.138582047458431E-01
   0.187061374545092E+02
   0.147846442931339E-01
   0.178770617315262E+02
   0.152854288539318E-01
   0.172434690120406E+02
   0.149476081669713E-01
   0.180974958868975E+02
   0.151344744023311E-01
   0.175831955887262E+02
   0.144743674279290E-01
   0.171400970277153E+02
   0.140245725949936E-01
   0.167710160474616E+02
   0.137688066222356E-01
   0.164560854109614E+02
   0.135418070019362E-01
   0.161846625662994E+02
   0.133090160016328E-01
   0.159500284782757E+02
   0.130397176451533E-01
   0.157552150876711E+02
   0.127678890093971E-01
   0.156175526598652E+02
   0.125517023982585E-01
   0.155738345727183E+02
   0.124992207217806E-01
   0.156600564730168E+02
   0.125070769744947E-01
   0.159511233326201E+02
   0.120867347710532E-01
   0.166935610799980E+02
   0.113580727179275E-01
   0.182569780684706E+02
   0.109402844717108E-01
   0.199361319978138E+02
   0.115865786519605E-01
   0.225075274380724E+02
   0.118974946026978E-01
   0.238349953275774E+02
   0.133929546997245E-01
   0.230237405825945E+02
   0.144173210977166E-01
   0.222165463558344E+02
   0.140241437991566E-01
   0.212225785307836E+02
   0.138795778561443E-01
   0.204728914795435E+02
   0.147337516360623E-01
   0.201091727342394E+02
   0.147720109583553E-01
   0.202712190426297E+02
   0.141286943588667E-01
   0.211757240065531E+02
   0.137612289502047E-01
   0.217488567270287E+02
   0.138998504278613E-01
   0.218763030458599E+02
   0.142812373863693E-01
   0.214834167595232E+02
   0.144829986561891E-01
   0.212944732196357E+02
   0.144620749598903E-01
   0.218798280928232E+02
   0.136736310198207E-01
   0.241850504811864E+02
   0.122979528779272E-01
   0.248801393736334E+02
   0.128455455886104E-01
   0.239748403396375E+02
   0.135097674939267E-01
   0.213391846691616E+02
   0.154645603115281E-01
   0.200434331665259E+02
   0.164249795534061E-01
   0.192543150789907E+02
   0.162563532247247E-01
   0.186546080259604E+02
   0.158167321321401E-01
   0.192863847952729E+02
   0.162652095715660E-01
   0.188366841370906E+02
   0.158911282997933E-01
   0.184516490780659E+02
   0.155994755644919E-01
   0.181320161978005E+02
   0.154243744536015E-01
   0.178603646572186E+02
   0.152530766701062E-01
   0.176226279937668E+02
   0.150787836391709E-01
   0.174059160317356E+02
   0.148712494177359E-01
   0.172072762180877E+02
   0.146506331110277E-01
   0.170393101081763E+02
   0.144431340358657E-01
   0.169284193044528E+02
   0.142297902160175E-01
   0.169104800550756E+02
   0.139420833598249E-01
   0.170501511355013E+02
   0.132782708005649E-01
   0.175192891780330E+02
   0.125206739947070E-01
   0.186360217164825E+02
   0.119474654294213E-01
   0.199617437581506E+02
   0.119406938841118E-01
   0.223929407509202E+02
   0.119957875580929E-01
   0.240302547921470E+02
   0.140315223171851E-01
   0.232145357618411E+02
   0.158664680256700E-01
   0.223811822114677E+02
   0.153292267047364E-01
   0.217154540637669E+02
   0.148576907191630E-01
   0.210566971138747E+02
   0.158838182429218E-01
   0.207449655869857E+02
   0.157939888429064E-01
   0.208172837607060E+02
   0.151432037539968E-01
   0.213193265740250E+02
   0.148858769453679E-01
   0.217978825619144E+02
   0.148270829429142E-01
   0.219663846488426E+02
   0.152841732190880E-01
   0.218259368123831E+02
   0.155014077654037E-01
   0.217788472839938E+02
   0.154892333969448E-01
   0.223033826213870E+02
   0.144006610646723E-01
   0.244507945118416E+02
   0.125023823725972E-01
   0.253720164942514E+02
   0.133886588882238E-01
   0.246954484552125E+02
   0.143457926769785E-01
   0.222960776962741E+02
   0.169944456704057E-01
   0.210933961970863E+02
   0.173436660640973E-01
   0.203356820486721E+02
   0.168311590920816E-01
   0.197846818336936E+02
   0.166404277322096E-01
   0.202589271928730E+02
   0.174897262886460E-01
   0.198675359798022E+02
   0.172486888661249E-01
   0.195307159575692E+02
   0.170322529649049E-01
   0.192516376325713E+02
   0.168898362930417E-01
   0.190177716246931E+02
   0.167863442140455E-01
   0.188117799676706E+02
   0.166939959764728E-01
   0.186146024939321E+02
   0.165696494509711E-01
   0.184141683348362E+02
   0.163888237861123E-01
   0.182182610948030E+02
   0.161789002191146E-01
   0.180494742354794E+02
   0.158783384783093E-01
   0.179471558175796E+02
   0.154559317967870E-01
   0.179772617451137E+02
   0.147636113092100E-01
   0.182836426233830E+02
   0.136243537728307E-01
   0.192271949584844E+02
   0.130683243040332E-01
   0.201750770417772E+02
   0.129601496971787E-01
   0.220041602822555E+02
   0.124358356273471E-01
   0.242166439318814E+02
   0.144596579342981E-01
   0.236920816469485E+02
   0.168336110694399E-01
   0.228099228550368E+02
   0.170472948894236E-01
   0.224518329968032E+02
   0.156518010311261E-01
   0.216437933584306E+02
   0.169966766337358E-01
   0.213496756979266E+02
   0.167886701056711E-01
   0.213615696539285E+02
   0.164143176225863E-01
   0.216813994293798E+02
   0.160862375176921E-01
   0.221647003976813E+02
   0.160585183669040E-01
   0.223588142549650E+02
   0.165834746599931E-01
   0.223397531992809E+02
   0.166840335050418E-01
   0.223191468308820E+02
   0.164868405061942E-01
   0.226941288027628E+02
   0.152823058623480E-01
   0.244937359796614E+02
   0.133706178623454E-01
   0.256816735215545E+02
   0.142325848854035E-01
   0.252113315461239E+02
   0.153161210886704E-01
   0.230496548917915E+02
   0.184031690700505E-01
   0.219233289437879E+02
   0.184730857183811E-01
   0.212011078612683E+02
   0.177904439119177E-01
   0.206965159585997E+02
   0.176957823610849E-01
   0.210543579202717E+02
   0.186966499196126E-01
   0.207067400791877E+02
   0.184862052994661E-01
   0.204070561917499E+02
   0.183071371536713E-01
   0.201601254388163E+02
   0.181967018097785E-01
   0.199576845688049E+02
   0.181791445551781E-01
   0.197787458819069E+02
   0.181749230845425E-01
   0.195988284219165E+02
   0.181347556137762E-01
   0.193962750303869E+02
   0.179779167446205E-01
   0.191740485027719E+02
   0.177152848966317E-01
   0.189558671662429E+02
   0.172883537631131E-01
   0.187875117702440E+02
   0.167122593125248E-01
   0.187397097681212E+02
   0.159235071577799E-01
   0.189586544205047E+02
   0.148343099610936E-01
   0.199488315968192E+02
   0.141755950625894E-01
   0.205059131109926E+02
   0.148152085577526E-01
   0.219686822567164E+02
   0.134097893022283E-01
   0.244194587541236E+02
   0.146876047110917E-01
   0.244401379916658E+02
   0.169558352804626E-01
   0.232827289694440E+02
   0.185537322093971E-01
   0.226946769520230E+02
   0.173515096209851E-01
   0.221454851475277E+02
   0.181583668517033E-01
   0.219101787426238E+02
   0.180057825877147E-01
   0.218963003901258E+02
   0.175856928341381E-01
   0.221400325024873E+02
   0.170201293518021E-01
   0.227342251766904E+02
   0.166927831198698E-01
   0.229149760591700E+02
   0.178069210613184E-01
   0.229543823903214E+02
   0.177441073381322E-01
   0.229045248802871E+02
   0.175635299279639E-01
   0.230909382157514E+02
   0.164934590518075E-01
   0.242437315022930E+02
   0.153618976945182E-01
   0.258400280420134E+02
   0.154237615988961E-01
   0.255469591937420E+02
   0.165095245167657E-01
   0.236236701079862E+02
   0.198082206498345E-01
   0.225794199593141E+02
   0.196234363548153E-01
   0.219045836725017E+02
   0.189188651400914E-01
   0.214438005683877E+02
   0.188571820953686E-01
   0.216834033433966E+02
   0.197523505386742E-01
   0.213668849245309E+02
   0.195388246617762E-01
   0.210946104523783E+02
   0.193854401823182E-01
   0.208715278427397E+02
   0.193238298176899E-01
   0.206912416676843E+02
   0.193816440595411E-01
   0.205310721941415E+02
   0.194549091578166E-01
   0.203624442153865E+02
   0.194831855661469E-01
   0.201555817032878E+02
   0.193311651789922E-01
   0.199100928994009E+02
   0.189805268346051E-01
   0.196558304083054E+02
   0.184154019461617E-01
   0.194457498132018E+02
   0.176880002477512E-01
   0.193558156434196E+02
   0.168816705715888E-01
   0.195120697300296E+02
   0.161976433254910E-01
   0.201772260976295E+02
   0.157912826264988E-01
   0.208273893736841E+02
   0.165297911295816E-01
   0.221120863888681E+02
   0.150020540117618E-01
   0.245824083444776E+02
   0.153835767273049E-01
   0.248733558849439E+02
   0.169310526703987E-01
   0.237157002332553E+02
   0.191459414989318E-01
   0.230240813040695E+02
   0.186964488659811E-01
   0.225840274185562E+02
   0.188676859730636E-01
   0.224125247857909E+02
   0.191033469575037E-01
   0.224019162851525E+02
   0.186941343523289E-01
   0.226221159965286E+02
   0.179604734260673E-01
   0.234895513419860E+02
   0.166711847855055E-01
   0.235530864517726E+02
   0.180995978699575E-01
   0.236486187764605E+02
   0.182394338585484E-01
   0.235309992726220E+02
   0.187385616620600E-01
   0.235276334620712E+02
   0.179789691511251E-01
   0.242691419249156E+02
   0.169649494184952E-01
   0.258937928755112E+02
   0.164118055300865E-01
   0.257164171370927E+02
   0.177334624663434E-01
   0.240267066056401E+02
   0.210761146310163E-01
   0.230784093449008E+02
   0.206492555383322E-01
   0.224596493166220E+02
   0.199789151120172E-01
   0.220371002271985E+02
   0.199085931156624E-01
   0.221543544072914E+02
   0.206981810336183E-01
   0.218594513379192E+02
   0.204815560803663E-01
   0.216054728322394E+02
   0.203381475081329E-01
   0.213960878992885E+02
   0.202948269417059E-01
   0.212256785341505E+02
   0.203487018171971E-01
   0.210732413308689E+02
   0.204345102949946E-01
   0.209085182090155E+02
   0.204780786353989E-01
   0.206962293985858E+02
   0.203013258089600E-01
   0.204344436815004E+02
   0.198713463918924E-01
   0.201620020444730E+02
   0.192392053594660E-01
   0.199381551183384E+02
   0.185111093663852E-01
   0.198384706651474E+02
   0.179271285671738E-01
   0.199565866695211E+02
   0.175814186719573E-01
   0.204365367258909E+02
   0.168636421389334E-01
   0.211042876810498E+02
   0.173953420443908E-01
   0.223173196284963E+02
   0.169440709160472E-01
   0.246851366066166E+02
   0.168723435047583E-01
   0.251118719705633E+02
   0.172764353093001E-01
   0.241247205665898E+02
   0.188815769089710E-01
   0.233511530436930E+02
   0.199490759959901E-01
   0.229667766396728E+02
   0.198813840400170E-01
   0.228448682608272E+02
   0.201659950199735E-01
   0.228513103208792E+02
   0.198228562481200E-01
   0.230546445991492E+02
   0.191262853689589E-01
   0.238877568875986E+02
   0.173893846445938E-01
   0.242543870425807E+02
   0.182871348626805E-01
   0.244496556641572E+02
   0.180937498272281E-01
   0.241846104324768E+02
   0.194797676353565E-01
   0.239742932550701E+02
   0.195834370978615E-01
   0.244181337984582E+02
   0.184506771514226E-01
   0.258518104381163E+02
   0.171171826882435E-01
   0.257242095396855E+02
   0.187174056794726E-01
   0.242636341192321E+02
   0.216408349547912E-01
   0.234308350234392E+02
   0.213893304257454E-01
   0.228745609490747E+02
   0.209661944279239E-01
   0.224827577891034E+02
   0.208645896596961E-01
   0.224730065414604E+02
   0.215220720740059E-01
   0.221922283887263E+02
   0.213133475286349E-01
   0.219482644950733E+02
   0.211650720439801E-01
   0.217426706915268E+02
   0.210677313848344E-01
   0.215712210252483E+02
   0.210185389970738E-01
   0.214168464494662E+02
   0.210380544727507E-01
   0.212504577320607E+02
   0.210716376632766E-01
   0.210337281247080E+02
   0.209037499754290E-01
   0.207649562980587E+02
   0.204659810320466E-01
   0.204924423157539E+02
   0.199147892892181E-01
   0.202779054512678E+02
   0.193823638035967E-01
   0.201879754482464E+02
   0.190194655357672E-01
   0.202825139961489E+02
   0.186179862187535E-01
   0.206620419019631E+02
   0.179026927218558E-01
   0.213259787199211E+02
   0.183204650422701E-01
   0.224994449204374E+02
   0.188758066080265E-01
   0.247059824086069E+02
   0.178894321195179E-01
   0.251985872071920E+02
   0.173672296887984E-01
   0.245921926128295E+02
   0.180686473725410E-01
   0.236133939304849E+02
   0.205156283128091E-01
   0.232763762844052E+02
   0.209552806407631E-01
   0.231931208799320E+02
   0.211062950468627E-01
   0.232227835264634E+02
   0.208392644728914E-01
   0.234092116041160E+02
   0.205649351727085E-01
   0.239485209656575E+02
   0.188548432233322E-01
   0.245393531483928E+02
   0.188759007546000E-01
   0.248800667981571E+02
   0.185252967260385E-01
   0.248760636202025E+02
   0.193977993211730E-01
   0.243919049836492E+02
   0.211942388281211E-01
   0.245926811441604E+02
   0.200916721165789E-01
   0.257166346184345E+02
   0.180323386563967E-01
   0.255484522803546E+02
   0.198383050629464E-01
   0.243623284547411E+02
   0.221631279498726E-01
   0.236531385789434E+02
   0.221308751997459E-01
   0.231547125546984E+02
   0.218819071101724E-01
   0.227849910019871E+02
   0.217118238999307E-01
   0.226441353811229E+02
   0.221021784040693E-01
   0.223717160328057E+02
   0.219223121497945E-01
   0.221319812084952E+02
   0.217730187258386E-01
   0.219251933531673E+02
   0.216030272471655E-01
   0.217476456213542E+02
   0.214439401989832E-01
   0.215869616979859E+02
   0.214270792880349E-01
   0.214144351700735E+02
   0.214739608978112E-01
   0.211920785274104E+02
   0.213085183600091E-01
   0.209230739026785E+02
   0.208808265651928E-01
   0.206612954045810E+02
   0.204283388839960E-01
   0.204672181089097E+02
   0.200831302016556E-01
   0.203961289117808E+02
   0.198055665895900E-01
   0.204832963225104E+02
   0.192224955670246E-01
   0.208139732225946E+02
   0.185606449088635E-01
   0.214736146751976E+02
   0.191478885556266E-01
   0.226002136330607E+02
   0.200893184401638E-01
   0.246183148057892E+02
   0.179802695270444E-01
   0.251487729858190E+02
   0.173310151065173E-01
   0.247645406160002E+02
   0.177047487358002E-01
   0.237742045718189E+02
   0.207229939587009E-01
   0.234926226054289E+02
   0.216507568987155E-01
   0.234470969387847E+02
   0.218404026948303E-01
   0.235053047840227E+02
   0.216709765865043E-01
   0.236701118380090E+02
   0.215323202867197E-01
   0.240289592083233E+02
   0.197659467240366E-01
   0.244867424712836E+02
   0.196038297840150E-01
   0.250069245247644E+02
   0.191486795636647E-01
   0.252280541430791E+02
   0.195284230044387E-01
   0.247329596690356E+02
   0.224109387519960E-01
   0.247323264985261E+02
   0.218247474440018E-01
   0.254742599081088E+02
   0.193381835492086E-01
   0.251491258098911E+02
   0.214476664434150E-01
   0.243484551932813E+02
   0.226785384557803E-01
   0.237537145872506E+02
   0.227514632965168E-01
   0.233003592035135E+02
   0.225343730987692E-01
   0.229464227154977E+02
   0.223010144389471E-01
   0.226784749366085E+02
   0.220377253805155E-01
   0.224098271641072E+02
   0.218619476002345E-01
   0.221703599884964E+02
   0.216956778148444E-01
   0.219605098995896E+02
   0.215108159043176E-01
   0.217756672123814E+02
   0.213614999549228E-01
   0.216037672004526E+02
   0.213272182612773E-01
   0.214190341025849E+02
   0.213240712054584E-01
   0.211900927059713E+02
   0.211351704596410E-01
   0.209261188866533E+02
   0.207633591662533E-01
   0.206804220888039E+02
   0.204050768508209E-01
   0.205085279036884E+02
   0.201366028783829E-01
   0.204613390298954E+02
   0.199060616351341E-01
   0.205625594546065E+02
   0.193486897311946E-01
   0.208730755667964E+02
   0.187110548376634E-01
   0.215284411471124E+02
   0.195121586333319E-01
   0.225876082690124E+02
   0.203591039016198E-01
   0.244284520496013E+02
   0.176012200249979E-01
   0.249838474656688E+02
   0.172116694906774E-01
   0.247477757291086E+02
   0.175580434356499E-01
   0.238308939767308E+02
   0.207185762627121E-01
   0.236101684770076E+02
   0.221101667467945E-01
   0.236046168037527E+02
   0.225398555025940E-01
   0.236908105803912E+02
   0.223331055361181E-01
   0.238359644606156E+02
   0.220134267347577E-01
   0.240903423737653E+02
   0.206325673578600E-01
   0.244485239222508E+02
   0.202396027687856E-01
   0.248639626980433E+02
   0.203017137177137E-01
   0.253406345641851E+02
   0.199434708450381E-01
   0.249913840222162E+02
   0.226263291536610E-01
   0.247880544691660E+02
   0.229074542801919E-01
   0.250730939198637E+02
   0.209907207536694E-01
   0.248348153620748E+02
   0.222647963952602E-01
   0.242468892964356E+02
   0.228372165975586E-01
   0.237381452078579E+02
   0.228711119659878E-01
   0.233179532585035E+02
   0.225233499598312E-01
   0.229755803747706E+02
   0.222378555769282E-01
   0.226048820201954E+02
   0.210117466050979E-01
   0.223352520464461E+02
   0.207391315071064E-01
   0.220892432102222E+02
   0.204591769292334E-01
   0.218685152016496E+02
   0.201965512961008E-01
   0.216707339409901E+02
   0.200333741149100E-01
   0.214848148727843E+02
   0.199985782682768E-01
   0.212883389525689E+02
   0.200136085964274E-01
   0.210570191992655E+02
   0.199081371886774E-01
   0.208044643159602E+02
   0.197181859338935E-01
   0.205807418018725E+02
   0.195800790586086E-01
   0.204337039972864E+02
   0.194769606909532E-01
   0.204087962420705E+02
   0.193792522711266E-01
   0.205332424084853E+02
   0.191089861830307E-01
   0.208347322656584E+02
   0.184959361555600E-01
   0.214853436613587E+02
   0.195796379707962E-01
   0.224547625734165E+02
   0.201038512795882E-01
   0.241458530535732E+02
   0.173862013334622E-01
   0.247137374544890E+02
   0.172010349795328E-01
   0.245859984744622E+02
   0.174281826673159E-01
   0.237892134292309E+02
   0.212477920815939E-01
   0.236154612547720E+02
   0.223901545000472E-01
   0.236429108587418E+02
   0.228792757004652E-01
   0.237691272352025E+02
   0.228177229445840E-01
   0.239033125224267E+02
   0.223110773428920E-01
   0.241023612901524E+02
   0.213609206455112E-01
   0.244033889806246E+02
   0.213586424426481E-01
   0.247365999714295E+02
   0.213143902795255E-01
   0.252491740270563E+02
   0.206204831962361E-01
   0.252104802474916E+02
   0.216410075119523E-01
   0.247381955703150E+02
   0.230000073789753E-01
   0.247635396915461E+02
   0.217154872270532E-01
   0.245375909338843E+02
   0.222707708422334E-01
   0.240674130790584E+02
   0.223539580035703E-01
   0.236218874242149E+02
   0.221183036560919E-01
   0.232320588503442E+02
   0.216552099807249E-01
   0.228996156358070E+02
   0.212946169942428E-01
   0.224483747767210E+02
   0.196426879235519E-01
   0.221757469528920E+02
   0.193129685092210E-01
   0.219239553204399E+02
   0.190078598525744E-01
   0.216954956595463E+02
   0.187678814647941E-01
   0.214871249668370E+02
   0.186112197386395E-01
   0.212872038433954E+02
   0.185211968409702E-01
   0.210776925660515E+02
   0.184579885053454E-01
   0.208440424779136E+02
   0.183551390035048E-01
   0.206045698442320E+02
   0.182838179029542E-01
   0.204015815664782E+02
   0.182945762898323E-01
   0.202755981130698E+02
   0.183687044267485E-01
   0.202688945690362E+02
   0.185313780353832E-01
   0.204104817188564E+02
   0.186745207504530E-01
   0.207045707304958E+02
   0.182157358136530E-01
   0.213423476186259E+02
   0.196691603583101E-01
   0.222064432482584E+02
   0.197515883182108E-01
   0.237567679982507E+02
   0.173746795760382E-01
   0.243245035088450E+02
   0.173077191353967E-01
   0.242861897502320E+02
   0.173417829444776E-01
   0.236267277826755E+02
   0.214667665629124E-01
   0.234885633047178E+02
   0.220883441110360E-01
   0.235388825288092E+02
   0.223805542888351E-01
   0.237245155188031E+02
   0.227166071051657E-01
   0.238626624434598E+02
   0.224349599752457E-01
   0.240350847305602E+02
   0.218358588696991E-01
   0.242975353889028E+02
   0.221366099839184E-01
   0.245643492194548E+02
   0.221009664454968E-01
   0.249081880405519E+02
   0.218791836765546E-01
   0.251204950789736E+02
   0.212737367355375E-01
   0.245705876385667E+02
   0.225505012469564E-01
   0.244621155829513E+02
   0.218689207194825E-01
   0.242253575037605E+02
   0.217888000243749E-01
   0.238215218239473E+02
   0.213200047900552E-01
   0.234276202976538E+02
   0.208959587971717E-01
   0.230656448783034E+02
   0.203989022182717E-01
   0.227424022083923E+02
   0.199934448566690E-01
   0.222551513957605E+02
   0.188955894745489E-01
   0.219824258277986E+02
   0.185462289269131E-01
   0.217283589194477E+02
   0.182368760186081E-01
   0.214954185198089E+02
   0.180121386483446E-01
   0.212787707521758E+02
   0.178520252929707E-01
   0.210661351754754E+02
   0.177316965981905E-01
   0.208432078362891E+02
   0.176208202875308E-01
   0.206032174694017E+02
   0.174842930443118E-01
   0.203674136636428E+02
   0.173914198697899E-01
   0.201727266452408E+02
   0.173859410788087E-01
   0.200547357066898E+02
   0.174941924722197E-01
   0.200534455548662E+02
   0.177833290905902E-01
   0.202028407758139E+02
   0.183062597590510E-01
   0.205096845101584E+02
   0.187356143238205E-01
   0.210916238023881E+02
   0.198355867187429E-01
   0.218438586244820E+02
   0.191078528236419E-01
   0.232428491250773E+02
   0.173618583693283E-01
   0.237982680835816E+02
   0.173934379517025E-01
   0.238478115070545E+02
   0.174948878968909E-01
   0.233398885690632E+02
   0.219098953224336E-01
   0.232324126991955E+02
   0.218492288816305E-01
   0.232968401978395E+02
   0.214146403798183E-01
   0.235614127887858E+02
   0.221263854042445E-01
   0.237082483117871E+02
   0.224459147025891E-01
   0.238679318940942E+02
   0.219937386103203E-01
   0.241010737012144E+02
   0.225162729688729E-01
   0.243188080432915E+02
   0.228201294956540E-01
   0.245597130024043E+02
   0.231485283413790E-01
   0.247842150890110E+02
   0.214726178705814E-01
   0.242881788495671E+02
   0.222530061806398E-01
   0.241318709456104E+02
   0.218344048364208E-01
   0.238883652921417E+02
   0.212806604678958E-01
   0.235343243323087E+02
   0.205847230423370E-01
   0.231890864218488E+02
   0.201395632347614E-01
   0.228569384601012E+02
   0.196800854013403E-01
   0.225457784104663E+02
   0.192680411701920E-01
   0.220519747416148E+02
   0.193803574121684E-01
   0.217856548979414E+02
   0.189701684551402E-01
   0.215352600631051E+02
   0.186096253352201E-01
   0.213016828677496E+02
   0.183292678900420E-01
   0.210797597761272E+02
   0.181234480933781E-01
   0.208570757578771E+02
   0.179701471082763E-01
   0.206221906385076E+02
   0.178544326744657E-01
   0.203734006890615E+02
   0.177376049727989E-01
   0.201328760337830E+02
   0.176696402703473E-01
   0.199340291567129E+02
   0.176897384784933E-01
   0.198081147636772E+02
   0.178098565602337E-01
   0.197922020336526E+02
   0.180972162195127E-01
   0.199239320397046E+02
   0.186774610169736E-01
   0.202162246616481E+02
   0.194189496236406E-01
   0.207304381236547E+02
   0.201592430207736E-01
   0.213786413256871E+02
   0.187905883524556E-01
   0.225892251941268E+02
   0.173017583774026E-01
   0.231189976100131E+02
   0.172678262963949E-01
   0.232607324594749E+02
   0.180363856814091E-01
   0.229060055597711E+02
   0.221283827857441E-01
   0.228451782559861E+02
   0.217449933612941E-01
   0.229419252183204E+02
   0.208881930676073E-01
   0.232969144178011E+02
   0.210835710243788E-01
   0.234509717302318E+02
   0.228055418432970E-01
   0.236155785286407E+02
   0.227529246125564E-01
   0.238141359440727E+02
   0.231789594225626E-01
   0.239779179260765E+02
   0.233846446148352E-01
   0.241213217334259E+02
   0.234964560696210E-01
   0.241973695756363E+02
   0.226570671626703E-01
   0.239131627607039E+02
   0.229618240015546E-01
   0.237573393772281E+02
   0.226208994329632E-01
   0.235264472862234E+02
   0.219234890533199E-01
   0.232237934842817E+02
   0.212319470144890E-01
   0.229280336580799E+02
   0.207864075037669E-01
   0.226281565985852E+02
   0.203061784575501E-01
   0.223335869642282E+02
   0.198229083848325E-01
   0.218359332785628E+02
   0.211196157824635E-01
   0.215857290657733E+02
   0.206591367562363E-01
   0.213472432905436E+02
   0.202102048945918E-01
   0.211197165665864E+02
   0.198128768078254E-01
   0.208982297167984E+02
   0.195041177220104E-01
   0.206700180294517E+02
   0.192726026009272E-01
   0.204250966946096E+02
   0.191111586728431E-01
   0.201650728797874E+02
   0.189580935482945E-01
   0.199121501832005E+02
   0.188293640618412E-01
   0.196970878631303E+02
   0.187588265260059E-01
   0.195469906579453E+02
   0.187124664715047E-01
   0.194943614762065E+02
   0.187206907066748E-01
   0.195750614169002E+02
   0.188990697228831E-01
   0.198026466683087E+02
   0.192614931887485E-01
   0.202550514281043E+02
   0.203785137177394E-01
   0.208315188840416E+02
   0.197409203719139E-01
   0.217809834084269E+02
   0.170690527759358E-01
   0.222774505719669E+02
   0.175600626304823E-01
   0.224987922406212E+02
   0.190549312872208E-01
   0.223157258657134E+02
   0.221244935398135E-01
   0.223194006385597E+02
   0.213776635803466E-01
   0.224676100122490E+02
   0.202554549809240E-01
   0.229719827095405E+02
   0.197319706066083E-01
   0.230620813477598E+02
   0.227556365682065E-01
   0.232370706143734E+02
   0.232955325143757E-01
   0.234004103650299E+02
   0.234780470917379E-01
   0.235140811957235E+02
   0.234924938259557E-01
   0.235771800491521E+02
   0.232350787440995E-01
   0.235860796213117E+02
   0.230413591096148E-01
   0.234224680558521E+02
   0.235812122961761E-01
   0.232985630093884E+02
   0.236720538139950E-01
   0.231053551487204E+02
   0.232624410072855E-01
   0.228649459002590E+02
   0.228554859409909E-01
   0.226236636610498E+02
   0.225143301181545E-01
   0.223639450552482E+02
   0.220798789797731E-01
   0.220977635455120E+02
   0.216004932248510E-01
   0.215144187911722E+02
   0.229391820224087E-01
   0.212921175795434E+02
   0.226330871323124E-01
   0.210774953834336E+02
   0.222289716017697E-01
   0.208672887200606E+02
   0.217505458113120E-01
   0.206557087241368E+02
   0.212969181862926E-01
   0.204286678552414E+02
   0.208752252377133E-01
   0.201762447274681E+02
   0.204865995024550E-01
   0.199039619864684E+02
   0.201146625870066E-01
   0.196351315090000E+02
   0.197799950479338E-01
   0.193992916367655E+02
   0.195160405591204E-01
   0.192214116656749E+02
   0.192737452784665E-01
   0.191282675592548E+02
   0.190367641410502E-01
   0.191441371553878E+02
   0.187989521213454E-01
   0.192814080953225E+02
   0.185689506753672E-01
   0.196425056515092E+02
   0.192218465967526E-01
   0.201766127201980E+02
   0.204540762546766E-01
   0.208054950764730E+02
   0.177411306880087E-01
   0.212475504116668E+02
   0.182310436769150E-01
   0.215117737799571E+02
   0.197082989275480E-01
   0.215667129911192E+02
   0.216319903858622E-01
   0.216586764767891E+02
   0.208492152301395E-01
   0.218845751031833E+02
   0.190174799298260E-01
   0.224223120474178E+02
   0.197656927371687E-01
   0.225342797677951E+02
   0.224563870097874E-01
   0.227148574839042E+02
   0.234045460726718E-01
   0.228466460265828E+02
   0.232419743529152E-01
   0.229232528811795E+02
   0.231587053721597E-01
   0.229287005461924E+02
   0.228119323023889E-01
   0.228931530160538E+02
   0.227080294472337E-01
   0.227887573241656E+02
   0.232737214984796E-01
   0.226983491009486E+02
   0.236989688518944E-01
   0.225525503120829E+02
   0.237234359752784E-01
   0.223731849412768E+02
   0.237387460785378E-01
   0.221878399576292E+02
   0.237314248691112E-01
   0.219737481034849E+02
   0.235128299531473E-01
   0.217454234161151E+02
   0.232411771351690E-01
   0.209874866327828E+02
   0.229648234777192E-01
   0.207972497640294E+02
   0.229099700251961E-01
   0.206160324537348E+02
   0.227881000024931E-01
   0.204375319709698E+02
   0.225073515716792E-01
   0.202518551562558E+02
   0.221258020497713E-01
   0.200410660436357E+02
   0.216309985708770E-01
   0.197923923005730E+02
   0.210187665035489E-01
   0.195146555358965E+02
   0.204121089933507E-01
   0.192332288018112E+02
   0.199002044665853E-01
   0.189777696229120E+02
   0.195068950700709E-01
   0.187738531591428E+02
   0.191917372232475E-01
   0.186452459988096E+02
   0.189320209155862E-01
   0.186095033230285E+02
   0.186426956726450E-01
   0.186810364587559E+02
   0.182110646286005E-01
   0.189358176276358E+02
   0.178542749533907E-01
   0.193856939121122E+02
   0.186168768730605E-01
   0.198975982198496E+02
   0.185434479434779E-01
   0.202649632041741E+02
   0.186898486425087E-01
   0.204942519282408E+02
   0.188628226737173E-01
   0.206615100638714E+02
   0.203511812477147E-01
   0.208577494853821E+02
   0.203554722399681E-01
   0.212216558884982E+02
   0.172562906371948E-01
   0.216363524251064E+02
   0.204836556041517E-01
   0.218645913059556E+02
   0.223030073331306E-01
   0.220430920807117E+02
   0.227061559436122E-01
   0.221546955414839E+02
   0.225711743203923E-01
   0.222022023884506E+02
   0.224522128492685E-01
   0.221710325884744E+02
   0.220689805046184E-01
   0.220986341034439E+02
   0.217966935695059E-01
   0.220076901359480E+02
   0.220602532232666E-01
   0.219344747656024E+02
   0.224932636952299E-01
   0.218257503323716E+02
   0.227222207196082E-01
   0.216947756349859E+02
   0.229776412493143E-01
   0.215530473082920E+02
   0.232059786830600E-01
   0.213783450229088E+02
   0.231660587412449E-01
   0.211862432979069E+02
   0.230719604197617E-01
   0.202398012781302E+02
   0.215653550805639E-01
   0.200728407244522E+02
   0.215747080166087E-01
   0.199187966371178E+02
   0.216483130361771E-01
   0.197731919236922E+02
   0.217017633133638E-01
   0.196218232423458E+02
   0.216388841685694E-01
   0.194421897060234E+02
   0.213776245860698E-01
   0.192165701456373E+02
   0.208558184983024E-01
   0.189503599179248E+02
   0.202086991682064E-01
   0.186679778985730E+02
   0.195937004590709E-01
   0.183999059366754E+02
   0.190883690041098E-01
   0.181750434333737E+02
   0.187060709908641E-01
   0.180172519332080E+02
   0.184253388041884E-01
   0.179446023068400E+02
   0.181814709769467E-01
   0.179773849444856E+02
   0.179136337668970E-01
   0.181756350927953E+02
   0.177746277783810E-01
   0.185565058483077E+02
   0.183558955157560E-01
   0.189598160690339E+02
   0.183477488450403E-01
   0.192354162160260E+02
   0.182325548044205E-01
   0.194090535287264E+02
   0.182232964965421E-01
   0.196129327923172E+02
   0.189893242637607E-01
   0.198960591770385E+02
   0.194131989214691E-01
   0.203400912533089E+02
   0.166251663113037E-01
   0.207645766106156E+02
   0.199597465180723E-01
   0.210491156672349E+02
   0.210885913365336E-01
   0.212234582263356E+02
   0.213980544173328E-01
   0.213226824921217E+02
   0.215267729554707E-01
   0.213494947286285E+02
   0.214723610253844E-01
   0.212962585663175E+02
   0.211203307902191E-01
   0.212014864154250E+02
   0.207664596146494E-01
   0.211098182169937E+02
   0.208166819708951E-01
   0.210377899167576E+02
   0.210820149407786E-01
   0.209452359179406E+02
   0.212557477401112E-01
   0.208411996822901E+02
   0.214795680894695E-01
   0.207261214407740E+02
   0.216914377497859E-01
   0.205790173333764E+02
   0.217012030950705E-01
   0.204140996051540E+02
   0.216435896843402E-01
   0.192983131626866E+02
   0.199352097668160E-01
   0.191459758875613E+02
   0.198834768435726E-01
   0.190074320092892E+02
   0.199383286774413E-01
   0.188829035643367E+02
   0.201022576240605E-01
   0.187582298461059E+02
   0.202615901994648E-01
   0.186099594462989E+02
   0.203041389427557E-01
   0.184176407058943E+02
   0.201085969408524E-01
   0.181794556295423E+02
   0.196709509087050E-01
   0.179126254376131E+02
   0.190991164758966E-01
   0.176443254109605E+02
   0.185046835771786E-01
   0.174071055263784E+02
   0.180160624111336E-01
   0.172273999758327E+02
   0.176491097604950E-01
   0.171275510498042E+02
   0.173506354439250E-01
   0.171347700101922E+02
   0.170793206186957E-01
   0.172969084478970E+02
   0.170140790287445E-01
   0.176129403082835E+02
   0.174657231091323E-01
   0.179235291253790E+02
   0.175144739998952E-01
   0.181125238534221E+02
   0.172780656230756E-01
   0.182168041134347E+02
   0.170083845903728E-01
   0.184232515721150E+02
   0.174814133444620E-01
   0.187765587210699E+02
   0.180281187741282E-01
   0.192489255706788E+02
   0.172706303860971E-01
   0.197927249123194E+02
   0.190329294152824E-01
   0.201008491262571E+02
   0.196623993136417E-01
   0.202652558597496E+02
   0.199433427139642E-01
   0.203476351584974E+02
   0.201755128478836E-01
   0.203584771241727E+02
   0.202208494403149E-01
   0.202945759062752E+02
   0.199968570633358E-01
   0.201902982627355E+02
   0.196860889612778E-01
   0.200924038623164E+02
   0.196189077795128E-01
   0.200131408005757E+02
   0.197457046447286E-01
   0.199239937766898E+02
   0.198392441998070E-01
   0.198301965778365E+02
   0.199737876412657E-01
   0.197264020321705E+02
   0.200721576421781E-01
   0.195984395695681E+02
   0.200758660862668E-01
   0.194541014926300E+02
   0.200272986515229E-01
   0.181735197896221E+02
   0.183217209548169E-01
   0.180311301426617E+02
   0.182199670363438E-01
   0.179003779462477E+02
   0.181921271767660E-01
   0.177858372069675E+02
   0.182864520355773E-01
   0.176756414172968E+02
   0.184343581443428E-01
   0.175485879706681E+02
   0.185605067485414E-01
   0.173860671479765E+02
   0.186025963269024E-01
   0.171814848123795E+02
   0.184662951307742E-01
   0.169428667994711E+02
   0.181292139472791E-01
   0.166899843308637E+02
   0.176366156648673E-01
   0.164536461934737E+02
   0.171240478029396E-01
   0.162620904812188E+02
   0.166807189698420E-01
   0.161442232606682E+02
   0.163311549627657E-01
   0.161349928088499E+02
   0.160922347755500E-01
   0.162708743355443E+02
   0.160437912551105E-01
   0.165307685740001E+02
   0.162637947879382E-01
   0.167675306736667E+02
   0.162722336547911E-01
   0.168784883103339E+02
   0.160742621641436E-01
   0.168950275435427E+02
   0.155209140745154E-01
   0.170780049672472E+02
   0.157793240432631E-01
   0.175008381969150E+02
   0.162980446279101E-01
   0.181054348398325E+02
   0.169808417072730E-01
   0.187123054298083E+02
   0.179944461115194E-01
   0.190283811540192E+02
   0.182059056335178E-01
   0.191728559898407E+02
   0.184108713065922E-01
   0.192311175336713E+02
   0.186028904571488E-01
   0.192255112930514E+02
   0.187064197797498E-01
   0.191552457553426E+02
   0.186294156792574E-01
   0.190466382716983E+02
   0.184260287353133E-01
   0.189405225152732E+02
   0.183194715165912E-01
   0.188484845056954E+02
   0.183347178171589E-01
   0.187532199858106E+02
   0.183457906599841E-01
   0.186586056007691E+02
   0.184035867899921E-01
   0.185580934026772E+02
   0.184356849863308E-01
   0.184429296961618E+02
   0.184382870894469E-01
   0.183145112525448E+02
   0.184063350586039E-01
   0.168681001183812E+02
   0.167190833356775E-01
   0.167338168403782E+02
   0.166133317970513E-01
   0.166067857546739E+02
   0.165311966905517E-01
   0.164942859905978E+02
   0.165251380125672E-01
   0.163883586753427E+02
   0.165775737098766E-01
   0.162717911442793E+02
   0.166433818453505E-01
   0.161294093852554E+02
   0.167041382569999E-01
   0.159537753462738E+02
   0.166976467054278E-01
   0.157460534683392E+02
   0.165587357403999E-01
   0.155187597756886E+02
   0.162666937672894E-01
   0.152969428121760E+02
   0.158846324661291E-01
   0.151055697892693E+02
   0.154456982160893E-01
   0.149787917127606E+02
   0.150577586119609E-01
   0.149611794247712E+02
   0.148470966935450E-01
   0.150830673804683E+02
   0.148627299878147E-01
   0.153044731005483E+02
   0.149998351984187E-01
   0.154865652945410E+02
   0.149936540882203E-01
   0.155204850621944E+02
   0.147657459886539E-01
   0.154251369983961E+02
   0.139246210731280E-01
   0.155620361070493E+02
   0.139129118675885E-01
   0.160559882228923E+02
   0.146179882403564E-01
   0.168268893268122E+02
   0.158140247080113E-01
   0.175194671481835E+02
   0.170725668597196E-01
   0.178407101041222E+02
   0.170349203572999E-01
   0.179545203382180E+02
   0.170193275865867E-01
   0.179800395206427E+02
   0.170565236995431E-01
   0.179520782929654E+02
   0.171121427737459E-01
   0.178721736883763E+02
   0.170906568197721E-01
   0.177588600434163E+02
   0.169930669464545E-01
   0.176436819110495E+02
   0.169180087331020E-01
   0.175360172813882E+02
   0.168633381047084E-01
   0.174283214746826E+02
   0.168061896750197E-01
   0.173251660273695E+02
   0.167940862948539E-01
   0.172220775063855E+02
   0.167825018192675E-01
   0.171136781164922E+02
   0.167850731042223E-01
   0.169969941956271E+02
   0.167817297165353E-01
   0.153778025621657E+02
   0.150424032078949E-01
   0.152506950843361E+02
   0.149516097271504E-01
   0.151263469407651E+02
   0.148508327112733E-01
   0.150130371913749E+02
   0.147841853471163E-01
   0.149061916550351E+02
   0.147692629135515E-01
   0.147931364166568E+02
   0.147729644940402E-01
   0.146617980776639E+02
   0.147688721129387E-01
   0.145067759820114E+02
   0.147708378066210E-01
   0.143256290535646E+02
   0.147037125278377E-01
   0.141257066929823E+02
   0.145425907563896E-01
   0.139256455261917E+02
   0.143019722342615E-01
   0.137444872486400E+02
   0.139420452051545E-01
   0.136165778467045E+02
   0.135495091931178E-01
   0.135968915278483E+02
   0.133939297134783E-01
   0.137172150893015E+02
   0.135637135457584E-01
   0.139233770487498E+02
   0.138257453182890E-01
   0.140735824726358E+02
   0.139176006579850E-01
   0.140312987417644E+02
   0.136049623755590E-01
   0.137856228816052E+02
   0.122104397587981E-01
   0.138538575782772E+02
   0.117150295996289E-01
   0.144147463721588E+02
   0.127985297178229E-01
   0.154137520860902E+02
   0.154403362953560E-01
   0.162085781042582E+02
   0.169950350764906E-01
   0.165318368427291E+02
   0.165781441891417E-01
   0.166057468561314E+02
   0.160873119336114E-01
   0.165931045261523E+02
   0.158203289219367E-01
   0.165368703454572E+02
   0.156966149598154E-01
   0.164406253063386E+02
   0.155885405304284E-01
   0.163170821617936E+02
   0.154716520269615E-01
   0.161899974874928E+02
   0.154059573560104E-01
   0.160654056027311E+02
   0.153159533171863E-01
   0.159418104341688E+02
   0.152104871559627E-01
   0.158251044673985E+02
   0.151418939846632E-01
   0.157147481127962E+02
   0.151008213010483E-01
   0.156072612580480E+02
   0.150884114440008E-01
   0.154974039431965E+02
   0.150869547965086E-01
   0.136918630284121E+02
   0.136586209388329E-01
   0.135706683277473E+02
   0.135559525096153E-01
   0.134494577598082E+02
   0.134375644757194E-01
   0.133367973566026E+02
   0.133462398372723E-01
   0.132281405611291E+02
   0.132823095487283E-01
   0.131157028120163E+02
   0.132357671665836E-01
   0.129906987079807E+02
   0.131761452835047E-01
   0.128493195386441E+02
   0.131288495829332E-01
   0.126888992153323E+02
   0.130660796932421E-01
   0.125134218779151E+02
   0.129798895161969E-01
   0.123369868062457E+02
   0.129177716134835E-01
   0.121733317762284E+02
   0.128125436711747E-01
   0.120515716959895E+02
   0.126214111032105E-01
   0.120287771949479E+02
   0.125339040478528E-01
   0.121492162655876E+02
   0.127379389474406E-01
   0.123613935262133E+02
   0.131352647462825E-01
   0.125073227195692E+02
   0.133421654760117E-01
   0.124040154768184E+02
   0.129636805291719E-01
   0.119520271964990E+02
   0.960074443833429E-02
   0.119410446373033E+02
   0.898362569709795E-02
   0.125370025290542E+02
   0.103033731126490E-01
   0.137385695315239E+02
   0.146726921083600E-01
   0.146636658956444E+02
   0.169728242894777E-01
   0.150306075651011E+02
   0.168452948837141E-01
   0.150882385394459E+02
   0.161237838116884E-01
   0.150439777402313E+02
   0.156050944178201E-01
   0.149592648668174E+02
   0.152509727408164E-01
   0.148408039975765E+02
   0.149538085778902E-01
   0.147009314129201E+02
   0.146736113420994E-01
   0.145583892566623E+02
   0.144507133473159E-01
   0.144169680007879E+02
   0.142450842382296E-01
   0.142775354641881E+02
   0.140537468107758E-01
   0.141453169531407E+02
   0.139071065319899E-01
   0.140244390846814E+02
   0.138112679890216E-01
   0.139131375272353E+02
   0.137588523523099E-01
   0.138054061999536E+02
   0.137229913299677E-01
   0.117820762745757E+02
   0.126765740319606E-01
   0.116649555418777E+02
   0.125936891842808E-01
   0.115468129944153E+02
   0.124973915391720E-01
   0.114360911451052E+02
   0.123975489968265E-01
   0.113272476468604E+02
   0.123078986947102E-01
   0.112166038632013E+02
   0.122360746054963E-01
   0.110987041720391E+02
   0.121704359449816E-01
   0.109702045139787E+02
   0.121133466690870E-01
   0.108289133071226E+02
   0.120782368195862E-01
   0.106742594471241E+02
   0.120248651669436E-01
   0.105160780584695E+02
   0.119649210227393E-01
   0.103673654062239E+02
   0.118809645262633E-01
   0.102540876029451E+02
   0.117283285514030E-01
   0.102296541992396E+02
   0.116279015205639E-01
   0.103473067539482E+02
   0.117749524425475E-01
   0.105744602142994E+02
   0.122509501552413E-01
   0.107467625810602E+02
   0.127145084012602E-01
   0.106323048659921E+02
   0.124470387734331E-01
   0.100192584128164E+02
   0.865803142884549E-02
   0.992269757751455E+01
   0.776607471062540E-02
   0.104800145960636E+02
   0.864205999679146E-02
   0.117604904725657E+02
   0.136207123531772E-01
   0.127249304105444E+02
   0.158651715071742E-01
   0.131594041550786E+02
   0.162498849083566E-01
   0.132663495574728E+02
   0.158308638065412E-01
   0.132416382793485E+02
   0.154205954743001E-01
   0.131561192545274E+02
   0.149942338351923E-01
   0.130283782120651E+02
   0.145408006927839E-01
   0.128754633614537E+02
   0.141114758688756E-01
   0.127191436080236E+02
   0.137650759837622E-01
   0.125622062234970E+02
   0.134712521767592E-01
   0.124089935165162E+02
   0.132406873031047E-01
   0.122593763017970E+02
   0.130289407070648E-01
   0.121238803582179E+02
   0.128738664629075E-01
   0.120030753317074E+02
   0.127764342224837E-01
   0.118926845960871E+02
   0.127255071532119E-01
   0.962040380296366E+01
   0.116965669801604E-01
   0.950034843533465E+01
   0.115829032707322E-01
   0.938121169680648E+01
   0.114660665529500E-01
   0.927642558733886E+01
   0.113983823332537E-01
   0.916962543420669E+01
   0.113154863094972E-01
   0.906159004230006E+01
   0.112426536082570E-01
   0.895137020481439E+01
   0.111840484414070E-01
   0.883690834534564E+01
   0.111384364809266E-01
   0.871511719917860E+01
   0.111032275676097E-01
   0.858447128192973E+01
   0.110659090686749E-01
   0.845276640093788E+01
   0.110273459592030E-01
   0.833062002067994E+01
   0.109709195027380E-01
   0.823963203116286E+01
   0.108801503439711E-01
   0.822269184191689E+01
   0.108251501699543E-01
   0.833011636537520E+01
   0.109245988839072E-01
   0.855823590421288E+01
   0.113374307320310E-01
   0.875933866128584E+01
   0.119645061306804E-01
   0.870739853152213E+01
   0.122333229218513E-01
   0.804024208346162E+01
   0.840446951507349E-02
   0.787849116331331E+01
   0.758338109400306E-02
   0.831209640596023E+01
   0.815906687214885E-02
   0.941984866509184E+01
   0.115587702115152E-01
   0.102783293055993E+02
   0.132152504234096E-01
   0.107477513004370E+02
   0.139653559412526E-01
   0.109431387763515E+02
   0.140763667367176E-01
   0.109990169125395E+02
   0.140982848821019E-01
   0.109772122244643E+02
   0.140085730569565E-01
   0.108975250105614E+02
   0.137622909243842E-01
   0.107745623471221E+02
   0.134548979096832E-01
   0.106276424834786E+02
   0.131211771910833E-01
   0.104665684404808E+02
   0.127902549826119E-01
   0.103013818411817E+02
   0.125082048173423E-01
   0.101396536388814E+02
   0.122585341868224E-01
   0.999111604352753E+01
   0.120562824926565E-01
   0.985669168668582E+01
   0.119009157131779E-01
   0.973646571943075E+01
   0.117913477668459E-01
   0.719194076878417E+01
   0.106992974233920E-01
   0.707292226660459E+01
   0.105811029769810E-01
   0.695596336097162E+01
   0.104657743499710E-01
   0.684561246116105E+01
   0.103590012310651E-01
   0.673635637979648E+01
   0.102512046506322E-01
   0.663038600914707E+01
   0.101716712358143E-01
   0.652871789587895E+01
   0.101199825376700E-01
   0.642998758105327E+01
   0.100968547406136E-01
   0.633017874060694E+01
   0.100799857093866E-01
   0.622647650927843E+01
   0.100668776024660E-01
   0.612847780656677E+01
   0.100607755076106E-01
   0.604322427084758E+01
   0.100484960812181E-01
   0.598700938110897E+01
   0.100272137974134E-01
   0.598783661372921E+01
   0.100238119462881E-01
   0.607991405030579E+01
   0.100993126173412E-01
   0.627489258145123E+01
   0.103762832690745E-01
   0.647593956904297E+01
   0.109107562607968E-01
   0.651845958173421E+01
   0.116209408348420E-01
   0.607061675768442E+01
   0.958618845667601E-02
   0.587711349040625E+01
   0.905174054150470E-02
   0.607799388269975E+01
   0.870292476520009E-02
   0.672007481812404E+01
   0.946567830702258E-02
   0.732204768779695E+01
   0.100193774161692E-01
   0.775393775379587E+01
   0.106301480464359E-01
   0.801503045257453E+01
   0.110670430682294E-01
   0.815918405272277E+01
   0.114175881237795E-01
   0.823872689080940E+01
   0.117405936339792E-01
   0.825379192559434E+01
   0.119155400718701E-01
   0.820624814788909E+01
   0.119294121360675E-01
   0.811565206719209E+01
   0.118382613316076E-01
   0.799064684678444E+01
   0.116517520118646E-01
   0.784623808718601E+01
   0.114434993401687E-01
   0.769750835793874E+01
   0.112346494697574E-01
   0.755764123452463E+01
   0.110616987380375E-01
   0.742451566673380E+01
   0.109054050015647E-01
   0.730596085234195E+01
   0.107956418209505E-01
   0.433305797492317E+01
   0.930123967297473E-02
   0.422649137552218E+01
   0.921729088924439E-02
   0.412571186259729E+01
   0.914642500564141E-02
   0.402779887967738E+01
   0.907558692697862E-02
   0.393030146899468E+01
   0.899823657463809E-02
   0.383688586095038E+01
   0.893517569863059E-02
   0.375088183827218E+01
   0.889725983314857E-02
   0.367116973348221E+01
   0.888411887535780E-02
   0.359419148648121E+01
   0.887880501507747E-02
   0.351446122719769E+01
   0.885156957187735E-02
   0.345319574750153E+01
   0.885906560753257E-02
   0.341033039435160E+01
   0.887445177583106E-02
   0.339366511571022E+01
   0.889550571778708E-02
   0.341757157463115E+01
   0.893053293114670E-02
   0.349547046757915E+01
   0.899190711348133E-02
   0.363060012208234E+01
   0.915176538906922E-02
   0.377711966229695E+01
   0.946544940327870E-02
   0.381197641329503E+01
   0.984174280780725E-02
   0.357162731911339E+01
   0.911363627032999E-02
   0.339030968613607E+01
   0.853076274066482E-02
   0.341595258616756E+01
   0.801559656866522E-02
   0.369021870733617E+01
   0.791154627491181E-02
   0.403154530703865E+01
   0.796751690619781E-02
   0.434226568998789E+01
   0.821854709460637E-02
   0.457619952734283E+01
   0.847974481620774E-02
   0.474850968718319E+01
   0.875029040631293E-02
   0.488510388186312E+01
   0.908411151870842E-02
   0.497657527502806E+01
   0.938694647325265E-02
   0.501335303380134E+01
   0.959652171026197E-02
   0.499598775527838E+01
   0.968499567757506E-02
   0.493219861074918E+01
   0.966552606004760E-02
   0.483647532882429E+01
   0.958303009691402E-02
   0.472809496539727E+01
   0.948611255223374E-02
   0.462676207594090E+01
   0.943187726634661E-02
   0.452733238773045E+01
   0.938800136364455E-02
   0.442990501466963E+01
   0.934401018673833E-02
   0.784174238798203E+00
   0.728310188459418E-02
   0.717686024585756E+00
   0.727924576819417E-02
   0.648111418200456E+00
   0.726062126179521E-02
   0.575800083235085E+00
   0.723071325157137E-02
   0.501454919379113E+00
   0.718603575108514E-02
   0.430926665164663E+00
   0.713950624412728E-02
   0.368679600185562E+00
   0.710506573101373E-02
   0.312921083295034E+00
   0.708123123079240E-02
   0.261892125963547E+00
   0.706005662235287E-02
   0.222146637846963E+00
   0.704753729762992E-02
   0.203407250269289E+00
   0.706107019586175E-02
   0.202142611857667E+00
   0.708050966620711E-02
   0.219690626892096E+00
   0.710494692497718E-02
   0.259833690019397E+00
   0.713573035114139E-02
   0.323414108586898E+00
   0.718007798585584E-02
   0.403382817731966E+00
   0.726834702343154E-02
   0.484236760068589E+00
   0.747038506728916E-02
   0.501432439868556E+00
   0.768318150609878E-02
   0.376418739499817E+00
   0.741666054967292E-02
   0.229867357309319E+00
   0.703958865057903E-02
   0.158275810116326E+00
   0.667364328191536E-02
   0.220257125470441E+00
   0.646645863702006E-02
   0.353222299053360E+00
   0.635867907778994E-02
   0.509678099671658E+00
   0.634371531424615E-02
   0.656936245384808E+00
   0.637458865245477E-02
   0.790591621278080E+00
   0.644784810174016E-02
   0.915363527086406E+00
   0.659714448353097E-02
   0.102380321541429E+01
   0.680435253783010E-02
   0.110119061075854E+01
   0.701290303394561E-02
   0.113670874901946E+01
   0.716032424115564E-02
   0.113164791138323E+01
   0.723761193016546E-02
   0.109510317944190E+01
   0.726495444173722E-02
   0.103919920079095E+01
   0.726089581486370E-02
   0.979820782195349E+00
   0.726792224457222E-02
   0.918255096890364E+00
   0.727952510279738E-02
   0.849755762052790E+00
   0.727681855524829E-02
  -0.376691709411017E+01
   0.489518929575057E-02
  -0.379505997740021E+01
   0.490932942149247E-02
  -0.382821876491699E+01
   0.490276726537536E-02
  -0.386522010308855E+01
   0.487778724223645E-02
  -0.390370361143884E+01
   0.483822227209218E-02
  -0.393474218293584E+01
   0.479649540111817E-02
  -0.395469950954078E+01
   0.476286428079376E-02
  -0.396217039035185E+01
   0.474443706746700E-02
  -0.395812599856069E+01
   0.473815713538401E-02
  -0.394233043984762E+01
   0.474184302855210E-02
  -0.391560252488463E+01
   0.474755190738287E-02
  -0.388175427118271E+01
   0.475450952076853E-02
  -0.384231360145863E+01
   0.476891774532799E-02
  -0.379746095281764E+01
   0.479832177196020E-02
  -0.375253337819673E+01
   0.484475118321105E-02
  -0.371574082562300E+01
   0.491983784624232E-02
  -0.370006900709012E+01
   0.503074878643967E-02
  -0.372724877893940E+01
   0.513720383873150E-02
  -0.380794670472210E+01
   0.514155303226029E-02
  -0.391408445853388E+01
   0.504005619718140E-02
  -0.400730949630248E+01
   0.487395476774592E-02
  -0.406156436509811E+01
   0.469392161055210E-02
  -0.407488439297313E+01
   0.453512375209694E-02
  -0.405161236460252E+01
   0.442349814408480E-02
  -0.400074300514632E+01
   0.437217123711392E-02
  -0.392950232420691E+01
   0.438776927852624E-02
  -0.384617887793739E+01
   0.446137790853142E-02
  -0.376519467806831E+01
   0.456820269120277E-02
  -0.369984073182344E+01
   0.468107584745542E-02
  -0.365923296381762E+01
   0.477046502204776E-02
  -0.364554307314809E+01
   0.481894606795701E-02
  -0.365351279315293E+01
   0.483379029333358E-02
  -0.367384727228304E+01
   0.483395406110821E-02
  -0.369758110871270E+01
   0.483900340977571E-02
  -0.372053498489630E+01
   0.485193130305539E-02
  -0.374279533318217E+01
   0.487124317362707E-02
  -0.100014042650288E+02
   0.273949750063367E-02
  -0.994222482220650E+01
   0.276564078167543E-02
  -0.989086838438963E+01
   0.277795526179212E-02
  -0.984228958450319E+01
   0.278094676266058E-02
  -0.978031644216974E+01
   0.279377140759775E-02
  -0.969861741306251E+01
   0.282252723815892E-02
  -0.959157727987194E+01
   0.287282112589395E-02
  -0.945442266196850E+01
   0.294986193849421E-02
  -0.930967823495543E+01
   0.303278235972709E-02
  -0.916251926500314E+01
   0.311854892310505E-02
  -0.902166602713750E+01
   0.320152646737286E-02
  -0.889923917555735E+01
   0.327657618303902E-02
  -0.878588064332788E+01
   0.336156794508598E-02
  -0.872556526000244E+01
   0.340475974045050E-02
  -0.871825137051891E+01
   0.341198198437020E-02
  -0.876820626120962E+01
   0.338261807576871E-02
  -0.888407312125974E+01
   0.330890513581865E-02
  -0.907837711218203E+01
   0.317475096953239E-02
  -0.928975891362441E+01
   0.304967898707443E-02
  -0.951243701599644E+01
   0.292883919901642E-02
  -0.973409920807732E+01
   0.281287129632714E-02
  -0.995087328766157E+01
   0.269337335225982E-02
  -0.101531665271776E+02
   0.257469098550561E-02
  -0.102912538214900E+02
   0.249856491751077E-02
  -0.103725053983419E+02
   0.245837124974996E-02
  -0.104077594061678E+02
   0.244634687796464E-02
  -0.104106413598502E+02
   0.245333507889709E-02
  -0.103959272246920E+02
   0.246948403179215E-02
  -0.103755667321748E+02
   0.248676975353834E-02
  -0.103553087435945E+02
   0.250145787726735E-02
  -0.103363050111549E+02
   0.251321762305775E-02
  -0.103144908218049E+02
   0.252591679512574E-02
  -0.102851591131066E+02
   0.254395945916860E-02
  -0.102409003431026E+02
   0.257378704240193E-02
  -0.101738764637415E+02
   0.262159499572905E-02
  -0.100759670120074E+02
   0.269349754559690E-02
