   0.197550026497757E+01
   0.416191741724972E-02
   0.877368819608825E+00
   0.397467716633833E-02
   0.160693358610354E+00
   0.383250578482145E-02
  -0.251050274793420E+00
   0.372949432709069E-02
  -0.337097351945777E+00
   0.366566005716084E-02
   0.333392527478998E-01
   0.364567801497273E-02
  -0.452868332298507E+00
   0.368918574203536E-02
  -0.419843063313116E+00
   0.378315330322604E-02
   0.108000264621596E+00
   0.392857007622151E-02
   0.113103629790551E+01
   0.412691864209832E-02
   0.265763719949335E+01
   0.437835426114513E-02
   0.491462160372265E+01
   0.467519216514697E-02
   0.816202502293365E+01
   0.500612240445456E-02
   0.110129219665796E+02
   0.535248718070447E-02
   0.135822406411814E+02
   0.569531209597763E-02
   0.158943510990600E+02
   0.601925270900287E-02
   0.178573438512054E+02
   0.631345039154499E-02
   0.194494491185883E+02
   0.657099660043020E-02
   0.206872296039253E+02
   0.678799756671861E-02
   0.216057182072786E+02
   0.696456578009905E-02
   0.222451154760890E+02
   0.710459314774308E-02
   0.226403708425747E+02
   0.721062686874262E-02
   0.228125105674951E+02
   0.728231147962058E-02
   0.227625301931798E+02
   0.731619090619154E-02
   0.224715455316186E+02
   0.730593169526066E-02
   0.219061719115768E+02
   0.724552244709880E-02
   0.210216219204562E+02
   0.713208254031157E-02
   0.197610535516483E+02
   0.696375634672720E-02
   0.180527710876622E+02
   0.673935656245928E-02
   0.158077929671385E+02
   0.646044544813851E-02
   0.129205119030129E+02
   0.613377568590485E-02
   0.927223742631736E+01
   0.577243937069138E-02
   0.644220827162827E+01
   0.539592784765099E-02
   0.436848935344020E+01
   0.502804954843423E-02
   0.296524254889134E+01
   0.469133307845711E-02
   0.217497297318972E+01
   0.440094055131598E-02
   0.494017484545313E+01
   0.523455987730901E-02
   0.552761409028706E+01
   0.504360724883205E-02
   0.531720899851711E+01
   0.487291293524552E-02
   0.449859025661509E+01
   0.469733213656571E-02
   0.292033757619443E+01
   0.456347242950095E-02
   0.219473865839738E+01
   0.450051380019067E-02
   0.195897736163278E+01
   0.450328340315057E-02
   0.218433888511726E+01
   0.457815660327609E-02
   0.292302213551271E+01
   0.471333029577819E-02
   0.435184101449425E+01
   0.489190753960051E-02
   0.461094261825886E+01
   0.514230889815228E-02
   0.548322329375777E+01
   0.544051711665706E-02
   0.705091525711894E+01
   0.589043178960299E-02
   0.921990046022799E+01
   0.641052059391069E-02
   0.121160488774763E+02
   0.691331341061766E-02
   0.160687844355374E+02
   0.737784044651706E-02
   0.187747813906830E+02
   0.779504622433849E-02
   0.205744600342605E+02
   0.814937170589076E-02
   0.217171611222038E+02
   0.840255897940688E-02
   0.223988961077997E+02
   0.854744657085995E-02
   0.227886284166331E+02
   0.867139068934954E-02
   0.230297780269839E+02
   0.880311304297168E-02
   0.232197904213346E+02
   0.894589148242151E-02
   0.233589218113551E+02
   0.909211340564556E-02
   0.233624148101141E+02
   0.917917556741317E-02
   0.231545897194824E+02
   0.915392827825611E-02
   0.226894531820317E+02
   0.905587483928519E-02
   0.219319500463602E+02
   0.889829902240606E-02
   0.208251990752577E+02
   0.866134588690241E-02
   0.192551391480300E+02
   0.832179263768982E-02
   0.170545591128578E+02
   0.787408823062594E-02
   0.140522686728530E+02
   0.734482786153533E-02
   0.101125453592994E+02
   0.675769139335103E-02
   0.756558489130406E+01
   0.620382578489773E-02
   0.599604129185923E+01
   0.576637272520918E-02
   0.514704375775227E+01
   0.546303542394990E-02
   0.742855021729479E+01
   0.690202025335278E-02
   0.705837936745576E+01
   0.671442091141045E-02
   0.657368523361125E+01
   0.651191212918373E-02
   0.591498616685014E+01
   0.615912404878118E-02
   0.519433420222515E+01
   0.582737741915911E-02
   0.477051611421392E+01
   0.575126356561809E-02
   0.464261247944665E+01
   0.581179516473177E-02
   0.482407391142925E+01
   0.597330498910625E-02
   0.531815916163038E+01
   0.618597240016641E-02
   0.618930946275064E+01
   0.644424152629752E-02
   0.757320713527743E+01
   0.665357921061013E-02
   0.793246496750053E+01
   0.646121642750328E-02
   0.950338988451089E+01
   0.701947964076032E-02
   0.116466878588061E+02
   0.767676942531798E-02
   0.143699682408786E+02
   0.814665557184172E-02
   0.180816252450773E+02
   0.861666993019538E-02
   0.203977023765948E+02
   0.912167361186848E-02
   0.217779596972832E+02
   0.965055374858635E-02
   0.224798390265658E+02
   0.995491639716054E-02
   0.227054642220880E+02
   0.982498773585079E-02
   0.226718792812654E+02
   0.986176521803469E-02
   0.226236300350596E+02
   0.100054347364611E-01
   0.228255605892696E+02
   0.102157747990393E-01
   0.232470131177295E+02
   0.106148422006238E-01
   0.235355614657609E+02
   0.109101930788121E-01
   0.235451995650229E+02
   0.107712664513433E-01
   0.232700127138602E+02
   0.106253866368908E-01
   0.227630007874445E+02
   0.105136047555108E-01
   0.220611901594787E+02
   0.103157081603448E-01
   0.210249772062863E+02
   0.994141597198411E-02
   0.193271348054299E+02
   0.936726202518093E-02
   0.166627854452554E+02
   0.879072523753266E-02
   0.127298966652992E+02
   0.806213358772773E-02
   0.102931137522818E+02
   0.747923861190120E-02
   0.885698348013920E+01
   0.719333392415684E-02
   0.798742700463433E+01
   0.709425375913418E-02
   0.102178775600678E+02
   0.900750813317034E-02
   0.966426905772241E+01
   0.868248800529900E-02
   0.909777699492898E+01
   0.834372322487402E-02
   0.850640348956526E+01
   0.800425743304970E-02
   0.793429682757562E+01
   0.762239009281474E-02
   0.755739100513191E+01
   0.744659244823385E-02
   0.740956442615735E+01
   0.748412188897187E-02
   0.747284425121716E+01
   0.760171662958592E-02
   0.773457232473067E+01
   0.770992768819524E-02
   0.821370093996216E+01
   0.770739043391014E-02
   0.896471357762548E+01
   0.775264426591587E-02
   0.100846533568392E+02
   0.751378202638208E-02
   0.128827830112937E+02
   0.831297591462023E-02
   0.153283257781897E+02
   0.868897774319041E-02
   0.177262609774045E+02
   0.894734187558614E-02
   0.200893438381897E+02
   0.932532488197772E-02
   0.217589132774954E+02
   0.979658521233404E-02
   0.226602088759777E+02
   0.102540006169816E-01
   0.229145793458883E+02
   0.105135263672805E-01
   0.226649570397271E+02
   0.105651568774563E-01
   0.221162593973104E+02
   0.106870323662441E-01
   0.215936894963097E+02
   0.107650802961301E-01
   0.218407017973665E+02
   0.109512935300160E-01
   0.228296286589638E+02
   0.117766092555496E-01
   0.234422025969960E+02
   0.120331593383066E-01
   0.235823562866837E+02
   0.117712223995783E-01
   0.233355822689466E+02
   0.118930749372235E-01
   0.228938372809637E+02
   0.116150604213592E-01
   0.225414445252676E+02
   0.113748342662697E-01
   0.221324621501415E+02
   0.111032388384364E-01
   0.209977906142265E+02
   0.106714698495707E-01
   0.187533090536785E+02
   0.101578073817969E-01
   0.151049325613905E+02
   0.962443602269825E-02
   0.129187644520948E+02
   0.930953023948300E-02
   0.116547850861517E+02
   0.923378636803981E-02
   0.108384645585698E+02
   0.915661549999942E-02
   0.127379373875734E+02
   0.111784277466652E-01
   0.121418714264859E+02
   0.106848736451690E-01
   0.115611313686301E+02
   0.101623351163203E-01
   0.110177408191919E+02
   0.974965817887069E-02
   0.105295675087261E+02
   0.938412349648453E-02
   0.101697216045087E+02
   0.914459167261892E-02
   0.996692709607211E+01
   0.905721783983589E-02
   0.991428087589703E+01
   0.904373172761861E-02
   0.100047653776353E+02
   0.901310975096902E-02
   0.102665725018925E+02
   0.892190183254006E-02
   0.107745016838982E+02
   0.868940737729352E-02
   0.118295488896312E+02
   0.853226217377821E-02
   0.145181329366174E+02
   0.924634263637705E-02
   0.170935344921129E+02
   0.941381158522412E-02
   0.193434968706230E+02
   0.955120891787589E-02
   0.213359747155740E+02
   0.992485200533727E-02
   0.226760857083380E+02
   0.104763075916432E-01
   0.231998637897890E+02
   0.109846754328803E-01
   0.230679011149423E+02
   0.111675207838345E-01
   0.223574149949469E+02
   0.111159334990386E-01
   0.212272840669563E+02
   0.113653744401707E-01
   0.198697871740336E+02
   0.112122236700886E-01
   0.201730248533322E+02
   0.116363898501936E-01
   0.223001475502977E+02
   0.127327137046597E-01
   0.232038955975013E+02
   0.124907658917173E-01
   0.233823646794929E+02
   0.126147236446989E-01
   0.230087136953113E+02
   0.127942400264574E-01
   0.224092245411532E+02
   0.124544442296153E-01
   0.223762166333165E+02
   0.120206046913516E-01
   0.228240650608057E+02
   0.118832796643912E-01
   0.222908918847223E+02
   0.115179075733062E-01
   0.204576164094852E+02
   0.111918149981068E-01
   0.170917271295779E+02
   0.110606152922240E-01
   0.151697980479587E+02
   0.109806817472965E-01
   0.140846083586955E+02
   0.112922365687748E-01
   0.133563132513084E+02
   0.114325686799524E-01
   0.148794544033422E+02
   0.129872466465246E-01
   0.142829176196587E+02
   0.122897813750830E-01
   0.137260471742107E+02
   0.116506065547092E-01
   0.132358455194622E+02
   0.112058032715805E-01
   0.128132779136296E+02
   0.108832423510344E-01
   0.124786670435962E+02
   0.106335349571827E-01
   0.122450491440463E+02
   0.104510039045332E-01
   0.121138419703683E+02
   0.103151902284935E-01
   0.120908360768300E+02
   0.101806780404371E-01
   0.122135770996721E+02
   0.100799558152151E-01
   0.125493661697697E+02
   0.994811683682531E-02
   0.133090958715512E+02
   0.965173365132311E-02
   0.150728667426934E+02
   0.976814580390562E-02
   0.179574343200167E+02
   0.101228361314711E-01
   0.201221028730399E+02
   0.101807721848773E-01
   0.220681353991806E+02
   0.106365164821518E-01
   0.232667086366958E+02
   0.113199877246537E-01
   0.234457955136410E+02
   0.118663322141951E-01
   0.229910161262338E+02
   0.117885415196721E-01
   0.218562178275063E+02
   0.119058132421868E-01
   0.201804679329928E+02
   0.120377572271663E-01
   0.193417337372722E+02
   0.120382326111473E-01
   0.197324838415396E+02
   0.123063203487018E-01
   0.219694507963034E+02
   0.131124033017261E-01
   0.228865381859071E+02
   0.130383268776797E-01
   0.230163231709254E+02
   0.133838774346342E-01
   0.223865061486465E+02
   0.133882480477301E-01
   0.213000776885809E+02
   0.129341171275809E-01
   0.215447708361349E+02
   0.123785656588125E-01
   0.232973194734153E+02
   0.123290621430723E-01
   0.233406177385966E+02
   0.121518307048506E-01
   0.218724718216747E+02
   0.120437673948662E-01
   0.187573936837142E+02
   0.124749002873243E-01
   0.170846157892530E+02
   0.127947418649616E-01
   0.161573343465670E+02
   0.134287880192564E-01
   0.154899495937171E+02
   0.134538453760619E-01
   0.166487387560573E+02
   0.142369994481287E-01
   0.160802727313881E+02
   0.134332799176976E-01
   0.155735775188915E+02
   0.128060106884692E-01
   0.151445177718804E+02
   0.124139179425148E-01
   0.147802636012735E+02
   0.121509269951511E-01
   0.144769896828249E+02
   0.119228540555746E-01
   0.142356038905933E+02
   0.116965612493152E-01
   0.140605343265661E+02
   0.114856145890329E-01
   0.139671593679565E+02
   0.113185555309145E-01
   0.139955333159476E+02
   0.112680343941753E-01
   0.141945609454527E+02
   0.112397560931874E-01
   0.146942822018551E+02
   0.108957832468183E-01
   0.158753413786251E+02
   0.104004486892646E-01
   0.183353467620860E+02
   0.104945859117581E-01
   0.203084700193757E+02
   0.108093094269618E-01
   0.224270267143594E+02
   0.112114095894739E-01
   0.236217521963352E+02
   0.123301409466607E-01
   0.233979894119961E+02
   0.129695921142500E-01
   0.227007249366311E+02
   0.127256302194707E-01
   0.211649397791064E+02
   0.128206432374807E-01
   0.200710652920081E+02
   0.131504601261049E-01
   0.195589673233026E+02
   0.133073990892237E-01
   0.198695418619886E+02
   0.130868825843571E-01
   0.216560307069934E+02
   0.134496825191642E-01
   0.224256152634354E+02
   0.136231968210950E-01
   0.225058358893463E+02
   0.137505363228406E-01
   0.215604446530184E+02
   0.138041978154538E-01
   0.210352188488905E+02
   0.134165223791497E-01
   0.215422687233668E+02
   0.128954958578850E-01
   0.237734820790886E+02
   0.123679005963876E-01
   0.242027352117416E+02
   0.125095928384799E-01
   0.230383173559449E+02
   0.127777862007571E-01
   0.201565394834199E+02
   0.138593875756593E-01
   0.187075087005291E+02
   0.147859228120373E-01
   0.178783727505596E+02
   0.152866189038010E-01
   0.172446424043301E+02
   0.149486080033637E-01
   0.180983633824265E+02
   0.151351589472491E-01
   0.175838825586401E+02
   0.144748780410821E-01
   0.171406195748899E+02
   0.140249393431711E-01
   0.167714082639989E+02
   0.137690682966914E-01
   0.164563830669638E+02
   0.135419965682297E-01
   0.161848954486494E+02
   0.133091617293331E-01
   0.159502171913373E+02
   0.130398381430213E-01
   0.157553729025842E+02
   0.127679959263845E-01
   0.156176863473803E+02
   0.125517986704486E-01
   0.155739468325378E+02
   0.124993035370803E-01
   0.156601493125358E+02
   0.125071412565394E-01
   0.159512014137434E+02
   0.120867807322756E-01
   0.166936320859398E+02
   0.113581110612545E-01
   0.182570494748572E+02
   0.109403259402409E-01
   0.199362084077060E+02
   0.115866271092310E-01
   0.225076137623851E+02
   0.118975563023900E-01
   0.238350951077638E+02
   0.133930371833159E-01
   0.230238570914814E+02
   0.144174215386634E-01
   0.222166823084119E+02
   0.140242512408821E-01
   0.212227391412563E+02
   0.138796986647964E-01
   0.204730859480009E+02
   0.147339048780443E-01
   0.201094094255533E+02
   0.147722016056040E-01
   0.202715073991049E+02
   0.141289304541981E-01
   0.211760691504774E+02
   0.137615137075306E-01
   0.217492701699532E+02
   0.139002040968790E-01
   0.218767963276791E+02
   0.142816710909178E-01
   0.214840016608491E+02
   0.144835161225183E-01
   0.212951560155021E+02
   0.144626930527902E-01
   0.218805961156495E+02
   0.136742962138381E-01
   0.241858995114885E+02
   0.122986300326633E-01
   0.248810913877584E+02
   0.128463467607693E-01
   0.239759125102221E+02
   0.135106998291556E-01
   0.213403788945683E+02
   0.154656929744126E-01
   0.200446579636015E+02
   0.164261543854548E-01
   0.192554779012166E+02
   0.162574039790454E-01
   0.186556447953276E+02
   0.158176121349726E-01
   0.192871629398807E+02
   0.162658393936263E-01
   0.188373055891841E+02
   0.158916092307766E-01
   0.184521268789091E+02
   0.155998276119578E-01
   0.181323777978745E+02
   0.154246305860155E-01
   0.178606396891722E+02
   0.152532649433326E-01
   0.176228419928805E+02
   0.150789278330845E-01
   0.174060876134815E+02
   0.148713656921479E-01
   0.172074179386872E+02
   0.146507329385584E-01
   0.170394289348493E+02
   0.144432214100641E-01
   0.169285186120086E+02
   0.142298640847420E-01
   0.169105623913432E+02
   0.139421415382416E-01
   0.170502207625269E+02
   0.132783147596864E-01
   0.175193525379720E+02
   0.125207112046963E-01
   0.186360852371356E+02
   0.119475029926321E-01
   0.199618126492010E+02
   0.119407381498581E-01
   0.223930195814620E+02
   0.119958425175904E-01
   0.240303474092059E+02
   0.140316014438110E-01
   0.232146451715094E+02
   0.158665696968480E-01
   0.223813108554414E+02
   0.153293346601652E-01
   0.217156069800972E+02
   0.148578116577635E-01
   0.210568834817935E+02
   0.158839733541108E-01
   0.207451933644948E+02
   0.157941810709639E-01
   0.208175621833929E+02
   0.151434441049415E-01
   0.213196621721668E+02
   0.148861733165640E-01
   0.217982858323763E+02
   0.148274462869497E-01
   0.219668662948330E+02
   0.152846170676552E-01
   0.218265062288299E+02
   0.155019369402380E-01
   0.217795099259610E+02
   0.154898680399959E-01
   0.223041251251363E+02
   0.144013409600414E-01
   0.244516060117296E+02
   0.125030393094026E-01
   0.253729127872072E+02
   0.133894382505402E-01
   0.246964423553483E+02
   0.143466952785032E-01
   0.222971711303873E+02
   0.169955597755052E-01
   0.210945076421430E+02
   0.173447732019207E-01
   0.203367281415033E+02
   0.168321186453958E-01
   0.197856103689837E+02
   0.166412311608397E-01
   0.202596319967728E+02
   0.174903162370252E-01
   0.198681013613878E+02
   0.172491389174707E-01
   0.195311536798018E+02
   0.170325841160924E-01
   0.192519707389508E+02
   0.168900781457050E-01
   0.190180254102947E+02
   0.167865230674861E-01
   0.188119765895371E+02
   0.166941324001476E-01
   0.186147586984524E+02
   0.165697577918394E-01
   0.184142957416464E+02
   0.163889140897369E-01
   0.182183667086390E+02
   0.161789775190977E-01
   0.180495619737259E+02
   0.158784034757631E-01
   0.179472287431747E+02
   0.154559844908531E-01
   0.179773238987412E+02
   0.147636537008141E-01
   0.182836994637690E+02
   0.136243903707697E-01
   0.192272520973580E+02
   0.130683615098441E-01
   0.201751391991285E+02
   0.129601911675251E-01
   0.220042322487112E+02
   0.124358847686950E-01
   0.242167301137142E+02
   0.144597329943650E-01
   0.236921847450980E+02
   0.168337120818040E-01
   0.228100454830682E+02
   0.170474088435185E-01
   0.224519794324466E+02
   0.156519241052782E-01
   0.216439727137220E+02
   0.169968369198123E-01
   0.213498950725908E+02
   0.167888640197320E-01
   0.213618379482585E+02
   0.164145611051436E-01
   0.216817239948567E+02
   0.160865389240364E-01
   0.221650916954733E+02
   0.160588939843818E-01
   0.223592828789641E+02
   0.165839356059771E-01
   0.223403063100177E+02
   0.166845782011360E-01
   0.223197894213109E+02
   0.164874881139944E-01
   0.226948488539175E+02
   0.152830129017896E-01
   0.244945153710385E+02
   0.133712880251626E-01
   0.256825225832789E+02
   0.142333606742885E-01
   0.252122609719680E+02
   0.153170072284073E-01
   0.230506656619889E+02
   0.184042559855695E-01
   0.219243442678697E+02
   0.184741270450153E-01
   0.212020553548926E+02
   0.177913216438434E-01
   0.206973553227434E+02
   0.176965251865445E-01
   0.210550018437581E+02
   0.186972101302698E-01
   0.207072582137793E+02
   0.184866322076113E-01
   0.204074593548409E+02
   0.183074527578691E-01
   0.201604335126321E+02
   0.181969330028254E-01
   0.199579195763883E+02
   0.181793162269931E-01
   0.197789273474069E+02
   0.181750538933265E-01
   0.195989714480909E+02
   0.181348585882026E-01
   0.193963903036342E+02
   0.179780005068734E-01
   0.191741428453454E+02
   0.177153543856796E-01
   0.189559448905442E+02
   0.172884113027680E-01
   0.187875763971731E+02
   0.167123070207778E-01
   0.187397651941691E+02
   0.159235471126455E-01
   0.189587054145695E+02
   0.148343456675026E-01
   0.199488832574083E+02
   0.141756330480749E-01
   0.205059694663755E+02
   0.148152500800567E-01
   0.219687481995806E+02
   0.134098366199174E-01
   0.244195390827054E+02
   0.146876753713964E-01
   0.244402352689346E+02
   0.169559326042519E-01
   0.232828459197838E+02
   0.185538497116753E-01
   0.226948170049211E+02
   0.173516338782496E-01
   0.221456575745620E+02
   0.181585291104071E-01
   0.219103899911195E+02
   0.180059793542270E-01
   0.218965587202920E+02
   0.175859371624926E-01
   0.221403452002009E+02
   0.170204257106309E-01
   0.227346031168821E+02
   0.166931556866758E-01
   0.229154305859609E+02
   0.178073994743459E-01
   0.229549187610180E+02
   0.177446693423220E-01
   0.229051467676710E+02
   0.175641850253866E-01
   0.230916356182700E+02
   0.164941855294284E-01
   0.242444834994688E+02
   0.153626300065453E-01
   0.258408362912247E+02
   0.154245499714469E-01
   0.255478343273940E+02
   0.165104078210481E-01
   0.236246107436330E+02
   0.198092782125423E-01
   0.225803537084710E+02
   0.196244161406505E-01
   0.219054501382051E+02
   0.189196920851457E-01
   0.214445664820793E+02
   0.188578832198032E-01
   0.216839955515445E+02
   0.197528799827099E-01
   0.213673626010521E+02
   0.195392287027964E-01
   0.210949835880441E+02
   0.193857405227457E-01
   0.208718139400231E+02
   0.193240511946979E-01
   0.206914601603878E+02
   0.193818094064712E-01
   0.205312404521445E+02
   0.194550353479720E-01
   0.203625759112046E+02
   0.194832844111140E-01
   0.201556866736505E+02
   0.193312441768505E-01
   0.199101776820765E+02
   0.189805904111948E-01
   0.196558995178902E+02
   0.184154532443722E-01
   0.194458070863844E+02
   0.176880428366298E-01
   0.193558649467356E+02
   0.168817072732267E-01
   0.195121153933409E+02
   0.161976779728762E-01
   0.201772725911080E+02
   0.157913195759398E-01
   0.208274405113584E+02
   0.165298319398236E-01
   0.221121468312758E+02
   0.150021002415974E-01
   0.245824832834866E+02
   0.153836452238071E-01
   0.248734476515984E+02
   0.169311448520990E-01
   0.237158115429505E+02
   0.191460563263453E-01
   0.230242154828682E+02
   0.186965749662820E-01
   0.225841930342606E+02
   0.188678463845000E-01
   0.224127282056472E+02
   0.191035467028599E-01
   0.224021647826065E+02
   0.186943778053845E-01
   0.226224166794353E+02
   0.179607624175549E-01
   0.234899151181933E+02
   0.166715410357379E-01
   0.235535252591411E+02
   0.181000693868780E-01
   0.236491372856129E+02
   0.182400009763638E-01
   0.235316006217241E+02
   0.187392334798678E-01
   0.235283081861800E+02
   0.179797124596857E-01
   0.242698680109127E+02
   0.169657071909087E-01
   0.258945650355052E+02
   0.164125926377724E-01
   0.257172459198275E+02
   0.177343442555019E-01
   0.240275864660883E+02
   0.210771412815726E-01
   0.230792732509858E+02
   0.206501785397381E-01
   0.224604472833130E+02
   0.199796958511328E-01
   0.220378041364348E+02
   0.199092539023152E-01
   0.221549024381998E+02
   0.206986840158415E-01
   0.218598943189952E+02
   0.204819418494779E-01
   0.216058200045696E+02
   0.203384364278474E-01
   0.213963548754690E+02
   0.202950416629174E-01
   0.212258826384433E+02
   0.203488630943090E-01
   0.210733981345002E+02
   0.204346334810065E-01
   0.209086401509916E+02
   0.204781744759307E-01
   0.206963255615838E+02
   0.203014009324969E-01
   0.204345202873193E+02
   0.198714047833547E-01
   0.201620637096897E+02
   0.192392509807133E-01
   0.199382058575717E+02
   0.185111466851577E-01
   0.198385143812828E+02
   0.179271617392716E-01
   0.199566273725134E+02
   0.175814513973208E-01
   0.204365783531483E+02
   0.168636760120474E-01
   0.211043340381222E+02
   0.173953805029666E-01
   0.223173751880771E+02
   0.169441174811083E-01
   0.246852065442274E+02
   0.168724128887256E-01
   0.251119585243263E+02
   0.172765241428289E-01
   0.241248263338723E+02
   0.188816854253096E-01
   0.233512814314930E+02
   0.199492031453048E-01
   0.229669354137636E+02
   0.198815432559813E-01
   0.228450636356354E+02
   0.201661938321278E-01
   0.228515489902597E+02
   0.198230971184764E-01
   0.230549336104278E+02
   0.191265709917771E-01
   0.238881062166627E+02
   0.173897293583701E-01
   0.242548082496800E+02
   0.182875864323859E-01
   0.244501536937955E+02
   0.180942883996801E-01
   0.241851897216586E+02
   0.194804354366716E-01
   0.239749447550455E+02
   0.195841890322127E-01
   0.244188351621664E+02
   0.184514481433960E-01
   0.258525501139207E+02
   0.171179520428430E-01
   0.257249976528275E+02
   0.187182720600321E-01
   0.242644597963045E+02
   0.216418043808283E-01
   0.234316381935860E+02
   0.213901945129546E-01
   0.228753003297013E+02
   0.209669353630977E-01
   0.224834088952689E+02
   0.208652158608796E-01
   0.224735166145796E+02
   0.215225563536331E-01
   0.221926414793672E+02
   0.213137219187634E-01
   0.219485891727764E+02
   0.211653551501866E-01
   0.217429210250177E+02
   0.210679436386519E-01
   0.215714125892802E+02
   0.210186992555229E-01
   0.214169932726242E+02
   0.210381765206079E-01
   0.212505711928718E+02
   0.210717314729766E-01
   0.210338166636522E+02
   0.209038217874378E-01
   0.207650258485059E+02
   0.204660348022883E-01
   0.204924975324674E+02
   0.199148299403018E-01
   0.202779504413059E+02
   0.193823965896622E-01
   0.201880140964517E+02
   0.190194950455718E-01
   0.202825500517420E+02
   0.186180155045326E-01
   0.206620789522143E+02
   0.179027230320810E-01
   0.213260205724974E+02
   0.183205007595455E-01
   0.224994959233214E+02
   0.188758527703792E-01
   0.247060476145347E+02
   0.178894997458661E-01
   0.251986687402768E+02
   0.173673138698932E-01
   0.245922930827847E+02
   0.180687498773842E-01
   0.236135164727882E+02
   0.205157522380443E-01
   0.232765281236811E+02
   0.209554374280690E-01
   0.231933079866638E+02
   0.211064888869076E-01
   0.232230123514179E+02
   0.208394998461015E-01
   0.234094893019660E+02
   0.205652223108822E-01
   0.239488557285842E+02
   0.188551785208677E-01
   0.245397563885984E+02
   0.188763304982562E-01
   0.248805440518574E+02
   0.185258143575988E-01
   0.248766197751087E+02
   0.193984379260191E-01
   0.243925330508428E+02
   0.211949986919816E-01
   0.245933580186831E+02
   0.200924551720095E-01
   0.257173446779551E+02
   0.180330949163904E-01
   0.255492035880734E+02
   0.198391566514712E-01
   0.243631051447335E+02
   0.221640454625478E-01
   0.236538885331289E+02
   0.221316931223739E-01
   0.231554012777986E+02
   0.218826170889267E-01
   0.227855967557285E+02
   0.217124243445392E-01
   0.226446122526217E+02
   0.221026488264162E-01
   0.223721028735067E+02
   0.219226792462644E-01
   0.221322859941567E+02
   0.217732991477976E-01
   0.219254288667354E+02
   0.216032391430598E-01
   0.217478259265369E+02
   0.214441002309906E-01
   0.215870995098870E+02
   0.214271999902943E-01
   0.214145409940390E+02
   0.214740521826230E-01
   0.211921603022766E+02
   0.213085867450274E-01
   0.209231373037144E+02
   0.208808761897342E-01
   0.206613450352208E+02
   0.204283751928028E-01
   0.204672580588384E+02
   0.200831587251936E-01
   0.203961629970586E+02
   0.198055919891933E-01
   0.204833280729124E+02
   0.192225204127039E-01
   0.208140059948437E+02
   0.185606708577271E-01
   0.214736522285119E+02
   0.191479204428867E-01
   0.226002602236906E+02
   0.200893613798253E-01
   0.246183753746800E+02
   0.179803316445530E-01
   0.251488496229227E+02
   0.173310940061625E-01
   0.247646358125020E+02
   0.177048456799410E-01
   0.237743211816465E+02
   0.207231117422720E-01
   0.234927673532600E+02
   0.216509069092745E-01
   0.234472756318576E+02
   0.218405876261342E-01
   0.235055237783487E+02
   0.216712030150283E-01
   0.236703781188509E+02
   0.215326000231825E-01
   0.240292798875843E+02
   0.197662684502038E-01
   0.244871276010852E+02
   0.196042292102888E-01
   0.250073809481164E+02
   0.191491700463760E-01
   0.252285869316040E+02
   0.195290313726937E-01
   0.247335638570244E+02
   0.224116989942036E-01
   0.247329783354024E+02
   0.218255393885013E-01
   0.254749420703932E+02
   0.193389347521400E-01
   0.251498425733843E+02
   0.214485131985830E-01
   0.243491863912906E+02
   0.226794038811067E-01
   0.237544172308848E+02
   0.227522438896196E-01
   0.233010033969433E+02
   0.225350564140901E-01
   0.229469888611108E+02
   0.223015947624934E-01
   0.226789216648405E+02
   0.220381711801506E-01
   0.224101899354885E+02
   0.218622963261428E-01
   0.221706462511480E+02
   0.216959443398071E-01
   0.219607313459961E+02
   0.215110166966048E-01
   0.217758366622809E+02
   0.213616505108677E-01
   0.216038963307310E+02
   0.213273305385739E-01
   0.214191326916002E+02
   0.213241549208695E-01
   0.211901682852485E+02
   0.211352326294682E-01
   0.209261768467265E+02
   0.207634035995088E-01
   0.206804668657661E+02
   0.204051084530133E-01
   0.205085634582257E+02
   0.201366267051408E-01
   0.204613690601175E+02
   0.199060823767616E-01
   0.205625873087893E+02
   0.193487098843358E-01
   0.208731044055090E+02
   0.187110760004623E-01
   0.215284746247459E+02
   0.195121853907888E-01
   0.225876505563376E+02
   0.203591409812678E-01
   0.244285080683410E+02
   0.176012752895978E-01
   0.249839192994139E+02
   0.172117427228439E-01
   0.247478657005651E+02
   0.175581348700028E-01
   0.238310046196407E+02
   0.207186861549673E-01
   0.236103061183378E+02
   0.221103082460668E-01
   0.236047872250122E+02
   0.225400319914423E-01
   0.236910199127945E+02
   0.223333208923628E-01
   0.238362193665484E+02
   0.220136918348435E-01
   0.240906494787338E+02
   0.206328776979112E-01
   0.244488921775225E+02
   0.202399805384834E-01
   0.248643984063293E+02
   0.203021761713227E-01
   0.253411439934982E+02
   0.199440492917253E-01
   0.249919630495813E+02
   0.226270608572717E-01
   0.247886799247690E+02
   0.229082283696466E-01
   0.250737485189680E+02
   0.209914686226434E-01
   0.248354978394178E+02
   0.222656101534219E-01
   0.242475775208951E+02
   0.228380195241778E-01
   0.237388048257892E+02
   0.228718495546564E-01
   0.233185574285567E+02
   0.225239984789815E-01
   0.229761107837254E+02
   0.222384052891915E-01
   0.226053004829863E+02
   0.210121461896864E-01
   0.223355920065346E+02
   0.207394413007718E-01
   0.220895116675515E+02
   0.204594110472730E-01
   0.218687229371247E+02
   0.201967254351077E-01
   0.216708927343247E+02
   0.200335028194045E-01
   0.214849355549447E+02
   0.199986731026915E-01
   0.212884306672511E+02
   0.200136788590442E-01
   0.210570890923357E+02
   0.199081898729389E-01
   0.208045174533665E+02
   0.197182235492420E-01
   0.205807824018889E+02
   0.195801055710724E-01
   0.204337358191516E+02
   0.194769802152499E-01
   0.204088227685532E+02
   0.193792685980302E-01
   0.205332668263944E+02
   0.191090018871919E-01
   0.208347575686670E+02
   0.184959526404941E-01
   0.214853733687977E+02
   0.195796593375673E-01
   0.224548007604861E+02
   0.201038819806019E-01
   0.241459046536737E+02
   0.173862505691161E-01
   0.247138045623093E+02
   0.172011028364315E-01
   0.245860832591589E+02
   0.174282679715300E-01
   0.237893181952950E+02
   0.212478967103671E-01
   0.236155918751774E+02
   0.223902868334451E-01
   0.236430732138417E+02
   0.228794424748533E-01
   0.237693274066842E+02
   0.228179290329256E-01
   0.239035565057559E+02
   0.223113280559517E-01
   0.241026554937476E+02
   0.213612198859743E-01
   0.244037414980052E+02
   0.213590097456925E-01
   0.247370163636962E+02
   0.213148314934041E-01
   0.252496601424432E+02
   0.206210284118314E-01
   0.252110329759558E+02
   0.216416779640527E-01
   0.247387931774907E+02
   0.230007301448999E-01
   0.247641662081060E+02
   0.217162065016462E-01
   0.245382389071470E+02
   0.222715236786944E-01
   0.240680605319693E+02
   0.223546824945021E-01
   0.236225067917966E+02
   0.221189732999539E-01
   0.232326257616528E+02
   0.216557999743881E-01
   0.229001127139610E+02
   0.212951135544500E-01
   0.224487668915228E+02
   0.196430373789184E-01
   0.221760657092576E+02
   0.193132387170086E-01
   0.219242072351338E+02
   0.190080630783467E-01
   0.216956906784710E+02
   0.187680316736183E-01
   0.214872739513386E+02
   0.186113295752527E-01
   0.212873168387677E+02
   0.185212765287629E-01
   0.210777780899868E+02
   0.184580463349992E-01
   0.208441072299451E+02
   0.183551811344691E-01
   0.206046187232063E+02
   0.182838477599988E-01
   0.204016185813895E+02
   0.182945972550571E-01
   0.202756267785121E+02
   0.183687195743814E-01
   0.202689181217838E+02
   0.185313901679900E-01
   0.204105031740708E+02
   0.186745321911721E-01
   0.207045929523858E+02
   0.182157481272722E-01
   0.213423739595818E+02
   0.196691771924186E-01
   0.222064776543210E+02
   0.197516137731900E-01
   0.237568153256632E+02
   0.173747234197550E-01
   0.243245659384667E+02
   0.173077816412606E-01
   0.242862693759805E+02
   0.173418616117479E-01
   0.236268267504079E+02
   0.214668643793880E-01
   0.234886870620802E+02
   0.220884649304469E-01
   0.235390371512256E+02
   0.223807086640741E-01
   0.237247071680807E+02
   0.227168043382643E-01
   0.238628962611367E+02
   0.224351998081124E-01
   0.240353667961234E+02
   0.218361473863898E-01
   0.242978731660439E+02
   0.221369660237632E-01
   0.245647475963160E+02
   0.221013911707219E-01
   0.249086508659460E+02
   0.218796946777846E-01
   0.251210213085279E+02
   0.212743530770385E-01
   0.245711572050611E+02
   0.225511627400368E-01
   0.244627136164774E+02
   0.218695972293053E-01
   0.242259716813008E+02
   0.217894826077723E-01
   0.238221310912563E+02
   0.213206434985116E-01
   0.234282020703299E+02
   0.208965502556086E-01
   0.230661769307021E+02
   0.203994240450724E-01
   0.227428681399025E+02
   0.199938812025590E-01
   0.222555198749746E+02
   0.188959101714455E-01
   0.219827255726384E+02
   0.185464771080961E-01
   0.217285960169203E+02
   0.182370620859274E-01
   0.214956021943261E+02
   0.180122752312503E-01
   0.212789110740074E+02
   0.178521239502943E-01
   0.210662414748764E+02
   0.177317667805203E-01
   0.208432880336015E+02
   0.176208695666812E-01
   0.206032778443080E+02
   0.174843271945675E-01
   0.203674589431334E+02
   0.173914429795266E-01
   0.201727606508104E+02
   0.173859564891644E-01
   0.200547617372352E+02
   0.174942028983788E-01
   0.200534666344265E+02
   0.177833369093702E-01
   0.202028597627184E+02
   0.183062671579817E-01
   0.205097041322055E+02
   0.187356228804023E-01
   0.210916471781086E+02
   0.198355992551507E-01
   0.218438895336263E+02
   0.191078730782036E-01
   0.232428923159535E+02
   0.173618967207674E-01
   0.237983258432781E+02
   0.173934942104858E-01
   0.238478859932891E+02
   0.174949598046624E-01
   0.233399817754847E+02
   0.219099856596933E-01
   0.232325298305495E+02
   0.218493389728610E-01
   0.232969874312966E+02
   0.214147804796885E-01
   0.235615963664475E+02
   0.221265710387832E-01
   0.237084726480473E+02
   0.224461456902680E-01
   0.238682025494060E+02
   0.219940161706658E-01
   0.241013975741335E+02
   0.225166154976851E-01
   0.243191895071280E+02
   0.228205411074822E-01
   0.245601544786475E+02
   0.231490204589901E-01
   0.247847151789166E+02
   0.214731858062473E-01
   0.242887209914712E+02
   0.222536159717045E-01
   0.241324408766181E+02
   0.218350382880538E-01
   0.238889474404151E+02
   0.212812825571097E-01
   0.235348990635416E+02
   0.205853011885129E-01
   0.231896344067802E+02
   0.201401039227032E-01
   0.228574391493914E+02
   0.196805652509554E-01
   0.225462163616341E+02
   0.192684415761066E-01
   0.220523217199130E+02
   0.193806710461906E-01
   0.217859372618698E+02
   0.189704091495425E-01
   0.215354836576076E+02
   0.186098044158424E-01
   0.213018563239613E+02
   0.183293980265272E-01
   0.210798924556601E+02
   0.181235407555434E-01
   0.208571763160668E+02
   0.179702116495772E-01
   0.206222664135221E+02
   0.178544764767701E-01
   0.203734575371221E+02
   0.177376336425271E-01
   0.201329184583617E+02
   0.176696581087329E-01
   0.199340607909851E+02
   0.176897488996675E-01
   0.198081387217082E+02
   0.178098623122985E-01
   0.197922211669644E+02
   0.180972197335460E-01
   0.199239490780397E+02
   0.186774646604878E-01
   0.202162422072731E+02
   0.194189550786744E-01
   0.207304590065196E+02
   0.201592518944492E-01
   0.213786690661259E+02
   0.187906038447111E-01
   0.225892643861941E+02
   0.173017905596540E-01
   0.231190506904061E+02
   0.172678741615112E-01
   0.232608018179793E+02
   0.180364504111953E-01
   0.229060931384345E+02
   0.221284647742169E-01
   0.228452890655218E+02
   0.217450940815817E-01
   0.229420654565759E+02
   0.208883212319486E-01
   0.232970904188303E+02
   0.210837445768827E-01
   0.234511869859535E+02
   0.228057647625063E-01
   0.236158382726367E+02
   0.227531931362915E-01
   0.238144465691984E+02
   0.231792901475043E-01
   0.239782833443874E+02
   0.233850423976990E-01
   0.241217431074519E+02
   0.234969249159408E-01
   0.241978439397469E+02
   0.226575987348440E-01
   0.239136784089493E+02
   0.229624086121450E-01
   0.237578820103284E+02
   0.226215149947126E-01
   0.235269996432324E+02
   0.219240908300164E-01
   0.232243374374521E+02
   0.212325149716071E-01
   0.229285514061087E+02
   0.207869429873025E-01
   0.226286290209980E+02
   0.203066551522169E-01
   0.223339996181459E+02
   0.198233035338514E-01
   0.218362597991522E+02
   0.211199331051988E-01
   0.215859952149949E+02
   0.206593813388220E-01
   0.213474545698637E+02
   0.202103872499320E-01
   0.211198809856750E+02
   0.198130091491347E-01
   0.208983559316252E+02
   0.195042115782931E-01
   0.206701139969606E+02
   0.192726673028275E-01
   0.204251691416585E+02
   0.191112015084004E-01
   0.201651272170539E+02
   0.189581201091081E-01
   0.199121906525343E+02
   0.188293788701254E-01
   0.196971179086299E+02
   0.187588332976586E-01
   0.195470132296902E+02
   0.187124682821670E-01
   0.194943792805358E+02
   0.187206903389517E-01
   0.195750770651269E+02
   0.188990698331250E-01
   0.198026626327267E+02
   0.192614953947499E-01
   0.202550703201048E+02
   0.203785193684314E-01
   0.208315438863249E+02
   0.197409322632987E-01
   0.217810187739253E+02
   0.170690771041180E-01
   0.222774990221535E+02
   0.175601009542628E-01
   0.224988564893542E+02
   0.190549874756839E-01
   0.223158080147152E+02
   0.221245662247145E-01
   0.223195054726535E+02
   0.213777543499570E-01
   0.224677437592423E+02
   0.202555730703479E-01
   0.229721516593098E+02
   0.197321343977691E-01
   0.230622878852610E+02
   0.227558501977399E-01
   0.232373201812361E+02
   0.232957961487762E-01
   0.234007086084135E+02
   0.234783696413009E-01
   0.235144314638085E+02
   0.234928796957547E-01
   0.235775821591543E+02
   0.232355213135550E-01
   0.235865300923428E+02
   0.230418590138251E-01
   0.234229579263792E+02
   0.235817744435878E-01
   0.232990785265642E+02
   0.236726557559912E-01
   0.231058788981885E+02
   0.232630393370098E-01
   0.228654608547033E+02
   0.228560643554036E-01
   0.226241522144799E+02
   0.225148722003503E-01
   0.223643896676715E+02
   0.220803574695188E-01
   0.220981516449779E+02
   0.216008911612547E-01
   0.215147249467440E+02
   0.229394911506393E-01
   0.212923678334066E+02
   0.226333289697064E-01
   0.210776948605440E+02
   0.222291540487931E-01
   0.208674447728535E+02
   0.217506789378323E-01
   0.206558292648808E+02
   0.212970125780363E-01
   0.204287600824161E+02
   0.208752894968978E-01
   0.201763146981916E+02
   0.204866404885542E-01
   0.199040146290757E+02
   0.201146860364879E-01
   0.196351707667444E+02
   0.197800058378994E-01
   0.193993207580438E+02
   0.195160428398337E-01
   0.192214334529132E+02
   0.192737425823349E-01
   0.191282845899990E+02
   0.190367595854073E-01
   0.191441519081678E+02
   0.187989482824873E-01
   0.192814229148637E+02
   0.185689489388806E-01
   0.196425230095687E+02
   0.192218486438977E-01
   0.201766354583356E+02
   0.204540843277557E-01
   0.208055268909169E+02
   0.177411462881525E-01
   0.212475943924577E+02
   0.182310703210172E-01
   0.215118329978020E+02
   0.197083418480085E-01
   0.215667900509057E+02
   0.216320518124805E-01
   0.216587757789552E+02
   0.208492953220982E-01
   0.218847029582408E+02
   0.190175878949475E-01
   0.224224737819305E+02
   0.197658490154979E-01
   0.225344778093108E+02
   0.224565898868649E-01
   0.227150972255185E+02
   0.234048042284488E-01
   0.228469322692556E+02
   0.232422862773317E-01
   0.229235883485383E+02
   0.231590754264025E-01
   0.229290839907256E+02
   0.228123492591419E-01
   0.228935805793646E+02
   0.227084931347565E-01
   0.227892214909269E+02
   0.232742420401261E-01
   0.226988369394376E+02
   0.236995295231226E-01
   0.225530450847495E+02
   0.237240031072914E-01
   0.223736704367624E+02
   0.237393040733326E-01
   0.221882986737658E+02
   0.237319436917866E-01
   0.219741644609860E+02
   0.235132859494120E-01
   0.217457867855473E+02
   0.232415597227804E-01
   0.209877723191390E+02
   0.229650921578568E-01
   0.207974841149911E+02
   0.229101825293583E-01
   0.206162202891677E+02
   0.227882628942028E-01
   0.204376800237900E+02
   0.225074720397968E-01
   0.202519705673373E+02
   0.221258879605966E-01
   0.200411552062371E+02
   0.216310563739024E-01
   0.197924605345795E+02
   0.210188015219826E-01
   0.195147072209262E+02
   0.204121265121853E-01
   0.192332675214924E+02
   0.199002092315555E-01
   0.189777984063193E+02
   0.195068913393804E-01
   0.187738746637851E+02
   0.191917287394219E-01
   0.186452626883897E+02
   0.189320109450964E-01
   0.186095175842292E+02
   0.186426868525759E-01
   0.186810505720834E+02
   0.182110586300436E-01
   0.189358338685296E+02
   0.178542728071482E-01
   0.193857148691466E+02
   0.186168799008983E-01
   0.198976273531791E+02
   0.185434586917862E-01
   0.202650037234352E+02
   0.186898684189815E-01
   0.204943071369566E+02
   0.188628548934026E-01
   0.206615827783040E+02
   0.203512303855804E-01
   0.208578439230886E+02
   0.203555416060765E-01
   0.212217786534384E+02
   0.172563898516684E-01
   0.216365067066375E+02
   0.204838001614354E-01
   0.218647811534662E+02
   0.223032022303185E-01
   0.220433220854595E+02
   0.227064014032959E-01
   0.221549698851339E+02
   0.225714711910350E-01
   0.222025231594363E+02
   0.224525614863082E-01
   0.221713979505838E+02
   0.220693690703232E-01
   0.220990396600317E+02
   0.217971155771084E-01
   0.220081288569916E+02
   0.220607141916665E-01
   0.219349346466350E+02
   0.224937547532355E-01
   0.218262155105093E+02
   0.227227184425987E-01
   0.216952304735802E+02
   0.229781286063707E-01
   0.215534753509356E+02
   0.232064273941458E-01
   0.213787327168663E+02
   0.231664513461168E-01
   0.211865817372249E+02
   0.230722909549813E-01
   0.202400679152304E+02
   0.215655735315110E-01
   0.200730603554215E+02
   0.215748801472422E-01
   0.199189737804440E+02
   0.216484450032299E-01
   0.197733327887827E+02
   0.217018611814087E-01
   0.196219342597374E+02
   0.216389533938639E-01
   0.194422765148167E+02
   0.213776695732746E-01
   0.192166373741876E+02
   0.208558432452028E-01
   0.189504113597998E+02
   0.202087078574587E-01
   0.186680167278248E+02
   0.195936971924164E-01
   0.183999349363506E+02
   0.190883578332859E-01
   0.181750651099680E+02
   0.187060555744470E-01
   0.180172686539961E+02
   0.184253223779567E-01
   0.179446164164628E+02
   0.181814562463443E-01
   0.179773987156942E+02
   0.179136226645586E-01
   0.181756506872704E+02
   0.177746213738552E-01
   0.185565256645285E+02
   0.183558946914349E-01
   0.189598433158867E+02
   0.183477546709156E-01
   0.192354542837805E+02
   0.182325680295278E-01
   0.194091059603344E+02
   0.182233204850127E-01
   0.196130023726279E+02
   0.189893620291470E-01
   0.198961498071646E+02
   0.194132562898443E-01
   0.203402091608590E+02
   0.166252541275640E-01
   0.207647242697639E+02
   0.199598765990296E-01
   0.210492977378709E+02
   0.210887709889063E-01
   0.212236785864572E+02
   0.213982804416743E-01
   0.213229449050263E+02
   0.215270486835648E-01
   0.213498009040271E+02
   0.214726835042878E-01
   0.212966064333797E+02
   0.211206886958297E-01
   0.212018712376126E+02
   0.207668429920816E-01
   0.211102330732996E+02
   0.208170912645469E-01
   0.210382233468837E+02
   0.210824413005582E-01
   0.209456726355117E+02
   0.212561723488232E-01
   0.208416248268961E+02
   0.214799757736450E-01
   0.207265201971318E+02
   0.216918082304351E-01
   0.205793779794944E+02
   0.217015247608446E-01
   0.204144146878597E+02
   0.216438594965257E-01
   0.192985641438607E+02
   0.199353912031844E-01
   0.191461837253551E+02
   0.198836185200321E-01
   0.190076008534368E+02
   0.199384355226150E-01
   0.188830391325350E+02
   0.201023348985794E-01
   0.187583379475198E+02
   0.202616423133719E-01
   0.186100450596708E+02
   0.203041693432690E-01
   0.184177078542463E+02
   0.201086090176250E-01
   0.181795075979003E+02
   0.196709484285145E-01
   0.179126650295287E+02
   0.190991033449403E-01
   0.176443551623239E+02
   0.185046636532272E-01
   0.174071277966685E+02
   0.180160391640129E-01
   0.172274170561628E+02
   0.176490862034419E-01
   0.171275652825125E+02
   0.173506140805283E-01
   0.171347837189834E+02
   0.170793033301566E-01
   0.172969237359003E+02
   0.170140667341290E-01
   0.176129594552361E+02
   0.174657162543033E-01
   0.179235552362668E+02
   0.175144728764075E-01
   0.181125606136283E+02
   0.172780711649536E-01
   0.182168553529370E+02
   0.170083998729891E-01
   0.184233198556627E+02
   0.174814405772231E-01
   0.187766473374397E+02
   0.180281642736679E-01
   0.192490392457581E+02
   0.172707032642069E-01
   0.197928671488532E+02
   0.190330446487283E-01
   0.201010239772425E+02
   0.196625594128083E-01
   0.202654668060456E+02
   0.199435444052956E-01
   0.203478855749883E+02
   0.201757588160821E-01
   0.203587687746801E+02
   0.202211377666868E-01
   0.202949068338828E+02
   0.199971787526253E-01
   0.201906637800009E+02
   0.196864338645633E-01
   0.200927970921242E+02
   0.196192713770783E-01
   0.200135507182686E+02
   0.197460777709071E-01
   0.199244052687565E+02
   0.198396100605904E-01
   0.198305955920963E+02
   0.199741332636810E-01
   0.197267753994075E+02
   0.200724683636173E-01
   0.195987771593165E+02
   0.200761346592925E-01
   0.194543969740661E+02
   0.200275234064090E-01
   0.181737597171208E+02
   0.183218762267384E-01
   0.180313302264246E+02
   0.182200877674629E-01
   0.179005419184224E+02
   0.181922167388432E-01
   0.177859702946590E+02
   0.182865144917065E-01
   0.176757488265108E+02
   0.184343968457991E-01
   0.175486740753981E+02
   0.185605244693795E-01
   0.173861354527911E+02
   0.186025962030029E-01
   0.171815382067107E+02
   0.184662810337966E-01
   0.169429078191034E+02
   0.181291901205068E-01
   0.166900153374930E+02
   0.176365861839623E-01
   0.164536694367860E+02
   0.171240161385824E-01
   0.162621081938192E+02
   0.166806878223861E-01
   0.161442378476883E+02
   0.163311262291817E-01
   0.161350067269780E+02
   0.160922098237295E-01
   0.162708896988697E+02
   0.160437709370648E-01
   0.165307876346430E+02
   0.162637795965178E-01
   0.167675566372603E+02
   0.162722239209931E-01
   0.168785253084296E+02
   0.160742592034467E-01
   0.168950798301143E+02
   0.155209208812836E-01
   0.170780746206770E+02
   0.157793412358406E-01
   0.175009275344773E+02
   0.162980783537513E-01
   0.181055472978346E+02
   0.169809052064958E-01
   0.187124440198801E+02
   0.179945453549320E-01
   0.190285496455600E+02
   0.182060390805622E-01
   0.191730579928264E+02
   0.184110394357869E-01
   0.192313561952174E+02
   0.186030954826268E-01
   0.192257887962209E+02
   0.187066624681777E-01
   0.191555605327505E+02
   0.186296899779155E-01
   0.190469860524877E+02
   0.184263259770292E-01
   0.189408968091729E+02
   0.183197851494055E-01
   0.188488748343020E+02
   0.183350393105878E-01
   0.187536107521100E+02
   0.183461029969836E-01
   0.186589835147955E+02
   0.184038799140688E-01
   0.185584467518250E+02
   0.184359483432471E-01
   0.184432496207455E+02
   0.184385154955260E-01
   0.183147922110924E+02
   0.184065268518772E-01
   0.168683347120825E+02
   0.167192165129409E-01
   0.167340142277901E+02
   0.166134357398802E-01
   0.166069491823753E+02
   0.165312729662178E-01
   0.164944201860794E+02
   0.165251891583600E-01
   0.163884682481747E+02
   0.165776019991187E-01
   0.162718799113739E+02
   0.166433894430188E-01
   0.161294804189084E+02
   0.167041280308177E-01
   0.159538312550186E+02
   0.166976225720684E-01
   0.157460966472622E+02
   0.165587021983315E-01
   0.155187925356905E+02
   0.162666550978718E-01
   0.152969673737222E+02
   0.158845922487650E-01
   0.151055883662788E+02
   0.154456590354296E-01
   0.149788069033155E+02
   0.150577216370989E-01
   0.149611939723998E+02
   0.148470625734421E-01
   0.150830834632134E+02
   0.148626994457396E-01
   0.153044930152362E+02
   0.149998093907517E-01
   0.154865925405774E+02
   0.149936341245001E-01
   0.155205244534333E+02
   0.147657337912558E-01
   0.154251936345329E+02
   0.139246213900095E-01
   0.155621111685301E+02
   0.139129216941738E-01
   0.160560824425744E+02
   0.146180121862905E-01
   0.168270039868074E+02
   0.158140748706921E-01
   0.175196044166571E+02
   0.170726434026646E-01
   0.178408740436223E+02
   0.170350196046717E-01
   0.179547150143620E+02
   0.170194532571849E-01
   0.179802678380137E+02
   0.170566770774431E-01
   0.179523431852402E+02
   0.171123278593254E-01
   0.178724742336979E+02
   0.170908705062839E-01
   0.177591927949260E+02
   0.169933039858372E-01
   0.176440413318449E+02
   0.169182642384216E-01
   0.175363937560174E+02
   0.168636065436472E-01
   0.174286977548536E+02
   0.168064483158616E-01
   0.173255295079214E+02
   0.167943288922395E-01
   0.172224177022908E+02
   0.167827212958694E-01
   0.171139871060127E+02
   0.167852653244631E-01
   0.169972669312214E+02
   0.167818926947800E-01
   0.153780391317851E+02
   0.150425099570218E-01
   0.152508962367829E+02
   0.149516939739269E-01
   0.151265153910473E+02
   0.148508941919173E-01
   0.150131771776400E+02
   0.147842248889486E-01
   0.149063071679264E+02
   0.147692813612563E-01
   0.147932307401719E+02
   0.147729630909892E-01
   0.146618739369365E+02
   0.147688531904281E-01
   0.145068358408968E+02
   0.147708050095948E-01
   0.143256753330313E+02
   0.147036702610509E-01
   0.141257418143354E+02
   0.145425430802045E-01
   0.139256717879992E+02
   0.143019225729206E-01
   0.137445069224111E+02
   0.139419960533643E-01
   0.136165939351909E+02
   0.135494610383320E-01
   0.135969073862783E+02
   0.133938828852934E-01
   0.137172329611933E+02
   0.135636685523435E-01
   0.139233992776539E+02
   0.138257044847474E-01
   0.140736130319518E+02
   0.139175668049467E-01
   0.140313434980987E+02
   0.136049388503529E-01
   0.137856887420057E+02
   0.122104375111357E-01
   0.138539441655727E+02
   0.117150381463925E-01
   0.144148519344618E+02
   0.127985489714249E-01
   0.154138737000776E+02
   0.154403682631423E-01
   0.162087179118047E+02
   0.169950795214441E-01
   0.165320000861823E+02
   0.165781995834131E-01
   0.166059383374559E+02
   0.160873863253532E-01
   0.165933264345125E+02
   0.158204184056922E-01
   0.165371267208078E+02
   0.156967281588261E-01
   0.164409161041950E+02
   0.155886772958791E-01
   0.163174051918269E+02
   0.154718116756273E-01
   0.161903488689154E+02
   0.154061404967666E-01
   0.160657773100876E+02
   0.153161644268283E-01
   0.159421813394799E+02
   0.152106844229518E-01
   0.158254627682429E+02
   0.151420782736752E-01
   0.157150843312522E+02
   0.151009900725521E-01
   0.156075681001875E+02
   0.150885614407996E-01
   0.154976765472980E+02
   0.150870834831048E-01
   0.136921118384519E+02
   0.136586864382064E-01
   0.135708822164140E+02
   0.135560048591100E-01
   0.134496389018549E+02
   0.134376014671153E-01
   0.133369495885860E+02
   0.133462604379838E-01
   0.132282671959403E+02
   0.132823121668126E-01
   0.131158066153649E+02
   0.132357513650485E-01
   0.129907821639512E+02
   0.131761123286561E-01
   0.128493851457713E+02
   0.131288024101446E-01
   0.126889496583361E+02
   0.130660221789915E-01
   0.125134598954927E+02
   0.129798248087721E-01
   0.123370148692226E+02
   0.129177018403632E-01
   0.121733522499949E+02
   0.128124706067298E-01
   0.120515884136613E+02
   0.126213347620191E-01
   0.120287948896928E+02
   0.125338281937042E-01
   0.121492371877888E+02
   0.127378648585653E-01
   0.123614199190733E+02
   0.131351955369229E-01
   0.125073592175063E+02
   0.133421066572938E-01
   0.124040695126373E+02
   0.129636380618836E-01
   0.119521096059334E+02
   0.960074726108437E-02
   0.119411522020832E+02
   0.898364709764877E-02
   0.125371302376343E+02
   0.103034045262744E-01
   0.137387073829964E+02
   0.146727080938860E-01
   0.146638165113998E+02
   0.169728238412363E-01
   0.150307792542487E+02
   0.168452984472011E-01
   0.150884362670888E+02
   0.161237972393199E-01
   0.150442025387112E+02
   0.156051049571833E-01
   0.149595223194945E+02
   0.152509977532938E-01
   0.148410950918611E+02
   0.149538504608312E-01
   0.147012555835155E+02
   0.146736748378090E-01
   0.145587450674527E+02
   0.144508071114516E-01
   0.144173508051091E+02
   0.142452389096080E-01
   0.142779155778791E+02
   0.140538684105885E-01
   0.141456843524926E+02
   0.139072142694175E-01
   0.140247850408400E+02
   0.138113675661995E-01
   0.139134550450207E+02
   0.137589427560786E-01
   0.138056902120960E+02
   0.137230690752586E-01
   0.117823547995526E+02
   0.126765627417995E-01
   0.116651970144803E+02
   0.125936793643263E-01
   0.115470190902368E+02
   0.124973783145706E-01
   0.114362656142584E+02
   0.123975290447980E-01
   0.113273930706167E+02
   0.123078655973325E-01
   0.112167225788665E+02
   0.122360243497693E-01
   0.110987986569737E+02
   0.121703675709411E-01
   0.109702776362733E+02
   0.121132617877013E-01
   0.108289684308166E+02
   0.120781384301222E-01
   0.106743001721552E+02
   0.120247570793111E-01
   0.105161074650359E+02
   0.119648070550858E-01
   0.103673859909987E+02
   0.118808468510022E-01
   0.102541045755346E+02
   0.117282036721692E-01
   0.102296750108611E+02
   0.116277798658282E-01
   0.103473331510051E+02
   0.117748335601139E-01
   0.105744938305108E+02
   0.122508352424960E-01
   0.107468089374280E+02
   0.127144059299764E-01
   0.106323739544641E+02
   0.124469649460512E-01
   0.100193639244007E+02
   0.865802315896715E-02
   0.992283433751068E+01
   0.776609389193368E-02
   0.104801750628012E+02
   0.864208816598234E-02
   0.117606594353325E+02
   0.136207075202636E-01
   0.127251106936129E+02
   0.158651339433388E-01
   0.131596047575940E+02
   0.162498412087068E-01
   0.132665766093553E+02
   0.158308311356207E-01
   0.132418896524279E+02
   0.154205314901270E-01
   0.131564013360288E+02
   0.149941626402349E-01
   0.130286934255849E+02
   0.145407291580133E-01
   0.128758124609050E+02
   0.141114111516045E-01
   0.127195288752588E+02
   0.137650449436478E-01
   0.125626313922467E+02
   0.134713593049895E-01
   0.124094098909534E+02
   0.132406958562291E-01
   0.122597791744399E+02
   0.130289285455124E-01
   0.121242609282856E+02
   0.128738531004248E-01
   0.120034263713593E+02
   0.127764240690324E-01
   0.118930001135369E+02
   0.127254943310688E-01
   0.962075178293040E+01
   0.116964368082944E-01
   0.950065025501995E+01
   0.115827912742978E-01
   0.938146905143733E+01
   0.114659681285084E-01
   0.927664323048726E+01
   0.113982954365420E-01
   0.916980555466106E+01
   0.113153960876133E-01
   0.906173527051632E+01
   0.112425503982221E-01
   0.895148389928956E+01
   0.111839283804665E-01
   0.883699458216531E+01
   0.111382990644798E-01
   0.871518089704649E+01
   0.111030749339901E-01
   0.858451766329834E+01
   0.110657453203712E-01
   0.845279945146264E+01
   0.110271757703316E-01
   0.833064195363490E+01
   0.109707428549758E-01
   0.823964990922591E+01
   0.108799525913877E-01
   0.822271959372898E+01
   0.108249636737637E-01
   0.833015448661310E+01
   0.109244194297543E-01
   0.855828459794322E+01
   0.113372555422635E-01
   0.875940394526207E+01
   0.119643414337020E-01
   0.870749219360836E+01
   0.122331894682122E-01
   0.804038067685226E+01
   0.840441916338497E-02
   0.787866958479533E+01
   0.758336496235349E-02
   0.831230691603682E+01
   0.815906455417159E-02
   0.942007457927063E+01
   0.115587329706065E-01
   0.102785727129238E+02
   0.132151822660381E-01
   0.107480186277029E+02
   0.139652725330585E-01
   0.109434347703010E+02
   0.140762749279516E-01
   0.109993416619991E+02
   0.140981635954411E-01
   0.109775694715637E+02
   0.140084242939196E-01
   0.108979185627051E+02
   0.137621226992762E-01
   0.107749938550186E+02
   0.134547185297352E-01
   0.106281149983724E+02
   0.131210130959857E-01
   0.104670772023577E+02
   0.127901395590256E-01
   0.103018949458995E+02
   0.125080533455822E-01
   0.101401529220355E+02
   0.122583616710988E-01
   0.999158837403272E+01
   0.120561107280275E-01
   0.985712862057717E+01
   0.119007619230966E-01
   0.973685942171529E+01
   0.117912045116649E-01
   0.719245274426814E+01
   0.106990245590607E-01
   0.707336305778311E+01
   0.105808678201840E-01
   0.695633498631634E+01
   0.104655715779189E-01
   0.684592064105365E+01
   0.103588215934185E-01
   0.673660650948246E+01
   0.102510331676225E-01
   0.663058426102657E+01
   0.101714977489747E-01
   0.652887072260570E+01
   0.101197996719556E-01
   0.643010230427454E+01
   0.100966589141621E-01
   0.633026352956725E+01
   0.100797766683985E-01
   0.622653970236386E+01
   0.100666587825526E-01
   0.612852500868472E+01
   0.100605505246770E-01
   0.604325832020169E+01
   0.100482658426318E-01
   0.598703450860654E+01
   0.100269113635781E-01
   0.598788411199681E+01
   0.100235489203216E-01
   0.607998114988354E+01
   0.100990676674329E-01
   0.627497621837626E+01
   0.103760403281272E-01
   0.647604674321625E+01
   0.109105181021793E-01
   0.651860156787949E+01
   0.116207184622236E-01
   0.607080585641188E+01
   0.958601253880221E-02
   0.587735565682082E+01
   0.905160404924598E-02
   0.607828514768143E+01
   0.870282018841017E-02
   0.672040708181045E+01
   0.946558777086446E-02
   0.732241630900682E+01
   0.100192847823225E-01
   0.775434307523883E+01
   0.106300433417862E-01
   0.801547531104982E+01
   0.110669210075326E-01
   0.815967001207809E+01
   0.114174348354154E-01
   0.823925651038328E+01
   0.117403972150425E-01
   0.825437009159569E+01
   0.119152986692429E-01
   0.820687702259051E+01
   0.119291318433901E-01
   0.811633519505616E+01
   0.118379653510940E-01
   0.799137675208585E+01
   0.116514572255051E-01
   0.784698985949722E+01
   0.114431926056950E-01
   0.769824622844301E+01
   0.112343161595736E-01
   0.755834005474291E+01
   0.110613582642534E-01
   0.742515922309434E+01
   0.109050759045952E-01
   0.730654117752360E+01
   0.107953413625692E-01
   0.433395709587448E+01
   0.930084439894720E-02
   0.422725525953621E+01
   0.921694394167034E-02
   0.412634653458363E+01
   0.914613000685457E-02
   0.402831533204083E+01
   0.907533009192823E-02
   0.393071292569414E+01
   0.899800079983607E-02
   0.383720683958566E+01
   0.893494785356528E-02
   0.375112740802216E+01
   0.889703032142948E-02
   0.367135536622984E+01
   0.888388119107581E-02
   0.359433297979935E+01
   0.887855718834926E-02
   0.351457413797934E+01
   0.885131765902285E-02
   0.345328903974944E+01
   0.885880581885285E-02
   0.341041319580075E+01
   0.887418155519860E-02
   0.339375100343341E+01
   0.889520714371727E-02
   0.341768102926850E+01
   0.893023888066858E-02
   0.349561485858004E+01
   0.899164051051058E-02
   0.363076855469058E+01
   0.915146692538572E-02
   0.377732899055673E+01
   0.946514744412950E-02
   0.381223842755707E+01
   0.984144324038030E-02
   0.357195518654059E+01
   0.911336174438684E-02
   0.339071400630919E+01
   0.853053447706643E-02
   0.341643340865828E+01
   0.801541576496152E-02
   0.369077195803754E+01
   0.791140665894601E-02
   0.403216424994394E+01
   0.796739955307827E-02
   0.434294933185509E+01
   0.821843720975551E-02
   0.457695209027748E+01
   0.847963338520488E-02
   0.474933482456509E+01
   0.875015819422552E-02
   0.488600219387571E+01
   0.908391739557527E-02
   0.497756098402243E+01
   0.938670192307570E-02
   0.501442960660211E+01
   0.959622176898877E-02
   0.499716029431326E+01
   0.968465602384142E-02
   0.493345671337880E+01
   0.966515900153658E-02
   0.483779532387477E+01
   0.958267569281853E-02
   0.472939765105860E+01
   0.948568328059229E-02
   0.462800144424970E+01
   0.943142374101914E-02
   0.452847317060135E+01
   0.938754914405395E-02
   0.443092774589115E+01
   0.934357730605050E-02
   0.786015736622480E+00
   0.728274202378023E-02
   0.719235655609637E+00
   0.727893195817362E-02
   0.649383182527286E+00
   0.726035213202553E-02
   0.576821303301059E+00
   0.723047499544569E-02
   0.502259635768990E+00
   0.718581666353745E-02
   0.431550715500821E+00
   0.713929566126835E-02
   0.369159459990486E+00
   0.710485480482144E-02
   0.313292212226224E+00
   0.708101248973471E-02
   0.262187840272606E+00
   0.705982826872211E-02
   0.222398278945618E+00
   0.704731308707972E-02
   0.203629596052918E+00
   0.706083713865880E-02
   0.202354949456552E+00
   0.708026286768555E-02
   0.219917692913865E+00
   0.710468719053677E-02
   0.260099100381972E+00
   0.713546641945671E-02
   0.323734632906779E+00
   0.717981212549917E-02
   0.403771426706299E+00
   0.726806940001573E-02
   0.484713973100064E+00
   0.747010136249027E-02
   0.502015120293823E+00
   0.768289478962156E-02
   0.377119572938173E+00
   0.741639289262113E-02
   0.230687836391453E+00
   0.703935289385226E-02
   0.159219714494119E+00
   0.667346910240024E-02
   0.221311072526334E+00
   0.646632681323907E-02
   0.354382378972363E+00
   0.635857757544734E-02
   0.510950381619752E+00
   0.634363594463693E-02
   0.658335506502528E+00
   0.637452856656510E-02
   0.792135497037771E+00
   0.644779962075558E-02
   0.917069212716581E+00
   0.659708743030927E-02
   0.102569203191105E+01
   0.680426778629958E-02
   0.110328602674835E+01
   0.701277481030153E-02
   0.113901706241990E+01
   0.716014245550137E-02
   0.113415541847958E+01
   0.723740616219480E-02
   0.109782658474992E+01
   0.726500426664117E-02
   0.104188847281750E+01
   0.726070344579103E-02
   0.982391047527904E+00
   0.726764484291784E-02
   0.920624818676050E+00
   0.727921164769246E-02
   0.851866577147165E+00
   0.727646267620072E-02
  -0.376256124229477E+01
   0.489560595029450E-02
  -0.379141584314537E+01
   0.490962582302278E-02
  -0.382524403766183E+01
   0.490296520472444E-02
  -0.386284480979260E+01
   0.487790181405314E-02
  -0.390184361210058E+01
   0.483826563115745E-02
  -0.393330715165011E+01
   0.479647697321311E-02
  -0.395359355399277E+01
   0.476279841714792E-02
  -0.396129806964577E+01
   0.474434188769441E-02
  -0.395740497014443E+01
   0.473804707329007E-02
  -0.394170462090765E+01
   0.474171998544769E-02
  -0.391504781796506E+01
   0.474740186569404E-02
  -0.388122080708425E+01
   0.475434480377939E-02
  -0.384173590047043E+01
   0.476876910772036E-02
  -0.379678554100447E+01
   0.479820438655991E-02
  -0.375172518827775E+01
   0.484465189401107E-02
  -0.371475226349905E+01
   0.491976777906611E-02
  -0.369883583827583E+01
   0.503075399153602E-02
  -0.372572316308300E+01
   0.513731950384422E-02
  -0.380613147273392E+01
   0.514176779346995E-02
  -0.391203019090692E+01
   0.504031256553931E-02
  -0.400508007418781E+01
   0.487419618597355E-02
  -0.405918806332747E+01
   0.469413016563157E-02
  -0.407235323848255E+01
   0.453530648000473E-02
  -0.404889256418299E+01
   0.442367209937603E-02
  -0.399778762165607E+01
   0.437235294303672E-02
  -0.392626034602958E+01
   0.438796676314013E-02
  -0.384259901109636E+01
   0.446158741848841E-02
  -0.376120329016253E+01
   0.456843595362655E-02
  -0.369528830402862E+01
   0.468141884056703E-02
  -0.365405807767773E+01
   0.477096819671942E-02
  -0.363976940916109E+01
   0.481964980643118E-02
  -0.364728492984838E+01
   0.483469636980263E-02
  -0.366746941104419E+01
   0.483491069720320E-02
  -0.369139967262491E+01
   0.483988667503872E-02
  -0.371483441729597E+01
   0.485266025743381E-02
  -0.373773330843361E+01
   0.487180847019529E-02
  -0.998830730212805E+01
   0.274347757870026E-02
  -0.993144852399014E+01
   0.276865341963548E-02
  -0.988218425646750E+01
   0.278015803550755E-02
  -0.983543146206954E+01
   0.278248768203869E-02
  -0.977501030111723E+01
   0.279478046009060E-02
  -0.969459246832389E+01
   0.282311178284318E-02
  -0.958853766504094E+01
   0.287310161638361E-02
  -0.945201935314767E+01
   0.295000566257472E-02
  -0.930760625179348E+01
   0.303292200071326E-02
  -0.916056176105147E+01
   0.311875610922723E-02
  -0.902016976456584E+01
   0.320139413991272E-02
  -0.889793824546788E+01
   0.327629171147459E-02
  -0.878444099090864E+01
   0.336138895693572E-02
  -0.872382510832746E+01
   0.340475535363727E-02
  -0.871605216007887E+01
   0.341222506818082E-02
  -0.876537000008265E+01
   0.338320999821702E-02
  -0.888036652762374E+01
   0.331001615355977E-02
  -0.907349703653022E+01
   0.317662992188032E-02
  -0.928386999754822E+01
   0.305209142856867E-02
  -0.950583974942803E+01
   0.293145699200205E-02
  -0.972725345568014E+01
   0.281527034441993E-02
  -0.994392473014502E+01
   0.269543111954324E-02
  -0.101460414801971E+02
   0.257646603451015E-02
  -0.102837345672559E+02
   0.250023107936656E-02
  -0.103644006146912E+02
   0.246005171431685E-02
  -0.103989109569264E+02
   0.244811759107859E-02
  -0.104010088468372E+02
   0.245517309594493E-02
  -0.103856371711263E+02
   0.247124228459193E-02
  -0.103629844957570E+02
   0.248968370891673E-02
  -0.103402826684332E+02
   0.250565194372283E-02
  -0.103187516005048E+02
   0.251884267354588E-02
  -0.102948503847315E+02
   0.253280495657371E-02
  -0.102646451475532E+02
   0.255141876583980E-02
  -0.102211198881727E+02
   0.258087609473951E-02
  -0.101560505892580E+02
   0.262767291329192E-02
  -0.100604232964809E+02
   0.269856547196637E-02
