   0.197465160883134E+01
   0.416164707965922E-02
   0.876622733422822E+00
   0.397445228911966E-02
   0.160052570130383E+00
   0.383232273624475E-02
  -0.251596595515322E+00
   0.372934549534540E-02
  -0.337561269737376E+00
   0.366553740309686E-02
   0.329458199057037E-01
   0.364557500010521E-02
  -0.453194226026762E+00
   0.368910118097934E-02
  -0.420110768543513E+00
   0.378308199663233E-02
   0.107781463746390E+00
   0.392850713246696E-02
   0.113085487972488E+01
   0.412685952027797E-02
   0.265747956395584E+01
   0.437829532955578E-02
   0.491448282974256E+01
   0.467513084797685E-02
   0.816190022563390E+01
   0.500605609297985E-02
   0.110128052128137E+02
   0.535241326747344E-02
   0.135821260998556E+02
   0.569522819369940E-02
   0.158942330067765E+02
   0.601915665596629E-02
   0.178572166147290E+02
   0.631334026013317E-02
   0.194493072942671E+02
   0.657087063535204E-02
   0.206870678438937E+02
   0.678785409985721E-02
   0.216055311942440E+02
   0.696440318429142E-02
   0.222448978573119E+02
   0.710440982133753E-02
   0.226401171658837E+02
   0.721042131006740E-02
   0.228122152204364E+02
   0.728208241725687E-02
   0.227621873549217E+02
   0.731593745897393E-02
   0.224711491658880E+02
   0.730565355662788E-02
   0.219057158417207E+02
   0.724522002754539E-02
   0.210211000321358E+02
   0.713175705153941E-02
   0.197604601964258E+02
   0.696340998239886E-02
   0.180521018025584E+02
   0.673899274020450E-02
   0.158070456765171E+02
   0.646006895377301E-02
   0.129196887581458E+02
   0.613339266956568E-02
   0.927134715353816E+01
   0.577205709570854E-02
   0.644126674082712E+01
   0.539555400195510E-02
   0.436753265349859E+01
   0.502769151589408E-02
   0.296428756260243E+01
   0.469099652382176E-02
   0.217405218849153E+01
   0.440063194691165E-02
   0.493876834674192E+01
   0.523390946899347E-02
   0.552650500979749E+01
   0.504315346394259E-02
   0.531634543534453E+01
   0.487259576681123E-02
   0.449790783839575E+01
   0.469709482811727E-02
   0.291978025949762E+01
   0.456327692015473E-02
   0.219428936640107E+01
   0.450035616459666E-02
   0.195862233690141E+01
   0.450316207434642E-02
   0.218406201842612E+01
   0.457806501762981E-02
   0.292280686181453E+01
   0.471325987775745E-02
   0.435167170997362E+01
   0.489185046368424E-02
   0.461080509925734E+01
   0.514225836089813E-02
   0.548310785936523E+01
   0.544046959081034E-02
   0.705081600316600E+01
   0.589038309730764E-02
   0.921981168622180E+01
   0.641046637312277E-02
   0.121159653547347E+02
   0.691324968118684E-02
   0.160686985624788E+02
   0.737776396938762E-02
   0.187746866264198E+02
   0.779495446711433E-02
   0.205743501293514E+02
   0.814926247426328E-02
   0.217170299692634E+02
   0.840243032429987E-02
   0.223987375923870E+02
   0.854729640360296E-02
   0.227884362816256E+02
   0.867121562502223E-02
   0.230295457414235E+02
   0.880290898227176E-02
   0.232195109601479E+02
   0.894565397434874E-02
   0.233585872316538E+02
   0.909183786831983E-02
   0.233620157161617E+02
   0.917885860332688E-02
   0.231541147735117E+02
   0.915356777416932E-02
   0.226888884807197E+02
   0.905546714894224E-02
   0.219312783374675E+02
   0.889783950549060E-02
   0.208243988959378E+02
   0.866083043468416E-02
   0.192541847856949E+02
   0.832121903741912E-02
   0.170534246117925E+02
   0.787345764998913E-02
   0.140509435668883E+02
   0.734414547477590E-02
   0.101110826144755E+02
   0.675697209390930E-02
   0.756418513304020E+01
   0.620310496454957E-02
   0.599447376293451E+01
   0.576563514505910E-02
   0.514545934190165E+01
   0.546226324951449E-02
   0.742703381184068E+01
   0.690093753105710E-02
   0.705724486564210E+01
   0.671379592151890E-02
   0.657286583725920E+01
   0.651156946179703E-02
   0.591436407909755E+01
   0.615888426083203E-02
   0.519383687570459E+01
   0.582716929434954E-02
   0.477012216804362E+01
   0.575109391454143E-02
   0.464230771483148E+01
   0.581167180252398E-02
   0.482384184755578E+01
   0.597322184895438E-02
   0.531797953150829E+01
   0.618591107970666E-02
   0.618916697727442E+01
   0.644419048513724E-02
   0.757308873312692E+01
   0.665352846641605E-02
   0.793236385398020E+01
   0.646117250380499E-02
   0.950330448138869E+01
   0.701943669525647E-02
   0.116466151677023E+02
   0.767672277532808E-02
   0.143699013453066E+02
   0.814660139508836E-02
   0.180815562025642E+02
   0.861660423055338E-02
   0.203976242571769E+02
   0.912159284016256E-02
   0.217778659744774E+02
   0.965045425433097E-02
   0.224797233347916E+02
   0.995479661213364E-02
   0.227053201326783E+02
   0.982484865556672E-02
   0.226717001593194E+02
   0.986160061467949E-02
   0.226234090800388E+02
   0.100052378932820E-01
   0.228252908217758E+02
   0.102155387387304E-01
   0.232466865669765E+02
   0.106145561656257E-01
   0.235351680122725E+02
   0.109098514454249E-01
   0.235447267337623E+02
   0.107708738927376E-01
   0.232694449202109E+02
   0.106249347155870E-01
   0.227623179041845E+02
   0.105130801578449E-01
   0.220603637285410E+02
   0.103150981990261E-01
   0.210239616014904E+02
   0.994070641790040E-02
   0.193258523139751E+02
   0.936642929184541E-02
   0.166610950515118E+02
   0.878969923958066E-02
   0.127275178059003E+02
   0.806082615831432E-02
   0.102926980591963E+02
   0.747791315087976E-02
   0.885551570058410E+01
   0.719190772528994E-02
   0.798568831455732E+01
   0.709279084855351E-02
   0.102164322493910E+02
   0.900629208913359E-02
   0.966323332828283E+01
   0.868186764778619E-02
   0.909706558198927E+01
   0.834346188296045E-02
   0.850588631379090E+01
   0.800410797801077E-02
   0.793388653098996E+01
   0.762223619993834E-02
   0.755705918489709E+01
   0.744644070809376E-02
   0.740930396029703E+01
   0.748400602085906E-02
   0.747263523395606E+01
   0.760161457264482E-02
   0.773440738165389E+01
   0.770984691314581E-02
   0.821357219984328E+01
   0.770733281760613E-02
   0.896460782808482E+01
   0.775258986643463E-02
   0.100845654995940E+02
   0.751373752654215E-02
   0.128827125415219E+02
   0.831293409377063E-02
   0.153282665027444E+02
   0.868893553225605E-02
   0.177262058595343E+02
   0.894729449357048E-02
   0.200892859075561E+02
   0.932526789038777E-02
   0.217588458432118E+02
   0.979651499685454E-02
   0.226601254131701E+02
   0.102539140756229E-01
   0.229144734181656E+02
   0.105134215849321E-01
   0.226648219654018E+02
   0.105650310786296E-01
   0.221160881579122E+02
   0.106868802448489E-01
   0.215934750011238E+02
   0.107648969933156E-01
   0.218404377798098E+02
   0.109510707890447E-01
   0.228293082307845E+02
   0.117763247502686E-01
   0.234418151238828E+02
   0.120328149412931E-01
   0.235818888969317E+02
   0.117708235529447E-01
   0.233350197323577E+02
   0.118925998018110E-01
   0.228931618666350E+02
   0.116145128397877E-01
   0.225406334939818E+02
   0.113741947893785E-01
   0.221314751599737E+02
   0.111024766742515E-01
   0.209965555035469E+02
   0.106705250605464E-01
   0.187516983460999E+02
   0.101564684183148E-01
   0.151026985495302E+02
   0.962185216192133E-02
   0.129169240474759E+02
   0.930708600523586E-02
   0.116528851974562E+02
   0.923157861231279E-02
   0.108366875147881E+02
   0.915482797129893E-02
   0.127366783806126E+02
   0.111773887275225E-01
   0.121409476317862E+02
   0.106842813355183E-01
   0.115604885785254E+02
   0.101620542589154E-01
   0.110172806772715E+02
   0.974950403827486E-02
   0.105292177070972E+02
   0.938400750134397E-02
   0.101694393812446E+02
   0.914446895633220E-02
   0.996669815957467E+01
   0.905710262836832E-02
   0.991409220466359E+01
   0.904362016584680E-02
   0.100046124445280E+02
   0.901301233371432E-02
   0.102664521056984E+02
   0.892182742380365E-02
   0.107744075432373E+02
   0.868935348537275E-02
   0.118294733743865E+02
   0.853221644116112E-02
   0.145180732363058E+02
   0.924630292821366E-02
   0.170934847320087E+02
   0.941377346584224E-02
   0.193434502493932E+02
   0.955116698336015E-02
   0.213359247203967E+02
   0.992480149872251E-02
   0.226760258165371E+02
   0.104762447668869E-01
   0.231997874545318E+02
   0.109845973435249E-01
   0.230678019726240E+02
   0.111674261740531E-01
   0.223572861720537E+02
   0.111158195062529E-01
   0.212271179930746E+02
   0.113652336118267E-01
   0.198695757995194E+02
   0.112120560030566E-01
   0.201727632244274E+02
   0.116361781195192E-01
   0.222998317481558E+02
   0.127324321443983E-01
   0.232035132692314E+02
   0.124904321709546E-01
   0.233819023883053E+02
   0.126143204791476E-01
   0.230081564124520E+02
   0.127937572279391E-01
   0.224085572735244E+02
   0.124538902811695E-01
   0.223754288545831E+02
   0.120199705643154E-01
   0.228231291838998E+02
   0.118825238287585E-01
   0.222897549749234E+02
   0.115169955516280E-01
   0.204562059135086E+02
   0.111906406606265E-01
   0.170899759211811E+02
   0.110589240190646E-01
   0.151680558760312E+02
   0.109788564744624E-01
   0.140829188220154E+02
   0.112905798468471E-01
   0.133547711478553E+02
   0.114311267099682E-01
   0.148783633197167E+02
   0.129863628558425E-01
   0.142820908248992E+02
   0.122892010913273E-01
   0.137254536474318E+02
   0.116502688667233E-01
   0.132354178016878E+02
   0.112055961124362E-01
   0.128129584914316E+02
   0.108830993970236E-01
   0.124784155430500E+02
   0.106334114382942E-01
   0.122448451271876E+02
   0.104508895293281E-01
   0.121136728009417E+02
   0.103150794723867E-01
   0.120906968885902E+02
   0.101805764961979E-01
   0.122134663318237E+02
   0.100798728002429E-01
   0.125492813597523E+02
   0.994805861694141E-02
   0.133090313368550E+02
   0.965169449731879E-02
   0.150728156238014E+02
   0.976811078708419E-02
   0.179573918455363E+02
   0.101228016539951E-01
   0.201220626800198E+02
   0.101807345750285E-01
   0.220680914191529E+02
   0.106364703914385E-01
   0.232666544353447E+02
   0.113199296051759E-01
   0.234457243860967E+02
   0.118662593709968E-01
   0.229909220134334E+02
   0.117884546707676E-01
   0.218560937273218E+02
   0.119057059358133E-01
   0.201803056849389E+02
   0.120376244550949E-01
   0.193415274999180E+02
   0.120380707500302E-01
   0.197322248389353E+02
   0.123061145575605E-01
   0.219691391902843E+02
   0.131121313304593E-01
   0.228861602520409E+02
   0.130379960645245E-01
   0.230158651493303E+02
   0.133834698925700E-01
   0.223859521999028E+02
   0.133877667236714E-01
   0.212994124657590E+02
   0.129335692264933E-01
   0.215440026029554E+02
   0.123779503374620E-01
   0.232964337773414E+02
   0.123283347067234E-01
   0.233395727444732E+02
   0.121509669966053E-01
   0.218712240793907E+02
   0.120427264007621E-01
   0.187559227693076E+02
   0.124735932164659E-01
   0.170830922595882E+02
   0.127933104998876E-01
   0.161558669627752E+02
   0.134274391557687E-01
   0.154886277693338E+02
   0.134526828336533E-01
   0.166477850994138E+02
   0.142362370111481E-01
   0.160795334001327E+02
   0.134327388969494E-01
   0.155730313601488E+02
   0.128056494903278E-01
   0.151441186200739E+02
   0.124136746468606E-01
   0.147799667897237E+02
   0.121507565393768E-01
   0.144767604063621E+02
   0.119227214629900E-01
   0.142354204201837E+02
   0.116964477307693E-01
   0.140603833584102E+02
   0.114855095800772E-01
   0.139670350223032E+02
   0.113184588956102E-01
   0.139954340163972E+02
   0.112679528983758E-01
   0.141944853881304E+02
   0.112396972121128E-01
   0.146942260628368E+02
   0.108957456333075E-01
   0.158752976486579E+02
   0.104004189596674E-01
   0.183353100928639E+02
   0.104945559058731E-01
   0.203084348455169E+02
   0.108092757710904E-01
   0.224269875301496E+02
   0.112113676158331E-01
   0.236217025627326E+02
   0.123300857321409E-01
   0.233979221576341E+02
   0.129695214693276E-01
   0.227006347220120E+02
   0.127255470537990E-01
   0.211648195368188E+02
   0.128205397301947E-01
   0.200709071244763E+02
   0.131503272910120E-01
   0.195587652868533E+02
   0.133072335639323E-01
   0.198692875510990E+02
   0.130866760490640E-01
   0.216557232187752E+02
   0.134494162973153E-01
   0.224252411163638E+02
   0.136228642207412E-01
   0.225053816536843E+02
   0.137501322224933E-01
   0.215598927390041E+02
   0.138037182500969E-01
   0.210345629875743E+02
   0.134159699054793E-01
   0.215415192399245E+02
   0.128948803815871E-01
   0.237726413481964E+02
   0.123672126617822E-01
   0.242017673326431E+02
   0.125087790197311E-01
   0.230371931075459E+02
   0.127768277414090E-01
   0.201552495198241E+02
   0.138582210853287E-01
   0.187061685164031E+02
   0.147846579756354E-01
   0.178770895296743E+02
   0.152854417931896E-01
   0.172434946783283E+02
   0.149476193760691E-01
   0.180975198118326E+02
   0.151344855364239E-01
   0.175832190812532E+02
   0.144743783082521E-01
   0.171401203502146E+02
   0.140245832713199E-01
   0.167710393458543E+02
   0.137688172717514E-01
   0.164561086841191E+02
   0.135418174241927E-01
   0.161846858811853E+02
   0.133090263051163E-01
   0.159500518978465E+02
   0.130397277136598E-01
   0.157552387853266E+02
   0.127678989645261E-01
   0.156175769107003E+02
   0.125517123609064E-01
   0.155738597956825E+02
   0.124992307436645E-01
   0.156600833138078E+02
   0.125070871947646E-01
   0.159511527827228E+02
   0.120867455914140E-01
   0.166935944963686E+02
   0.113580844137826E-01
   0.182570174484395E+02
   0.109402995965374E-01
   0.199361771940815E+02
   0.115865969977812E-01
   0.225075785745618E+02
   0.118975175451677E-01
   0.238350494161595E+02
   0.133929842191240E-01
   0.230237926272825E+02
   0.144173492241326E-01
   0.222165952236642E+02
   0.140241682081293E-01
   0.212226227393646E+02
   0.138795965903265E-01
   0.204729323007738E+02
   0.147337696011041E-01
   0.201092122200326E+02
   0.147720299125008E-01
   0.202712590498668E+02
   0.141287158699119E-01
   0.211757654963175E+02
   0.137612500607292E-01
   0.217488992155643E+02
   0.138998715191191E-01
   0.218763458796957E+02
   0.142812589876388E-01
   0.214834592841693E+02
   0.144830218084851E-01
   0.212945156738214E+02
   0.144620969479809E-01
   0.218798726023008E+02
   0.136736540189917E-01
   0.241850985929074E+02
   0.122979778322379E-01
   0.248801872649973E+02
   0.128455724025657E-01
   0.239748838921001E+02
   0.135097932299144E-01
   0.213392195663353E+02
   0.154645776727393E-01
   0.200434629413889E+02
   0.164249943339579E-01
   0.192543418289863E+02
   0.162563664106206E-01
   0.186546329215054E+02
   0.158167439000382E-01
   0.192864083617175E+02
   0.162652216950977E-01
   0.188367073363767E+02
   0.158911403037327E-01
   0.184516721476434E+02
   0.155994875651559E-01
   0.181320392709004E+02
   0.154243867207059E-01
   0.178603876912436E+02
   0.152530887125942E-01
   0.176226510498846E+02
   0.150787956770458E-01
   0.174059391186106E+02
   0.148712610727498E-01
   0.172072994780288E+02
   0.146506445115633E-01
   0.170393337614190E+02
   0.144431452173785E-01
   0.169284437085320E+02
   0.142298012747699E-01
   0.169105057652205E+02
   0.139420945285623E-01
   0.170501789768148E+02
   0.132782824867726E-01
   0.175193202087450E+02
   0.125206859676456E-01
   0.186360573563101E+02
   0.119474784395916E-01
   0.199617848838306E+02
   0.119407107531758E-01
   0.223929878655957E+02
   0.119958082426713E-01
   0.240303054614488E+02
   0.140315525336837E-01
   0.232145838624316E+02
   0.158664971122457E-01
   0.223812267450834E+02
   0.153292492796731E-01
   0.217154946719282E+02
   0.148577103820984E-01
   0.210567343870658E+02
   0.158838359854403E-01
   0.207450014516645E+02
   0.157940064412770E-01
   0.208173198617585E+02
   0.151432231140669E-01
   0.213193636440303E+02
   0.148858959125446E-01
   0.217979206838440E+02
   0.148271025697504E-01
   0.219664232733051E+02
   0.152841930353890E-01
   0.218259755247528E+02
   0.155014282032591E-01
   0.217788861078750E+02
   0.154892531814568E-01
   0.223034230068352E+02
   0.144006807899109E-01
   0.244508391830670E+02
   0.125024055489262E-01
   0.253720617335572E+02
   0.133886858015752E-01
   0.246954900043739E+02
   0.143458194025944E-01
   0.222961112326312E+02
   0.169944641989483E-01
   0.210934250188850E+02
   0.173436817409118E-01
   0.203357080756142E+02
   0.168311726791131E-01
   0.197847062311839E+02
   0.166404402394860E-01
   0.202589505486149E+02
   0.174897394775070E-01
   0.198675590178057E+02
   0.172487020306949E-01
   0.195307388856552E+02
   0.170322662238592E-01
   0.192516605490311E+02
   0.168898497753069E-01
   0.190177945056026E+02
   0.167863576826182E-01
   0.188118028382058E+02
   0.166940094670841E-01
   0.186146253602178E+02
   0.165696627036374E-01
   0.184141912943397E+02
   0.163888367285108E-01
   0.182182843245154E+02
   0.161789128034670E-01
   0.180494980421074E+02
   0.158783507813707E-01
   0.179471806799852E+02
   0.154559440274378E-01
   0.179772883557012E+02
   0.147636237284551E-01
   0.182836718756310E+02
   0.136243662537143E-01
   0.192272280603389E+02
   0.130683380711775E-01
   0.201751145195394E+02
   0.129601641844026E-01
   0.220042035839469E+02
   0.124358536116091E-01
   0.242166919240953E+02
   0.144596891072142E-01
   0.236921276294332E+02
   0.168336428146858E-01
   0.228099649124328E+02
   0.170473192977608E-01
   0.224518714366303E+02
   0.156518237064443E-01
   0.216438281513290E+02
   0.169966946967400E-01
   0.213497089361087E+02
   0.167886868600687E-01
   0.213616028783260E+02
   0.164143350227618E-01
   0.216814334816221E+02
   0.160862553216553E-01
   0.221647357418822E+02
   0.160585378536796E-01
   0.223588502708214E+02
   0.165834946298772E-01
   0.223397894931829E+02
   0.166840536173643E-01
   0.223191831818381E+02
   0.164868593175743E-01
   0.226941662204379E+02
   0.152823232838512E-01
   0.244937774950476E+02
   0.133706400958578E-01
   0.256817163746671E+02
   0.142326127787892E-01
   0.252113712950469E+02
   0.153161493933169E-01
   0.230496873077831E+02
   0.184031887380906E-01
   0.219233570136221E+02
   0.184731019975469E-01
   0.212011333699138E+02
   0.177904580437159E-01
   0.206965400372420E+02
   0.176957957890069E-01
   0.210543811545207E+02
   0.186966639585526E-01
   0.207067630320311E+02
   0.184862193469678E-01
   0.204070790392670E+02
   0.183071513292353E-01
   0.201601482531546E+02
   0.181967161850403E-01
   0.199577073346970E+02
   0.181791590376348E-01
   0.197787686023344E+02
   0.181749376111211E-01
   0.195988511014194E+02
   0.181347699902186E-01
   0.193962977430722E+02
   0.179779308351082E-01
   0.191740714006747E+02
   0.177152986423758E-01
   0.189558905134366E+02
   0.172883671792067E-01
   0.187875359807664E+02
   0.167122725411754E-01
   0.187397354461950E+02
   0.159235204754234E-01
   0.189586823410051E+02
   0.148343234655458E-01
   0.199488629891772E+02
   0.141756115615355E-01
   0.205059480153738E+02
   0.148152237961264E-01
   0.219687226793390E+02
   0.134098078898077E-01
   0.244195047102500E+02
   0.146876372678233E-01
   0.244401831368278E+02
   0.169558726272324E-01
   0.232827696306172E+02
   0.185537591277345E-01
   0.226947134496374E+02
   0.173515312985940E-01
   0.221455181340034E+02
   0.181583848839397E-01
   0.219102100830875E+02
   0.180057993571134E-01
   0.218963315674822E+02
   0.175857100083629E-01
   0.221400644740649E+02
   0.170201472593003E-01
   0.227342588198127E+02
   0.166928042620178E-01
   0.229150105024343E+02
   0.178069426406645E-01
   0.229544173054675E+02
   0.177441289816264E-01
   0.229045597163388E+02
   0.175635495706964E-01
   0.230909735564059E+02
   0.164934766866393E-01
   0.242437699170739E+02
   0.153619191212497E-01
   0.258400687165125E+02
   0.154237912655757E-01
   0.255469972543026E+02
   0.165095549809746E-01
   0.236237015666479E+02
   0.198082414767346E-01
   0.225794474285426E+02
   0.196234532879471E-01
   0.219046088016690E+02
   0.189188798912045E-01
   0.214438244338440E+02
   0.188571962942810E-01
   0.216834265428855E+02
   0.197523652029640E-01
   0.213669078626491E+02
   0.195388393049812E-01
   0.210946332745167E+02
   0.193854549229718E-01
   0.208715505995989E+02
   0.193238447025382E-01
   0.206912643462116E+02
   0.193816590544557E-01
   0.205310947877071E+02
   0.194549241904046E-01
   0.203624667309356E+02
   0.194832005201393E-01
   0.201556042054237E+02
   0.193311799441888E-01
   0.199101155241186E+02
   0.189805413531953E-01
   0.196558533884979E+02
   0.184154161955548E-01
   0.194457735094722E+02
   0.176880142725891E-01
   0.193558405857335E+02
   0.168816846479461E-01
   0.195120965952742E+02
   0.161976578439761E-01
   0.201772558289020E+02
   0.157912988463049E-01
   0.208274223974427E+02
   0.165298079024669E-01
   0.221121244361787E+02
   0.150020728319421E-01
   0.245824527111043E+02
   0.153836117143265E-01
   0.248734004003850E+02
   0.169310927464217E-01
   0.237157401718200E+02
   0.191459703316347E-01
   0.230241165335909E+02
   0.186964705525841E-01
   0.225840590961182E+02
   0.188677037874927E-01
   0.224125547457264E+02
   0.191033638672117E-01
   0.224019459579486E+02
   0.186941514583951E-01
   0.226221464565977E+02
   0.179604915980578E-01
   0.234895839582172E+02
   0.166712088579452E-01
   0.235531199992129E+02
   0.180996215566441E-01
   0.236486530252590E+02
   0.182394579874083E-01
   0.235310333191797E+02
   0.187385834361296E-01
   0.235276674008285E+02
   0.179789880145118E-01
   0.242691777839778E+02
   0.169649697423212E-01
   0.258938315756281E+02
   0.164118365686484E-01
   0.257164535382624E+02
   0.177334948043374E-01
   0.240267372264935E+02
   0.210761364167708E-01
   0.230784363435105E+02
   0.206492730292042E-01
   0.224596742004057E+02
   0.199789304689426E-01
   0.220371239881372E+02
   0.199086079452682E-01
   0.221543776581874E+02
   0.206981961398555E-01
   0.218594743313860E+02
   0.204815711028842E-01
   0.216054956852174E+02
   0.203381625426118E-01
   0.213961106452018E+02
   0.202948420101784E-01
   0.212257011610920E+02
   0.203487169067613E-01
   0.210732638307845E+02
   0.204345253925282E-01
   0.209085405937888E+02
   0.204780937213556E-01
   0.206962517287966E+02
   0.203013408278049E-01
   0.204344660804247E+02
   0.198713612842028E-01
   0.201620247213426E+02
   0.192392200886558E-01
   0.199381783950896E+02
   0.185111239640794E-01
   0.198384950084935E+02
   0.179271433332084E-01
   0.199566126760571E+02
   0.175814340162248E-01
   0.204365651786216E+02
   0.168636581849558E-01
   0.211043192743948E+02
   0.173953596135371E-01
   0.223173560628442E+02
   0.169440920045635E-01
   0.246851797132726E+02
   0.168723825116307E-01
   0.251119160064664E+02
   0.172764778369441E-01
   0.241247602646531E+02
   0.188816079077553E-01
   0.233511874562966E+02
   0.199490984225601E-01
   0.229668073999200E+02
   0.198814022089331E-01
   0.228448972478264E+02
   0.201660122204247E-01
   0.228513389236622E+02
   0.198228734994103E-01
   0.230546739265370E+02
   0.191263037797162E-01
   0.238877884515640E+02
   0.173894091795972E-01
   0.242544201517930E+02
   0.182871628020649E-01
   0.244496898007959E+02
   0.180937787873309E-01
   0.241846442819770E+02
   0.194797928506928E-01
   0.239743263696225E+02
   0.195834578082658E-01
   0.244181679562897E+02
   0.184506978813986E-01
   0.258518473585662E+02
   0.171172141581472E-01
   0.257242445065004E+02
   0.187174383086752E-01
   0.242636640117427E+02
   0.216408567347054E-01
   0.234308616804715E+02
   0.213893481722897E-01
   0.228745857173229E+02
   0.209662103206165E-01
   0.224827815524730E+02
   0.208646049818394E-01
   0.224730299393124E+02
   0.215220875217154E-01
   0.221922515177462E+02
   0.213133628347208E-01
   0.219482874486734E+02
   0.211650872866841E-01
   0.217426934924584E+02
   0.210677465764564E-01
   0.215712436647671E+02
   0.210185541599185E-01
   0.214168689191709E+02
   0.210380696292436E-01
   0.212504800445545E+02
   0.210716528299511E-01
   0.210337503341558E+02
   0.209037651077130E-01
   0.207649785166939E+02
   0.204659960628675E-01
   0.204924647363564E+02
   0.199148042314191E-01
   0.202779283690241E+02
   0.193823787556798E-01
   0.201879992832161E+02
   0.190194807487939E-01
   0.202825392780285E+02
   0.186180017708273E-01
   0.206620693380874E+02
   0.179027087069359E-01
   0.213260091701958E+02
   0.183204830950396E-01
   0.224994801500391E+02
   0.188758299471734E-01
   0.247060245679407E+02
   0.178894735202243E-01
   0.251986308115737E+02
   0.173672734078811E-01
   0.245922324944790E+02
   0.180686827449874E-01
   0.236134278165278E+02
   0.205156513814240E-01
   0.232764064267406E+02
   0.209552994182610E-01
   0.231931492254739E+02
   0.211063125849573E-01
   0.232228114155290E+02
   0.208392819321693E-01
   0.234092400887447E+02
   0.205649538353083E-01
   0.239485513387485E+02
   0.188548653457288E-01
   0.245393855357791E+02
   0.188759290949217E-01
   0.248801006423388E+02
   0.185253280201983E-01
   0.248760977418972E+02
   0.193978299102308E-01
   0.243919377729599E+02
   0.211942621818715E-01
   0.245927142079016E+02
   0.200916940663805E-01
   0.257166698810975E+02
   0.180323697833956E-01
   0.255484858686546E+02
   0.198383361189821E-01
   0.243623577529616E+02
   0.221631494813948E-01
   0.236531650437951E+02
   0.221308931760059E-01
   0.231547373461218E+02
   0.218819234905239E-01
   0.227850148837340E+02
   0.217118396311414E-01
   0.226441590442791E+02
   0.221021942275358E-01
   0.223717394003525E+02
   0.219223278325226E-01
   0.221320043572202E+02
   0.217730343651969E-01
   0.219252163006709E+02
   0.216030428587259E-01
   0.217476683594655E+02
   0.214439557785161E-01
   0.215869842139105E+02
   0.214270947901586E-01
   0.214144574756624E+02
   0.214739763434092E-01
   0.211921006712272E+02
   0.213085336866147E-01
   0.209230959874187E+02
   0.208808416659596E-01
   0.206613176116098E+02
   0.204283538224976E-01
   0.204672407146766E+02
   0.200831451570993E-01
   0.203961523043689E+02
   0.198055817487294E-01
   0.204833209852293E+02
   0.192225107533945E-01
   0.208139998325400E+02
   0.185606605163359E-01
   0.214736441705159E+02
   0.191479065998764E-01
   0.226002478411118E+02
   0.200893424960578E-01
   0.246183560797442E+02
   0.179803106173861E-01
   0.251488161010867E+02
   0.173310590304989E-01
   0.247645804982349E+02
   0.177047863091607E-01
   0.237742380830691E+02
   0.207230172051941E-01
   0.234926523522055E+02
   0.216507760451337E-01
   0.234471249216725E+02
   0.218404205491618E-01
   0.235053322745555E+02
   0.216709943353024E-01
   0.236701397598838E+02
   0.215323389645524E-01
   0.240289886987626E+02
   0.197659672166843E-01
   0.244867738591412E+02
   0.196038547528965E-01
   0.250069577944662E+02
   0.191487099932212E-01
   0.252280883806903E+02
   0.195284561406729E-01
   0.247329925220130E+02
   0.224109648850948E-01
   0.247323589411545E+02
   0.218247708847246E-01
   0.254742937991981E+02
   0.193382130002105E-01
   0.251491580372819E+02
   0.214476935340779E-01
   0.243484840794033E+02
   0.226785594897183E-01
   0.237537410464304E+02
   0.227514815147698E-01
   0.233003841804883E+02
   0.225343899092375E-01
   0.229464468552422E+02
   0.223010305823817E-01
   0.226784990050298E+02
   0.220377412067398E-01
   0.224098508866282E+02
   0.218619632535897E-01
   0.221703834271871E+02
   0.216956933663962E-01
   0.219605330669656E+02
   0.215108313270022E-01
   0.217756901048684E+02
   0.213615152948339E-01
   0.216037898132288E+02
   0.213272335848084E-01
   0.214190564501895E+02
   0.213240865300475E-01
   0.211901148307870E+02
   0.211351856146426E-01
   0.209261408832830E+02
   0.207633739805803E-01
   0.206804441282493E+02
   0.204050913656209E-01
   0.205085502468201E+02
   0.201366172747100E-01
   0.204613620460250E+02
   0.199060761729903E-01
   0.205625836052596E+02
   0.193487043137221E-01
   0.208731015093427E+02
   0.187110699317044E-01
   0.215284698176598E+02
   0.195121760461046E-01
   0.225876415320598E+02
   0.203591271100668E-01
   0.244284924089754E+02
   0.176012594407698E-01
   0.249838899765058E+02
   0.172117128902680E-01
   0.247478154167255E+02
   0.175580818673499E-01
   0.238309271832103E+02
   0.207185993335661E-01
   0.236101980025482E+02
   0.221101861793615E-01
   0.236046446763254E+02
   0.225398739174561E-01
   0.236908379674871E+02
   0.223331237484379E-01
   0.238359921026645E+02
   0.220134454041249E-01
   0.240903713086024E+02
   0.206325873603436E-01
   0.244485545745030E+02
   0.202396257865893E-01
   0.248639951669293E+02
   0.203017406047618E-01
   0.253406687579888E+02
   0.199435044630903E-01
   0.249914172881923E+02
   0.226263579892343E-01
   0.247880866894496E+02
   0.229074785818249E-01
   0.250731266569608E+02
   0.209907463848440E-01
   0.248348467346420E+02
   0.222648206507021E-01
   0.242469180533578E+02
   0.228372370946281E-01
   0.237381719026371E+02
   0.228711302860816E-01
   0.233179786237422E+02
   0.225233669122999E-01
   0.229756049407488E+02
   0.222378717823399E-01
   0.226049066581174E+02
   0.210117612998871E-01
   0.223352762557567E+02
   0.207391459273025E-01
   0.220892670444094E+02
   0.204591911723910E-01
   0.218685386766927E+02
   0.201965653893551E-01
   0.216707570622908E+02
   0.200333881722395E-01
   0.214848376444126E+02
   0.199985923900539E-01
   0.212883613940517E+02
   0.200136227825348E-01
   0.210570413533852E+02
   0.199081512320626E-01
   0.208044862780670E+02
   0.197181996968554E-01
   0.205807637369537E+02
   0.195800925906755E-01
   0.204337261510505E+02
   0.194769741258897E-01
   0.204088189620332E+02
   0.193792658486476E-01
   0.205332661477146E+02
   0.191090000797677E-01
   0.208347576756314E+02
   0.184959509238281E-01
   0.214853716082969E+02
   0.195796545056825E-01
   0.224547949367987E+02
   0.201038730548050E-01
   0.241458924406019E+02
   0.173862392566523E-01
   0.247137792120601E+02
   0.172010776842000E-01
   0.245860377696779E+02
   0.174282209423941E-01
   0.237892463650892E+02
   0.212478155214272E-01
   0.236154906967689E+02
   0.223901741480099E-01
   0.236429388486521E+02
   0.228792946935211E-01
   0.237691548124224E+02
   0.228177420403599E-01
   0.239033401747332E+02
   0.223110964004453E-01
   0.241023899931630E+02
   0.213609406471414E-01
   0.244034192098747E+02
   0.213586645190489E-01
   0.247366319470865E+02
   0.213144150276196E-01
   0.252492080785870E+02
   0.206205155922837E-01
   0.252105142709721E+02
   0.216410395914571E-01
   0.247382279760199E+02
   0.230000319917889E-01
   0.247635719650878E+02
   0.217155106274916E-01
   0.245376220393038E+02
   0.222707931881349E-01
   0.240674420861015E+02
   0.223539776171026E-01
   0.236219146489838E+02
   0.221183212295218E-01
   0.232320848434458E+02
   0.216552260619514E-01
   0.228996408274299E+02
   0.212946321933911E-01
   0.224484002808252E+02
   0.196427015684326E-01
   0.221757718971228E+02
   0.193129816923442E-01
   0.219239797529652E+02
   0.190078726999031E-01
   0.216955196100056E+02
   0.187678940996976E-01
   0.214871484561256E+02
   0.186112323030729E-01
   0.212872268888677E+02
   0.185212094198898E-01
   0.210777151987592E+02
   0.184580010985819E-01
   0.208440647531297E+02
   0.183551515057489E-01
   0.206045918648116E+02
   0.182838302749683E-01
   0.204016034929156E+02
   0.182945885703029E-01
   0.202756201739002E+02
   0.183687166983971E-01
   0.202689170875376E+02
   0.185313905263162E-01
   0.204105051349662E+02
   0.186745338105609E-01
   0.207045957105684E+02
   0.182157504789886E-01
   0.213423749350371E+02
   0.196691762958752E-01
   0.222064747331918E+02
   0.197516085123722E-01
   0.237568063170847E+02
   0.173747161572170E-01
   0.243245443231802E+02
   0.173077608896726E-01
   0.242862284561298E+02
   0.173418203631302E-01
   0.236267604514642E+02
   0.214667900187454E-01
   0.234885927817356E+02
   0.220883634791203E-01
   0.235389108577316E+02
   0.223805736169693E-01
   0.237245435792977E+02
   0.227166273097991E-01
   0.238626903959628E+02
   0.224349799486399E-01
   0.240351135433883E+02
   0.218358794341967E-01
   0.242975655988268E+02
   0.221366321079714E-01
   0.245643811229531E+02
   0.221009906561377E-01
   0.249082219385230E+02
   0.218792132499383E-01
   0.251205298237971E+02
   0.212737696662051E-01
   0.245706206520303E+02
   0.225505257377983E-01
   0.244621481220871E+02
   0.218689432238125E-01
   0.242253890173436E+02
   0.217888212805638E-01
   0.238215515920437E+02
   0.213200234941174E-01
   0.234276484810057E+02
   0.208959755200255E-01
   0.230656718831306E+02
   0.203989174841503E-01
   0.227424283676874E+02
   0.199934591610508E-01
   0.222551781758696E+02
   0.188956027988348E-01
   0.219824518595246E+02
   0.185462415265055E-01
   0.217283842525877E+02
   0.182368880600581E-01
   0.214954432057217E+02
   0.180121503295542E-01
   0.212787948334031E+02
   0.178520367767008E-01
   0.210661586875209E+02
   0.177317079790099E-01
   0.208432308277396E+02
   0.176208315958485E-01
   0.206032400134656E+02
   0.174843042552130E-01
   0.203674358761342E+02
   0.173914310184320E-01
   0.201727486877936E+02
   0.173859522356260E-01
   0.200547577955808E+02
   0.174942037338650E-01
   0.200534679905845E+02
   0.177833406858779E-01
   0.202028639732689E+02
   0.183062721138665E-01
   0.205097090778712E+02
   0.187356282003432E-01
   0.210916505699013E+02
   0.198356025014766E-01
   0.218438892539687E+02
   0.191078715904416E-01
   0.232428862278452E+02
   0.173618932408086E-01
   0.237983077091574E+02
   0.173934778257283E-01
   0.238478494191948E+02
   0.174949239504413E-01
   0.233399209318977E+02
   0.219099179603044E-01
   0.232324423323717E+02
   0.218492477319226E-01
   0.232968690781554E+02
   0.214146595414796E-01
   0.235614416089660E+02
   0.221264062440237E-01
   0.237082768480969E+02
   0.224459359003605E-01
   0.238679611914141E+02
   0.219937604513002E-01
   0.241011043583341E+02
   0.225162960393526E-01
   0.243188403983410E+02
   0.228201543982347E-01
   0.245597472689688E+02
   0.231485568960843E-01
   0.247842506826060E+02
   0.214726503072052E-01
   0.242882130182509E+02
   0.222530312775201E-01
   0.241319045639665E+02
   0.218344278798625E-01
   0.238883980109410E+02
   0.212806819891687E-01
   0.235343555400036E+02
   0.205847420302001E-01
   0.231891161608795E+02
   0.201395802053227E-01
   0.228569670089300E+02
   0.196801008159703E-01
   0.225458060079202E+02
   0.192680554088861E-01
   0.220520033485579E+02
   0.193803720302787E-01
   0.217856825015045E+02
   0.189701819660997E-01
   0.215352867204200E+02
   0.186096379395098E-01
   0.213017086597426E+02
   0.183292798286536E-01
   0.210797847756497E+02
   0.181234595799171E-01
   0.208571000258927E+02
   0.179701582958100E-01
   0.206222142475135E+02
   0.178544436760907E-01
   0.203734237337825E+02
   0.177376158539471E-01
   0.201328986452598E+02
   0.176696511424451E-01
   0.199340515009822E+02
   0.176897494658920E-01
   0.198081370486743E+02
   0.178098677652405E-01
   0.197922245397818E+02
   0.180972278368991E-01
   0.199239551536282E+02
   0.186774734498957E-01
   0.202162489256256E+02
   0.194189632949575E-01
   0.207304644073391E+02
   0.201592589588712E-01
   0.213786711212324E+02
   0.187906064115335E-01
   0.225892608797745E+02
   0.173017905727299E-01
   0.231190357556562E+02
   0.172678623215541E-01
   0.232607693626461E+02
   0.180364196197636E-01
   0.229060376514248E+02
   0.221284043189323E-01
   0.228452082246832E+02
   0.217450119236132E-01
   0.229419548966399E+02
   0.208882118072858E-01
   0.232969443569738E+02
   0.210835929965197E-01
   0.234510011290731E+02
   0.228055639415396E-01
   0.236156086781997E+02
   0.227529474892725E-01
   0.238141675734475E+02
   0.231789838633602E-01
   0.239779513960246E+02
   0.233846711257111E-01
   0.241213571594010E+02
   0.234964855336790E-01
   0.241974064238028E+02
   0.226570991264135E-01
   0.239131988142635E+02
   0.229618513989632E-01
   0.237573750234149E+02
   0.226209255206595E-01
   0.235264821498345E+02
   0.219235135477071E-01
   0.232238269778878E+02
   0.212319688478528E-01
   0.229280657194013E+02
   0.207864270153631E-01
   0.226281873842297E+02
   0.203061960175411E-01
   0.223336166208560E+02
   0.198229243276778E-01
   0.218359643997168E+02
   0.211196336387003E-01
   0.215857588463791E+02
   0.206591530327089E-01
   0.213472718022205E+02
   0.202102197936158E-01
   0.211197439326261E+02
   0.198128906214491E-01
   0.208982560530742E+02
   0.195041307550365E-01
   0.206700434317945E+02
   0.192726151040379E-01
   0.204251212662604E+02
   0.191111708621898E-01
   0.201650967390532E+02
   0.189581055481072E-01
   0.199121734748354E+02
   0.188293759921400E-01
   0.196971107555375E+02
   0.187588384941219E-01
   0.195470133512970E+02
   0.187124785168440E-01
   0.194943842335525E+02
   0.187207029321446E-01
   0.195750845986891E+02
   0.188990824483244E-01
   0.198026707599068E+02
   0.192615066241910E-01
   0.202550772576816E+02
   0.203785292065620E-01
   0.208315478491694E+02
   0.197409385658623E-01
   0.217810174505062E+02
   0.170690801802959E-01
   0.222774869677574E+02
   0.175600934060651E-01
   0.224988279293984E+02
   0.190549616305601E-01
   0.223157578028417E+02
   0.221245137461910E-01
   0.223194311973456E+02
   0.213776819416380E-01
   0.224676408961566E+02
   0.202554742451232E-01
   0.229720142255517E+02
   0.197319955373857E-01
   0.230621120634662E+02
   0.227556604823839E-01
   0.232371022366087E+02
   0.232955580446258E-01
   0.234004437591329E+02
   0.234780747752050E-01
   0.235141167223806E+02
   0.234925239445010E-01
   0.235772176932645E+02
   0.232351110520388E-01
   0.235861188218578E+02
   0.230413932351884E-01
   0.234225070779206E+02
   0.235812443006753E-01
   0.232986018268583E+02
   0.236720850527613E-01
   0.231053932574215E+02
   0.232624706293772E-01
   0.228649826867537E+02
   0.228555127497741E-01
   0.226236989749772E+02
   0.225143543123315E-01
   0.223639789305678E+02
   0.220799007695987E-01
   0.220977960327287E+02
   0.216005128991214E-01
   0.215144532638638E+02
   0.229392038111578E-01
   0.212921502560595E+02
   0.226331068686106E-01
   0.210775263606136E+02
   0.222289894534062E-01
   0.208673181816584E+02
   0.217505620830934E-01
   0.206557368450400E+02
   0.212969332402338E-01
   0.204286947777165E+02
   0.208752393818857E-01
   0.201762705953973E+02
   0.204866130290283E-01
   0.199039869505454E+02
   0.201146757199320E-01
   0.196351557349958E+02
   0.197800079882813E-01
   0.193993153012476E+02
   0.195160534562792E-01
   0.192214349678325E+02
   0.192737581751221E-01
   0.191282907496323E+02
   0.190367770659315E-01
   0.191441605628962E+02
   0.187989651479419E-01
   0.192814321569436E+02
   0.185689637591059E-01
   0.196425311353584E+02
   0.192218609897116E-01
   0.201766408805315E+02
   0.204540938088876E-01
   0.208055273101125E+02
   0.177411520612470E-01
   0.212475848716481E+02
   0.182310670359911E-01
   0.215118081216365E+02
   0.197083222184126E-01
   0.215667450303854E+02
   0.216320088164282E-01
   0.216587079751661E+02
   0.208492332940573E-01
   0.218846077092319E+02
   0.190175004952131E-01
   0.224223452566627E+02
   0.197657193533084E-01
   0.225343123892912E+02
   0.224564134233914E-01
   0.227148914257976E+02
   0.234045758813632E-01
   0.228466822161797E+02
   0.232420068371882E-01
   0.229232916531560E+02
   0.231587405506542E-01
   0.229287417515556E+02
   0.228119692711657E-01
   0.228931960335442E+02
   0.227080677456412E-01
   0.227888007706210E+02
   0.232737593241596E-01
   0.226983925871259E+02
   0.236990063204100E-01
   0.225525931001236E+02
   0.237234717080640E-01
   0.223732263419030E+02
   0.237387787765034E-01
   0.221878797287524E+02
   0.237314546862227E-01
   0.219737861506182E+02
   0.235128567637201E-01
   0.217454596937239E+02
   0.232412012619423E-01
   0.209875256027337E+02
   0.229648479015578E-01
   0.207972863080441E+02
   0.229099919172327E-01
   0.206160667044829E+02
   0.227881196326636E-01
   0.204375641982093E+02
   0.225073693252569E-01
   0.202518856189105E+02
   0.221258183089813E-01
   0.200410949506598E+02
   0.216310136211465E-01
   0.197924198532028E+02
   0.210187806254193E-01
   0.195146819285915E+02
   0.204121224727533E-01
   0.192332542295941E+02
   0.199002176015936E-01
   0.189777942772703E+02
   0.195069080721015E-01
   0.187738772476223E+02
   0.191917501910775E-01
   0.186452697727606E+02
   0.189320339152138E-01
   0.186095270971693E+02
   0.186427087424609E-01
   0.186810606427200E+02
   0.182110776350217E-01
   0.189358428939947E+02
   0.178542879491628E-01
   0.193857214062860E+02
   0.186168917340560E-01
   0.198976290661489E+02
   0.185434664815505E-01
   0.202649962442096E+02
   0.186898679486192E-01
   0.204942855292172E+02
   0.188628408583730E-01
   0.206615427332534E+02
   0.203511979433607E-01
   0.208577824474124E+02
   0.203554901652554E-01
   0.212216908855649E+02
   0.172563138589657E-01
   0.216363875674256E+02
   0.204836816972085E-01
   0.218646266399031E+02
   0.223030370203720E-01
   0.220431294141913E+02
   0.227061900334005E-01
   0.221547358008931E+02
   0.225712120286529E-01
   0.222022458628831E+02
   0.224522534289129E-01
   0.221710790164442E+02
   0.220690227534073E-01
   0.220986827828146E+02
   0.217967366444512E-01
   0.220077398920129E+02
   0.220602964010842E-01
   0.219345248928699E+02
   0.224933067785037E-01
   0.218257997499721E+02
   0.227222621025219E-01
   0.216948234956606E+02
   0.229776795317237E-01
   0.215530932138559E+02
   0.232060134840085E-01
   0.213783887399195E+02
   0.231660896043302E-01
   0.211862846870244E+02
   0.230719878061141E-01
   0.202398464579282E+02
   0.215653810741999E-01
   0.200728826036476E+02
   0.215747308319655E-01
   0.199188353842445E+02
   0.216483331324180E-01
   0.197732279130715E+02
   0.217017812874088E-01
   0.196218568506899E+02
   0.216389005081535E-01
   0.194422212493777E+02
   0.213776396687120E-01
   0.192165999169508E+02
   0.208558326218123E-01
   0.189503881757563E+02
   0.202087125181769E-01
   0.186680048830254E+02
   0.195937133226973E-01
   0.183999318652769E+02
   0.190883815977425E-01
   0.181750685341983E+02
   0.187060834603482E-01
   0.180172764726713E+02
   0.184253512595165E-01
   0.179446266021727E+02
   0.181814835163845E-01
   0.179774093959175E+02
   0.179136463922019E-01
   0.181756603313778E+02
   0.177746405243116E-01
   0.185565329545294E+02
   0.183559099185880E-01
   0.189598459986256E+02
   0.183477652410316E-01
   0.192354484764880E+02
   0.182325711423491E-01
   0.194090872432447E+02
   0.182233120074347E-01
   0.196129669151833E+02
   0.189893396166174E-01
   0.198960944042032E+02
   0.194132164978378E-01
   0.203401290084007E+02
   0.166251896444519E-01
   0.207646146080759E+02
   0.199597718160614E-01
   0.210491548402553E+02
   0.210886226631237E-01
   0.212235003239518E+02
   0.213980915060214E-01
   0.213227284047794E+02
   0.215268148724105E-01
   0.213495447118763E+02
   0.214724062164184E-01
   0.212963122663766E+02
   0.211203777294494E-01
   0.212015430756488E+02
   0.207665073935466E-01
   0.211098767740172E+02
   0.208167304107491E-01
   0.210378493448077E+02
   0.210820634516050E-01
   0.209452946286801E+02
   0.212557943305863E-01
   0.208412565564498E+02
   0.214796113038932E-01
   0.207261758673091E+02
   0.216914767953522E-01
   0.205790689001565E+02
   0.217012372336394E-01
   0.204141480560714E+02
   0.216436194207013E-01
   0.192983670564094E+02
   0.199352372031806E-01
   0.191460252791012E+02
   0.198835004435135E-01
   0.190074770946840E+02
   0.199383489424991E-01
   0.188829448375097E+02
   0.201022753325989E-01
   0.187582678324497E+02
   0.202616060374617E-01
   0.186099946096845E+02
   0.203041534925100E-01
   0.184176734758333E+02
   0.201086106124751E-01
   0.181794863794320E+02
   0.196709638788313E-01
   0.179126544838280E+02
   0.190991289115863E-01
   0.176443530175813E+02
   0.185046955724497E-01
   0.174071319599729E+02
   0.180160740967430E-01
   0.172274255359898E+02
   0.176491212607197E-01
   0.171275760728701E+02
   0.173506468627207E-01
   0.171347948978084E+02
   0.170793319569886E-01
   0.172969338306366E+02
   0.170140904175521E-01
   0.176129672577974E+02
   0.174657359865527E-01
   0.179235586039023E+02
   0.175144879413149E-01
   0.181125560711600E+02
   0.172780792923905E-01
   0.182168390292238E+02
   0.170083979138758E-01
   0.184232883506476E+02
   0.174814274479232E-01
   0.187765974533950E+02
   0.180281355131076E-01
   0.192489668113934E+02
   0.172706512243201E-01
   0.197927671646032E+02
   0.190329538131089E-01
   0.201008937029926E+02
   0.196624306002154E-01
   0.202653045345969E+02
   0.199433808240032E-01
   0.203476887490730E+02
   0.201755564041582E-01
   0.203585359039766E+02
   0.202208967583236E-01
   0.202946394753557E+02
   0.199969065592039E-01
   0.201903658517465E+02
   0.196861398025579E-01
   0.200924744678564E+02
   0.196189598829777E-01
   0.200132130849059E+02
   0.197457574048454E-01
   0.199240653989580E+02
   0.198392950267497E-01
   0.198302659944556E+02
   0.199738349187708E-01
   0.197264683239816E+02
   0.200722001404905E-01
   0.195985020929605E+02
   0.200759030337610E-01
   0.194541598203846E+02
   0.200273304833990E-01
   0.181735859580086E+02
   0.183217490838019E-01
   0.180311901626991E+02
   0.182199909858077E-01
   0.179004320317910E+02
   0.181921473269750E-01
   0.177858859941460E+02
   0.182864692039939E-01
   0.176756856060586E+02
   0.184343731004272E-01
   0.175486282142677E+02
   0.185605202317156E-01
   0.173861040696927E+02
   0.186026089490236E-01
   0.171815189648422E+02
   0.184663072068131E-01
   0.169428986303759E+02
   0.181292255925365E-01
   0.166900141926253E+02
   0.176366268429473E-01
   0.164536744202193E+02
   0.171240585077783E-01
   0.162621174339054E+02
   0.166807292662889E-01
   0.161442493179526E+02
   0.163311649558828E-01
   0.161350183981156E+02
   0.160922445365202E-01
   0.162709001304929E+02
   0.160438010144742E-01
   0.165307956606458E+02
   0.162638053777463E-01
   0.167675602303854E+02
   0.162722447462100E-01
   0.168785213616961E+02
   0.160742732114098E-01
   0.168950650803828E+02
   0.155209256731626E-01
   0.170780461146295E+02
   0.157793368284875E-01
   0.175008823247933E+02
   0.162980599860834E-01
   0.181054816403691E+02
   0.169808614216579E-01
   0.187123540065735E+02
   0.179944690340571E-01
   0.190284333229330E+02
   0.182059343830813E-01
   0.191729137111998E+02
   0.184109070413443E-01
   0.192311815256396E+02
   0.186029314445657E-01
   0.192255819231514E+02
   0.187064647847003E-01
   0.191553226382968E+02
   0.186294633622236E-01
   0.190467206786372E+02
   0.184260784192402E-01
   0.189406095248458E+02
   0.183195232440807E-01
   0.188485745032455E+02
   0.183347714533125E-01
   0.187533094552001E+02
   0.183458422287630E-01
   0.186586924219560E+02
   0.184036350190141E-01
   0.185581762274746E+02
   0.184357285400530E-01
   0.184430075458112E+02
   0.184383251302135E-01
   0.183145834400105E+02
   0.184063678021452E-01
   0.168681836376199E+02
   0.167191101449447E-01
   0.167338919384223E+02
   0.166133547419988E-01
   0.166068526480288E+02
   0.165312157882643E-01
   0.164943454951639E+02
   0.165251539021575E-01
   0.163884116988975E+02
   0.165775871084524E-01
   0.162718385845471E+02
   0.166433935708898E-01
   0.161294521358186E+02
   0.167041490795699E-01
   0.159538142228010E+02
   0.166976571276842E-01
   0.157460891276722E+02
   0.165587459231846E-01
   0.155187927205895E+02
   0.162667036049286E-01
   0.152969734952944E+02
   0.158846418103255E-01
   0.151055986771595E+02
   0.154457069724361E-01
   0.149788192567550E+02
   0.150577668221722E-01
   0.149612060953311E+02
   0.148471044112950E-01
   0.150830939321227E+02
   0.148627374918404E-01
   0.153045007243189E+02
   0.149998429754011E-01
   0.154865955617698E+02
   0.149936619994763E-01
   0.155205200043689E+02
   0.147657541738792E-01
   0.154251790803744E+02
   0.139246319707492E-01
   0.155620841262260E+02
   0.139129243404116E-01
   0.160560406196772E+02
   0.146180032050048E-01
   0.168269445870279E+02
   0.158140431472244E-01
   0.175195249385654E+02
   0.170725865706178E-01
   0.178407730526947E+02
   0.170349437961839E-01
   0.179545907327425E+02
   0.170193572378105E-01
   0.179801178737719E+02
   0.170565570107552E-01
   0.179521651665547E+02
   0.171121795294197E-01
   0.178722687990411E+02
   0.170906963398286E-01
   0.177589627888124E+02
   0.169931091695172E-01
   0.176437915658037E+02
   0.169180544572715E-01
   0.175361320377043E+02
   0.168633888173744E-01
   0.174284358848852E+02
   0.168062372266538E-01
   0.173252772154262E+02
   0.167941307088706E-01
   0.172221835463298E+02
   0.167825422912162E-01
   0.171137775396944E+02
   0.167851088210634E-01
   0.169970859236116E+02
   0.167817606408301E-01
   0.153779107999859E+02
   0.150424232985467E-01
   0.152507916987120E+02
   0.149516276000232E-01
   0.151264321585041E+02
   0.148508478063268E-01
   0.150131120778386E+02
   0.147841978400189E-01
   0.149062573648318E+02
   0.147692731052167E-01
   0.147931941611524E+02
   0.147729730403189E-01
   0.146618491237072E+02
   0.147688798031677E-01
   0.145068215247373E+02
   0.147708453195626E-01
   0.143256700714722E+02
   0.147037201154032E-01
   0.141257439312280E+02
   0.145425982591331E-01
   0.139256796352843E+02
   0.143019793555550E-01
   0.137445188736894E+02
   0.139420516927649E-01
   0.136166075665324E+02
   0.135495150435646E-01
   0.135969198657643E+02
   0.133939347710755E-01
   0.137172429224529E+02
   0.135637179561315E-01
   0.139234057714432E+02
   0.138257493573416E-01
   0.140736142253782E+02
   0.139176043388012E-01
   0.140313368641212E+02
   0.136049667137140E-01
   0.137856721811277E+02
   0.122104518819455E-01
   0.138539161087739E+02
   0.117150443301063E-01
   0.144148113022516E+02
   0.127985465643102E-01
   0.154138197845209E+02
   0.154403521035361E-01
   0.162086493648744E+02
   0.169950488257358E-01
   0.165319155042205E+02
   0.165781590116509E-01
   0.166058356292922E+02
   0.160873317630116E-01
   0.165932034207609E+02
   0.158203481988479E-01
   0.165369802485348E+02
   0.156966353343014E-01
   0.164407461447398E+02
   0.155885625130174E-01
   0.163172135811068E+02
   0.154716768406734E-01
   0.161901391845127E+02
   0.154059880152007E-01
   0.160655558437739E+02
   0.153159965010956E-01
   0.159419604039402E+02
   0.152105230697011E-01
   0.158252503927757E+02
   0.151419261690066E-01
   0.157148872596098E+02
   0.151008507069824E-01
   0.156073914499275E+02
   0.150884375767757E-01
   0.154975234978017E+02
   0.150869773225625E-01
   0.136920071352957E+02
   0.136586201792633E-01
   0.135707961137315E+02
   0.135559537407929E-01
   0.134495695222410E+02
   0.134375664217224E-01
   0.133368945838940E+02
   0.133462420226140E-01
   0.132282247132116E+02
   0.132823110883777E-01
   0.131157755238997E+02
   0.132357680588040E-01
   0.129907617707895E+02
   0.131761460869561E-01
   0.128493746883776E+02
   0.131288509702126E-01
   0.126889479105074E+02
   0.130660819555193E-01
   0.125134652383181E+02
   0.129798923180590E-01
   0.123370257928174E+02
   0.129177743279951E-01
   0.121733673252087E+02
   0.128125457446502E-01
   0.120516046015343E+02
   0.126214125536582E-01
   0.120288080698082E+02
   0.125339043850480E-01
   0.121492461934427E+02
   0.127379379940670E-01
   0.123614241980617E+02
   0.131352623640357E-01
   0.125073570249931E+02
   0.133421618309243E-01
   0.124040584136836E+02
   0.129636780403573E-01
   0.119520875579821E+02
   0.960076089290390E-02
   0.119411190907961E+02
   0.898364954308264E-02
   0.125370867683004E+02
   0.103034001563671E-01
   0.137386564321963E+02
   0.146727065723654E-01
   0.146637577830965E+02
   0.169728260551488E-01
   0.150307103421418E+02
   0.168452961266483E-01
   0.150883551835488E+02
   0.161237875161863E-01
   0.150441074011854E+02
   0.156050888642051E-01
   0.149594089979139E+02
   0.152509637127470E-01
   0.148409628543351E+02
   0.149537981717769E-01
   0.147011050056905E+02
   0.146736028174709E-01
   0.145585780294978E+02
   0.144507138085841E-01
   0.144171711001719E+02
   0.142451146136686E-01
   0.142777377458064E+02
   0.140537566846393E-01
   0.141455139237131E+02
   0.139071094412711E-01
   0.140246267925751E+02
   0.138112691570722E-01
   0.139133127367760E+02
   0.137588524997509E-01
   0.138055662531308E+02
   0.137229895413686E-01
   0.117822752441067E+02
   0.126765173177142E-01
   0.116651307350501E+02
   0.125936437394635E-01
   0.115469649191792E+02
   0.124973553276350E-01
   0.114362221748053E+02
   0.123975212754078E-01
   0.113273596657853E+02
   0.123078757563920E-01
   0.112166991514347E+02
   0.122360546475975E-01
   0.110987853252131E+02
   0.121704187569467E-01
   0.109702740778373E+02
   0.121133325869825E-01
   0.108289734680480E+02
   0.120782258710370E-01
   0.106743119415722E+02
   0.120248566798716E-01
   0.105161244076437E+02
   0.119649139521086E-01
   0.103674070968640E+02
   0.118809579981373E-01
   0.102541258103303E+02
   0.117283229138609E-01
   0.102296895696339E+02
   0.116278948199780E-01
   0.103473407132846E+02
   0.117749434478583E-01
   0.105744949143383E+02
   0.122509381211094E-01
   0.107468018706488E+02
   0.127144942277914E-01
   0.106323554548237E+02
   0.124470258634789E-01
   0.100193327142945E+02
   0.865804556543049E-02
   0.992279203099531E+01
   0.776610014878438E-02
   0.104801244844224E+02
   0.864208842274201E-02
   0.117606069122689E+02
   0.136207227717773E-01
   0.127250566348481E+02
   0.158651621577065E-01
   0.131595468359861E+02
   0.162498702326005E-01
   0.132665123960684E+02
   0.158308522604282E-01
   0.132418182898368E+02
   0.154205557131362E-01
   0.131563183645209E+02
   0.149941768810333E-01
   0.130285973377223E+02
   0.145407315741310E-01
   0.128757028974812E+02
   0.141114002438320E-01
   0.127194054475502E+02
   0.137650112920013E-01
   0.125624928384003E+02
   0.134712598364078E-01
   0.124092769285830E+02
   0.132406339408146E-01
   0.122596526153708E+02
   0.130288731449883E-01
   0.121241434573881E+02
   0.128737982591675E-01
   0.120033203001712E+02
   0.127763696840444E-01
   0.118929069513406E+02
   0.127254426364283E-01
   0.962069904086120E+01
   0.116964059054026E-01
   0.950060606700950E+01
   0.115827662401886E-01
   0.938143300865238E+01
   0.114659537734504E-01
   0.927661495900985E+01
   0.113982963470335E-01
   0.916978552161095E+01
   0.113154171438583E-01
   0.906172434599081E+01
   0.112425953059713E-01
   0.895148275266261E+01
   0.111839990438110E-01
   0.883700299023910E+01
   0.111383950321173E-01
   0.871519737905723E+01
   0.111031936354886E-01
   0.858453981905033E+01
   0.110658813241009E-01
   0.845282582540485E+01
   0.110273226425934E-01
   0.833067284749720E+01
   0.109708993176718E-01
   0.823968022357247E+01
   0.108801347642520E-01
   0.822273597088086E+01
   0.108251332892268E-01
   0.833015897324777E+01
   0.109245801806040E-01
   0.855827992800792E+01
   0.113374087863563E-01
   0.875938874500035E+01
   0.119644802601121E-01
   0.870746279301620E+01
   0.122332967978713E-01
   0.804033509831993E+01
   0.840446973098440E-02
   0.787861180285036E+01
   0.758339316145473E-02
   0.831224211369654E+01
   0.815908363703883E-02
   0.942001203647656E+01
   0.115587693701544E-01
   0.102785139548364E+02
   0.132152308705624E-01
   0.107479625295125E+02
   0.139653235839706E-01
   0.109433793912219E+02
   0.140763217712489E-01
   0.109992853042057E+02
   0.140982091043875E-01
   0.109775085906212E+02
   0.140084629659176E-01
   0.108978510741091E+02
   0.137621522070467E-01
   0.107749186652067E+02
   0.134547377834884E-01
   0.106280312184195E+02
   0.131210166887648E-01
   0.104669853502154E+02
   0.127901125112791E-01
   0.103018056638106E+02
   0.125080315002729E-01
   0.101400688002180E+02
   0.122583398089008E-01
   0.999151104155328E+01
   0.120560857472643E-01
   0.985705914590992E+01
   0.119007334127288E-01
   0.973679814424571E+01
   0.117911729712193E-01
   0.719243077296132E+01
   0.106989975060522E-01
   0.707334666800326E+01
   0.105808445866053E-01
   0.695632445074833E+01
   0.104655584435924E-01
   0.684591647839381E+01
   0.103588246202125E-01
   0.673660984858913E+01
   0.102510580215015E-01
   0.663059634161437E+01
   0.101715493182721E-01
   0.652889199125433E+01
   0.101198807157124E-01
   0.643013182071951E+01
   0.100967699959903E-01
   0.633029864390540E+01
   0.100799152505027E-01
   0.622657700608737E+01
   0.100668192087610E-01
   0.612856339111513E+01
   0.100607266779262E-01
   0.604329933663635E+01
   0.100484545422715E-01
   0.598707824226527E+01
   0.100271872475962E-01
   0.598789894929560E+01
   0.100237807766230E-01
   0.607997511935543E+01
   0.100992803976550E-01
   0.627495684020310E+01
   0.103762480173847E-01
   0.647601259688873E+01
   0.109107140083447E-01
   0.651855016613300E+01
   0.116208917325948E-01
   0.607073770167690E+01
   0.958614430068536E-02
   0.587727201114719E+01
   0.905170314280904E-02
   0.607819366724717E+01
   0.870289487820293E-02
   0.672031766572137E+01
   0.946565470048136E-02
   0.732233519355793E+01
   0.100193500845621E-01
   0.775427207736874E+01
   0.106301065632677E-01
   0.801541346276876E+01
   0.110669794478426E-01
   0.815961515620787E+01
   0.114174881429757E-01
   0.823920542234457E+01
   0.117404429456544E-01
   0.825432048774410E+01
   0.119153366267770E-01
   0.820682714926019E+01
   0.119291614858070E-01
   0.811628348467726E+01
   0.118379830622573E-01
   0.799132346697857E+01
   0.116514582514797E-01
   0.784693969441191E+01
   0.114431874482182E-01
   0.769820124040662E+01
   0.112343056504777E-01
   0.755830098083141E+01
   0.110613420196288E-01
   0.742512632695977E+01
   0.109050552794337E-01
   0.730651372889383E+01
   0.107953156078755E-01
   0.433397827873717E+01
   0.930081056253897E-02
   0.422728284143594E+01
   0.921691332896178E-02
   0.412638103044908E+01
   0.914610891050040E-02
   0.402835754190879E+01
   0.907532524853160E-02
   0.393076384222346E+01
   0.899801900896876E-02
   0.383726662930790E+01
   0.893499478995994E-02
   0.375119452872130E+01
   0.889710971807792E-02
   0.367142631190907E+01
   0.888399475090343E-02
   0.359440221391333E+01
   0.887870218266339E-02
   0.351463514706166E+01
   0.885148376287929E-02
   0.345334132280776E+01
   0.885899395768410E-02
   0.341045523024327E+01
   0.887439102021734E-02
   0.339377603561347E+01
   0.889545487162084E-02
   0.341767427611293E+01
   0.893048443823006E-02
   0.349557270050822E+01
   0.899185934376411E-02
   0.363070927725975E+01
   0.915171335904758E-02
   0.377724461777824E+01
   0.946538940046189E-02
   0.381212791447884E+01
   0.984167128457753E-02
   0.357181985877769E+01
   0.911355811215447E-02
   0.339055848940302E+01
   0.853068970700280E-02
   0.341626934159743E+01
   0.801553355106623E-02
   0.369061373886793E+01
   0.791150020374147E-02
   0.403202351071999E+01
   0.796748033868151E-02
   0.434283108503708E+01
   0.821850937540952E-02
   0.457685595411598E+01
   0.847969555973056E-02
   0.474925813235319E+01
   0.875020993451769E-02
   0.488594166440806E+01
   0.908395983997511E-02
   0.497751370410794E+01
   0.938673695112609E-02
   0.501439275138802E+01
   0.959624906345892E-02
   0.499713128862131E+01
   0.968467339751119E-02
   0.493343453589923E+01
   0.966516497675181E-02
   0.483778102630261E+01
   0.958267302958368E-02
   0.472939179448579E+01
   0.948567336505758E-02
   0.462800340356545E+01
   0.943140564161493E-02
   0.452848219375642E+01
   0.938752371558825E-02
   0.443094286698205E+01
   0.934354563261966E-02
   0.786118556688292E+00
   0.728270634180541E-02
   0.719353305851044E+00
   0.727889858335726E-02
   0.649515728630909E+00
   0.726032659760632E-02
   0.576968115281129E+00
   0.723046299304420E-02
   0.502419225346567E+00
   0.718582551037404E-02
   0.431718714016725E+00
   0.713933158183077E-02
   0.369327862626984E+00
   0.710492187641700E-02
   0.313450526390212E+00
   0.708111312215349E-02
   0.262324278482807E+00
   0.705995899565747E-02
   0.222500521814144E+00
   0.704745587350176E-02
   0.203700279735044E+00
   0.706100258110309E-02
   0.202390205252396E+00
   0.708045186436954E-02
   0.219907584387847E+00
   0.710489547380394E-02
   0.260035019946995E+00
   0.713568162711913E-02
   0.323615767367911E+00
   0.718002993222408E-02
   0.403601072902404E+00
   0.726829685994843E-02
   0.484488104384749E+00
   0.747032813342793E-02
   0.501734237516177E+00
   0.768311243408065E-02
   0.376791671993973E+00
   0.741658255411218E-02
   0.230333493773493E+00
   0.703950924305794E-02
   0.158861804004179E+00
   0.667358480107557E-02
   0.220977885186804E+00
   0.646641768112855E-02
   0.354092217432215E+00
   0.635865389335102E-02
   0.510710919293414E+00
   0.634370235915603E-02
   0.658145781457494E+00
   0.637458411150732E-02
   0.791990611637559E+00
   0.644784345825339E-02
   0.916963594128136E+00
   0.659712138032044E-02
   0.102562043409079E+01
   0.680429438426863E-02
   0.110324352137350E+01
   0.701279481206218E-02
   0.113899934102686E+01
   0.716015515123244E-02
   0.113415941532487E+01
   0.723741094995114E-02
   0.109785013377028E+01
   0.726500025489260E-02
   0.104193061100246E+01
   0.726069257961519E-02
   0.982450125905922E+00
   0.726762635363095E-02
   0.920699241769217E+00
   0.727918562023196E-02
   0.851955050632459E+00
   0.727642984234200E-02
  -0.376226401072988E+01
   0.489561386767056E-02
  -0.379107526751087E+01
   0.490964321328379E-02
  -0.382486174665557E+01
   0.490299726659149E-02
  -0.386242485017117E+01
   0.487795539569715E-02
  -0.390139480849469E+01
   0.483834819070324E-02
  -0.393284782510805E+01
   0.479659054769736E-02
  -0.395315209278258E+01
   0.476293813085020E-02
  -0.396090914889911E+01
   0.474449682443366E-02
  -0.395709871544359E+01
   0.473820598611084E-02
  -0.394149210098621E+01
   0.474188175042786E-02
  -0.391491405951696E+01
   0.474757938334567E-02
  -0.388117947872852E+01
   0.475452486606342E-02
  -0.384181604257929E+01
   0.476892267353042E-02
  -0.379700222431335E+01
   0.479832070395338E-02
  -0.375207381237047E+01
   0.484475038037026E-02
  -0.371523996346110E+01
   0.491984416816834E-02
  -0.369948597442897E+01
   0.503076884643904E-02
  -0.372654308711856E+01
   0.513724340538847E-02
  -0.380708265841036E+01
   0.514161260692050E-02
  -0.391302748443253E+01
   0.504013664433493E-02
  -0.400602629960240E+01
   0.487405797110004E-02
  -0.406002429591974E+01
   0.469404551128581E-02
  -0.407305574018094E+01
   0.453526721982986E-02
  -0.404945934869621E+01
   0.442366415013048E-02
  -0.399822899728470E+01
   0.437236233417955E-02
  -0.392659213713314E+01
   0.438798268805960E-02
  -0.384283699276113E+01
   0.446160399830906E-02
  -0.376136097295255E+01
   0.456845080902569E-02
  -0.369537637735553E+01
   0.468143156849435E-02
  -0.365408479488976E+01
   0.477097909159162E-02
  -0.363974112531856E+01
   0.481965908804409E-02
  -0.364720640614776E+01
   0.483470406632093E-02
  -0.366734405715966E+01
   0.483491697925278E-02
  -0.369123001260368E+01
   0.483989140825870E-02
  -0.371462216867048E+01
   0.485266359845293E-02
  -0.373747907651830E+01
   0.487181190826823E-02
  -0.998746455129307E+01
   0.274366622130806E-02
  -0.993047422570977E+01
   0.276889035378769E-02
  -0.988108272620224E+01
   0.278045424521626E-02
  -0.983420668018575E+01
   0.278286210284566E-02
  -0.977367993599641E+01
   0.279524874383625E-02
  -0.969319898457715E+01
   0.282367543071091E-02
  -0.958716853005993E+01
   0.287372726226495E-02
  -0.945083227602663E+01
   0.295059941862609E-02
  -0.930675755367352E+01
   0.303338345644038E-02
  -0.916013957070029E+01
   0.311903537441148E-02
  -0.901972695361199E+01
   0.320189903468633E-02
  -0.889764778046413E+01
   0.327683610828186E-02
  -0.878454905418458E+01
   0.336171823873490E-02
  -0.872435956948294E+01
   0.340485980835697E-02
  -0.871704821061451E+01
   0.341208099365271E-02
  -0.876688378398796E+01
   0.338276390884832E-02
  -0.888250125680483E+01
   0.330915339370957E-02
  -0.907640764507160E+01
   0.317517371466227E-02
  -0.928732879603591E+01
   0.305025447841556E-02
  -0.950946843275393E+01
   0.292956295351169E-02
  -0.973051945785278E+01
   0.281373726597994E-02
  -0.994662589007132E+01
   0.269435761543463E-02
  -0.101481848735853E+02
   0.257577804964688E-02
  -0.102854087374557E+02
   0.249980365952869E-02
  -0.103656807585075E+02
   0.245979524795859E-02
  -0.103998700763750E+02
   0.244796492126380E-02
  -0.104017072450274E+02
   0.245508056409011E-02
  -0.103861165402897E+02
   0.247118723186781E-02
  -0.103632722549115E+02
   0.248965704711650E-02
  -0.103403993301728E+02
   0.250564983233543E-02
  -0.103187136267143E+02
   0.251886270743868E-02
  -0.102946694562514E+02
   0.253284631305338E-02
  -0.102643286354332E+02
   0.255148202410875E-02
  -0.102206715660869E+02
   0.258096329014640E-02
  -0.101554714901005E+02
   0.262778785503816E-02
  -0.100597135291282E+02
   0.269871364656489E-02
