   0.199108967312546E+01
   0.416678016058317E-02
   0.891974185455538E+00
   0.397893987545928E-02
   0.174655536121535E+00
   0.383632228078678E-02
  -0.237524608586045E+00
   0.373300275700909E-02
  -0.323886010613395E+00
   0.366898708807924E-02
   0.463465121897505E-01
   0.364894350601602E-02
  -0.440236471038537E+00
   0.369237083698010E-02
  -0.407596411149266E+00
   0.378637017691135E-02
   0.119836083179093E+00
   0.393192548943978E-02
   0.114255015803273E+01
   0.413051399729880E-02
   0.266904342148089E+01
   0.438224838541930E-02
   0.492588338917679E+01
   0.467940056541929E-02
   0.817319585610175E+01
   0.501066968174934E-02
   0.110239846685905E+02
   0.535739442004654E-02
   0.135932113874550E+02
   0.570058582949831E-02
   0.159052662919322E+02
   0.602488563703872E-02
   0.178682444993014E+02
   0.631942378060979E-02
   0.194603819044659E+02
   0.657728520380662E-02
   0.206982470893225E+02
   0.679457487948274E-02
   0.216168788016425E+02
   0.697140848739533E-02
   0.222564832440938E+02
   0.711168430799695E-02
   0.226520151295410E+02
   0.721795381186818E-02
   0.228245055112986E+02
   0.728986173161505E-02
   0.227749540193525E+02
   0.732394776212741E-02
   0.224844793683101E+02
   0.731386986105589E-02
   0.219196975873795E+02
   0.725360637848223E-02
   0.210358176858564E+02
   0.714026749367018E-02
   0.197759859687121E+02
   0.697198745497413E-02
   0.180684805082504E+02
   0.674756721849866E-02
   0.158242687215943E+02
   0.646855780081970E-02
   0.129376520596091E+02
   0.614170111650667E-02
   0.928978866564438E+01
   0.578007773882598E-02
   0.646003331480278E+01
   0.540317202295605E-02
   0.438619282391788E+01
   0.503479313623886E-02
   0.298239628467086E+01
   0.469748942357454E-02
   0.219134535304899E+01
   0.440644803899209E-02
   0.495890689542339E+01
   0.524114567606342E-02
   0.554484630309851E+01
   0.504948388624526E-02
   0.533360557695988E+01
   0.487843230495491E-02
   0.451457118752332E+01
   0.470257505016516E-02
   0.293616150903362E+01
   0.456851450103907E-02
   0.221057233328215E+01
   0.450551738017945E-02
   0.197482332745646E+01
   0.450833893883876E-02
   0.220016195558478E+01
   0.458338190156322E-02
   0.293865228384570E+01
   0.471874399929821E-02
   0.436692979393918E+01
   0.489736522404365E-02
   0.462523909436082E+01
   0.514770381167644E-02
   0.549679451896524E+01
   0.544590586440410E-02
   0.706382206819763E+01
   0.589603126210966E-02
   0.923224816042881E+01
   0.641647459575812E-02
   0.121279678428657E+02
   0.691967102878623E-02
   0.160804909001558E+02
   0.738460299413318E-02
   0.187863185741648E+02
   0.780218283478461E-02
   0.205858922306023E+02
   0.815683223507939E-02
   0.217285595160464E+02
   0.841026747723227E-02
   0.224103354555524E+02
   0.855533210251289E-02
   0.228001879326284E+02
   0.867946746114610E-02
   0.230415423047032E+02
   0.881142643192166E-02
   0.232318520545889E+02
   0.895449365892690E-02
   0.233713854183691E+02
   0.910105298679436E-02
   0.233754037011499E+02
   0.918844867542553E-02
   0.231682572256441E+02
   0.916348539208773E-02
   0.227039989739960E+02
   0.906570749257212E-02
   0.219476405926886E+02
   0.890841850512578E-02
   0.208423936756894E+02
   0.867175436916647E-02
   0.192743160351208E+02
   0.833248198768814E-02
   0.170763157130820E+02
   0.788504046562590E-02
   0.140771934173989E+02
   0.735597682636998E-02
   0.101405753685053E+02
   0.676878589734074E-02
   0.759307361677599E+01
   0.621450473796202E-02
   0.602075918328802E+01
   0.577629783705231E-02
   0.516843119455603E+01
   0.547118456277452E-02
   0.744727974488315E+01
   0.690937178356763E-02
   0.707549994735928E+01
   0.672088547936347E-02
   0.659048473637938E+01
   0.651880306635172E-02
   0.593170338690949E+01
   0.616588597457387E-02
   0.521115241727689E+01
   0.583394857851972E-02
   0.478758080532505E+01
   0.575798626593058E-02
   0.465997455747039E+01
   0.581890785887762E-02
   0.484173576086703E+01
   0.598110386758368E-02
   0.533585636953865E+01
   0.619437620738745E-02
   0.620658572285097E+01
   0.645292552285345E-02
   0.758935267132096E+01
   0.666135639917605E-02
   0.794762348906716E+01
   0.646808468134129E-02
   0.951763438089563E+01
   0.702645753556526E-02
   0.116600875756002E+02
   0.768408138530712E-02
   0.143827564626444E+02
   0.815421963041692E-02
   0.180939641448739E+02
   0.862453859839363E-02
   0.204097385440843E+02
   0.912989670299426E-02
   0.217898041870628E+02
   0.965916486091085E-02
   0.224915832764079E+02
   0.996374151575445E-02
   0.227171913822982E+02
   0.983368658100535E-02
   0.226836733126412E+02
   0.987053065002359E-02
   0.226355754306700E+02
   0.100144136760481E-01
   0.228377482304081E+02
   0.102250811188953E-01
   0.232595432405502E+02
   0.106247021100917E-01
   0.235485498968617E+02
   0.109205846766601E-01
   0.235587937306812E+02
   0.107818621160002E-01
   0.232844159933187E+02
   0.106362601839374E-01
   0.227785023238442E+02
   0.105248907994906E-01
   0.220782224181150E+02
   0.103274436095546E-01
   0.210442276673511E+02
   0.995357865829209E-02
   0.193498230133222E+02
   0.937983514029044E-02
   0.166914932669126E+02
   0.880392368773635E-02
   0.127711145951963E+02
   0.807569393855543E-02
   0.103296435793822E+02
   0.749309328774153E-02
   0.888607616674469E+01
   0.720941615954100E-02
   0.801024535534693E+01
   0.710564501263228E-02
   0.102353051935226E+02
   0.901439885163169E-02
   0.968077585438418E+01
   0.868915435543679E-02
   0.911442386329730E+01
   0.835144923794663E-02
   0.852342428067478E+01
   0.801270003585052E-02
   0.795163977222750E+01
   0.763090837136541E-02
   0.757504867953914E+01
   0.745521147960994E-02
   0.742756698145902E+01
   0.749320694827942E-02
   0.749102828653695E+01
   0.761111670994379E-02
   0.775280284633991E+01
   0.771980902810736E-02
   0.823161704790796E+01
   0.771745007945611E-02
   0.898162903854654E+01
   0.776167000050811E-02
   0.101006236313526E+02
   0.752200490236084E-02
   0.128977269937621E+02
   0.832147774379066E-02
   0.153423217117044E+02
   0.869740318710911E-02
   0.177395531128234E+02
   0.895569928701303E-02
   0.201021287806860E+02
   0.933380134140179E-02
   0.217713471435744E+02
   0.980529970177211E-02
   0.226724105874412E+02
   0.102629617697133E-01
   0.229266454716267E+02
   0.105225984084875E-01
   0.226769742825695E+02
   0.105742161898288E-01
   0.221283104483417E+02
   0.106961888056826E-01
   0.216058499074585E+02
   0.107743561353762E-01
   0.218530605269011E+02
   0.109608488287805E-01
   0.228422754765925E+02
   0.117870653036130E-01
   0.234552329914628E+02
   0.120440928193643E-01
   0.235958976943597E+02
   0.117822452305208E-01
   0.233498093535796E+02
   0.119046255270386E-01
   0.229089935162765E+02
   0.116268462677001E-01
   0.225578926186054E+02
   0.113870148960685E-01
   0.221507143665894E+02
   0.111159502160216E-01
   0.210185051407237E+02
   0.106847159088243E-01
   0.187773212799405E+02
   0.101716515249136E-01
   0.151326292671724E+02
   0.963877353615368E-02
   0.129454319880290E+02
   0.932325290759206E-02
   0.116781238551114E+02
   0.924585368170667E-02
   0.108584244140447E+02
   0.916599231338566E-02
   0.127549740947459E+02
   0.111870269844701E-01
   0.121583413204575E+02
   0.106931719918379E-01
   0.115777878282737E+02
   0.101712432397892E-01
   0.110348495807895E+02
   0.975925551523673E-02
   0.105471156592715E+02
   0.939410417046726E-02
   0.101876076864927E+02
   0.915468289131697E-02
   0.998509776936446E+01
   0.906753435612475E-02
   0.993259489233887E+01
   0.905418821253895E-02
   0.100230937833977E+02
   0.902381020489720E-02
   0.102846429325371E+02
   0.893271933727663E-02
   0.107918304153018E+02
   0.869942409070133E-02
   0.118460449389378E+02
   0.854187712349358E-02
   0.145335782762780E+02
   0.925601068419293E-02
   0.171079691900388E+02
   0.942302332153795E-02
   0.193571874313298E+02
   0.956011617265662E-02
   0.213491364267414E+02
   0.993379846968770E-02
   0.226888802127774E+02
   0.104855046437997E-01
   0.232124068694878E+02
   0.109940958000627E-01
   0.230802878868418E+02
   0.111769346267932E-01
   0.223697315327389E+02
   0.111252055653293E-01
   0.212396142010215E+02
   0.113748083155034E-01
   0.198821883841347E+02
   0.112215477468242E-01
   0.201855955169199E+02
   0.116461979877920E-01
   0.223129576936911E+02
   0.127436350775868E-01
   0.232170179557379E+02
   0.125017061064552E-01
   0.233959094843311E+02
   0.126260668562148E-01
   0.230228198804774E+02
   0.128061129343912E-01
   0.224240830243518E+02
   0.124664491550645E-01
   0.223921301198493E+02
   0.120327714820284E-01
   0.228414475187243E+02
   0.118960838205489E-01
   0.223100303188707E+02
   0.115311846530812E-01
   0.204786418281961E+02
   0.112054629414471E-01
   0.171140705682168E+02
   0.110737652400265E-01
   0.151917773496157E+02
   0.109929374914062E-01
   0.141051403485926E+02
   0.113041993458076E-01
   0.133748864716699E+02
   0.114427933996553E-01
   0.148964693965979E+02
   0.129978550019356E-01
   0.142995706839525E+02
   0.122998563376287E-01
   0.137428665551437E+02
   0.116608253170327E-01
   0.132530673138363E+02
   0.112164210536220E-01
   0.128309159825064E+02
   0.108941934229754E-01
   0.124966343163124E+02
   0.106446313668270E-01
   0.122632563461950E+02
   0.104621938144125E-01
   0.121321629895719E+02
   0.103264073052613E-01
   0.121091399009217E+02
   0.101919497468532E-01
   0.122316579549101E+02
   0.100913083994177E-01
   0.125668853261377E+02
   0.995909565043395E-02
   0.133259522051713E+02
   0.966263778891355E-02
   0.150887106729334E+02
   0.977849727650732E-02
   0.179722266344363E+02
   0.101327380742051E-01
   0.201361383688594E+02
   0.101901790249480E-01
   0.220816440966249E+02
   0.106459991363734E-01
   0.232798525854892E+02
   0.113298066575746E-01
   0.234586779960601E+02
   0.118763315304190E-01
   0.230037285946686E+02
   0.117982726495668E-01
   0.218688446849171E+02
   0.119154893418941E-01
   0.201931026154734E+02
   0.120474407175477E-01
   0.193544176514335E+02
   0.120478965939625E-01
   0.197453160675869E+02
   0.123164078853087E-01
   0.219824635854240E+02
   0.131233505364959E-01
   0.228997979600855E+02
   0.130493971008904E-01
   0.230299294246756E+02
   0.133954782819010E-01
   0.224005608948230E+02
   0.134001546104861E-01
   0.213147128150323E+02
   0.129459848576569E-01
   0.215602512041988E+02
   0.123904519992178E-01
   0.233141014815644E+02
   0.123417016219948E-01
   0.233587388410385E+02
   0.121650850531413E-01
   0.218918015574733E+02
   0.120573429517564E-01
   0.187772937374863E+02
   0.124879544811827E-01
   0.171044358765437E+02
   0.128074652907539E-01
   0.161764462615626E+02
   0.134417092271813E-01
   0.155079090547399E+02
   0.134656328617467E-01
   0.166658067342163E+02
   0.142488081587773E-01
   0.160971439825600E+02
   0.134445922455682E-01
   0.155906212291159E+02
   0.128173459401005E-01
   0.151619078158800E+02
   0.124254798846164E-01
   0.147980133041464E+02
   0.121627043113765E-01
   0.144950311557901E+02
   0.119347410273476E-01
   0.142538462761918E+02
   0.117084686560050E-01
   0.140788632078135E+02
   0.114974811054657E-01
   0.139854497776008E+02
   0.113304085068695E-01
   0.140136127297766E+02
   0.112799510910226E-01
   0.142121696000109E+02
   0.112514790765972E-01
   0.147112860559270E+02
   0.109073406891849E-01
   0.158914571770159E+02
   0.104112487659622E-01
   0.183504449068331E+02
   0.105047155981655E-01
   0.203228214905931E+02
   0.108191255510704E-01
   0.224408698995787E+02
   0.112212790673380E-01
   0.236352472694823E+02
   0.123407372184542E-01
   0.234112152525490E+02
   0.129803282973110E-01
   0.227137721965157E+02
   0.127359182527078E-01
   0.211778850231543E+02
   0.128307617137342E-01
   0.200840339942998E+02
   0.131606382863476E-01
   0.195719903273042E+02
   0.133176096964460E-01
   0.198826668376549E+02
   0.130973155094265E-01
   0.216692780625229E+02
   0.134606079998515E-01
   0.224390507617526E+02
   0.136343890062560E-01
   0.225195580000631E+02
   0.137619890019157E-01
   0.215745183635539E+02
   0.138159068746666E-01
   0.210497792185402E+02
   0.134281753406963E-01
   0.215575644011581E+02
   0.129072591639390E-01
   0.237899108773363E+02
   0.123801101351293E-01
   0.242202491225013E+02
   0.125227320107962E-01
   0.230566987728496E+02
   0.127914652354797E-01
   0.201752162785375E+02
   0.138728165968739E-01
   0.187262599629953E+02
   0.147997567286850E-01
   0.178967456792525E+02
   0.153005355197413E-01
   0.172622948124750E+02
   0.149614091394714E-01
   0.181155701847472E+02
   0.151478570602699E-01
   0.176010109996193E+02
   0.144872513113168E-01
   0.171579237795376E+02
   0.140373436797059E-01
   0.167890098215770E+02
   0.137816339126907E-01
   0.164742906510034E+02
   0.135546790811835E-01
   0.162030543056813E+02
   0.133218903308998E-01
   0.159685446274703E+02
   0.130525325784854E-01
   0.157737633253567E+02
   0.127806010754936E-01
   0.156360192116532E+02
   0.125643255598662E-01
   0.155920599468131E+02
   0.125117907869221E-01
   0.156778362926192E+02
   0.125194823677935E-01
   0.159683191584642E+02
   0.120988152837723E-01
   0.167099767110799E+02
   0.113694956033440E-01
   0.182724338700370E+02
   0.109506074627069E-01
   0.199508609451080E+02
   0.115968703569150E-01
   0.225217901975200E+02
   0.119078934079405E-01
   0.238489515545796E+02
   0.134044952637802E-01
   0.230374330206635E+02
   0.144291060719381E-01
   0.222300765642380E+02
   0.140353095805991E-01
   0.212360239909540E+02
   0.138903909064366E-01
   0.204864156419921E+02
   0.147449859237470E-01
   0.201227972415306E+02
   0.147832748671031E-01
   0.202849557268905E+02
   0.141397951167860E-01
   0.211895795185344E+02
   0.137722635938248E-01
   0.217629127684862E+02
   0.139111159318297E-01
   0.218906864048588E+02
   0.142929403755461E-01
   0.214982172112863E+02
   0.144950546696377E-01
   0.213097865685885E+02
   0.144743923747183E-01
   0.218958600295906E+02
   0.136860684632928E-01
   0.242021602677094E+02
   0.123104264768466E-01
   0.248982817873272E+02
   0.128595124842075E-01
   0.239937941622417E+02
   0.135247114783005E-01
   0.213584678829304E+02
   0.154800056690716E-01
   0.200628826590746E+02
   0.164409599422147E-01
   0.192734842713232E+02
   0.162717655694015E-01
   0.186731944242227E+02
   0.158310044506240E-01
   0.193045849440639E+02
   0.162795294716549E-01
   0.188547258071750E+02
   0.159051389738230E-01
   0.184697224838184E+02
   0.156134001777374E-01
   0.181502344197326E+02
   0.154383227972663E-01
   0.178787610287060E+02
   0.152670405548095E-01
   0.176411797307880E+02
   0.150927424499047E-01
   0.174245655637139E+02
   0.148851645422714E-01
   0.172259327706467E+02
   0.146644404482162E-01
   0.170578620010647E+02
   0.144568000073466E-01
   0.169467194549763E+02
   0.142432253061503E-01
   0.169283557118804E+02
   0.139551318921572E-01
   0.170674759195697E+02
   0.132908075842771E-01
   0.175359190550780E+02
   0.125327031473144E-01
   0.186517611226017E+02
   0.119583511350362E-01
   0.199767727485239E+02
   0.119510040366090E-01
   0.224075329192707E+02
   0.120061022738694E-01
   0.240445833712518E+02
   0.140436468547799E-01
   0.232286136305583E+02
   0.158794098440182E-01
   0.223950908635767E+02
   0.153412374106174E-01
   0.217292673805417E+02
   0.148691838882112E-01
   0.210705840537368E+02
   0.158957492806241E-01
   0.207589478497651E+02
   0.158058601165111E-01
   0.208313660979812E+02
   0.151548903721425E-01
   0.213335032940649E+02
   0.148974957457576E-01
   0.218122394250099E+02
   0.148388462362913E-01
   0.219810476498032E+02
   0.152963952115310E-01
   0.218409775786144E+02
   0.155139678302235E-01
   0.217943349099746E+02
   0.155020712911788E-01
   0.223194495827361E+02
   0.144133182308027E-01
   0.244678356815583E+02
   0.125147684664605E-01
   0.253899790930344E+02
   0.134029668289752E-01
   0.247141084986991E+02
   0.143613320206124E-01
   0.223150351158995E+02
   0.170109202151084E-01
   0.211125315815047E+02
   0.173602402065779E-01
   0.203546119556671E+02
   0.168467856921606E-01
   0.198032126693505E+02
   0.166552669067745E-01
   0.202773386468562E+02
   0.175050429281933E-01
   0.198858639058733E+02
   0.172638160894269E-01
   0.195490940628860E+02
   0.170473099640775E-01
   0.192701483343977E+02
   0.169048973915988E-01
   0.190364387538632E+02
   0.168014362443969E-01
   0.188305801221088E+02
   0.167091145871349E-01
   0.186334786684239E+02
   0.165847532378190E-01
   0.184330307705261E+02
   0.164038170439066E-01
   0.182369971765086E+02
   0.161936913986287E-01
   0.180679442298664E+02
   0.158927674963278E-01
   0.179652051617371E+02
   0.154698073604350E-01
   0.179947713251889E+02
   0.147768183830900E-01
   0.183005020229406E+02
   0.136367341754131E-01
   0.192432621807366E+02
   0.130799155042467E-01
   0.201904371674494E+02
   0.129709506815725E-01
   0.220190902082940E+02
   0.124462543384811E-01
   0.242313683029852E+02
   0.144722927171371E-01
   0.237065778795253E+02
   0.168475540170324E-01
   0.228242545387873E+02
   0.170606230403327E-01
   0.224660501216574E+02
   0.156640541163663E-01
   0.216580613762704E+02
   0.170093720616223E-01
   0.213640318062664E+02
   0.168011495957879E-01
   0.213760169448951E+02
   0.164266468504317E-01
   0.216959465062122E+02
   0.160985166342144E-01
   0.221794234650456E+02
   0.160710665910407E-01
   0.223738385920347E+02
   0.165965687056009E-01
   0.223551255840645E+02
   0.166974346401204E-01
   0.223349082267111E+02
   0.165003180355121E-01
   0.227103531169564E+02
   0.152952889583034E-01
   0.245108182207507E+02
   0.133835254207782E-01
   0.256996101493760E+02
   0.142476482240341E-01
   0.252299017585569E+02
   0.153325563040432E-01
   0.230685326017688E+02
   0.184207242282393E-01
   0.219423730543888E+02
   0.184903978163132E-01
   0.212200000025790E+02
   0.178066728405171E-01
   0.207151315425315E+02
   0.177113915367445E-01
   0.210730628619541E+02
   0.187130898539569E-01
   0.207254132118792E+02
   0.185024833436441E-01
   0.204257949059588E+02
   0.183233568010578E-01
   0.201789906647577E+02
   0.182129354743038E-01
   0.199766922001081E+02
   0.181954650885329E-01
   0.197978696596517E+02
   0.181913198045735E-01
   0.196180100675643E+02
   0.181511712324697E-01
   0.194154240419784E+02
   0.179942031927553E-01
   0.191930530180448E+02
   0.177312843142474E-01
   0.189745933309551E+02
   0.173038319567969E-01
   0.188058199454552E+02
   0.167270020577071E-01
   0.187574938864035E+02
   0.159374218091631E-01
   0.189758309311378E+02
   0.148474178161224E-01
   0.199653085025313E+02
   0.141882783326386E-01
   0.205216999653792E+02
   0.148274000584826E-01
   0.219839967464285E+02
   0.134209106840723E-01
   0.244346068682612E+02
   0.147007099635159E-01
   0.244550791782033E+02
   0.169705533161964E-01
   0.232974999847452E+02
   0.185683557580158E-01
   0.227093017892441E+02
   0.173647596549412E-01
   0.221601498091488E+02
   0.181718355265339E-01
   0.219249415709022E+02
   0.180191293679282E-01
   0.219111670029225E+02
   0.175988727486696E-01
   0.221550116850925E+02
   0.170331791822154E-01
   0.227493858382189E+02
   0.167061422355179E-01
   0.229304370858310E+02
   0.178211890554119E-01
   0.229701664052894E+02
   0.177585512580170E-01
   0.229206561082295E+02
   0.175779212238325E-01
   0.231074510593049E+02
   0.165073133081099E-01
   0.242609336256840E+02
   0.153761471177437E-01
   0.258580557148071E+02
   0.154400116357832E-01
   0.255655828520623E+02
   0.165272168190575E-01
   0.236426328938345E+02
   0.198270070420580E-01
   0.225985311945866E+02
   0.196416010606762E-01
   0.219235895064161E+02
   0.189359882479651E-01
   0.214626201796458E+02
   0.188737981419279E-01
   0.217024650777803E+02
   0.197699377989258E-01
   0.213859525642996E+02
   0.195562685249981E-01
   0.211137570729712E+02
   0.194028583672767E-01
   0.208907986125360E+02
   0.193413184579147E-01
   0.207106444488656E+02
   0.193992951084609E-01
   0.205505766708435E+02
   0.194726926041232E-01
   0.203819900686359E+02
   0.195010108590886E-01
   0.201750768476406E+02
   0.193488083351453E-01
   0.199294271545337E+02
   0.189977423035960E-01
   0.196748787611637E+02
   0.184319098123977E-01
   0.194643884441930E+02
   0.177035890563776E-01
   0.193739534720112E+02
   0.168963567617571E-01
   0.195296430669004E+02
   0.162118155970094E-01
   0.201941384126880E+02
   0.158050586015423E-01
   0.208436602215742E+02
   0.165434361717105E-01
   0.221278379224175E+02
   0.150143444642504E-01
   0.245980109711721E+02
   0.153976655957391E-01
   0.248887435676281E+02
   0.169463178948890E-01
   0.237309085686700E+02
   0.191613370941956E-01
   0.230391381424977E+02
   0.187106493916939E-01
   0.225991083302629E+02
   0.188816989056200E-01
   0.224277232160875E+02
   0.191175719444919E-01
   0.224172439417932E+02
   0.187082734349944E-01
   0.226375774573170E+02
   0.179744848347917E-01
   0.235052185891061E+02
   0.166854496166566E-01
   0.235690430570991E+02
   0.181148175408620E-01
   0.236648840385696E+02
   0.182549434040456E-01
   0.235475888583572E+02
   0.187542782260579E-01
   0.235445446122175E+02
   0.179941077680498E-01
   0.242865704068846E+02
   0.169801913550865E-01
   0.259120064416958E+02
   0.164290955649783E-01
   0.257351982315985E+02
   0.177524903042659E-01
   0.240458620635204E+02
   0.210961501046063E-01
   0.230977008376669E+02
   0.206683036487634E-01
   0.224788772243393E+02
   0.199970046959056E-01
   0.220562135524498E+02
   0.199262898906886E-01
   0.221738214333258E+02
   0.207170333431222E-01
   0.218789520754218E+02
   0.205003010259501E-01
   0.216250630453278E+02
   0.203569138485634E-01
   0.214157997933877E+02
   0.203137258352816E-01
   0.212455107504689E+02
   0.203677903596635E-01
   0.210931593068598E+02
   0.204537311336417E-01
   0.209284600991946E+02
   0.204972927916787E-01
   0.207161031709687E+02
   0.203202332348633E-01
   0.204541449997214E+02
   0.198896585557240E-01
   0.201814203939180E+02
   0.192566813224250E-01
   0.199571854296077E+02
   0.185276384075682E-01
   0.198570340202672E+02
   0.179429196641681E-01
   0.199746173639592E+02
   0.175968765906067E-01
   0.204539270178063E+02
   0.168782832783480E-01
   0.211210683987040E+02
   0.174098679298028E-01
   0.223335904887515E+02
   0.169580833202286E-01
   0.247012274841104E+02
   0.168882459899711E-01
   0.251277232180569E+02
   0.172925832743273E-01
   0.241403710361687E+02
   0.188974018805982E-01
   0.233666619412334E+02
   0.199643984394437E-01
   0.229823035244967E+02
   0.198963138118000E-01
   0.228605320467645E+02
   0.201812205458168E-01
   0.228671348812236E+02
   0.198381202949115E-01
   0.230706278790852E+02
   0.191415068287208E-01
   0.239039484284680E+02
   0.174047407590106E-01
   0.242708960519261E+02
   0.183037304334441E-01
   0.244664691069986E+02
   0.181104883381862E-01
   0.242017299982108E+02
   0.194969702738357E-01
   0.239916909206563E+02
   0.196001693092792E-01
   0.244359294241640E+02
   0.184671644996122E-01
   0.258702893166464E+02
   0.171352404197532E-01
   0.257432469607035E+02
   0.187374134016307E-01
   0.242830451322516E+02
   0.216615170590664E-01
   0.234503884231480E+02
   0.214091707657576E-01
   0.228940929561633E+02
   0.209853847344503E-01
   0.225022320296541E+02
   0.208835051982036E-01
   0.224929058082567E+02
   0.215423059713590E-01
   0.222121803463010E+02
   0.213335267987328E-01
   0.219683110560562E+02
   0.211853144399950E-01
   0.217628310326365E+02
   0.210880958391583E-01
   0.215914838955804E+02
   0.210390004018867E-01
   0.214371751980168E+02
   0.210585380198804E-01
   0.212707929584151E+02
   0.210920049463083E-01
   0.210539843817370E+02
   0.209237120095711E-01
   0.207850413164425E+02
   0.204852810509751E-01
   0.205122639192363E+02
   0.199333136956755E-01
   0.202973746667684E+02
   0.194001261226697E-01
   0.202070151585536E+02
   0.190366704175335E-01
   0.203010436030811E+02
   0.186347210766194E-01
   0.206799509845939E+02
   0.179185017473451E-01
   0.213432950708084E+02
   0.183360949086069E-01
   0.225162745694015E+02
   0.188917635419414E-01
   0.247225889895509E+02
   0.179067823973369E-01
   0.252149118015527E+02
   0.173840442543115E-01
   0.246083092370965E+02
   0.180849367596428E-01
   0.236293671016698E+02
   0.205318361574481E-01
   0.232923716415947E+02
   0.209713246458006E-01
   0.232092718867723E+02
   0.211225742827092E-01
   0.232391289608174E+02
   0.208556998375291E-01
   0.234257422001945E+02
   0.205816213979851E-01
   0.239652419790256E+02
   0.188713735564489E-01
   0.245564036336521E+02
   0.188935937442270E-01
   0.248974304532811E+02
   0.185433086567589E-01
   0.248937684416566E+02
   0.194164285921475E-01
   0.244098556092780E+02
   0.212128895482016E-01
   0.246109374907832E+02
   0.201097651409278E-01
   0.257354396183191E+02
   0.180512714968805E-01
   0.255678013718870E+02
   0.198591276050664E-01
   0.243820440204469E+02
   0.221844507664056E-01
   0.236730178738777E+02
   0.221517247277857E-01
   0.231746054322198E+02
   0.219023686223917E-01
   0.228048678753215E+02
   0.217320939059017E-01
   0.226644619007011E+02
   0.221236629512151E-01
   0.223921038787122E+02
   0.219437855856429E-01
   0.221524595038652E+02
   0.217945480895860E-01
   0.219457681723472E+02
   0.216245607088057E-01
   0.217682985212272E+02
   0.214653782019364E-01
   0.216076592853371E+02
   0.214484016231706E-01
   0.214351288926838E+02
   0.214951198952726E-01
   0.212126975890425E+02
   0.213292989268161E-01
   0.209435401765152E+02
   0.209010227928784E-01
   0.206815329735594E+02
   0.204479448104137E-01
   0.204871479958826E+02
   0.201022275911690E-01
   0.204156664007121E+02
   0.198241966931211E-01
   0.205023433455705E+02
   0.192404303595514E-01
   0.208324228526739E+02
   0.185776173796493E-01
   0.214914757734554E+02
   0.191646775158672E-01
   0.226175981206230E+02
   0.201067567714402E-01
   0.246354275690800E+02
   0.179982005026338E-01
   0.251655760886654E+02
   0.173483503278445E-01
   0.247811216227794E+02
   0.177215575743970E-01
   0.237906418160585E+02
   0.207398100396659E-01
   0.235090932081324E+02
   0.216677216340539E-01
   0.234637455687014E+02
   0.218576867739509E-01
   0.235221821295175E+02
   0.216885364543692E-01
   0.236872017966571E+02
   0.215502610727536E-01
   0.240462243254419E+02
   0.197833557506343E-01
   0.245043170064308E+02
   0.196221114171494E-01
   0.250248285584408E+02
   0.191675971241262E-01
   0.252463348929697E+02
   0.195482097171428E-01
   0.247514921647371E+02
   0.224313994014154E-01
   0.247511012118715E+02
   0.218447034639162E-01
   0.254934578156942E+02
   0.193580921338019E-01
   0.251688099368664E+02
   0.214692315378516E-01
   0.243685105313857E+02
   0.227004843394947E-01
   0.237739592731747E+02
   0.227733948220606E-01
   0.233206387830356E+02
   0.225560484572875E-01
   0.229667107694432E+02
   0.223225235224864E-01
   0.226991870805822E+02
   0.220595577647567E-01
   0.224305965467948E+02
   0.218837060657501E-01
   0.221912043910504E+02
   0.217173600068055E-01
   0.219814267164792E+02
   0.215323265737034E-01
   0.217966384478867E+02
   0.213827864462707E-01
   0.216247714144396E+02
   0.213483643150323E-01
   0.214400377799155E+02
   0.213451263894171E-01
   0.212110393412990E+02
   0.211560083854609E-01
   0.209469429370595E+02
   0.207838523263588E-01
   0.207010589234757E+02
   0.204252514064159E-01
   0.205289032593343E+02
   0.201565014533009E-01
   0.204813573211102E+02
   0.199255780041985E-01
   0.205821075936500E+02
   0.193674366267752E-01
   0.208920588933135E+02
   0.187288720577658E-01
   0.215468403461815E+02
   0.195298197996222E-01
   0.226055216117144E+02
   0.203772737695671E-01
   0.244460590500427E+02
   0.176192634933033E-01
   0.250011346910209E+02
   0.172294145642122E-01
   0.247648268605895E+02
   0.175753692913396E-01
   0.238478028174297E+02
   0.207358758312219E-01
   0.236271140629345E+02
   0.221279197677829E-01
   0.236217629192279E+02
   0.225581609924734E-01
   0.237082226556947E+02
   0.223517538825793E-01
   0.238536125760170E+02
   0.220323231087033E-01
   0.241081674565199E+02
   0.206510399444432E-01
   0.244666345162979E+02
   0.202585466484092E-01
   0.248823923976917E+02
   0.203214264316291E-01
   0.253594827471591E+02
   0.199642907273549E-01
   0.250105073562176E+02
   0.226480558955219E-01
   0.248073684187469E+02
   0.229288411613267E-01
   0.250927098948261E+02
   0.210114435909129E-01
   0.248548786833639E+02
   0.222867300839193E-01
   0.242673146065598E+02
   0.228595868686141E-01
   0.237587640655478E+02
   0.228936274982866E-01
   0.233386075564206E+02
   0.225454694599487E-01
   0.229962513397565E+02
   0.222597550086655E-01
   0.226259442725256E+02
   0.210325490194199E-01
   0.223563594066487E+02
   0.207596543211039E-01
   0.221104092190268E+02
   0.204794177516588E-01
   0.218897398937388E+02
   0.202165274841307E-01
   0.216920041228289E+02
   0.200531571401489E-01
   0.215061139096096E+02
   0.200182967347108E-01
   0.213096401896620E+02
   0.200333514113021E-01
   0.210782770008410E+02
   0.199278653943604E-01
   0.208256230673803E+02
   0.197378541888469E-01
   0.206017439894600E+02
   0.195997387212714E-01
   0.204544785247402E+02
   0.194965992709100E-01
   0.204292475345293E+02
   0.193987321574856E-01
   0.205532555099311E+02
   0.191279857067210E-01
   0.208542292242356E+02
   0.185142343607718E-01
   0.215042575907921E+02
   0.195977823068546E-01
   0.224731745754864E+02
   0.201221969357369E-01
   0.241639543867251E+02
   0.174044953607814E-01
   0.247315176199371E+02
   0.172192711268697E-01
   0.246035263443959E+02
   0.174459165692067E-01
   0.238066045095580E+02
   0.212660216903857E-01
   0.236328779591916E+02
   0.224085914625703E-01
   0.236605469935601E+02
   0.228984124701677E-01
   0.237870691187053E+02
   0.228374146526988E-01
   0.239215148989937E+02
   0.223308462995444E-01
   0.241207514492605E+02
   0.213804254778056E-01
   0.244220407358163E+02
   0.213786255687592E-01
   0.247555588392975E+02
   0.213348537757900E-01
   0.252685765602924E+02
   0.206421775215535E-01
   0.252302074732815E+02
   0.216634728200521E-01
   0.247580528312407E+02
   0.230220848759996E-01
   0.247836213028153E+02
   0.217366103692573E-01
   0.245580742638000E+02
   0.222926790901801E-01
   0.240882312359223E+02
   0.223761339171642E-01
   0.236428790330325E+02
   0.221403241769035E-01
   0.232530736679005E+02
   0.216766029826225E-01
   0.229206441159435E+02
   0.213156562653326E-01
   0.224698247337146E+02
   0.196621270919656E-01
   0.221972379355558E+02
   0.193320702636709E-01
   0.219455008592859E+02
   0.190266903107676E-01
   0.217170952982864E+02
   0.187865148600022E-01
   0.215087649356599E+02
   0.186297133983714E-01
   0.213088664322271E+02
   0.185396107328961E-01
   0.210993520456854E+02
   0.184763727739156E-01
   0.208656565306515E+02
   0.183734927630319E-01
   0.206260894939729E+02
   0.183021943560851E-01
   0.204229532665172E+02
   0.183130507877061E-01
   0.202967547678311E+02
   0.183873123680233E-01
   0.202897480905901E+02
   0.185501135835379E-01
   0.204309313686737E+02
   0.186932698492448E-01
   0.207245592021678E+02
   0.182342279848451E-01
   0.213617641529388E+02
   0.196876937247291E-01
   0.222253298788211E+02
   0.197697640278107E-01
   0.237753682881629E+02
   0.173933754652780E-01
   0.243427829271392E+02
   0.173265114865355E-01
   0.243042011852673E+02
   0.173598574759882E-01
   0.236445992234584E+02
   0.214856174327212E-01
   0.235064417203496E+02
   0.221069700820561E-01
   0.235569941323806E+02
   0.223999220207073E-01
   0.237429743253987E+02
   0.227369378926437E-01
   0.238814158159682E+02
   0.224555437040099E-01
   0.240540450589718E+02
   0.218563307435273E-01
   0.243167409712348E+02
   0.221575645932733E-01
   0.245838555704541E+02
   0.221223222934069E-01
   0.249281214006853E+02
   0.219016945525269E-01
   0.251407909046684E+02
   0.212967259925053E-01
   0.245909916363674E+02
   0.225727143290706E-01
   0.244827102217397E+02
   0.218902768696238E-01
   0.242463114307000E+02
   0.218104629761710E-01
   0.238427761468124E+02
   0.213414817230377E-01
   0.234490222733879E+02
   0.209169703669237E-01
   0.230870595529652E+02
   0.204191629772338E-01
   0.227638249448568E+02
   0.200132410300676E-01
   0.222771063220497E+02
   0.189145803407967E-01
   0.220044250767838E+02
   0.185649014338695E-01
   0.217504144296026E+02
   0.182553256444068E-01
   0.215175256167217E+02
   0.180304382542915E-01
   0.213009120528386E+02
   0.178701997975348E-01
   0.210882898311161E+02
   0.177497694840901E-01
   0.208653479713376E+02
   0.176388036307461E-01
   0.206252992649499E+02
   0.175021570923155E-01
   0.203893890763314E+02
   0.174092077897936E-01
   0.201945429325970E+02
   0.174037309317993E-01
   0.200763278877220E+02
   0.175120773822329E-01
   0.200747322731777E+02
   0.178014162543587E-01
   0.202237345216247E+02
   0.183246780588272E-01
   0.205301408822359E+02
   0.187544893011693E-01
   0.211115555186447E+02
   0.198546958849281E-01
   0.218632382464994E+02
   0.191257734654497E-01
   0.232619501075707E+02
   0.173808762156532E-01
   0.238170439209827E+02
   0.174126241612808E-01
   0.238663126062910E+02
   0.175133738414099E-01
   0.233582246853173E+02
   0.219292065681933E-01
   0.232507492871515E+02
   0.218679610985590E-01
   0.233154111855489E+02
   0.214336948774953E-01
   0.235803676236669E+02
   0.221467634529539E-01
   0.237275403995490E+02
   0.224671005777446E-01
   0.238874599670091E+02
   0.220149501573644E-01
   0.241208357732940E+02
   0.225379525384456E-01
   0.243388592993279E+02
   0.228422809816425E-01
   0.245801651027260E+02
   0.231717407039698E-01
   0.248050566349158E+02
   0.214959209589503E-01
   0.243091505596009E+02
   0.222754022661853E-01
   0.241530364444490E+02
   0.218560850884394E-01
   0.239098610139586E+02
   0.213022535936437E-01
   0.235560983800040E+02
   0.206059523612913E-01
   0.232109945917520E+02
   0.201602301139186E-01
   0.228788579190395E+02
   0.196999731155326E-01
   0.225677059031279E+02
   0.192874177377452E-01
   0.220745829785209E+02
   0.194003454349473E-01
   0.218083169393637E+02
   0.189898399555245E-01
   0.215579812506924E+02
   0.186290526157199E-01
   0.213244516683298E+02
   0.183484944024309E-01
   0.211025540844425E+02
   0.181424966744555E-01
   0.208798705316137E+02
   0.179890424918279E-01
   0.206449547849727E+02
   0.178732010537036E-01
   0.203960870022961E+02
   0.177562162255412E-01
   0.201554338057636E+02
   0.176881274879014E-01
   0.199564029147040E+02
   0.177081728898584E-01
   0.198302373470510E+02
   0.178283087984818E-01
   0.198139939308420E+02
   0.181157745078662E-01
   0.199453116889410E+02
   0.186962619229592E-01
   0.202371546516126E+02
   0.194382092636462E-01
   0.207508876473623E+02
   0.201789310290385E-01
   0.213985536966853E+02
   0.188087514814522E-01
   0.226088229692669E+02
   0.173208415430371E-01
   0.231382574493677E+02
   0.172868782997920E-01
   0.232797240218649E+02
   0.180553871685782E-01
   0.229248057755494E+02
   0.221479159034184E-01
   0.228639865281631E+02
   0.217639540179341E-01
   0.229609542195307E+02
   0.209070226995126E-01
   0.233163725335316E+02
   0.211036963397897E-01
   0.234707790284139E+02
   0.228271393993412E-01
   0.236356459510412E+02
   0.227747839451568E-01
   0.238344335250749E+02
   0.232011243790355E-01
   0.239984977315667E+02
   0.234071111344244E-01
   0.241422921778811E+02
   0.235196762560778E-01
   0.242187381021124E+02
   0.226808428246088E-01
   0.239347284162433E+02
   0.229850667519689E-01
   0.237791395298777E+02
   0.226437942625641E-01
   0.235485677633775E+02
   0.219462110401729E-01
   0.232461849588171E+02
   0.212543297392935E-01
   0.229505629744613E+02
   0.208082080097583E-01
   0.226507115670386E+02
   0.203271762414222E-01
   0.223561593130225E+02
   0.198433175176703E-01
   0.218593252945584E+02
   0.211418391453141E-01
   0.216091856403153E+02
   0.206810051968112E-01
   0.213707623651953E+02
   0.202317416966050E-01
   0.211432792712880E+02
   0.198340880129361E-01
   0.209218081114591E+02
   0.195250277430669E-01
   0.206935813415202E+02
   0.192932431344663E-01
   0.204486087375198E+02
   0.191315720259152E-01
   0.201884809892440E+02
   0.189782376876738E-01
   0.199353980991183E+02
   0.188492337349127E-01
   0.197201144653697E+02
   0.187784562779402E-01
   0.195697236603124E+02
   0.187318466323158E-01
   0.195167202835945E+02
   0.187398083661490E-01
   0.195969672133405E+02
   0.189179418857079E-01
   0.198240733826493E+02
   0.192803766490321E-01
   0.202760019825599E+02
   0.203982056115689E-01
   0.208519892918232E+02
   0.197602692005688E-01
   0.218010688335097E+02
   0.170875511977233E-01
   0.222971844201000E+02
   0.175789299997012E-01
   0.225182606660568E+02
   0.190744243595534E-01
   0.223349965386585E+02
   0.221440710308861E-01
   0.223387048849835E+02
   0.213967419099689E-01
   0.224871323464210E+02
   0.202741958115279E-01
   0.229919944422516E+02
   0.197521259839588E-01
   0.230824146392181E+02
   0.227774018321294E-01
   0.232576786377775E+02
   0.233178020161219E-01
   0.234212515503540E+02
   0.235003921767644E-01
   0.235352071195107E+02
   0.235150160411380E-01
   0.235986918244456E+02
   0.232580172144374E-01
   0.236080000728448E+02
   0.230651074575847E-01
   0.234446577083940E+02
   0.236052246621286E-01
   0.233210392286443E+02
   0.236963317552765E-01
   0.231281556710921E+02
   0.232867893845282E-01
   0.228880221954204E+02
   0.228797431021123E-01
   0.226469046616270E+02
   0.225382155176407E-01
   0.223872507488063E+02
   0.221031691252599E-01
   0.221211068833574E+02
   0.216231891871169E-01
   0.215386860738182E+02
   0.229637290398351E-01
   0.213164657977831E+02
   0.226574289892521E-01
   0.211019140832878E+02
   0.222530144293241E-01
   0.208917519627449E+02
   0.217741787942862E-01
   0.206801818309257E+02
   0.213200957393252E-01
   0.204531128297651E+02
   0.208979163927657E-01
   0.202006180149735E+02
   0.205087892382363E-01
   0.199282032253057E+02
   0.201362882555596E-01
   0.196591761871004E+02
   0.198010382802037E-01
   0.194230696751548E+02
   0.195365271145679E-01
   0.192448435604801E+02
   0.192936527299498E-01
   0.191512707764485E+02
   0.190560579066897E-01
   0.191666399513787E+02
   0.188175995226114E-01
   0.193033966322463E+02
   0.185871650528421E-01
   0.196639883277129E+02
   0.192403923305493E-01
   0.201976388409781E+02
   0.204739171309259E-01
   0.208260702670104E+02
   0.177593014762155E-01
   0.212677447895133E+02
   0.182494249408309E-01
   0.215316806012333E+02
   0.197271835805388E-01
   0.215864645683805E+02
   0.216511634319571E-01
   0.216785042292849E+02
   0.208682564630065E-01
   0.219046434915037E+02
   0.190359508656416E-01
   0.224428796309388E+02
   0.197863902220098E-01
   0.225551562537632E+02
   0.224781198660309E-01
   0.227360334346374E+02
   0.234271168434119E-01
   0.228680687668013E+02
   0.232643138377689E-01
   0.229449671721999E+02
   0.231810959431179E-01
   0.229508022787209E+02
   0.228346618674053E-01
   0.229156718305976E+02
   0.227314494785874E-01
   0.228116032263965E+02
   0.232977638750425E-01
   0.227215304125030E+02
   0.237237188876648E-01
   0.225760651179537E+02
   0.237485109352722E-01
   0.223969848893209E+02
   0.237639891626277E-01
   0.222118460254330E+02
   0.237567772929788E-01
   0.219978692613347E+02
   0.235379844886590E-01
   0.217696187196634E+02
   0.232660131624644E-01
   0.210126791725584E+02
   0.229898077929012E-01
   0.208225420355155E+02
   0.229349612928671E-01
   0.206414071575016E+02
   0.228130246044507E-01
   0.204629592621646E+02
   0.225320478616730E-01
   0.202772950891298E+02
   0.221501125392667E-01
   0.200664743052289E+02
   0.216547480733640E-01
   0.198177189365848E+02
   0.210417992014713E-01
   0.195398318994201E+02
   0.204343355134089E-01
   0.192581803039261E+02
   0.199216378104276E-01
   0.190024139629936E+02
   0.195275771156339E-01
   0.187981018858166E+02
   0.192116899970917E-01
   0.186690130613236E+02
   0.189512752083478E-01
   0.186327202474167E+02
   0.186612455509065E-01
   0.187036872656329E+02
   0.182289517919276E-01
   0.189579198693163E+02
   0.178716453221574E-01
   0.194073250604721E+02
   0.186350767870517E-01
   0.199187232455362E+02
   0.185616166944319E-01
   0.202856638421548E+02
   0.187077948097226E-01
   0.205146405092458E+02
   0.188802688238206E-01
   0.206817808426567E+02
   0.203693797824783E-01
   0.208781368794874E+02
   0.203744064687019E-01
   0.212423447662881E+02
   0.172744322229219E-01
   0.216574649544114E+02
   0.205045815042600E-01
   0.218860392176372E+02
   0.223248156036451E-01
   0.220648648667234E+02
   0.227283539422766E-01
   0.221767521474611E+02
   0.225932325329818E-01
   0.222245730584654E+02
   0.224742855384833E-01
   0.221937949151412E+02
   0.220912855792116E-01
   0.221218221773432E+02
   0.218194795041236E-01
   0.220312487681582E+02
   0.220836448940224E-01
   0.219584050722921E+02
   0.225174585391019E-01
   0.218500244172950E+02
   0.227467424736916E-01
   0.217193529780062E+02
   0.230024565561406E-01
   0.215778650349912E+02
   0.232311225758997E-01
   0.214033220540111E+02
   0.231912220454675E-01
   0.212113353583261E+02
   0.230970377069122E-01
   0.202660006335087E+02
   0.215893145807727E-01
   0.200991600968435E+02
   0.215987318463508E-01
   0.199452129813028E+02
   0.216724466974341E-01
   0.197996708072390E+02
   0.217259640794408E-01
   0.196483211902150E+02
   0.216629720196972E-01
   0.194686617611097E+02
   0.214013699063163E-01
   0.192429654182172E+02
   0.208789729465680E-01
   0.189766021992230E+02
   0.202310437441962E-01
   0.186939818694232E+02
   0.196151894992203E-01
   0.184255732285090E+02
   0.191090018059061E-01
   0.182002722321028E+02
   0.187258908707010E-01
   0.180419473357694E+02
   0.184444102710352E-01
   0.179686929958275E+02
   0.181998416904764E-01
   0.180008490896293E+02
   0.179313807024589E-01
   0.181984900994099E+02
   0.177919463442141E-01
   0.185788258357725E+02
   0.183736420140764E-01
   0.189815782448950E+02
   0.183652470220109E-01
   0.192567156281997E+02
   0.182496783813569E-01
   0.194300327461904E+02
   0.182400293507071E-01
   0.196338027903143E+02
   0.190065474114690E-01
   0.199170610650693E+02
   0.194315384240065E-01
   0.203614294126183E+02
   0.166431647713945E-01
   0.207862891862829E+02
   0.199800682175420E-01
   0.210711753717728E+02
   0.211094466525670E-01
   0.212458828559149E+02
   0.214192801128545E-01
   0.213454550488090E+02
   0.215482507874476E-01
   0.213726253841924E+02
   0.214939762989750E-01
   0.213197912746478E+02
   0.211420965736121E-01
   0.212254480203978E+02
   0.207885223972620E-01
   0.211341701455108E+02
   0.208391963560551E-01
   0.210625314996464E+02
   0.211051717870048E-01
   0.209703417496278E+02
   0.212791139851547E-01
   0.208666379080629E+02
   0.215031929013755E-01
   0.207518317895263E+02
   0.217153413536806E-01
   0.206049284181299E+02
   0.217251919344980E-01
   0.204401672088133E+02
   0.216675835793169E-01
   0.193256858404216E+02
   0.199579236030163E-01
   0.191734883847628E+02
   0.199061900066118E-01
   0.190350549542591E+02
   0.199611338757849E-01
   0.189105985246984E+02
   0.201252420058693E-01
   0.187859532756147E+02
   0.202846859857864E-01
   0.186376691915346E+02
   0.203272059806229E-01
   0.184452869742117E+02
   0.201314168023134E-01
   0.182069596248038E+02
   0.196932204882471E-01
   0.179398898005280E+02
   0.191206248351829E-01
   0.176712343562881E+02
   0.185252926119398E-01
   0.174335391821054E+02
   0.180357821071420E-01
   0.172532477422192E+02
   0.176679982620291E-01
   0.171527326187907E+02
   0.173687363107401E-01
   0.171592569139623E+02
   0.170966935048614E-01
   0.173207126354062E+02
   0.170309767392300E-01
   0.176361215536889E+02
   0.174827732247092E-01
   0.179460892369909E+02
   0.175312686440931E-01
   0.181345739607861E+02
   0.172943960865508E-01
   0.182385245048588E+02
   0.170242075172114E-01
   0.184448480451509E+02
   0.174975480620673E-01
   0.187982635382743E+02
   0.180453026695240E-01
   0.192709574402457E+02
   0.172888145646732E-01
   0.198151003716362E+02
   0.190521847127038E-01
   0.201236147849564E+02
   0.196821616558473E-01
   0.202884502252539E+02
   0.199635520815064E-01
   0.203712583124045E+02
   0.201962274995505E-01
   0.203825209090942E+02
   0.202418770755140E-01
   0.203190432184946E+02
   0.200180535748273E-01
   0.202151963971016E+02
   0.197074532769393E-01
   0.201176972468582E+02
   0.196405355761132E-01
   0.200388255646509E+02
   0.197677366250842E-01
   0.199500802722402E+02
   0.198614495930784E-01
   0.198566572341255E+02
   0.199962044594267E-01
   0.197531719781894E+02
   0.200947504826942E-01
   0.196254516685538E+02
   0.200985567741923E-01
   0.194813107541295E+02
   0.200500394050275E-01
   0.182023573223349E+02
   0.183434405915258E-01
   0.180601305899936E+02
   0.182416360836247E-01
   0.179295020566194E+02
   0.182137956421647E-01
   0.178150377471687E+02
   0.183082125833866E-01
   0.177048763652364E+02
   0.184562198897257E-01
   0.175778206733204E+02
   0.185824379202920E-01
   0.174152516311293E+02
   0.186245393077582E-01
   0.172105420661479E+02
   0.184880313797667E-01
   0.169716887232355E+02
   0.181504677665203E-01
   0.167184379749634E+02
   0.176571279338115E-01
   0.164815896429888E+02
   0.171436978198966E-01
   0.162893910869496E+02
   0.166994939598066E-01
   0.161707883313264E+02
   0.163490971591515E-01
   0.161607906536065E+02
   0.161094585716017E-01
   0.162959056261099E+02
   0.160605119618830E-01
   0.165550653253047E+02
   0.162803338292951E-01
   0.167911140859451E+02
   0.162883810787364E-01
   0.169014987974847E+02
   0.160898919086128E-01
   0.169177086271442E+02
   0.155358806765510E-01
   0.171005319605697E+02
   0.157943666162432E-01
   0.175234040234162E+02
   0.163137346938749E-01
   0.181282869699709E+02
   0.169984246381008E-01
   0.187354906937921E+02
   0.180128532455592E-01
   0.190520213220241E+02
   0.182247497981350E-01
   0.191970191354581E+02
   0.184302779980147E-01
   0.192557985920928E+02
   0.186228508949844E-01
   0.192506928165595E+02
   0.187268329269827E-01
   0.191808836380736E+02
   0.186500399219042E-01
   0.190727196763579E+02
   0.184467981012365E-01
   0.189670017939162E+02
   0.183403699536080E-01
   0.188753476426738E+02
   0.183557485932671E-01
   0.187805476308557E+02
   0.183670138201380E-01
   0.186863662322465E+02
   0.184249913532110E-01
   0.185862093961904E+02
   0.184572118597488E-01
   0.184713314858573E+02
   0.184599220821752E-01
   0.183431512361482E+02
   0.184280563908139E-01
   0.168988348165366E+02
   0.167401734138696E-01
   0.167647455098799E+02
   0.166343764568478E-01
   0.166378582535320E+02
   0.165521819612940E-01
   0.165254406730897E+02
   0.165460922724544E-01
   0.164195534474009E+02
   0.165985258216228E-01
   0.163029936792627E+02
   0.166643410273837E-01
   0.161605746202278E+02
   0.167251176705276E-01
   0.159848232964537E+02
   0.167185573630178E-01
   0.157768659774669E+02
   0.165793837979372E-01
   0.155491854801479E+02
   0.162868376907846E-01
   0.153268137274461E+02
   0.159040863306625E-01
   0.151347252016309E+02
   0.154643133759816E-01
   0.150071249416148E+02
   0.150755260030220E-01
   0.149886602484801E+02
   0.148642022268246E-01
   0.151096804556415E+02
   0.148793954192463E-01
   0.153302136149364E+02
   0.150161200532789E-01
   0.155114658814216E+02
   0.150093535319243E-01
   0.155447294469366E+02
   0.147807231488216E-01
   0.154490852114850E+02
   0.139389337239662E-01
   0.155857944419856E+02
   0.139269905513935E-01
   0.160796901419815E+02
   0.146325495579491E-01
   0.168507723364847E+02
   0.158305742482960E-01
   0.175436633741267E+02
   0.170903529830994E-01
   0.178654659603504E+02
   0.170532942883625E-01
   0.179799303770162E+02
   0.170383643470457E-01
   0.180060679159796E+02
   0.170760180228154E-01
   0.179787139060413E+02
   0.171322118207986E-01
   0.178993116011718E+02
   0.171108972200628E-01
   0.177864697489766E+02
   0.170134733746869E-01
   0.176716931237439E+02
   0.169384401527621E-01
   0.175643930333331E+02
   0.168835012292209E-01
   0.174572684295691E+02
   0.168267195513860E-01
   0.173546326543120E+02
   0.168148100811785E-01
   0.172519596555997E+02
   0.168033151746829E-01
   0.171438948783739E+02
   0.168059984161986E-01
   0.170274926509491E+02
   0.168027832176053E-01
   0.154110337665899E+02
   0.150632128061933E-01
   0.152841636931639E+02
   0.149724031621924E-01
   0.151599940617132E+02
   0.148715521854524E-01
   0.150467820371546E+02
   0.148047867390389E-01
   0.149399907171164E+02
   0.147897804223286E-01
   0.148269596470877E+02
   0.147934143233017E-01
   0.146955956332360E+02
   0.147892406566030E-01
   0.145404608120283E+02
   0.147911254832132E-01
   0.143590668268934E+02
   0.147237886762452E-01
   0.141587189882365E+02
   0.145622603634262E-01
   0.139580281602764E+02
   0.143210492042951E-01
   0.137760436421633E+02
   0.139603217487592E-01
   0.136471861159609E+02
   0.135669030075061E-01
   0.136265334513622E+02
   0.134107460753765E-01
   0.137458545416130E+02
   0.135802531500862E-01
   0.139509660785117E+02
   0.138418637753491E-01
   0.141001668884348E+02
   0.139329914793292E-01
   0.140571266887852E+02
   0.136193601225338E-01
   0.138112580373489E+02
   0.122243356144383E-01
   0.138792803627240E+02
   0.117282759889711E-01
   0.144400092156387E+02
   0.128124992424694E-01
   0.154389016391794E+02
   0.154560260180357E-01
   0.162340003955640E+02
   0.170123159965442E-01
   0.165580032776451E+02
   0.165965841207541E-01
   0.166327556868846E+02
   0.161066090716602E-01
   0.166208526967466E+02
   0.158398715241281E-01
   0.165653833710440E+02
   0.157169964107764E-01
   0.164697046697079E+02
   0.156089017956343E-01
   0.163466836891642E+02
   0.154921107203928E-01
   0.162200086458919E+02
   0.154262348064559E-01
   0.160957336296809E+02
   0.153351438209637E-01
   0.159728958392136E+02
   0.152306060014166E-01
   0.158568371844278E+02
   0.151623434062017E-01
   0.157469764546975E+02
   0.151213467439959E-01
   0.156398811422971E+02
   0.151090203499435E-01
   0.155303532521133E+02
   0.151076940052502E-01
   0.137283782370239E+02
   0.136798465699214E-01
   0.136074858240041E+02
   0.135771847246484E-01
   0.134865162998237E+02
   0.134587494650337E-01
   0.133739884039459E+02
   0.133672387259908E-01
   0.132654199080255E+02
   0.133031331486848E-01
   0.131530413321172E+02
   0.132564327471363E-01
   0.130280348400103E+02
   0.131965999959626E-01
   0.128865460776605E+02
   0.131490795568439E-01
   0.127258541707697E+02
   0.130860061460605E-01
   0.125498789813906E+02
   0.129992972349155E-01
   0.123726793533901E+02
   0.129364821438532E-01
   0.122080051987791E+02
   0.128304147348650E-01
   0.120850871828848E+02
   0.126383487399985E-01
   0.120611692836890E+02
   0.125503920086786E-01
   0.121804352276170E+02
   0.127543568132364E-01
   0.123913386660542E+02
   0.131512914975454E-01
   0.125360638450881E+02
   0.133574131079977E-01
   0.124318843237435E+02
   0.129777628505371E-01
   0.119799669180251E+02
   0.961402751504044E-02
   0.119687869691552E+02
   0.899656021032293E-02
   0.125644603803400E+02
   0.103172757527753E-01
   0.137654718623924E+02
   0.146879935169063E-01
   0.146906763909040E+02
   0.169894580047371E-01
   0.150585655173649E+02
   0.168643135696414E-01
   0.151172502015755E+02
   0.161441556332835E-01
   0.150738760808500E+02
   0.156256478804954E-01
   0.149901369559455E+02
   0.152728203289367E-01
   0.148723516881826E+02
   0.149754585112144E-01
   0.147330892502244E+02
   0.146951876915744E-01
   0.145909880995627E+02
   0.144716723461217E-01
   0.144497579281128E+02
   0.142629957463776E-01
   0.143114403473297E+02
   0.140741552632174E-01
   0.141800531278962E+02
   0.139282097378672E-01
   0.140597766611264E+02
   0.138324236546400E-01
   0.139489344159010E+02
   0.137799939842280E-01
   0.138415847770859E+02
   0.137441742842681E-01
   0.118229305520652E+02
   0.126992411187931E-01
   0.117062000907969E+02
   0.126163624851077E-01
   0.115883967267213E+02
   0.125200646074572E-01
   0.114778790568332E+02
   0.124199707606507E-01
   0.113692050124617E+02
   0.123300960021259E-01
   0.112586999393238E+02
   0.122580522743095E-01
   0.111408572891964E+02
   0.121921180331628E-01
   0.110122691747896E+02
   0.121346445203802E-01
   0.108706811700072E+02
   0.120990900652442E-01
   0.107154642181783E+02
   0.120451543035392E-01
   0.105563987268715E+02
   0.119845720381942E-01
   0.104064517418740E+02
   0.118998463908214E-01
   0.102917208685274E+02
   0.117460205887549E-01
   0.102659162872675E+02
   0.116450189740939E-01
   0.103820926456587E+02
   0.117917907595678E-01
   0.106076596399581E+02
   0.122673729684813E-01
   0.107784716021732E+02
   0.127301513574211E-01
   0.106629377468184E+02
   0.124612877044802E-01
   0.100500852905500E+02
   0.867155737586475E-02
   0.995331642944825E+01
   0.777924668617532E-02
   0.105101966565847E+02
   0.865549324769624E-02
   0.117897322321050E+02
   0.136351856149206E-01
   0.127541316650038E+02
   0.158802578363155E-01
   0.131896665291923E+02
   0.162679389702551E-01
   0.132978326725614E+02
   0.158508038557865E-01
   0.132741287182249E+02
   0.154406729770541E-01
   0.131897751272249E+02
   0.150158182512041E-01
   0.130629366085147E+02
   0.145627577873087E-01
   0.129108111906799E+02
   0.141336489099811E-01
   0.127550366240905E+02
   0.137864530988566E-01
   0.125979250416582E+02
   0.134848666439683E-01
   0.124465812618576E+02
   0.132615719045567E-01
   0.122980575812799E+02
   0.130514009430812E-01
   0.121633221596400E+02
   0.128965799344509E-01
   0.120430771610790E+02
   0.127991272335519E-01
   0.119331371899469E+02
   0.127481768157956E-01
   0.966704810116639E+01
   0.117212745453660E-01
   0.954756213328751E+01
   0.116078319338550E-01
   0.942896158810357E+01
   0.114911878916464E-01
   0.932452195952143E+01
   0.114232034040970E-01
   0.921807862912769E+01
   0.113402390350336E-01
   0.911037951741470E+01
   0.112674352855313E-01
   0.900039171873031E+01
   0.112087809191044E-01
   0.888596256679674E+01
   0.111629646320397E-01
   0.876392317837641E+01
   0.111274198617337E-01
   0.863268422733426E+01
   0.110897110415401E-01
   0.849994754173568E+01
   0.110507283942876E-01
   0.837623365094219E+01
   0.109935803235681E-01
   0.828328208038755E+01
   0.109008196581365E-01
   0.826462609800700E+01
   0.108452411496945E-01
   0.837004777503877E+01
   0.109436310490663E-01
   0.859608250952117E+01
   0.113553644377173E-01
   0.879529510441501E+01
   0.119814786681448E-01
   0.874187728088864E+01
   0.122485571904017E-01
   0.807479516853942E+01
   0.841823097339480E-02
   0.791278111452518E+01
   0.759689042152925E-02
   0.834584817413626E+01
   0.817250836090364E-02
   0.945232297538617E+01
   0.115707058422193E-01
   0.103107322032348E+02
   0.132271801229484E-01
   0.107812764832505E+02
   0.139801229001582E-01
   0.109780064249586E+02
   0.140932270934032E-01
   0.110350630756723E+02
   0.141159086368526E-01
   0.110145665277374E+02
   0.140278975916976E-01
   0.109359862310249E+02
   0.137825554680543E-01
   0.108140096540147E+02
   0.134757986631395E-01
   0.106679216116848E+02
   0.131420720701476E-01
   0.105074977782960E+02
   0.128088456460666E-01
   0.103438790800918E+02
   0.125297729767734E-01
   0.101834351081265E+02
   0.122816107331673E-01
   0.100358805712476E+02
   0.120801037208018E-01
   0.990219689135768E+01
   0.119251322260979E-01
   0.978257017865848E+01
   0.118158367319650E-01
   0.724621405906424E+01
   0.107248615218434E-01
   0.712805129779726E+01
   0.106073106231407E-01
   0.701198170881899E+01
   0.104926631464098E-01
   0.690239352074232E+01
   0.103862499584289E-01
   0.679387899839994E+01
   0.102789095713887E-01
   0.668858313924200E+01
   0.101997953119993E-01
   0.658745713993892E+01
   0.101485046250426E-01
   0.648901016077922E+01
   0.101256796385783E-01
   0.638911785576713E+01
   0.101090670880006E-01
   0.628484594362330E+01
   0.100961692274900E-01
   0.618561721535787E+01
   0.100901002668967E-01
   0.609832282118505E+01
   0.100773564380896E-01
   0.603915978574084E+01
   0.100516013112998E-01
   0.603799098921843E+01
   0.100490974641915E-01
   0.612733772529660E+01
   0.101227672865233E-01
   0.631955834351889E+01
   0.103975269542480E-01
   0.651818050231342E+01
   0.109301956417247E-01
   0.655852808717129E+01
   0.116371154835472E-01
   0.611016902453043E+01
   0.960079306488261E-02
   0.591627639320419E+01
   0.906601300387473E-02
   0.611668070618765E+01
   0.871624051290025E-02
   0.675780455846732E+01
   0.947629145913276E-02
   0.735991499516828E+01
   0.100296030508068E-01
   0.779294956892948E+01
   0.106421156932331E-01
   0.805548885599266E+01
   0.110807740404852E-01
   0.820100857862792E+01
   0.114323914779591E-01
   0.828194752634226E+01
   0.117569044167770E-01
   0.829823814242563E+01
   0.119329029912929E-01
   0.825184217362419E+01
   0.119476737054742E-01
   0.816232551343353E+01
   0.118571055645124E-01
   0.803842869848976E+01
   0.116705713272753E-01
   0.789554421279718E+01
   0.114639882143898E-01
   0.774822067727393E+01
   0.112564778309833E-01
   0.760950436422827E+01
   0.110847563391914E-01
   0.747728814583270E+01
   0.109294217487791E-01
   0.735950917298656E+01
   0.108204743498693E-01
   0.439833965576551E+01
   0.932602071002307E-02
   0.429309135726174E+01
   0.924335699745491E-02
   0.419370850360598E+01
   0.917356932726891E-02
   0.409712842827590E+01
   0.910368023325207E-02
   0.400086090036086E+01
   0.902711076452916E-02
   0.390856072226589E+01
   0.896475971134451E-02
   0.382347600317216E+01
   0.892757949708540E-02
   0.374436821494163E+01
   0.891533184058902E-02
   0.366744498382516E+01
   0.891078566379370E-02
   0.358712634961583E+01
   0.888453229286069E-02
   0.352429753282943E+01
   0.889260670958432E-02
   0.347885867680345E+01
   0.890790603888049E-02
   0.345879355331013E+01
   0.892715524867385E-02
   0.347928452629528E+01
   0.896100584939972E-02
   0.355360360982245E+01
   0.902024763743963E-02
   0.368534928439325E+01
   0.917739309690122E-02
   0.382903573222682E+01
   0.948848597366528E-02
   0.386161654524015E+01
   0.986157752813050E-02
   0.362020829277436E+01
   0.913126768529331E-02
   0.343818700534408E+01
   0.854629174056007E-02
   0.346331563556982E+01
   0.802919523250083E-02
   0.373720200362007E+01
   0.792321681059194E-02
   0.407902416177380E+01
   0.797865064659035E-02
   0.439105904683351E+01
   0.823044922633650E-02
   0.462667215628632E+01
   0.849277939609408E-02
   0.480063939088519E+01
   0.876423485060563E-02
   0.493879397470970E+01
   0.909902650587331E-02
   0.503159056738919E+01
   0.940238745439598E-02
   0.506961243652166E+01
   0.961252778024863E-02
   0.505346785740183E+01
   0.970153481745416E-02
   0.499096824073215E+01
   0.968261479948558E-02
   0.489668471232682E+01
   0.960116249489557E-02
   0.478968415065111E+01
   0.950542722958700E-02
   0.468937496053058E+01
   0.945244715027442E-02
   0.459083463452646E+01
   0.941001397635125E-02
   0.449437104706528E+01
   0.936779270057750E-02
   0.868381768346045E+00
   0.730715161772886E-02
   0.803823532912888E+00
   0.730433958376357E-02
   0.736548126810470E+00
   0.728713087767869E-02
   0.666405533151093E+00
   0.725844452765886E-02
   0.593921697809191E+00
   0.721452240955029E-02
   0.524942392681899E+00
   0.716850566518028E-02
   0.463832358611584E+00
   0.713455105939662E-02
   0.408727844698908E+00
   0.711157345148309E-02
   0.357712498076744E+00
   0.709178351943716E-02
   0.316729840913375E+00
   0.708025417685175E-02
   0.295485431039464E+00
   0.709464778395117E-02
   0.290432747803142E+00
   0.711439553316226E-02
   0.302988050429237E+00
   0.713766259435078E-02
   0.337937169157442E+00
   0.716670753559761E-02
   0.396850945050121E+00
   0.720908403003070E-02
   0.473262703805474E+00
   0.729573540855302E-02
   0.551716558386916E+00
   0.749641649047389E-02
   0.567520372040801E+00
   0.770783803144227E-02
   0.441686706904548E+00
   0.743905873394528E-02
   0.294671552532460E+00
   0.705940683488481E-02
   0.222504879722638E+00
   0.669032856427422E-02
   0.284515867794231E+00
   0.648081103568057E-02
   0.418484658430070E+00
   0.637200777734926E-02
   0.576757385216885E+00
   0.635709587847468E-02
   0.726239702252688E+00
   0.638854658198862E-02
   0.862146707186443E+00
   0.646246670867303E-02
   0.988994679930939E+00
   0.661241275073146E-02
   0.109921246568971E+01
   0.682006207387007E-02
   0.117811769264315E+01
   0.702892479841966E-02
   0.121499857735734E+01
   0.717669325081596E-02
   0.121118269751037E+01
   0.725437599553101E-02
   0.117541885235241E+01
   0.728100636230883E-02
   0.112063043733771E+01
   0.727819520368968E-02
   0.106170598165145E+01
   0.728657483996441E-02
   0.100054659604571E+01
   0.729973152606709E-02
   0.933262580072988E+00
   0.730038956616199E-02
  -0.364277756932706E+01
   0.491999134364174E-02
  -0.366606245237048E+01
   0.493831476262069E-02
  -0.369444471242510E+01
   0.493506308226177E-02
  -0.372743350667570E+01
   0.491195319087121E-02
  -0.376345208076048E+01
   0.487191488223508E-02
  -0.379306726289164E+01
   0.482887336184008E-02
  -0.381278981679128E+01
   0.479364367347981E-02
  -0.382128471430854E+01
   0.477387052702761E-02
  -0.381886331498343E+01
   0.476773052865534E-02
  -0.380661574727147E+01
   0.477163262461095E-02
  -0.378480938653104E+01
   0.477871411458946E-02
  -0.375731964793703E+01
   0.478713479312751E-02
  -0.372727297261088E+01
   0.479891534574267E-02
  -0.369111365296004E+01
   0.482589013714247E-02
  -0.365228573763104E+01
   0.487165418006213E-02
  -0.361807487981428E+01
   0.494846909961949E-02
  -0.360142929518807E+01
   0.506348409047523E-02
  -0.362545085870773E+01
   0.517469328024425E-02
  -0.370490855361806E+01
   0.517888384861983E-02
  -0.380996337587194E+01
   0.507535735205094E-02
  -0.390305329090701E+01
   0.490483170500040E-02
  -0.395684002929785E+01
   0.472036613360234E-02
  -0.396877118604673E+01
   0.455824647943834E-02
  -0.394312430584690E+01
   0.444467422887281E-02
  -0.388927532837234E+01
   0.439245959639085E-02
  -0.381485520551936E+01
   0.440788573206752E-02
  -0.372842314695006E+01
   0.448179847710573E-02
  -0.364454380465124E+01
   0.458926381729939E-02
  -0.357673830218221E+01
   0.470287578854175E-02
  -0.353436192067146E+01
   0.479286016054667E-02
  -0.351975148490726E+01
   0.484159801522690E-02
  -0.352777403646845E+01
   0.485620386478393E-02
  -0.354902402207334E+01
   0.485595936048492E-02
  -0.357449380570423E+01
   0.486031791537918E-02
  -0.359935745840249E+01
   0.487249607621728E-02
  -0.362222674905629E+01
   0.489216699074672E-02
  -0.975522573317127E+01
   0.279776272780872E-02
  -0.967016079386413E+01
   0.284859429559454E-02
  -0.959989138973781E+01
   0.287737349379540E-02
  -0.953635821964016E+01
   0.289167801034446E-02
  -0.947586165132681E+01
   0.289589759037662E-02
  -0.939744025045717E+01
   0.291532905342745E-02
  -0.929924167627484E+01
   0.295371005469001E-02
  -0.917926627453562E+01
   0.301484139328335E-02
  -0.903679568573166E+01
   0.310158033081322E-02
  -0.890559954342367E+01
   0.318067084091439E-02
  -0.877514202378314E+01
   0.327024317338642E-02
  -0.865241097125788E+01
   0.336750656972190E-02
  -0.857419926186331E+01
   0.342730198805816E-02
  -0.853556532354250E+01
   0.345992547499096E-02
  -0.853568784833709E+01
   0.347072143674508E-02
  -0.857737422234543E+01
   0.346006678640337E-02
  -0.866648857869021E+01
   0.342242801562188E-02
  -0.881230895620563E+01
   0.334495004750543E-02
  -0.902574087021006E+01
   0.320827209138584E-02
  -0.923804106583744E+01
   0.308713072907899E-02
  -0.946996739282082E+01
   0.294529439196533E-02
  -0.969550202723683E+01
   0.280206950088895E-02
  -0.990266971559281E+01
   0.266489434401235E-02
  -0.100402879810724E+02
   0.257806930714803E-02
  -0.101178596394180E+02
   0.253244722685577E-02
  -0.101478305248620E+02
   0.251835402081945E-02
  -0.101449180386221E+02
   0.252527906233511E-02
  -0.101238357021909E+02
   0.254302708345382E-02
  -0.100982053355557E+02
   0.256203657895222E-02
  -0.100760027317897E+02
   0.257671037427867E-02
  -0.100589278207990E+02
   0.258618996869656E-02
  -0.100435161765700E+02
   0.259379479436850E-02
  -0.100236228577474E+02
   0.260485321511321E-02
  -0.999206836011048E+01
   0.262525687472427E-02
  -0.994178826960751E+01
   0.266050144215602E-02
  -0.986538819293284E+01
   0.271612129253423E-02
