   0.197494621669946E+01
   0.416174870652780E-02
   0.876818871470151E+00
   0.397451780280794E-02
   0.160174171202437E+00
   0.383236281647896E-02
  -0.251532418078674E+00
   0.372936744547959E-02
  -0.337540066123244E+00
   0.366554650877615E-02
   0.329364512733872E-01
   0.364557528398257E-02
  -0.453223570850451E+00
   0.368909604604662E-02
  -0.420152644055177E+00
   0.378307343825182E-02
   0.107732442031511E+00
   0.392849641454668E-02
   0.113080146155548E+01
   0.412684744677452E-02
   0.265742159516672E+01
   0.437828265382215E-02
   0.491442367745135E+01
   0.467511877695817E-02
   0.816184189209588E+01
   0.500604579392967E-02
   0.110127500079574E+02
   0.535240595933500E-02
   0.135820762371577E+02
   0.569522510745645E-02
   0.158941908772024E+02
   0.601915904974053E-02
   0.178571849455116E+02
   0.631334942668686E-02
   0.194492892258588E+02
   0.657088793197273E-02
   0.206870670126218E+02
   0.678788098712300E-02
   0.216055518163500E+02
   0.696444123485366E-02
   0.222449448098094E+02
   0.710446070968301E-02
   0.226401960545497E+02
   0.721048680114680E-02
   0.228123324175281E+02
   0.728216433527228E-02
   0.227623499836632E+02
   0.731603763120289E-02
   0.224713649999352E+02
   0.730577372168520E-02
   0.219059930582446E+02
   0.724536168834817E-02
   0.210214467054554E+02
   0.713192128265196E-02
   0.197608833459696E+02
   0.696359719275853E-02
   0.180526056961424E+02
   0.673920234442034E-02
   0.158076289333810E+02
   0.646029887117149E-02
   0.129203396163853E+02
   0.613363849464492E-02
   0.927203621864322E+01
   0.577231094551633E-02
   0.644195951043637E+01
   0.539580379543965E-02
   0.436817834632485E+01
   0.502792202562626E-02
   0.296482342315794E+01
   0.469119196160247E-02
   0.217445647537622E+01
   0.440077971611186E-02
   0.493884121065176E+01
   0.523382803692549E-02
   0.552643654018827E+01
   0.504305874623018E-02
   0.531621439554694E+01
   0.487251531736942E-02
   0.449774821685671E+01
   0.469702039016880E-02
   0.291960663656095E+01
   0.456320348230583E-02
   0.219412119068479E+01
   0.450028911469346E-02
   0.195846856974704E+01
   0.450310448419774E-02
   0.218392532524374E+01
   0.457801717271846E-02
   0.292268611285533E+01
   0.471321980768217E-02
   0.435156344792054E+01
   0.489181508233928E-02
   0.461070547136953E+01
   0.514222491414905E-02
   0.548301486397583E+01
   0.544043761474123E-02
   0.705072932817925E+01
   0.589035225219226E-02
   0.921973054001730E+01
   0.641043714828413E-02
   0.121158883694407E+02
   0.691322301605228E-02
   0.160686256650227E+02
   0.737774063820482E-02
   0.187746189711240E+02
   0.779493510009527E-02
   0.205742892261640E+02
   0.814924781599908E-02
   0.217169778546266E+02
   0.840242149319767E-02
   0.223986969863914E+02
   0.854729485014009E-02
   0.227884107992862E+02
   0.867122282528452E-02
   0.230295401935492E+02
   0.880292675397618E-02
   0.232195317055181E+02
   0.894568462972381E-02
   0.233586425879177E+02
   0.909188441103425E-02
   0.233621166348282E+02
   0.917892506996107E-02
   0.231542759742477E+02
   0.915365911098881E-02
   0.226891301471938E+02
   0.905558910336843E-02
   0.219316285723125E+02
   0.889799900307373E-02
   0.208248970515770E+02
   0.866103625353184E-02
   0.192548853871850E+02
   0.832148271463578E-02
   0.170543997044388E+02
   0.787379167767889E-02
   0.140522730987060E+02
   0.734455283060616E-02
   0.101127896849562E+02
   0.675742780830651E-02
   0.756581474050945E+01
   0.620356301160051E-02
   0.599554627466442E+01
   0.576602321630638E-02
   0.514593001471037E+01
   0.546237168165671E-02
   0.742681428263178E+01
   0.690041981740700E-02
   0.705690317388381E+01
   0.671336690997879E-02
   0.657256312358192E+01
   0.651133031793063E-02
   0.591408764296890E+01
   0.615869732544565E-02
   0.519360488526380E+01
   0.582704182273160E-02
   0.476992239068829E+01
   0.575099313872709E-02
   0.464213455029691E+01
   0.581158980335323E-02
   0.482369287981475E+01
   0.597315862330334E-02
   0.531784882795298E+01
   0.618585937328625E-02
   0.618904922586271E+01
   0.644414387571311E-02
   0.757297920222416E+01
   0.665348151714820E-02
   0.793226065303526E+01
   0.646112971154293E-02
   0.950320793693134E+01
   0.701939407904085E-02
   0.116465248832607E+02
   0.767668059115032E-02
   0.143698143231101E+02
   0.814656112800322E-02
   0.180814716737827E+02
   0.861656573945250E-02
   0.203975419570531E+02
   0.912155565424404E-02
   0.217777862696566E+02
   0.965041818386195E-02
   0.224796471362309E+02
   0.995476274675334E-02
   0.227052489211734E+02
   0.982481916156690E-02
   0.226716362019257E+02
   0.986157563679609E-02
   0.226233559184519E+02
   0.100052184828965E-01
   0.228252537424447E+02
   0.102155264745743E-01
   0.232466726672114E+02
   0.106145531945525E-01
   0.235351866809760E+02
   0.109098629436673E-01
   0.235447911443659E+02
   0.107709065803471E-01
   0.232695742417930E+02
   0.106249955116337E-01
   0.227625409048078E+02
   0.105131776017391E-01
   0.220607248472038E+02
   0.103152420467955E-01
   0.210245329940546E+02
   0.994090915831320E-02
   0.193267654607755E+02
   0.936670482284760E-02
   0.166626408617868E+02
   0.879005083872020E-02
   0.127304634158897E+02
   0.806119627232763E-02
   0.102959240575981E+02
   0.747837195371758E-02
   0.885712633961595E+01
   0.719277953653456E-02
   0.798609258588936E+01
   0.709279378813840E-02
   0.102159640344066E+02
   0.900539159126301E-02
   0.966277221305140E+01
   0.868126541719909E-02
   0.909672241364941E+01
   0.834320128062452E-02
   0.850562690097529E+01
   0.800399136872567E-02
   0.793367398975273E+01
   0.762215155699273E-02
   0.755687300508981E+01
   0.744635421074375E-02
   0.740913887254318E+01
   0.748392438648109E-02
   0.747248593832460E+01
   0.760153544864964E-02
   0.773427319697371E+01
   0.770977689532718E-02
   0.821345198212476E+01
   0.770727546024045E-02
   0.896449673171700E+01
   0.775253487987418E-02
   0.100844618811838E+02
   0.751368786045040E-02
   0.128826162286089E+02
   0.831288360708154E-02
   0.153281747197923E+02
   0.868888709692853E-02
   0.177261161306888E+02
   0.894724824878319E-02
   0.200891967218692E+02
   0.932522208348822E-02
   0.217587564008165E+02
   0.979646815747476E-02
   0.226600354912734E+02
   0.102538656803972E-01
   0.229143831691040E+02
   0.105133722390040E-01
   0.226647318109504E+02
   0.105649818659954E-01
   0.221159990332835E+02
   0.106868307005478E-01
   0.215933891848842E+02
   0.107648481515252E-01
   0.218403599053389E+02
   0.109510232465988E-01
   0.228292442486784E+02
   0.117762774008013E-01
   0.234417718977924E+02
   0.120327749255398E-01
   0.235818763670784E+02
   0.117707995083380E-01
   0.233350528317701E+02
   0.118925974865783E-01
   0.228932636941766E+02
   0.116145393380875E-01
   0.225408392260512E+02
   0.113742579748621E-01
   0.221318332772236E+02
   0.111025844008981E-01
   0.209971204054274E+02
   0.106706742868874E-01
   0.187525234065134E+02
   0.101565959379200E-01
   0.151037186639276E+02
   0.962159319731737E-02
   0.129178690853428E+02
   0.930664444579797E-02
   0.116532576595803E+02
   0.923106535191634E-02
   0.108365180288697E+02
   0.915404953618859E-02
   0.127362037684798E+02
   0.111766636607464E-01
   0.121404982801724E+02
   0.106837677860539E-01
   0.115601471291449E+02
   0.101618066515054E-01
   0.110170308347397E+02
   0.974940386123789E-02
   0.105290259832620E+02
   0.938396669001304E-02
   0.101692740859842E+02
   0.914442023745802E-02
   0.996654755882778E+01
   0.905703973222069E-02
   0.991395114351880E+01
   0.904354522275513E-02
   0.100044808903019E+02
   0.901293434223053E-02
   0.102663316774856E+02
   0.892175618995875E-02
   0.107742985079242E+02
   0.868929436075024E-02
   0.118293731103171E+02
   0.853216316017162E-02
   0.145179797832556E+02
   0.924625006019877E-02
   0.170933944722605E+02
   0.941372315123942E-02
   0.193433606585534E+02
   0.955111842746442E-02
   0.213358339132518E+02
   0.992475155164083E-02
   0.226759326784616E+02
   0.104761910059259E-01
   0.231996914506611E+02
   0.109845392242789E-01
   0.230677027533132E+02
   0.111673648791689E-01
   0.223571832387969E+02
   0.111157556639466E-01
   0.212270108187535E+02
   0.113651643775594E-01
   0.198694651157361E+02
   0.112119840623179E-01
   0.201726539617442E+02
   0.116361015511491E-01
   0.222997294868367E+02
   0.127323472255683E-01
   0.232034216854954E+02
   0.124903504957712E-01
   0.233818279967904E+02
   0.126142455477750E-01
   0.230081094093090E+02
   0.127936950301082E-01
   0.224085549064814E+02
   0.124538485556172E-01
   0.223755003576645E+02
   0.120199576795652E-01
   0.228233140487701E+02
   0.118825467593411E-01
   0.222900636539382E+02
   0.115170468192623E-01
   0.204566183736310E+02
   0.111906730989285E-01
   0.170903729483593E+02
   0.110587259312601E-01
   0.151683144673034E+02
   0.109784231283406E-01
   0.140829167768358E+02
   0.112901652985391E-01
   0.133544579029180E+02
   0.114304588312376E-01
   0.148779236298221E+02
   0.129858380713276E-01
   0.142816766477986E+02
   0.122887986861371E-01
   0.137251235819542E+02
   0.116500302522636E-01
   0.132351684380088E+02
   0.112054672933572E-01
   0.128127670466621E+02
   0.108830305967030E-01
   0.124782560731720E+02
   0.106333558740840E-01
   0.122447025508712E+02
   0.104508293551652E-01
   0.121135394073460E+02
   0.103150088783768E-01
   0.120905706876266E+02
   0.101804980846215E-01
   0.122133488529100E+02
   0.100797946459652E-01
   0.125491750450753E+02
   0.994799186205952E-02
   0.133089355081759E+02
   0.965164119054901E-02
   0.150727263482013E+02
   0.976806131190012E-02
   0.179573044083979E+02
   0.101227511802323E-01
   0.201219746501687E+02
   0.101806850858023E-01
   0.220680005508902E+02
   0.106364171712667E-01
   0.232665594395858E+02
   0.113198695378902E-01
   0.234456246295405E+02
   0.118661925569559E-01
   0.229908168692562E+02
   0.117883842420694E-01
   0.218559819229783E+02
   0.119056289935581E-01
   0.201801850423665E+02
   0.120375385232342E-01
   0.193413988841064E+02
   0.120379764490182E-01
   0.197320915288471E+02
   0.123060134823901E-01
   0.219690068908885E+02
   0.131120178098074E-01
   0.228860297886196E+02
   0.130378771674985E-01
   0.230157401415859E+02
   0.133833468117468E-01
   0.223858378978416E+02
   0.133876485999674E-01
   0.212993198347876E+02
   0.129334625570759E-01
   0.215439579092300E+02
   0.123778690162942E-01
   0.232964888686867E+02
   0.123282880227158E-01
   0.233397072137309E+02
   0.121509432053449E-01
   0.218713961470582E+02
   0.120426867667899E-01
   0.187560291334069E+02
   0.124733986570918E-01
   0.170830806567201E+02
   0.127929774604599E-01
   0.161556928453718E+02
   0.134270621396128E-01
   0.154882754167385E+02
   0.134521723660772E-01
   0.166473714480120E+02
   0.142358046627986E-01
   0.160791474556337E+02
   0.134323932333383E-01
   0.155727128274404E+02
   0.128054072045982E-01
   0.151438692809725E+02
   0.124135121183902E-01
   0.147797718519530E+02
   0.121506484344581E-01
   0.144766004811085E+02
   0.119226408265459E-01
   0.142352809422052E+02
   0.116963766865023E-01
   0.140602552474075E+02
   0.114854369693981E-01
   0.139669144263502E+02
   0.113183808113749E-01
   0.139953213472233E+02
   0.112678733160283E-01
   0.141943830761162E+02
   0.112396264940197E-01
   0.146941343823879E+02
   0.108956903379898E-01
   0.158752127014285E+02
   0.104003726927647E-01
   0.183352260840785E+02
   0.104945077543039E-01
   0.203083492125606E+02
   0.108092264801632E-01
   0.224268974952905E+02
   0.112113126972156E-01
   0.236216067737021E+02
   0.123300192858939E-01
   0.233978200802445E+02
   0.129694459248659E-01
   0.227005256592338E+02
   0.127254677634802E-01
   0.211647016933837E+02
   0.128204514404913E-01
   0.200707774902127E+02
   0.131502239891584E-01
   0.195586235873550E+02
   0.133071147583358E-01
   0.198691363150672E+02
   0.130865524165658E-01
   0.216555668611655E+02
   0.134492776262998E-01
   0.224250786203631E+02
   0.136227085503478E-01
   0.225052147495055E+02
   0.137499642524329E-01
   0.215597213850532E+02
   0.138035445630479E-01
   0.210344030793436E+02
   0.134157948338500E-01
   0.215413994363945E+02
   0.128947337439108E-01
   0.237726024137015E+02
   0.123671127643376E-01
   0.242017813183330E+02
   0.125086971726517E-01
   0.230372146501867E+02
   0.127767264812405E-01
   0.201551945952040E+02
   0.138579886478994E-01
   0.187060172516970E+02
   0.147843273438211E-01
   0.178768273681629E+02
   0.152850574442372E-01
   0.172431259209976E+02
   0.149471720217643E-01
   0.180971253993178E+02
   0.151340943042555E-01
   0.175828548256097E+02
   0.144740562214344E-01
   0.171398139500332E+02
   0.140243370585077E-01
   0.167707937425398E+02
   0.137686357246455E-01
   0.164559133390939E+02
   0.135416852066943E-01
   0.161845257606928E+02
   0.133089253992647E-01
   0.159499141757546E+02
   0.130396433562599E-01
   0.157551145691258E+02
   0.127678202518042E-01
   0.156174615991143E+02
   0.125516336922289E-01
   0.155737527203770E+02
   0.124991530526471E-01
   0.156599860053771E+02
   0.125070173626049E-01
   0.159510654241707E+02
   0.120866902414424E-01
   0.166935135170559E+02
   0.113580392314762E-01
   0.182569372276890E+02
   0.109402543640888E-01
   0.199360945760628E+02
   0.115865486679044E-01
   0.225074899118169E+02
   0.118974611157134E-01
   0.238349534745864E+02
   0.133929116472594E-01
   0.230236891509107E+02
   0.144172640909476E-01
   0.222164836347257E+02
   0.140240802400965E-01
   0.212225008612752E+02
   0.138795004527014E-01
   0.204727962720708E+02
   0.147336522066357E-01
   0.201090613463661E+02
   0.147718939345465E-01
   0.202710947830640E+02
   0.141285695903100E-01
   0.211755894146188E+02
   0.137610873586395E-01
   0.217487096830854E+02
   0.138996800883151E-01
   0.218761442159816E+02
   0.142810398751952E-01
   0.214832492274380E+02
   0.144827843017480E-01
   0.212943095043158E+02
   0.144618344057912E-01
   0.218797021497572E+02
   0.136734370479053E-01
   0.241849900356768E+02
   0.122978373641041E-01
   0.248801150747236E+02
   0.128454441213437E-01
   0.239748052015500E+02
   0.135096398809258E-01
   0.213390662600305E+02
   0.154642977962354E-01
   0.200432307012137E+02
   0.164246362224073E-01
   0.192540311691652E+02
   0.162559692270530E-01
   0.186542574585996E+02
   0.158163207475803E-01
   0.192860298304432E+02
   0.162648464927472E-01
   0.188363612366526E+02
   0.158908251495751E-01
   0.184513783740969E+02
   0.155992380963594E-01
   0.181318001628308E+02
   0.154241952248766E-01
   0.178601948676646E+02
   0.152529422232219E-01
   0.176224923679094E+02
   0.150786802447333E-01
   0.174058035586649E+02
   0.148711648575921E-01
   0.172071789671374E+02
   0.146505585910923E-01
   0.170392236502929E+02
   0.144430644821781E-01
   0.169283425497297E+02
   0.142297257572174E-01
   0.169104139006660E+02
   0.139420280880481E-01
   0.170500959144305E+02
   0.132782283193781E-01
   0.175192427222108E+02
   0.125206404221063E-01
   0.186359805307348E+02
   0.119474342007670E-01
   0.199617048640936E+02
   0.119406631738697E-01
   0.223929009102275E+02
   0.119957536452141E-01
   0.240302097488147E+02
   0.140314765450089E-01
   0.232144795209187E+02
   0.158664033905256E-01
   0.223811132484364E+02
   0.153291538558389E-01
   0.217153697400349E+02
   0.148576071471509E-01
   0.210565939241485E+02
   0.158837099843891E-01
   0.207448443586545E+02
   0.157938611868244E-01
   0.208171462764168E+02
   0.151430614313632E-01
   0.213191739086888E+02
   0.148857111524317E-01
   0.217977131346854E+02
   0.148268881851184E-01
   0.219661987692497E+02
   0.152839458159475E-01
   0.218257386420795E+02
   0.155011548843655E-01
   0.217786490802067E+02
   0.154889615920000E-01
   0.223032123010003E+02
   0.144004292181540E-01
   0.244506768553396E+02
   0.125022306187631E-01
   0.253719257373057E+02
   0.133885170573735E-01
   0.246953411728237E+02
   0.143456212674788E-01
   0.222958937776111E+02
   0.169941403666390E-01
   0.210931432195867E+02
   0.173433016500441E-01
   0.203353707685428E+02
   0.168307701086177E-01
   0.197843301135768E+02
   0.166400263489276E-01
   0.202585860649953E+02
   0.174893736249666E-01
   0.198672290866528E+02
   0.172483966292861E-01
   0.195304577378803E+02
   0.170320221566508E-01
   0.192514294506875E+02
   0.168896592270431E-01
   0.190176063008082E+02
   0.167862084548570E-01
   0.188116473237692E+02
   0.166938896841577E-01
   0.186144930071785E+02
   0.165695625535186E-01
   0.184140748728564E+02
   0.163887489995252E-01
   0.182181793339368E+02
   0.161788330319100E-01
   0.180494025014136E+02
   0.158782784350430E-01
   0.179470939507338E+02
   0.154558806784038E-01
   0.179772093006513E+02
   0.147635703382128E-01
   0.182835974507620E+02
   0.136243203518515E-01
   0.192271538321064E+02
   0.130682919145053E-01
   0.201750371618904E+02
   0.129601170536250E-01
   0.220041186735998E+02
   0.124358007801536E-01
   0.242165966478796E+02
   0.144596110385405E-01
   0.236920226138970E+02
   0.168335429063740E-01
   0.228098496241832E+02
   0.170472122975000E-01
   0.224517441298326E+02
   0.156517134088565E-01
   0.216436845092686E+02
   0.169965597234591E-01
   0.213495476726831E+02
   0.167885335906593E-01
   0.213614232202646E+02
   0.164141592847427E-01
   0.216812351243160E+02
   0.160860538165423E-01
   0.221645167690896E+02
   0.160583008179834E-01
   0.223586109144823E+02
   0.165832213086129E-01
   0.223395347831131E+02
   0.166837537364951E-01
   0.223189244196694E+02
   0.164865478502900E-01
   0.226939235244580E+02
   0.152820318317914E-01
   0.244935719664489E+02
   0.133704217345050E-01
   0.256815317019851E+02
   0.142324051035762E-01
   0.252111713545770E+02
   0.153159112832164E-01
   0.230494261826761E+02
   0.184028273185574E-01
   0.219230450554293E+02
   0.184727035570426E-01
   0.212007830096526E+02
   0.177900548414736E-01
   0.206961677179547E+02
   0.176953900199867E-01
   0.210540294192661E+02
   0.186963074204114E-01
   0.207064471134790E+02
   0.184859222946587E-01
   0.204068093825211E+02
   0.183069127717254E-01
   0.201599251493702E+02
   0.181965281188443E-01
   0.199575243408461E+02
   0.181790095373445E-01
   0.197786168512095E+02
   0.181748159902412E-01
   0.195987222407384E+02
   0.181346677686471E-01
   0.193961853133344E+02
   0.179778422855258E-01
   0.191739711491447E+02
   0.177152203085729E-01
   0.189558000479736E+02
   0.172882978580849E-01
   0.187874538495150E+02
   0.167122117497435E-01
   0.187396599879930E+02
   0.159234679760734E-01
   0.189586106397285E+02
   0.148342768070549E-01
   0.199487908327852E+02
   0.141755618930692E-01
   0.205058727414544E+02
   0.148151733714168E-01
   0.219686395335807E+02
   0.134097530742544E-01
   0.244194099588929E+02
   0.146875578449014E-01
   0.244400776156046E+02
   0.169557690958579E-01
   0.232826531236391E+02
   0.185536426743357E-01
   0.226945846624938E+02
   0.173514130878559E-01
   0.221453725346891E+02
   0.181582427371152E-01
   0.219100461559216E+02
   0.180056373574432E-01
   0.218961482593492E+02
   0.175855253531021E-01
   0.221398612917054E+02
   0.170199398816837E-01
   0.227340335771548E+02
   0.166925608704098E-01
   0.229147622080542E+02
   0.178066501354439E-01
   0.229541512374747E+02
   0.177438095090525E-01
   0.229042852168109E+02
   0.175632168601710E-01
   0.230907063484319E+02
   0.164931501401411E-01
   0.242435280983643E+02
   0.153616315982572E-01
   0.258398460731924E+02
   0.154235435422218E-01
   0.255467587343499E+02
   0.165092787413646E-01
   0.236234099024000E+02
   0.198078477035175E-01
   0.225791164435539E+02
   0.196230403610567E-01
   0.219042520286661E+02
   0.189184730377153E-01
   0.214434578916060E+02
   0.188567979295752E-01
   0.216830860981833E+02
   0.197520163672847E-01
   0.213666040350987E+02
   0.195385490738981E-01
   0.210943737979097E+02
   0.193852209536478E-01
   0.208713349463740E+02
   0.193236585921529E-01
   0.206910865163469E+02
   0.193815092347979E-01
   0.205309468917039E+02
   0.194548008916705E-01
   0.203623413525113E+02
   0.194830963346016E-01
   0.201554955416944E+02
   0.193310904194091E-01
   0.199100195803232E+02
   0.189804641226878E-01
   0.196557674718865E+02
   0.184153496003999E-01
   0.194456955345073E+02
   0.176879562792962E-01
   0.193557683990071E+02
   0.168816333653478E-01
   0.195120273323890E+02
   0.161976099294512E-01
   0.201771858933477E+02
   0.157912487855193E-01
   0.208273489179585E+02
   0.165297548689505E-01
   0.221120429900751E+02
   0.150020158065630E-01
   0.245823585361896E+02
   0.153835285367896E-01
   0.248732947338779E+02
   0.169309880135294E-01
   0.237156231093615E+02
   0.191458505946194E-01
   0.230239867914784E+02
   0.186963452998232E-01
   0.225839124361626E+02
   0.188675580139634E-01
   0.224123893031023E+02
   0.191031946199679E-01
   0.224017607194118E+02
   0.186939611900524E-01
   0.226219408789613E+02
   0.179602830632916E-01
   0.234893561333474E+02
   0.166709752545514E-01
   0.235528673376168E+02
   0.180993295491658E-01
   0.236483806484530E+02
   0.182391324885509E-01
   0.235307481169244E+02
   0.187382309359074E-01
   0.235273821734181E+02
   0.179786340694807E-01
   0.242689082773383E+02
   0.169646379426569E-01
   0.258935790335923E+02
   0.164115564931729E-01
   0.257161848488038E+02
   0.177331832173053E-01
   0.240264239285908E+02
   0.210757157264856E-01
   0.230780933162934E+02
   0.206488488075370E-01
   0.224593148713207E+02
   0.199785198527212E-01
   0.220367637506057E+02
   0.199082148822459E-01
   0.221540472247415E+02
   0.206978518659018E-01
   0.218591809636878E+02
   0.204812844586641E-01
   0.216052451243976E+02
   0.203379303479405E-01
   0.213959017269395E+02
   0.202946556447046E-01
   0.212255281969974E+02
   0.203485653224986E-01
   0.210731196907148E+02
   0.204343995600906E-01
   0.209084186203836E+02
   0.204779872626671E-01
   0.206961466582989E+02
   0.203012504278988E-01
   0.204343741291492E+02
   0.198712853530490E-01
   0.201619429331564E+02
   0.192391561387631E-01
   0.199381042014314E+02
   0.185110686806910E-01
   0.198384258238452E+02
   0.179270928664835E-01
   0.199565456588429E+02
   0.175813848073330E-01
   0.204364972452431E+02
   0.168636086706896E-01
   0.211042473746614E+02
   0.173953060084480E-01
   0.223172758580760E+02
   0.169440302254106E-01
   0.246850861334904E+02
   0.168722915493861E-01
   0.251118104250486E+02
   0.172763703275119E-01
   0.241246431215331E+02
   0.188814889414762E-01
   0.233510573579802E+02
   0.199489669213117E-01
   0.229666604261891E+02
   0.198812517875379E-01
   0.228447313323075E+02
   0.201658380662745E-01
   0.228511529359115E+02
   0.198226785962391E-01
   0.230544671190931E+02
   0.191260905186664E-01
   0.238875593760431E+02
   0.173891761715041E-01
   0.242541665069432E+02
   0.182868809050104E-01
   0.244494154265849E+02
   0.180934695851252E-01
   0.241843527238868E+02
   0.194794325689610E-01
   0.239740281303330E+02
   0.195830806362857E-01
   0.244178780724442E+02
   0.184503387876511E-01
   0.258515710583121E+02
   0.171169102377045E-01
   0.257239526638886E+02
   0.187170974414578E-01
   0.242633357589121E+02
   0.216404247685114E-01
   0.234305114900841E+02
   0.213889187578739E-01
   0.228742263075534E+02
   0.209657955438333E-01
   0.224824277264383E+02
   0.208642143928041E-01
   0.224727085197663E+02
   0.215217439574775E-01
   0.221919673413650E+02
   0.213130758618973E-01
   0.219480447725097E+02
   0.211648533355332E-01
   0.217424906875517E+02
   0.210675573229617E-01
   0.215710752926009E+02
   0.210183989991393E-01
   0.214167284844650E+02
   0.210379404370724E-01
   0.212503615103833E+02
   0.210715441713312E-01
   0.210336488355207E+02
   0.209036742971409E-01
   0.207648903836975E+02
   0.204659216055335E-01
   0.204923867704085E+02
   0.199147424252360E-01
   0.202778576287778E+02
   0.193823251023097E-01
   0.201879328858428E+02
   0.190194306088263E-01
   0.202824744110861E+02
   0.186179522347796E-01
   0.206620032553364E+02
   0.179026591393324E-01
   0.213259387585826E+02
   0.183204287272418E-01
   0.224994010550749E+02
   0.188757635343639E-01
   0.247059315965752E+02
   0.178893778701834E-01
   0.251985255732677E+02
   0.173671650297581E-01
   0.245921154538261E+02
   0.180685640752397E-01
   0.236132979529137E+02
   0.205155179799908E-01
   0.232762597981347E+02
   0.209551450089480E-01
   0.231929836868716E+02
   0.211061360622784E-01
   0.232226255584881E+02
   0.208390839193264E-01
   0.234090327753009E+02
   0.205647307186128E-01
   0.239483218532475E+02
   0.188546262629934E-01
   0.245391319071738E+02
   0.188756514073193E-01
   0.248798255210519E+02
   0.185250232393467E-01
   0.248758033932896E+02
   0.193974812948262E-01
   0.243916304080028E+02
   0.211938628690244E-01
   0.245924089368694E+02
   0.200913064972264E-01
   0.257163743423404E+02
   0.180320407927704E-01
   0.255481760295802E+02
   0.198379650855994E-01
   0.243620196500072E+02
   0.221627100023293E-01
   0.236528111846929E+02
   0.221304578584355E-01
   0.231543795931759E+02
   0.218815030322775E-01
   0.227846674884311E+02
   0.217114481795142E-01
   0.226438461540533E+02
   0.221018502293110E-01
   0.223714637103215E+02
   0.219220390688944E-01
   0.221317690125291E+02
   0.217727972972368E-01
   0.219250193586538E+02
   0.216028499299310E-01
   0.217475046459379E+02
   0.214437973080782E-01
   0.215868477665556E+02
   0.214269634783107E-01
   0.214143427131892E+02
   0.214738671252770E-01
   0.211920029421486E+02
   0.213084436239829E-01
   0.209230116444675E+02
   0.208807688404905E-01
   0.206612432804749E+02
   0.204282937221035E-01
   0.204671732151717E+02
   0.200830927257325E-01
   0.203960885676401E+02
   0.198055321718441E-01
   0.204832582338610E+02
   0.192224616846091E-01
   0.208139355299178E+02
   0.185606112231954E-01
   0.214735752628339E+02
   0.191478520154902E-01
   0.226001699613700E+02
   0.200892744745675E-01
   0.246182639745176E+02
   0.179802156608279E-01
   0.251487114971604E+02
   0.173309510004026E-01
   0.247644640049734E+02
   0.177046679563206E-01
   0.237741089932364E+02
   0.207228848227965E-01
   0.234925067137810E+02
   0.216506215155716E-01
   0.234469604693162E+02
   0.218402446162826E-01
   0.235051472674525E+02
   0.216707954519919E-01
   0.236699328821251E+02
   0.215321121288380E-01
   0.240287596112502E+02
   0.197657265201492E-01
   0.244865209612503E+02
   0.196035818680631E-01
   0.250066827265932E+02
   0.191484076506744E-01
   0.252277926959314E+02
   0.195281135306833E-01
   0.247326792721342E+02
   0.224105479103799E-01
   0.247320426035137E+02
   0.218243554503610E-01
   0.254739831529554E+02
   0.193378544086698E-01
   0.251488344393343E+02
   0.214472856290257E-01
   0.243481404185425E+02
   0.226781174334441E-01
   0.237533863851206E+02
   0.227510422171163E-01
   0.233000296044463E+02
   0.225339653608022E-01
   0.229461061452597E+02
   0.223006377486423E-01
   0.226781948912957E+02
   0.220374062634669E-01
   0.224095837590087E+02
   0.218616819833192E-01
   0.221701556058183E+02
   0.216954624588094E-01
   0.219603424401326E+02
   0.215106440431412E-01
   0.217755317486645E+02
   0.213613624649959E-01
   0.216036581296341E+02
   0.213271081864984E-01
   0.214189461287440E+02
   0.213239833309695E-01
   0.211900212805672E+02
   0.211351005676107E-01
   0.209260604703035E+02
   0.207633050432152E-01
   0.206803734061513E+02
   0.204050343123823E-01
   0.205084859206031E+02
   0.201365673262941E-01
   0.204613009492666E+02
   0.199060283790376E-01
   0.205625230080442E+02
   0.193486565955431E-01
   0.208730389944844E+02
   0.187110214778388E-01
   0.215284025095000E+02
   0.195121227574144E-01
   0.225875650849532E+02
   0.203590609884739E-01
   0.244284014646094E+02
   0.176011677205150E-01
   0.249837863153188E+02
   0.172116061137853E-01
   0.247476998563724E+02
   0.175579642186771E-01
   0.238307993332893E+02
   0.207184700888705E-01
   0.236100538672653E+02
   0.221100335124271E-01
   0.236044817786224E+02
   0.225396983722292E-01
   0.236906543778150E+02
   0.223329258049688E-01
   0.238357864689264E+02
   0.220132208983225E-01
   0.240901433110448E+02
   0.206323448632697E-01
   0.244483028355954E+02
   0.202393549310854E-01
   0.248637207965925E+02
   0.203014367245762E-01
   0.253403728899907E+02
   0.199431642355861E-01
   0.249911014147910E+02
   0.226259419215126E-01
   0.247877633895141E+02
   0.229070504199352E-01
   0.250728046659174E+02
   0.209903555902402E-01
   0.248345145337647E+02
   0.222643992099903E-01
   0.242465726994728E+02
   0.228368060765041E-01
   0.237378190291844E+02
   0.228706967321132E-01
   0.233176288195603E+02
   0.225229485274670E-01
   0.229752717068537E+02
   0.222374877142663E-01
   0.226046119807049E+02
   0.210114526552724E-01
   0.223350181769757E+02
   0.207388886636845E-01
   0.220890472574783E+02
   0.204589817123971E-01
   0.218683549813207E+02
   0.201963973492730E-01
   0.216706047907634E+02
   0.200332531020984E-01
   0.214847114414264E+02
   0.199984830287778E-01
   0.212882560854242E+02
   0.200135330628653E-01
   0.210569523544437E+02
   0.199080761732738E-01
   0.208044099800446E+02
   0.197181379087903E-01
   0.205806966658833E+02
   0.195800405083833E-01
   0.204336649800066E+02
   0.194769277161268E-01
   0.204087605574901E+02
   0.193792210542604E-01
   0.205332077959550E+02
   0.191089543682283E-01
   0.208346970213889E+02
   0.184959035236332E-01
   0.214853060089583E+02
   0.195796030494148E-01
   0.224547201244389E+02
   0.201038101944209E-01
   0.241458029288976E+02
   0.173861499895219E-01
   0.247136768215957E+02
   0.172009719822109E-01
   0.245859235254065E+02
   0.174281051062433E-01
   0.237891200873441E+02
   0.212476865602437E-01
   0.236153484877235E+02
   0.223900244994492E-01
   0.236427779395591E+02
   0.228791215147647E-01
   0.237689729789707E+02
   0.228175446466670E-01
   0.239031362904777E+02
   0.223108752753951E-01
   0.241021636273565E+02
   0.213606974885444E-01
   0.244031690613842E+02
   0.213583893674629E-01
   0.247363589078717E+02
   0.213141098022055E-01
   0.252489131057337E+02
   0.206201776774993E-01
   0.252101986256241E+02
   0.216406474316914E-01
   0.247379014773661E+02
   0.229996129308026E-01
   0.247632429565663E+02
   0.217151087199764E-01
   0.245372856518850E+02
   0.222703802344297E-01
   0.240670979652627E+02
   0.223535715365633E-01
   0.236215660255648E+02
   0.221179139157797E-01
   0.232317416142187E+02
   0.216548332556478E-01
   0.228993161943535E+02
   0.212942748912270E-01
   0.224481152042737E+02
   0.196424220434271E-01
   0.221755228634292E+02
   0.193127493624696E-01
   0.219237680467187E+02
   0.190076847154875E-01
   0.216953429586265E+02
   0.187677442767581E-01
   0.214870023989677E+02
   0.186111132073597E-01
   0.212871062920975E+02
   0.185211143590052E-01
   0.210776150419504E+02
   0.184579241246851E-01
   0.208439805266845E+02
   0.183550877582337E-01
   0.206045198289551E+02
   0.182837769302390E-01
   0.204015401419706E+02
   0.182945424525559E-01
   0.202755622167791E+02
   0.183686747013874E-01
   0.202688614805154E+02
   0.185313495129571E-01
   0.204104492002956E+02
   0.186744910656297E-01
   0.207045370685547E+02
   0.182157042355783E-01
   0.213423111720376E+02
   0.196691260417957E-01
   0.222064017446556E+02
   0.197515487392011E-01
   0.237567185564821E+02
   0.173746286985406E-01
   0.243244436032766E+02
   0.173076563367623E-01
   0.242861159301347E+02
   0.173417071654425E-01
   0.236266361002547E+02
   0.214666633901084E-01
   0.234884528699097E+02
   0.220882201521937E-01
   0.235387522930083E+02
   0.223804069376320E-01
   0.237243637465611E+02
   0.227164320370706E-01
   0.238624885229856E+02
   0.224347610724163E-01
   0.240348892588334E+02
   0.218356371258217E-01
   0.242973175520916E+02
   0.221363556956492E-01
   0.245641099748208E+02
   0.221006844357423E-01
   0.249079289152758E+02
   0.218788759154791E-01
   0.251202158711967E+02
   0.212733936254549E-01
   0.245702935190618E+02
   0.225501233816605E-01
   0.244618156441721E+02
   0.218685429636885E-01
   0.242250515535529E+02
   0.217884268929281E-01
   0.238212105245513E+02
   0.213196500274774E-01
   0.234273055137772E+02
   0.208956022988590E-01
   0.230653362870731E+02
   0.203985574621722E-01
   0.227421129247263E+02
   0.199931341187986E-01
   0.222549022644286E+02
   0.188953378882444E-01
   0.219822114621638E+02
   0.185460216957563E-01
   0.217281803245109E+02
   0.182367113263184E-01
   0.214952734040099E+02
   0.180120104918494E-01
   0.212786548470223E+02
   0.178519266963962E-01
   0.210660435776859E+02
   0.177316212107172E-01
   0.208431357374712E+02
   0.176207624757808E-01
   0.206031605118782E+02
   0.174842480754043E-01
   0.203673681130985E+02
   0.173913840770856E-01
   0.201726891140584E+02
   0.173859112823163E-01
   0.200547031516071E+02
   0.174941660132288E-01
   0.200534153172246E+02
   0.177833035551442E-01
   0.202028106455478E+02
   0.183062326737478E-01
   0.205096527743167E+02
   0.187355840862102E-01
   0.210915888440392E+02
   0.198355528623358E-01
   0.218438183467225E+02
   0.191078152192990E-01
   0.232428006510359E+02
   0.173618082278463E-01
   0.237982091864672E+02
   0.173933759307805E-01
   0.238477390622396E+02
   0.174948134272357E-01
   0.233397989117497E+02
   0.219097939728901E-01
   0.232323050307150E+02
   0.218491102908906E-01
   0.232967132086864E+02
   0.214145022666690E-01
   0.235612641449680E+02
   0.221262166589837E-01
   0.237080772558324E+02
   0.224457187135574E-01
   0.238677394174394E+02
   0.219935209683901E-01
   0.241008590057359E+02
   0.225160223407217E-01
   0.243185718228161E+02
   0.228198473907278E-01
   0.245594567043852E+02
   0.231482144640625E-01
   0.247839395800891E+02
   0.214722850566227E-01
   0.242878871098001E+02
   0.222526415982924E-01
   0.241315712599002E+02
   0.218340325160382E-01
   0.238880613768212E+02
   0.212803034596513E-01
   0.235340181178320E+02
   0.205843889452505E-01
   0.231887790070144E+02
   0.201392256495826E-01
   0.228566389947179E+02
   0.196797574120448E-01
   0.225454994575138E+02
   0.192677468763033E-01
   0.220517367082588E+02
   0.193801079924954E-01
   0.217854509100691E+02
   0.189699654058591E-01
   0.215350906878652E+02
   0.186094649158347E-01
   0.213015457741657E+02
   0.183291435751251E-01
   0.210796508724374E+02
   0.181233528570709E-01
   0.208569903562525E+02
   0.179700745917920E-01
   0.206221241265462E+02
   0.178543773895310E-01
   0.203733488280780E+02
   0.177375624033337E-01
   0.201328350665592E+02
   0.176696065625309E-01
   0.199339956808905E+02
   0.176897104368068E-01
   0.198080857553037E+02
   0.178098316741438E-01
   0.197921748828382E+02
   0.180971922949259E-01
   0.199239045657614E+02
   0.186774354917913E-01
   0.202161951802809E+02
   0.194189206583073E-01
   0.207304050149015E+02
   0.201592098845422E-01
   0.213786025945051E+02
   0.187905522903204E-01
   0.225891780584308E+02
   0.173017098304114E-01
   0.231189400964749E+02
   0.172677667440798E-01
   0.232606617264560E+02
   0.180363118276330E-01
   0.229059183734152E+02
   0.221282841391193E-01
   0.228450738316492E+02
   0.217448790459903E-01
   0.229418020490491E+02
   0.208880616525822E-01
   0.232967696002369E+02
   0.210834109822744E-01
   0.234508042694901E+02
   0.228053475132751E-01
   0.236153899439971E+02
   0.227527087762561E-01
   0.238139255775373E+02
   0.231787121233739E-01
   0.239776862245685E+02
   0.233843657508703E-01
   0.241210700796203E+02
   0.234961464971238E-01
   0.241970994266055E+02
   0.226567354246952E-01
   0.239128757901943E+02
   0.229614592852179E-01
   0.237570430882314E+02
   0.226205217091105E-01
   0.235261476170100E+02
   0.219231274306048E-01
   0.232234932276789E+02
   0.212316042972420E-01
   0.229277343301218E+02
   0.207860611751999E-01
   0.226278670130685E+02
   0.203058435089799E-01
   0.223333189958359E+02
   0.198226120930330E-01
   0.218357078358876E+02
   0.211193618400553E-01
   0.215855364706258E+02
   0.206589296158901E-01
   0.213470838730945E+02
   0.202100408424096E-01
   0.211195880684404E+02
   0.198127493836471E-01
   0.208981282461184E+02
   0.195040196022660E-01
   0.206699391327329E+02
   0.192725273178030E-01
   0.204250359759939E+02
   0.191111008597521E-01
   0.201650262341383E+02
   0.189580488126156E-01
   0.199121138858238E+02
   0.188293285312641E-01
   0.196970585306520E+02
   0.187587969862755E-01
   0.195469653034659E+02
   0.187124405554805E-01
   0.194943375449060E+02
   0.187206664141471E-01
   0.195750367875910E+02
   0.188990446627470E-01
   0.198026197490441E+02
   0.192614660498913E-01
   0.202550205876186E+02
   0.203784822528062E-01
   0.208314820496996E+02
   0.197408839469111E-01
   0.217809380823915E+02
   0.170690077919373E-01
   0.222773949067166E+02
   0.175600055573664E-01
   0.224987237250232E+02
   0.190548574852163E-01
   0.223156417509132E+02
   0.221243983765340E-01
   0.223193000974893E+02
   0.213775546705478E-01
   0.224674914119715E+02
   0.202553303717090E-01
   0.229718425095572E+02
   0.197318203302681E-01
   0.230619185320203E+02
   0.227554475372433E-01
   0.232368870351274E+02
   0.232953191073710E-01
   0.234002057527474E+02
   0.234778052447271E-01
   0.235138558584003E+02
   0.234922222444176E-01
   0.235769354684544E+02
   0.232347823881402E-01
   0.235858171714370E+02
   0.230410366983556E-01
   0.234221889385293E+02
   0.235808520459978E-01
   0.232982738886599E+02
   0.236716725354982E-01
   0.231050627647370E+02
   0.232620670967402E-01
   0.228646539099626E+02
   0.228551230092880E-01
   0.226233750776643E+02
   0.225139703713339E-01
   0.223636682555596E+02
   0.220795384312356E-01
   0.220975087719243E+02
   0.216001920907579E-01
   0.215142084577705E+02
   0.229389338175798E-01
   0.212919383728840E+02
   0.226328818559192E-01
   0.210773475134291E+02
   0.222288069435587E-01
   0.208671701074896E+02
   0.217504166982545E-01
   0.206556157292933E+02
   0.212968176164660E-01
   0.204285962936356E+02
   0.208751471209577E-01
   0.201761904450424E+02
   0.204865389667336E-01
   0.199039210241402E+02
   0.201146152961488E-01
   0.196351002191759E+02
   0.197799570777558E-01
   0.193992666924055E+02
   0.195160086193078E-01
   0.192213901384922E+02
   0.192737170020727E-01
   0.191282469723189E+02
   0.190367377103915E-01
   0.191441155237162E+02
   0.187989260104959E-01
   0.192813839856673E+02
   0.185689247728604E-01
   0.196424774391150E+02
   0.192218181371724E-01
   0.201765782103917E+02
   0.204540402516623E-01
   0.208054521148533E+02
   0.177410890632711E-01
   0.212474972136563E+02
   0.182309896017662E-01
   0.215117082684478E+02
   0.197082281207483E-01
   0.215666327691840E+02
   0.216319003450082E-01
   0.216585806572520E+02
   0.208491124674193E-01
   0.218844620254723E+02
   0.190173649210826E-01
   0.224221774247853E+02
   0.197655462513946E-01
   0.225341230320838E+02
   0.224562066642959E-01
   0.227146806265105E+02
   0.234043388472479E-01
   0.228464492290830E+02
   0.232417433731652E-01
   0.229230364140650E+02
   0.231584474954635E-01
   0.229284659560705E+02
   0.228116538097667E-01
   0.228929015603604E+02
   0.227077276234597E-01
   0.227884901408193E+02
   0.232733849507760E-01
   0.226980719790656E+02
   0.236986083636390E-01
   0.225522698456809E+02
   0.237230723339423E-01
   0.223729054781278E+02
   0.237383843914039E-01
   0.221875662536408E+02
   0.237310735283134E-01
   0.219734877888278E+02
   0.235125028280273E-01
   0.217451849678096E+02
   0.232408862857021E-01
   0.209872947239955E+02
   0.229646081595945E-01
   0.207970868207575E+02
   0.229097899774663E-01
   0.206158985665637E+02
   0.227879527894464E-01
   0.204374252700898E+02
   0.225072336176047E-01
   0.202517723064216E+02
   0.221257077681741E-01
   0.200410031514590E+02
   0.216309231678107E-01
   0.197923454778139E+02
   0.210187066111096E-01
   0.195146210006398E+02
   0.204120609774238E-01
   0.192332030505625E+02
   0.199001649187311E-01
   0.189777494465757E+02
   0.195068609722423E-01
   0.187738357366270E+02
   0.191917063427363E-01
   0.186452289716585E+02
   0.189319916186740E-01
   0.186094848750900E+02
   0.186426670004590E-01
   0.186810152941610E+02
   0.182110369741133E-01
   0.189357922862221E+02
   0.178542479991426E-01
   0.193856621378633E+02
   0.186168444424021E-01
   0.198975578539981E+02
   0.185434046662084E-01
   0.202649129142934E+02
   0.186897936634460E-01
   0.204941902573206E+02
   0.188627566018276E-01
   0.206614348087626E+02
   0.203510983243061E-01
   0.208576594939921E+02
   0.203553751543633E-01
   0.212215494794760E+02
   0.172561869303573E-01
   0.216362247825524E+02
   0.204835125397753E-01
   0.218644424782957E+02
   0.223028350750703E-01
   0.220429242749946E+02
   0.227059620510233E-01
   0.221545091825365E+02
   0.225709585879927E-01
   0.222019978465340E+02
   0.224519740565791E-01
   0.221708113114689E+02
   0.220687243639450E-01
   0.220983974636026E+02
   0.217964209579856E-01
   0.220074394833091E+02
   0.220599569928994E-01
   0.219342150323174E+02
   0.224929484128264E-01
   0.218254875372146E+02
   0.227218992379600E-01
   0.216945145909717E+02
   0.229773202224635E-01
   0.215527936473489E+02
   0.232056716867866E-01
   0.213781055361958E+02
   0.231657763255986E-01
   0.211860249584718E+02
   0.230717093248950E-01
   0.202396309368990E+02
   0.215651832055423E-01
   0.200726968671375E+02
   0.215745646870645E-01
   0.199186792768728E+02
   0.216481949033057E-01
   0.197730993578703E+02
   0.217016662951020E-01
   0.196217524506748E+02
   0.216388036791919E-01
   0.194421370851480E+02
   0.213775570649028E-01
   0.192165320306389E+02
   0.208557618951821E-01
   0.189503327163636E+02
   0.202086512532796E-01
   0.186679583189232E+02
   0.195936592797203E-01
   0.183998909621415E+02
   0.190883323232294E-01
   0.181750304212523E+02
   0.187060369836453E-01
   0.180172387077962E+02
   0.184253061354862E-01
   0.179445872620751E+02
   0.181814389194290E-01
   0.179773669286974E+02
   0.179136024085491E-01
   0.181756127262727E+02
   0.177745965413581E-01
   0.185564769642292E+02
   0.183558589205235E-01
   0.189597788460572E+02
   0.183477029740425E-01
   0.192353697752672E+02
   0.182324996006766E-01
   0.194089969254519E+02
   0.182232326305959E-01
   0.196128639570095E+02
   0.189892476447562E-01
   0.198959765691465E+02
   0.194131088463840E-01
   0.203399930426931E+02
   0.166250707147596E-01
   0.207644578842168E+02
   0.199596135921109E-01
   0.210489771488184E+02
   0.210884334628879E-01
   0.212233023902999E+02
   0.213978783631323E-01
   0.213225098692542E+02
   0.215265758643252E-01
   0.213493057311829E+02
   0.214721436335140E-01
   0.212960544969190E+02
   0.211200984850622E-01
   0.212012687748033E+02
   0.207662158309851E-01
   0.211095886646246E+02
   0.208164237806425E-01
   0.210375527784666E+02
   0.210817460697735E-01
   0.209449965365401E+02
   0.212554771241267E-01
   0.208409628786785E+02
   0.214793019847839E-01
   0.207258928220269E+02
   0.216911873240234E-01
   0.205788028084311E+02
   0.217009750540812E-01
   0.204139049389285E+02
   0.216433881565916E-01
   0.192981672733490E+02
   0.199350728107456E-01
   0.191458536509514E+02
   0.198833634108752E-01
   0.190073334441646E+02
   0.199382353859430E-01
   0.188828271591524E+02
   0.201021798838695E-01
   0.187581728794637E+02
   0.202615233027002E-01
   0.186099185892747E+02
   0.203040795259978E-01
   0.184176124913692E+02
   0.201085433798393E-01
   0.181794366644974E+02
   0.196709022958251E-01
   0.179126126547433E+02
   0.190990723537554E-01
   0.176443160602527E+02
   0.185046430791980E-01
   0.174070972187194E+02
   0.180160243869146E-01
   0.172273907914626E+02
   0.176490732091734E-01
   0.171275396579893E+02
   0.173505997357215E-01
   0.171347554833137E+02
   0.170792856098453E-01
   0.172968895089632E+02
   0.170140437285587E-01
   0.176129150216497E+02
   0.174656829875450E-01
   0.179234961290748E+02
   0.175144267302490E-01
   0.181124827371123E+02
   0.172780114469324E-01
   0.182167544020597E+02
   0.170083241540865E-01
   0.184231912077031E+02
   0.174813424278473E-01
   0.187764856821413E+02
   0.180280362419749E-01
   0.192488377045384E+02
   0.172705389021021E-01
   0.197926176825447E+02
   0.190328075614631E-01
   0.201007240818199E+02
   0.196622567066645E-01
   0.202651156734533E+02
   0.199431851518614E-01
   0.203474804955493E+02
   0.201753375421984E-01
   0.203583082645182E+02
   0.202206562248825E-01
   0.202943939149286E+02
   0.199966498858622E-01
   0.201901046760673E+02
   0.196858723206999E-01
   0.200922006603305E+02
   0.196186829298757E-01
   0.200129318205640E+02
   0.197454756342283E-01
   0.199237835599092E+02
   0.198390178396199E-01
   0.198299895373398E+02
   0.199735691409225E-01
   0.197262031934503E+02
   0.200719547240008E-01
   0.195982539372162E+02
   0.200756825749103E-01
   0.194539338393773E+02
   0.200271372784032E-01
   0.181734020315276E+02
   0.183216099653307E-01
   0.180310327113740E+02
   0.182198752179700E-01
   0.179003008947078E+02
   0.181920513996611E-01
   0.177857792430009E+02
   0.182863877462657E-01
   0.176756001369226E+02
   0.184343006691425E-01
   0.175485603420307E+02
   0.185604527249157E-01
   0.173860499446214E+02
   0.186025441186059E-01
   0.171814748914442E+02
   0.184662445218365E-01
   0.169428613674750E+02
   0.181291655808434E-01
   0.166899809690799E+02
   0.176365700374652E-01
   0.164536428453260E+02
   0.171240047872748E-01
   0.162620855482272E+02
   0.166806779853033E-01
   0.161442158000458E+02
   0.163311152722982E-01
   0.161349822443155E+02
   0.160921957856342E-01
   0.162708595593634E+02
   0.160437517862959E-01
   0.165307480044091E+02
   0.162637520112961E-01
   0.167675034328068E+02
   0.162721860588388E-01
   0.168784545323790E+02
   0.160742098009105E-01
   0.168949873345768E+02
   0.155208583543336E-01
   0.170779561753376E+02
   0.157792604119973E-01
   0.175007780486718E+02
   0.162979712915802E-01
   0.181053601435127E+02
   0.169807530937395E-01
   0.187122132416145E+02
   0.179943341609429E-01
   0.190282738715334E+02
   0.182057795457442E-01
   0.191727363576354E+02
   0.184107341615655E-01
   0.192309862729317E+02
   0.186027396117001E-01
   0.192253684705585E+02
   0.187062535795317E-01
   0.191550921657403E+02
   0.186292364138135E-01
   0.190464753795071E+02
   0.184258408466661E-01
   0.189403524499213E+02
   0.183192785982931E-01
   0.188483106273227E+02
   0.183345246574056E-01
   0.187530458134119E+02
   0.183456024240707E-01
   0.186584347863659E+02
   0.184034076220817E-01
   0.185579300572174E+02
   0.184355198365377E-01
   0.184427778717305E+02
   0.184381381605985E-01
   0.183143748485919E+02
   0.184062042600443E-01
   0.168680158924342E+02
   0.167189919785541E-01
   0.167337489038473E+02
   0.166132557429434E-01
   0.166067341918097E+02
   0.165311330858089E-01
   0.164942497494429E+02
   0.165250826843328E-01
   0.163883356834329E+02
   0.165775221865209E-01
   0.162717786998347E+02
   0.166433307890688E-01
   0.161294045734488E+02
   0.167040860098921E-01
   0.159537753796628E+02
   0.166975934066392E-01
   0.157460559614695E+02
   0.165586827764200E-01
   0.155187627602377E+02
   0.162666425386258E-01
   0.152969446573995E+02
   0.158845837492798E-01
   0.151055692940535E+02
   0.154456521227852E-01
   0.149787885072175E+02
   0.150577143491043E-01
   0.149611735028019E+02
   0.148470532883714E-01
   0.150830578687354E+02
   0.148626859887553E-01
   0.153044587954695E+02
   0.149997893750658E-01
   0.154865458459316E+02
   0.149936058314856E-01
   0.155204613245876E+02
   0.147656957220180E-01
   0.154251099828558E+02
   0.139245718956715E-01
   0.155620033481003E+02
   0.139128579117941E-01
   0.160559458933454E+02
   0.146179259425840E-01
   0.168268327603042E+02
   0.158139449859983E-01
   0.175193952331543E+02
   0.170724659670563E-01
   0.178406263689099E+02
   0.170348106665409E-01
   0.179544277077410E+02
   0.170192111306504E-01
   0.179799387189987E+02
   0.170563974999048E-01
   0.179519691583878E+02
   0.171120041279249E-01
   0.178720567522437E+02
   0.170905066891339E-01
   0.177587365872717E+02
   0.169929085512563E-01
   0.176435540256142E+02
   0.169178462237009E-01
   0.175358877812531E+02
   0.168631772944920E-01
   0.174281924796237E+02
   0.168060337147289E-01
   0.173250400756480E+02
   0.167939390483477E-01
   0.172219575239230E+02
   0.167823666802316E-01
   0.171135671003543E+02
   0.167849513643538E-01
   0.169968951909133E+02
   0.167816224882335E-01
   0.153777601118437E+02
   0.150423263987796E-01
   0.152506638523337E+02
   0.149515452952811E-01
   0.151263270071286E+02
   0.148507777924146E-01
   0.150130277341192E+02
   0.147841360323321E-01
   0.149061909493508E+02
   0.147692149516943E-01
   0.147931421609188E+02
   0.147729146610368E-01
   0.146618077961883E+02
   0.147688189029262E-01
   0.145067874000275E+02
   0.147707814812097E-01
   0.143256403785204E+02
   0.147036548326936E-01
   0.141257165818130E+02
   0.145425333964467E-01
   0.139256528981844E+02
   0.143019164727718E-01
   0.137444914014765E+02
   0.139419918044273E-01
   0.136165792452465E+02
   0.135494573904006E-01
   0.135968911496642E+02
   0.133938788507692E-01
   0.137172123277467E+02
   0.135636618349538E-01
   0.139233710481491E+02
   0.138256931437846E-01
   0.140735734723999E+02
   0.139175488265499E-01
   0.140312885869858E+02
   0.136049123270470E-01
   0.137856142137480E+02
   0.122103994654461E-01
   0.138538472358686E+02
   0.117149896346389E-01
   0.144147290054397E+02
   0.127984820609325E-01
   0.154137205436911E+02
   0.154402616193609E-01
   0.162085338653937E+02
   0.169949421733372E-01
   0.165317847003977E+02
   0.165780483057121E-01
   0.166056900173084E+02
   0.160872139274102E-01
   0.165930437343619E+02
   0.158202250127242E-01
   0.165368052192670E+02
   0.156965014307211E-01
   0.164405561745011E+02
   0.155884174442066E-01
   0.163170100613398E+02
   0.154715212645680E-01
   0.161899243616634E+02
   0.154058226828202E-01
   0.160653336268935E+02
   0.153158218710850E-01
   0.159417396432334E+02
   0.152103580004897E-01
   0.158250358612197E+02
   0.151417718322329E-01
   0.157146830710419E+02
   0.151007091511615E-01
   0.156072015276439E+02
   0.150883103046230E-01
   0.154973516404077E+02
   0.150868651172466E-01
   0.136918752926670E+02
   0.136585494986134E-01
   0.135706851466656E+02
   0.135558927833355E-01
   0.134494791383833E+02
   0.134375127730850E-01
   0.133368226625301E+02
   0.133461915876311E-01
   0.132281684179266E+02
   0.132822601631006E-01
   0.131157314344953E+02
   0.132357133528290E-01
   0.129907262592723E+02
   0.131760856051456E-01
   0.128493445048101E+02
   0.131287843695051E-01
   0.126889206751073E+02
   0.130660106563623E-01
   0.125134393621351E+02
   0.129798180543140E-01
   0.123369999178541E+02
   0.129176984349422E-01
   0.121733403678847E+02
   0.128124695908285E-01
   0.120515775286344E+02
   0.126213354486042E-01
   0.120287830497575E+02
   0.125338300092274E-01
   0.121492218027929E+02
   0.127378653555351E-01
   0.123613981568460E+02
   0.131351935829244E-01
   0.125073273566972E+02
   0.133420994081840E-01
   0.124040233831272E+02
   0.129636226889923E-01
   0.119520443004994E+02
   0.960071955856821E-02
   0.119410659978961E+02
   0.898360857390046E-02
   0.125370207067839E+02
   0.103033486183998E-01
   0.137385734681404E+02
   0.146726236869529E-01
   0.146636603019286E+02
   0.169727358240992E-01
   0.150305984713460E+02
   0.168452030092442E-01
   0.150882299201942E+02
   0.161236931993944E-01
   0.150439703834575E+02
   0.156050003847664E-01
   0.149592582633664E+02
   0.152508708552570E-01
   0.148407984618204E+02
   0.149536986871027E-01
   0.147009277563742E+02
   0.146734944642417E-01
   0.145583893213638E+02
   0.144505941017615E-01
   0.144169733089159E+02
   0.142449731758010E-01
   0.142775426190288E+02
   0.140536326068788E-01
   0.141453248399715E+02
   0.139069965814494E-01
   0.140244469228598E+02
   0.138111661376757E-01
   0.139131454295624E+02
   0.137587598124872E-01
   0.138054151456113E+02
   0.137229079772641E-01
   0.117821642845771E+02
   0.126764830022965E-01
   0.116650387288127E+02
   0.125936145442130E-01
   0.115468911541306E+02
   0.124973271754814E-01
   0.114361638137525E+02
   0.123974877457710E-01
   0.113273137715824E+02
   0.123078333934961E-01
   0.112166623405011E+02
   0.122360005109496E-01
   0.110987541270077E+02
   0.121703509667090E-01
   0.109702456184488E+02
   0.121132510128442E-01
   0.108289460038713E+02
   0.120781321601837E-01
   0.106742847303902E+02
   0.120247543009946E-01
   0.105160966468429E+02
   0.119648069437752E-01
   0.103673776686995E+02
   0.118808487149201E-01
   0.102540971259356E+02
   0.117282066849523E-01
   0.102296671045997E+02
   0.116277845880736E-01
   0.103473227328410E+02
   0.117748390964244E-01
   0.105744784609862E+02
   0.122508411742283E-01
   0.107467848650892E+02
   0.127144080532817E-01
   0.106323369687092E+02
   0.124469598015310E-01
   0.100193087944586E+02
   0.865800379255329E-02
   0.992276015781038E+01
   0.776606401495910E-02
   0.104800805920954E+02
   0.864204564439564E-02
   0.117605457444096E+02
   0.136206463785179E-01
   0.127249807754922E+02
   0.158650796621776E-01
   0.131594566772271E+02
   0.162497865481983E-01
   0.132664086986310E+02
   0.158307642669299E-01
   0.132417049369526E+02
   0.154204890659629E-01
   0.131561929001602E+02
   0.149941146553841E-01
   0.130284598571416E+02
   0.145406717943565E-01
   0.128755540630948E+02
   0.141113404142834E-01
   0.127192453959466E+02
   0.137649413452786E-01
   0.125623202225287E+02
   0.134711388038659E-01
   0.124091101589720E+02
   0.132405566372182E-01
   0.122594916531829E+02
   0.130288101650627E-01
   0.121239903636833E+02
   0.128737430359413E-01
   0.120031777008048E+02
   0.127763204626137E-01
   0.118927785331916E+02
   0.127254008327363E-01
   0.962060660594098E+01
   0.116964044213523E-01
   0.950053109550548E+01
   0.115827708573036E-01
   0.938137407457580E+01
   0.114659569473004E-01
   0.927656780807078E+01
   0.113982844482031E-01
   0.916974703897269E+01
   0.113153866765180E-01
   0.906169117833891E+01
   0.112425436555565E-01
   0.895145172498333E+01
   0.111839242737322E-01
   0.883697194147422E+01
   0.111382973802232E-01
   0.871516555549367E+01
   0.111030751550148E-01
   0.858450762977401E+01
   0.110657472144064E-01
   0.845279286713702E+01
   0.110271791929638E-01
   0.833063698916426E+01
   0.109707472020496E-01
   0.823964536001947E+01
   0.108799561625942E-01
   0.822271499470946E+01
   0.108249691122225E-01
   0.833014821577667E+01
   0.109244265396105E-01
   0.855827469404218E+01
   0.113372646633872E-01
   0.875938707669807E+01
   0.119643493998157E-01
   0.870746418159219E+01
   0.122331910299141E-01
   0.804033689704826E+01
   0.840440902181213E-02
   0.787860914603249E+01
   0.758334603045250E-02
   0.831222919448178E+01
   0.815903608685048E-02
   0.941998132240257E+01
   0.115586955776334E-01
   0.102784666509107E+02
   0.132151508102240E-01
   0.107478992094253E+02
   0.139652435019620E-01
   0.109433016187513E+02
   0.140762451422129E-01
   0.109991959895536E+02
   0.140981473815279E-01
   0.109774073562421E+02
   0.140084107529289E-01
   0.108977382674703E+02
   0.137621075354413E-01
   0.107747953812454E+02
   0.134546994797106E-01
   0.106278983441218E+02
   0.131209796117176E-01
   0.104668444122333E+02
   0.127900624236627E-01
   0.103016667405789E+02
   0.125080002345097E-01
   0.101399345470963E+02
   0.122583213062182E-01
   0.999138322172145E+01
   0.120560744162740E-01
   0.985693907471543E+01
   0.119007208758711E-01
   0.973668981027688E+01
   0.117911632451078E-01
   0.719234875506722E+01
   0.106990274535874E-01
   0.707327854118674E+01
   0.105808754320556E-01
   0.695626886170009E+01
   0.104655834379266E-01
   0.684586972245876E+01
   0.103588339854839E-01
   0.673656828995430E+01
   0.102510455518968E-01
   0.663055637472100E+01
   0.101715091108810E-01
   0.652885120548185E+01
   0.101198099817642E-01
   0.643008936623720E+01
   0.100966682399871E-01
   0.633025559613821E+01
   0.100797853287112E-01
   0.622653528285422E+01
   0.100666668757622E-01
   0.612852268611940E+01
   0.100605583748746E-01
   0.604325658393128E+01
   0.100482735380644E-01
   0.598703210928680E+01
   0.100269131844257E-01
   0.598788220129891E+01
   0.100235541627580E-01
   0.607997810372032E+01
   0.100990746233076E-01
   0.627497058004414E+01
   0.103760495813570E-01
   0.647603604164774E+01
   0.109105287367816E-01
   0.651858241996722E+01
   0.116207268628916E-01
   0.607077506719665E+01
   0.958601627457040E-02
   0.587731120713502E+01
   0.905160176182282E-02
   0.607822622312656E+01
   0.870281138078701E-02
   0.672033379953493E+01
   0.946557073951906E-02
   0.732233116187366E+01
   0.100192667973379E-01
   0.775424733423753E+01
   0.106300266871402E-01
   0.801536947950411E+01
   0.110669054911346E-01
   0.815955478792755E+01
   0.114174253611530E-01
   0.823913042202577E+01
   0.117403922009083E-01
   0.825423208064537E+01
   0.119152972775115E-01
   0.820672711895655E+01
   0.119291318550895E-01
   0.811617347975317E+01
   0.118379603941598E-01
   0.799120637242221E+01
   0.116514387016905E-01
   0.784682141582802E+01
   0.114431794344236E-01
   0.769808579800256E+01
   0.112343108670737E-01
   0.755819046980492E+01
   0.110613573369601E-01
   0.742502256353403E+01
   0.109050769474332E-01
   0.730641917388004E+01
   0.107953406308978E-01
   0.433388364857998E+01
   0.930085703332600E-02
   0.422719646627118E+01
   0.921695939628547E-02
   0.412630139966447E+01
   0.914614644964258E-02
   0.402828175960061E+01
   0.907534619829554E-02
   0.393068883321601E+01
   0.899801613672028E-02
   0.383719028859150E+01
   0.893496185455283E-02
   0.375111676583342E+01
   0.889704277672583E-02
   0.367134924816451E+01
   0.888389214853633E-02
   0.359433022161931E+01
   0.887856697347494E-02
   0.351457364452169E+01
   0.885132648705398E-02
   0.345328974948477E+01
   0.885881386631492E-02
   0.341041408882928E+01
   0.887418880782805E-02
   0.339375148113262E+01
   0.889521207018538E-02
   0.341768119229477E+01
   0.893024400035827E-02
   0.349561390231748E+01
   0.899164602415951E-02
   0.363076577522613E+01
   0.915147468596280E-02
   0.377732256461884E+01
   0.946515694393524E-02
   0.381222613134342E+01
   0.984145351856805E-02
   0.357193454994587E+01
   0.911337111649773E-02
   0.339068254795607E+01
   0.853053969836610E-02
   0.341638998311603E+01
   0.801541600322464E-02
   0.369071585922508E+01
   0.791139999373902E-02
   0.403209699996298E+01
   0.796738843251938E-02
   0.434287241956569E+01
   0.821842344415761E-02
   0.457686673612081E+01
   0.847961857674993E-02
   0.474924232881494E+01
   0.875014612859577E-02
   0.488590351362094E+01
   0.908391340639890E-02
   0.497745438775029E+01
   0.938670003390581E-02
   0.501431672261445E+01
   0.959622517955659E-02
   0.499703975325851E+01
   0.968465404164915E-02
   0.493333217955279E+01
   0.966515392365019E-02
   0.483767190517355E+01
   0.958267101474757E-02
   0.472928177533511E+01
   0.948568830052932E-02
   0.462789454619868E+01
   0.943143307813296E-02
   0.452837630214812E+01
   0.938756063659968E-02
   0.443084176304355E+01
   0.934358893278755E-02
   0.785961182794700E+00
   0.728275348611843E-02
   0.719191830092545E+00
   0.727894272498373E-02
   0.649349659148371E+00
   0.726036204141758E-02
   0.576796844559525E+00
   0.723048446842441E-02
   0.502242600777912E+00
   0.718582561592129E-02
   0.431539549628510E+00
   0.713930389228831E-02
   0.369152832574718E+00
   0.710486220547272E-02
   0.313289042755946E+00
   0.708101917103964E-02
   0.262187213251323E+00
   0.705983444538300E-02
   0.222399223616297E+00
   0.704731852454133E-02
   0.203631361185842E+00
   0.706084200106475E-02
   0.202356853089199E+00
   0.708026718313024E-02
   0.219919258183552E+00
   0.710469073608720E-02
   0.260100036555133E+00
   0.713546974785031E-02
   0.323734435475029E+00
   0.717981561955134E-02
   0.403769435873443E+00
   0.726807371767510E-02
   0.484709088867982E+00
   0.747010675363151E-02
   0.502005920879752E+00
   0.768290118660060E-02
   0.377104343456628E+00
   0.741639946283712E-02
   0.230664727769965E+00
   0.703935808345444E-02
   0.159186664886575E+00
   0.667347003766183E-02
   0.221267845421731E+00
   0.646632356989657E-02
   0.354329665928301E+00
   0.635857085093649E-02
   0.510889215831285E+00
   0.634362653233257E-02
   0.658266972935996E+00
   0.637451734553583E-02
   0.792060686097240E+00
   0.644778800691904E-02
   0.916988961191816E+00
   0.659707690272131E-02
   0.102560668541821E+01
   0.680425795749784E-02
   0.110319687491824E+01
   0.701276687793701E-02
   0.113892510523515E+01
   0.716013561867587E-02
   0.113406244276378E+01
   0.723740006187458E-02
   0.109772983005019E+01
   0.726498110320437E-02
   0.104180055019044E+01
   0.726069835356757E-02
   0.982311344222590E+00
   0.726764664964042E-02
   0.920553087094186E+00
   0.727921658608040E-02
   0.851803334633889E+00
   0.727647139780373E-02
  -0.376260802911040E+01
   0.489560394564502E-02
  -0.379145479696665E+01
   0.490962458451116E-02
  -0.382527511614603E+01
   0.490296454923873E-02
  -0.386286859819785E+01
   0.487790173977071E-02
  -0.390186108825533E+01
   0.483826601759746E-02
  -0.393331934166530E+01
   0.479647775414392E-02
  -0.395360145519598E+01
   0.476279952104504E-02
  -0.396130260363028E+01
   0.474434325654429E-02
  -0.395740698464560E+01
   0.473804864631387E-02
  -0.394170491729660E+01
   0.474172165068372E-02
  -0.391504711478693E+01
   0.474740355279160E-02
  -0.388121976737732E+01
   0.475434642295772E-02
  -0.384173512896499E+01
   0.476877054054055E-02
  -0.379678557571353E+01
   0.479820565080863E-02
  -0.375172661161860E+01
   0.484465304639663E-02
  -0.371475578438381E+01
   0.491976887117254E-02
  -0.369884235140674E+01
   0.503075498739888E-02
  -0.372573372576100E+01
   0.513732025358698E-02
  -0.380614722088359E+01
   0.514176799100770E-02
  -0.391205224263275E+01
   0.504031172978023E-02
  -0.400510933016516E+01
   0.487419382338015E-02
  -0.405922484362345E+01
   0.469412624592604E-02
  -0.407239737912564E+01
   0.453530115009307E-02
  -0.404894360385192E+01
   0.442366549695979E-02
  -0.399784488267954E+01
   0.437234524349678E-02
  -0.392632301063488E+01
   0.438795823890307E-02
  -0.384266622934927E+01
   0.446157836440486E-02
  -0.376127422019833E+01
   0.456842649930451E-02
  -0.369536191938149E+01
   0.468140921169793E-02
  -0.365413328620430E+01
   0.477095837731215E-02
  -0.363984498639883E+01
   0.481963949684363E-02
  -0.364735965767166E+01
   0.483468462100608E-02
  -0.366754046425497E+01
   0.483490157901274E-02
  -0.369146561365408E+01
   0.483987992661413E-02
  -0.371489454207377E+01
   0.485265526122147E-02
  -0.373778708703354E+01
   0.487180507037675E-02
  -0.998836294042389E+01
   0.274346442991458E-02
  -0.993149694446873E+01
   0.276864202721648E-02
  -0.988222525021032E+01
   0.278014858400389E-02
  -0.983546525563979E+01
   0.278248013268462E-02
  -0.977503739470813E+01
   0.279477465286937E-02
  -0.969461347115980E+01
   0.282310757334945E-02
  -0.958855330590389E+01
   0.287309884248964E-02
  -0.945203047520111E+01
   0.295000412443097E-02
  -0.930761376494450E+01
   0.303292148424174E-02
  -0.916056660459838E+01
   0.311875637923984E-02
  -0.902017289453944E+01
   0.320139492870244E-02
  -0.889794070147549E+01
   0.327629263899006E-02
  -0.878444386429722E+01
   0.336138957636933E-02
  -0.872382913154608E+01
   0.340475561557947E-02
  -0.871605813770089E+01
   0.341222485914059E-02
  -0.876537884602323E+01
   0.338320910786428E-02
  -0.888037932340213E+01
   0.331001421131134E-02
  -0.907351509095215E+01
   0.317662632940893E-02
  -0.928389409674886E+01
   0.305208613509099E-02
  -0.950587066202986E+01
   0.293144987146245E-02
  -0.972729164150392E+01
   0.281526141814133E-02
  -0.994397016040280E+01
   0.269542071257151E-02
  -0.101460939440111E+02
   0.257645442457595E-02
  -0.102837940536364E+02
   0.250021802248142E-02
  -0.103644667223348E+02
   0.246003712796909E-02
  -0.103989829877033E+02
   0.244810151348983E-02
  -0.104010859015542E+02
   0.245515564902210E-02
  -0.103857182553919E+02
   0.247122361848708E-02
  -0.103630680810542E+02
   0.248966433001550E-02
  -0.103403671092406E+02
   0.250563240688301E-02
  -0.103188351936876E+02
   0.251882353390621E-02
  -0.102949314595751E+02
   0.253278673165463E-02
  -0.102647225564424E+02
   0.255140166438293E-02
  -0.102211927058711E+02
   0.258086013070146E-02
  -0.101561181983964E+02
   0.262765790575525E-02
  -0.100604854781960E+02
   0.269855101270642E-02
