   0.197820052276831E+01
   0.416277986769364E-02
   0.879644223346196E+00
   0.397536521396607E-02
   0.162590530285556E+00
   0.383304843606950E-02
  -0.249474397145112E+00
   0.372992299180718E-02
  -0.335789315000043E+00
   0.366600366151422E-02
   0.344309115235483E-01
   0.364596063890317E-02
  -0.451968429287995E+00
   0.368941628380109E-02
  -0.419097583643718E+00
   0.378334968186388E-02
   0.108625049351486E+00
   0.392874815887486E-02
   0.113157623376229E+01
   0.412709252847462E-02
   0.265812880732608E+01
   0.437853466414705E-02
   0.491508565367757E+01
   0.467538695244971E-02
   0.816248140937582E+01
   0.500633934099872E-02
   0.110133866307063E+02
   0.535273392246220E-02
   0.135827291960825E+02
   0.569559575251014E-02
   0.158948790879478E+02
   0.601957994049870E-02
   0.178579267378565E+02
   0.631382747992265E-02
   0.194501028010147E+02
   0.657142965509480E-02
   0.206879708752539E+02
   0.678849274824178E-02
   0.216065651516352E+02
   0.696512940343232E-02
   0.222460877841887E+02
   0.710523168354406E-02
   0.226414900323900E+02
   0.721134668605800E-02
   0.228138000894984E+02
   0.728311842599810E-02
   0.227640153770520E+02
   0.731708979419618E-02
   0.224732532795563E+02
   0.730692568034099E-02
   0.219081299383801E+02
   0.724661243124086E-02
   0.210238571930322E+02
   0.713326664601299E-02
   0.197635893662778E+02
   0.696502905008475E-02
   0.180556219255870E+02
   0.674070749883300E-02
   0.158109558902134E+02
   0.646185810042865E-02
   0.129239530190308E+02
   0.613522578348494E-02
   0.927587272838595E+01
   0.577389323984294E-02
   0.644593575630344E+01
   0.539734273176440E-02
   0.437213157082821E+01
   0.502937815983028E-02
   0.296865354765422E+01
   0.469253349492250E-02
   0.217805030044192E+01
   0.440197997392100E-02
   0.494360449518608E+01
   0.523590314303163E-02
   0.553016116951096E+01
   0.504451991862687E-02
   0.531910220622426E+01
   0.487354871210921E-02
   0.450001650790684E+01
   0.469779057767223E-02
   0.292143555587067E+01
   0.456382011789686E-02
   0.219559117926167E+01
   0.450077897450099E-02
   0.195964051435080E+01
   0.450348273401016E-02
   0.218486022729765E+01
   0.457830923220448E-02
   0.292344285529724E+01
   0.471345542630882E-02
   0.435219726835736E+01
   0.489202311085883E-02
   0.461125736197728E+01
   0.514242555398996E-02
   0.548351785713594E+01
   0.544064130155928E-02
   0.705120488179976E+01
   0.589057205176680E-02
   0.922019819589678E+01
   0.641068617781340E-02
   0.121163658244704E+02
   0.691351277016573E-02
   0.160691364648037E+02
   0.737808077258256E-02
   0.187751792145359E+02
   0.779533373590166E-02
   0.205749159008963E+02
   0.814971247303544E-02
   0.217176891404690E+02
   0.840295899607088E-02
   0.223995128161596E+02
   0.854791277926980E-02
   0.227893534558272E+02
   0.867193402996917E-02
   0.230306348373587E+02
   0.880374679855938E-02
   0.232208070661202E+02
   0.894663026036345E-02
   0.233601322072657E+02
   0.909297304405671E-02
   0.233638608909610E+02
   0.918017035081892E-02
   0.231563247940639E+02
   0.915507060236980E-02
   0.226915467640973E+02
   0.905718255321785E-02
   0.219344943132049E+02
   0.889979449876397E-02
   0.208283167362997E+02
   0.866305345227120E-02
   0.192589896157661E+02
   0.832373717371670E-02
   0.170593300687961E+02
   0.787628765697504E-02
   0.140581098567832E+02
   0.734726866303476E-02
   0.101192980538001E+02
   0.676027366794971E-02
   0.757187841257906E+01
   0.620634895943921E-02
   0.600156339538327E+01
   0.576869882344284E-02
   0.515152538256408E+01
   0.546492709721973E-02
   0.743171854060191E+01
   0.690358937703119E-02
   0.706051650711760E+01
   0.671520034496779E-02
   0.657517401204759E+01
   0.651237087263533E-02
   0.591605766527718E+01
   0.615942039066589E-02
   0.519516408041792E+01
   0.582765158220156E-02
   0.477115342986305E+01
   0.575148204819955E-02
   0.464309430110812E+01
   0.581194486863606E-02
   0.482443939678072E+01
   0.597340139006563E-02
   0.531844732921243E+01
   0.618604320586660E-02
   0.618955096642425E+01
   0.644430671210761E-02
   0.757342921000886E+01
   0.665366379812334E-02
   0.793267692571164E+01
   0.646130712058415E-02
   0.950360212976002E+01
   0.701958469624590E-02
   0.116469086861429E+02
   0.767689615279754E-02
   0.143702075832709E+02
   0.814680952384484E-02
   0.180818924709313E+02
   0.861685853943867E-02
   0.203980073503627E+02
   0.912190450211795E-02
   0.217783128615792E+02
   0.965083561893276E-02
   0.224802524028679E+02
   0.995525280370242E-02
   0.227059524207142E+02
   0.982537639089196E-02
   0.226724605758914E+02
   0.986222399018020E-02
   0.226243271427950E+02
   0.100059831490866E-01
   0.228264011889585E+02
   0.102164319635862E-01
   0.232480302718956E+02
   0.106156378938326E-01
   0.235367961012327E+02
   0.109111482181910E-01
   0.235467047703948E+02
   0.107723774349459E-01
   0.232718606119567E+02
   0.106266855898996E-01
   0.227652933747923E+02
   0.105151380071258E-01
   0.220640803072458E+02
   0.103175212288161E-01
   0.210287136085751E+02
   0.994356307527446E-02
   0.193321661744599E+02
   0.936982166256086E-02
   0.166700507833342E+02
   0.879385898454134E-02
   0.127416948465613E+02
   0.806590126398320E-02
   0.103004508286224E+02
   0.748309180426348E-02
   0.886316910811335E+01
   0.719755797071788E-02
   0.799206014098749E+01
   0.709724129382506E-02
   0.102204726021758E+02
   0.900883421715197E-02
   0.966597581388243E+01
   0.868303465668433E-02
   0.909893398958608E+01
   0.834398775620420E-02
   0.850723185585514E+01
   0.800444583672974E-02
   0.793493516938392E+01
   0.762259584909211E-02
   0.755788672793066E+01
   0.744677986104487E-02
   0.740993890898044E+01
   0.748424815332334E-02
   0.747313567984074E+01
   0.760181893409506E-02
   0.773480069846678E+01
   0.771000309218420E-02
   0.821388574669255E+01
   0.770744305185209E-02
   0.896487908020423E+01
   0.775270406958678E-02
   0.100848121120228E+02
   0.751385114022931E-02
   0.128829437834086E+02
   0.831306090608745E-02
   0.153284964131279E+02
   0.868907839515355E-02
   0.177264490060831E+02
   0.894746303139968E-02
   0.200895565999472E+02
   0.932547355024909E-02
   0.217591583786933E+02
   0.979676773312320E-02
   0.226604946380256E+02
   0.102542224293071E-01
   0.229149157001760E+02
   0.105137906834477E-01
   0.226653566347827E+02
   0.105654713263502E-01
   0.221167388288934E+02
   0.106874110137842E-01
   0.215942706134385E+02
   0.107655375370450E-01
   0.218414122222935E+02
   0.109518491650536E-01
   0.228304988402118E+02
   0.117773168954883E-01
   0.234432688753719E+02
   0.120340207194293E-01
   0.235836656626843E+02
   0.117722361302191E-01
   0.233371975690589E+02
   0.118943068055950E-01
   0.228958445128263E+02
   0.116165082861447E-01
   0.225439665060419E+02
   0.113765558384605E-01
   0.221356850438603E+02
   0.111053185891520E-01
   0.210019885128269E+02
   0.106740365435539E-01
   0.187588836061703E+02
   0.101612170891842E-01
   0.151123142665829E+02
   0.962990776107871E-02
   0.129250528901078E+02
   0.931464458497810E-02
   0.116598806659877E+02
   0.923779954211083E-02
   0.108422690635114E+02
   0.915924398183568E-02
   0.127400587379932E+02
   0.111795961384853E-01
   0.121432988990451E+02
   0.106854395972163E-01
   0.115620984549124E+02
   0.101626183039740E-01
   0.110184284037110E+02
   0.974985466390506E-02
   0.105300844830867E+02
   0.938429679683351E-02
   0.101701243524448E+02
   0.914475932186428E-02
   0.996723933320346E+01
   0.905735575742600E-02
   0.991452703246220E+01
   0.904385058372213E-02
   0.100049590129841E+02
   0.901320228071468E-02
   0.102667259244780E+02
   0.892196466739301E-02
   0.107746308314909E+02
   0.868945223354468E-02
   0.118296698851927E+02
   0.853231032941005E-02
   0.145182569216123E+02
   0.924640706265976E-02
   0.170936696200334E+02
   0.941389082886131E-02
   0.193436486834001E+02
   0.955130540561704E-02
   0.213361489020256E+02
   0.992497180073923E-02
   0.226762881297052E+02
   0.104764559070351E-01
   0.232001008313278E+02
   0.109848553398200E-01
   0.230681807097917E+02
   0.111677328308566E-01
   0.223577476434315E+02
   0.111161841190900E-01
   0.212276844298801E+02
   0.113656810787765E-01
   0.198702763772329E+02
   0.112125912155551E-01
   0.201736329733857E+02
   0.116368596402853E-01
   0.223009010870194E+02
   0.127333390262271E-01
   0.232048254587338E+02
   0.124915122186195E-01
   0.233835112911967E+02
   0.126156432468774E-01
   0.230101293493337E+02
   0.127953691929648E-01
   0.224109779422583E+02
   0.124557692460388E-01
   0.223783950756119E+02
   0.120221573510585E-01
   0.228268009393537E+02
   0.118851708933595E-01
   0.222943227601928E+02
   0.115201965110352E-01
   0.204618596945541E+02
   0.111946428045782E-01
   0.170966761862354E+02
   0.110641088822674E-01
   0.151744181868085E+02
   0.109840968762358E-01
   0.140885221395638E+02
   0.112951809854546E-01
   0.133593212721092E+02
   0.114346325063391E-01
   0.148812180834410E+02
   0.129883410297758E-01
   0.142841450799084E+02
   0.122904310236502E-01
   0.137268912455739E+02
   0.116509809796623E-01
   0.132364425955976E+02
   0.112060500301471E-01
   0.128137186368844E+02
   0.108834284896969E-01
   0.124790056748852E+02
   0.106336952795112E-01
   0.122453137217693E+02
   0.104511422722360E-01
   0.121140520662237E+02
   0.103153122448556E-01
   0.120910023607081E+02
   0.101807777875181E-01
   0.122137075729342E+02
   0.100800263465979E-01
   0.125494713105087E+02
   0.994815972514021E-02
   0.133091893873100E+02
   0.965176381164411E-02
   0.150729626720932E+02
   0.976818638927855E-02
   0.179575428201332E+02
   0.101228981953692E-01
   0.201222274701785E+02
   0.101808504608906E-01
   0.220682805750073E+02
   0.106366163341708E-01
   0.232668788532566E+02
   0.113201127126941E-01
   0.234459953326765E+02
   0.118664822113209E-01
   0.229912516390686E+02
   0.117887124040251E-01
   0.218564972476366E+02
   0.119060145358361E-01
   0.201808034410806E+02
   0.120379982685579E-01
   0.193421470103082E+02
   0.120385311666453E-01
   0.197330092203111E+02
   0.123067201288910E-01
   0.219701088705178E+02
   0.131129386134294E-01
   0.228873550517806E+02
   0.130389830727282E-01
   0.230173335223286E+02
   0.133847042564605E-01
   0.223877529958083E+02
   0.133892547674145E-01
   0.213016174695103E+02
   0.129352904117444E-01
   0.215466541102410E+02
   0.123799286957346E-01
   0.232996593072511E+02
   0.123307409898269E-01
   0.233434656152973E+02
   0.121538509588486E-01
   0.218758309290771E+02
   0.120461342173508E-01
   0.187610814541219E+02
   0.124774989345847E-01
   0.170881535761159E+02
   0.127973255440674E-01
   0.161603985433568E+02
   0.134310777292746E-01
   0.154923636036753E+02
   0.134555273801560E-01
   0.166502130110760E+02
   0.142379465120289E-01
   0.160813267167352E+02
   0.134339015044178E-01
   0.155743167071985E+02
   0.128064107555828E-01
   0.151450419074657E+02
   0.124141869302269E-01
   0.147806460625695E+02
   0.121511194430645E-01
   0.144772790419409E+02
   0.119230059898413E-01
   0.142358288030168E+02
   0.116966892921132E-01
   0.140607127887355E+02
   0.114857271900709E-01
   0.139673008426652E+02
   0.113186497823283E-01
   0.139956437483363E+02
   0.112681031793793E-01
   0.141946479572505E+02
   0.112397976765084E-01
   0.146943571716719E+02
   0.108958081320518E-01
   0.158754173147986E+02
   0.104004761500661E-01
   0.183354346246036E+02
   0.104946327941852E-01
   0.203085732354871E+02
   0.108093732783985E-01
   0.224271491416016E+02
   0.112114931234365E-01
   0.236218972156371E+02
   0.123302500563245E-01
   0.233981597304057E+02
   0.129697208340043E-01
   0.227009251005124E+02
   0.127257714274123E-01
   0.211651755794028E+02
   0.128207993909892E-01
   0.200713506048726E+02
   0.131506429921960E-01
   0.195593240319061E+02
   0.133076356777872E-01
   0.198699999127540E+02
   0.130872243658777E-01
   0.216566087900112E+02
   0.134501363168475E-01
   0.224263364982174E+02
   0.136237688066657E-01
   0.225067306153245E+02
   0.137512483548470E-01
   0.215615472847078E+02
   0.138050734025660E-01
   0.210365787806414E+02
   0.134175547531852E-01
   0.215439307434648E+02
   0.128967159214587E-01
   0.237755103483245E+02
   0.123693705465873E-01
   0.242051462170875E+02
   0.125113740785216E-01
   0.230410717648575E+02
   0.127798317313434E-01
   0.201594667944578E+02
   0.138615646673047E-01
   0.187103303226988E+02
   0.147881037858979E-01
   0.178808385880517E+02
   0.152885081154557E-01
   0.172466145126652E+02
   0.149499953884146E-01
   0.180996098231707E+02
   0.151359710714595E-01
   0.175847902646046E+02
   0.144754396337926E-01
   0.171412652388273E+02
   0.140253197838270E-01
   0.167718675936948E+02
   0.137693285890658E-01
   0.164567157802789E+02
   0.135421794776722E-01
   0.161851438730600E+02
   0.133093000270897E-01
   0.159504081412248E+02
   0.130399502895210E-01
   0.157555231658710E+02
   0.127680918874145E-01
   0.156178048812213E+02
   0.125518781572376E-01
   0.155740390147281E+02
   0.124993626693043E-01
   0.156602213147833E+02
   0.125071783551683E-01
   0.159512626340805E+02
   0.120868033034757E-01
   0.166936935101969E+02
   0.113581329153080E-01
   0.182571205728849E+02
   0.109403592823050E-01
   0.199362941669654E+02
   0.115866789517937E-01
   0.225077177910241E+02
   0.118976272175826E-01
   0.238352199588706E+02
   0.133931348246644E-01
   0.230240033778017E+02
   0.144175351265490E-01
   0.222168535404351E+02
   0.140243694398953E-01
   0.212229412919972E+02
   0.138798246278689E-01
   0.204733338589121E+02
   0.147340637794790E-01
   0.201097225504577E+02
   0.147724116476199E-01
   0.202719104205172E+02
   0.141292234868112E-01
   0.211765786750459E+02
   0.137618846510471E-01
   0.217499088296898E+02
   0.139006770346759E-01
   0.218775918701633E+02
   0.142822729149521E-01
   0.214849871674447E+02
   0.144842735990056E-01
   0.212963699483440E+02
   0.144636298721576E-01
   0.218820734044501E+02
   0.136754176459874E-01
   0.241876793880640E+02
   0.122999241469821E-01
   0.248831685978921E+02
   0.128479379189031E-01
   0.239782331205001E+02
   0.135125180398181E-01
   0.213427983036344E+02
   0.154676547653562E-01
   0.200469786498120E+02
   0.164280456133290E-01
   0.192575098979180E+02
   0.162589636739297E-01
   0.186572871111254E+02
   0.158187737282367E-01
   0.192882300182064E+02
   0.162665565191041E-01
   0.188380917123073E+02
   0.158921154765873E-01
   0.184526904317502E+02
   0.156001712663318E-01
   0.181327795600495E+02
   0.154248666289240E-01
   0.178609289307260E+02
   0.152534282563695E-01
   0.176230552919912E+02
   0.150790475040471E-01
   0.174062490662935E+02
   0.148714579271197E-01
   0.172075431917674E+02
   0.146508090978949E-01
   0.170395267053559E+02
   0.144432832321025E-01
   0.169285943077037E+02
   0.142299100124755E-01
   0.169106216336586E+02
   0.139421719752033E-01
   0.170502712720743E+02
   0.132783357857791E-01
   0.175194030969370E+02
   0.125207310299835E-01
   0.186361433919345E+02
   0.119475279402753E-01
   0.199618845012512E+02
   0.119407807901141E-01
   0.223931083432020E+02
   0.119958991930849E-01
   0.240304559563978E+02
   0.140316879734677E-01
   0.232147725534208E+02
   0.158666743450883E-01
   0.223814600715698E+02
   0.153294405302818E-01
   0.217157847550026E+02
   0.148579283068228E-01
   0.210571032928590E+02
   0.158841230891713E-01
   0.207454725383038E+02
   0.157943774525960E-01
   0.208179223910641E+02
   0.151437162822269E-01
   0.213201199061623E+02
   0.148865252223295E-01
   0.217988621404640E+02
   0.148278941317186E-01
   0.219675860678014E+02
   0.152851838459446E-01
   0.218273987686351E+02
   0.155026470044741E-01
   0.217806100647912E+02
   0.154907763824416E-01
   0.223054527434803E+02
   0.144024087960022E-01
   0.244531849381937E+02
   0.125042117243053E-01
   0.253747284302743E+02
   0.133908948473518E-01
   0.246984378594522E+02
   0.143483532428957E-01
   0.222992279104490E+02
   0.169973871308663E-01
   0.210964694396258E+02
   0.173464702022952E-01
   0.203384420839377E+02
   0.168334685493981E-01
   0.197870025963390E+02
   0.166422414124932E-01
   0.202605560914846E+02
   0.174909618014148E-01
   0.198687871073175E+02
   0.172495943060126E-01
   0.195316479266841E+02
   0.170328924855533E-01
   0.192523232003176E+02
   0.168902869882511E-01
   0.190182777932032E+02
   0.167866657495548E-01
   0.188121604787830E+02
   0.166942335746396E-01
   0.186148957014576E+02
   0.165698323948413E-01
   0.184144001595611E+02
   0.163889722873935E-01
   0.182184470784380E+02
   0.161790232442773E-01
   0.180496238237500E+02
   0.158784375641839E-01
   0.179472773627095E+02
   0.154560087096248E-01
   0.179773657295440E+02
   0.147636724970853E-01
   0.182837415645505E+02
   0.136244088418618E-01
   0.192273006902896E+02
   0.130683842864663E-01
   0.201751991539222E+02
   0.129602234196717E-01
   0.220043079240918E+02
   0.124359278487214E-01
   0.242168253848436E+02
   0.144598099632573E-01
   0.236922976400137E+02
   0.168338103416430E-01
   0.228101782898162E+02
   0.170475131657734E-01
   0.224521388485200E+02
   0.156520396679577E-01
   0.216441707033757E+02
   0.169969849216077E-01
   0.213501468079180E+02
   0.167890503344684E-01
   0.213621625958007E+02
   0.164148134547764E-01
   0.216821384437665E+02
   0.160868702950290E-01
   0.221656166727509E+02
   0.160593270901229E-01
   0.223599414774104E+02
   0.165844910142952E-01
   0.223411234901421E+02
   0.166852712999624E-01
   0.223207964324988E+02
   0.164883843855198E-01
   0.226960549952598E+02
   0.152840535410617E-01
   0.244959285760229E+02
   0.133723992168222E-01
   0.256841280827868E+02
   0.142347292892027E-01
   0.252140033377309E+02
   0.153185476880632E-01
   0.230524460008276E+02
   0.184059512536349E-01
   0.219260285991120E+02
   0.184756461435020E-01
   0.212035211779007E+02
   0.177924940479376E-01
   0.206985515734658E+02
   0.176974181412131E-01
   0.210558107665366E+02
   0.186978059411669E-01
   0.207078615935884E+02
   0.184870512968129E-01
   0.204078960266811E+02
   0.183077372213870E-01
   0.201607449191891E+02
   0.181971242055649E-01
   0.199581414425722E+02
   0.181794455852813E-01
   0.197790872110425E+02
   0.181751433750962E-01
   0.195990886908013E+02
   0.181349220950600E-01
   0.193964779770891E+02
   0.179780470843126E-01
   0.191742091567520E+02
   0.177153888525303E-01
   0.189559954205720E+02
   0.172884364232916E-01
   0.187876162196135E+02
   0.167123259283862E-01
   0.187397998023302E+02
   0.159235631295809E-01
   0.189587406353533E+02
   0.148343626803291E-01
   0.199489245829517E+02
   0.141756571079945E-01
   0.205060201174382E+02
   0.148152767516848E-01
   0.219688134563411E+02
   0.134098735137121E-01
   0.244196234724551E+02
   0.146877445930656E-01
   0.244403368441548E+02
   0.169560268219635E-01
   0.232829655944971E+02
   0.185539523248813E-01
   0.226949604004755E+02
   0.173517404549561E-01
   0.221458372647586E+02
   0.181586715079610E-01
   0.219106189277188E+02
   0.180061587757057E-01
   0.218968540322385E+02
   0.175861766725773E-01
   0.221407232099482E+02
   0.170207366558093E-01
   0.227350851404416E+02
   0.166935730929476E-01
   0.229160384548496E+02
   0.178079589960784E-01
   0.229556734446351E+02
   0.177453627583649E-01
   0.229060722479649E+02
   0.175650523928302E-01
   0.230927378426583E+02
   0.164952024711886E-01
   0.242457567839630E+02
   0.153637412832045E-01
   0.258422690822175E+02
   0.154258671235626E-01
   0.255493734003030E+02
   0.165118678692858E-01
   0.236261717254687E+02
   0.198108518098625E-01
   0.225818178245890E+02
   0.196257786728168E-01
   0.219067216619060E+02
   0.189207480981679E-01
   0.214456075383994E+02
   0.188586975958419E-01
   0.216847090409886E+02
   0.197534245339513E-01
   0.213678969633662E+02
   0.195396119527179E-01
   0.210953715630992E+02
   0.193860017346207E-01
   0.208720906252872E+02
   0.193242267071056E-01
   0.206916563988967E+02
   0.193819275454416E-01
   0.205313803974585E+02
   0.194551156010249E-01
   0.203626769802102E+02
   0.194833395857987E-01
   0.201557608107674E+02
   0.193312825860189E-01
   0.199102326765465E+02
   0.189806170840206E-01
   0.196559408476628E+02
   0.184154717386041E-01
   0.194458396012087E+02
   0.176880570642929E-01
   0.193558934668129E+02
   0.168817201642281E-01
   0.195121448754073E+02
   0.161976932866118E-01
   0.201773076195436E+02
   0.157913414820429E-01
   0.208274838679882E+02
   0.165298555003157E-01
   0.221122035150679E+02
   0.150021324380751E-01
   0.245825586187733E+02
   0.153837100861383E-01
   0.248735396306543E+02
   0.169312327289666E-01
   0.237159202888198E+02
   0.191461534030483E-01
   0.230243460037506E+02
   0.186966776664815E-01
   0.225843572176445E+02
   0.188679815223552E-01
   0.224129380446651E+02
   0.191037229044253E-01
   0.224024352633725E+02
   0.186946079718303E-01
   0.226227635289341E+02
   0.179610571971964E-01
   0.234903604900238E+02
   0.166719445332673E-01
   0.235540886787883E+02
   0.181006163516944E-01
   0.236498378517185E+02
   0.182406934640719E-01
   0.235324561908070E+02
   0.187400971066910E-01
   0.235293207606059E+02
   0.179807142315558E-01
   0.242710235522282E+02
   0.169667868938236E-01
   0.258958531159405E+02
   0.164138430209734E-01
   0.257186175247820E+02
   0.177357333151170E-01
   0.240289683298836E+02
   0.210786017932770E-01
   0.230805587464130E+02
   0.206514035886777E-01
   0.224615616043136E+02
   0.199806494041977E-01
   0.220387184165151E+02
   0.199099931173034E-01
   0.221555361502459E+02
   0.206991830717078E-01
   0.218603705637912E+02
   0.204822949632713E-01
   0.216061667264415E+02
   0.203386788537222E-01
   0.213966021641378E+02
   0.202952053069287E-01
   0.212260573091981E+02
   0.203489729409014E-01
   0.210735214940855E+02
   0.204347069543534E-01
   0.209087279133266E+02
   0.204782235057331E-01
   0.206963886915046E+02
   0.203014333782754E-01
   0.204345661151837E+02
   0.198714256352131E-01
   0.201620975318892E+02
   0.192392642505517E-01
   0.199382322653538E+02
   0.185111564751682E-01
   0.198385377366780E+02
   0.179271713556865E-01
   0.199566519532619E+02
   0.175814641193848E-01
   0.204366080014014E+02
   0.168636938317909E-01
   0.211043715817389E+02
   0.173954019493109E-01
   0.223174251905173E+02
   0.169441489462291E-01
   0.246852742629349E+02
   0.168724770575184E-01
   0.251120423136538E+02
   0.172766073870920E-01
   0.241249258992561E+02
   0.188817761851086E-01
   0.233514010860980E+02
   0.199493038641901E-01
   0.229670860992980E+02
   0.198816729974107E-01
   0.228452565879362E+02
   0.201663640371435E-01
   0.228517976688644E+02
   0.198233176209435E-01
   0.230552530778447E+02
   0.191268533921394E-01
   0.238885172465287E+02
   0.173901113010854E-01
   0.242553304957788E+02
   0.182881145031960E-01
   0.244508038732264E+02
   0.180949533327153E-01
   0.241859820031698E+02
   0.194812791110102E-01
   0.239758777187321E+02
   0.195851682953516E-01
   0.244198915634215E+02
   0.184525012912607E-01
   0.258537147934347E+02
   0.171191150213105E-01
   0.257262297666941E+02
   0.187195698353065E-01
   0.242656913825085E+02
   0.216431234351539E-01
   0.234327757947614E+02
   0.213912895062572E-01
   0.228762852823689E+02
   0.209678015121145E-01
   0.224842182612183E+02
   0.208658895386144E-01
   0.224740831424476E+02
   0.215230203533847E-01
   0.221930684896453E+02
   0.213140533350417E-01
   0.219489007807081E+02
   0.211655851430447E-01
   0.217431433095418E+02
   0.210681002238838E-01
   0.215715690211888E+02
   0.210188044935741E-01
   0.214171027331101E+02
   0.210382459075237E-01
   0.212506479264393E+02
   0.210717764110683E-01
   0.210338707706036E+02
   0.209038499878695E-01
   0.207650642045346E+02
   0.204660512821572E-01
   0.204925252147675E+02
   0.199148390928126E-01
   0.202779717895370E+02
   0.193824026693912E-01
   0.201880330956299E+02
   0.190195014220154E-01
   0.202825704432338E+02
   0.186180248464789E-01
   0.206621040684064E+02
   0.179027369353658E-01
   0.213260533011935E+02
   0.183205202248062E-01
   0.224995404738889E+02
   0.188758840387846E-01
   0.247061089268396E+02
   0.178895612677260E-01
   0.251987454134982E+02
   0.173673915119129E-01
   0.245923849797277E+02
   0.180688373889755E-01
   0.236136266239828E+02
   0.205158491180069E-01
   0.232766667879830E+02
   0.209555616936794E-01
   0.231934856647704E+02
   0.211066499768962E-01
   0.232232414130947E+02
   0.208397082634763E-01
   0.234097841391823E+02
   0.205654956206559E-01
   0.239492339259656E+02
   0.188555297849044E-01
   0.245402386069986E+02
   0.188768212338115E-01
   0.248811458568466E+02
   0.185264450757945E-01
   0.248773540902276E+02
   0.193992446772631E-01
   0.243933944787338E+02
   0.211959584569339E-01
   0.245943270236324E+02
   0.200934815114961E-01
   0.257184020353182E+02
   0.180341786293208E-01
   0.255503157463092E+02
   0.198403609204126E-01
   0.243642084645666E+02
   0.221652406808051E-01
   0.236549020523588E+02
   0.221326838747127E-01
   0.231562782259052E+02
   0.218834125718600E-01
   0.227863183509997E+02
   0.217130460963887E-01
   0.226451213868121E+02
   0.221030855381239E-01
   0.223724875470511E+02
   0.219229947763383E-01
   0.221325672320673E+02
   0.217735207976993E-01
   0.219256294947730E+02
   0.216033915103832E-01
   0.217479665914190E+02
   0.214442024134155E-01
   0.215871970335067E+02
   0.214272659735125E-01
   0.214146083708124E+02
   0.214740935592428E-01
   0.211922068812086E+02
   0.213086114870812E-01
   0.209231695146775E+02
   0.208808892348164E-01
   0.206613676949324E+02
   0.204283810048217E-01
   0.204672752414848E+02
   0.200831615005973E-01
   0.203961783661255E+02
   0.198055951351138E-01
   0.204833449462273E+02
   0.192225262053405E-01
   0.208140273326940E+02
   0.185606810110336E-01
   0.214736808824194E+02
   0.191479371562398E-01
   0.226003001315339E+02
   0.200893906695440E-01
   0.246184311038711E+02
   0.179803875444236E-01
   0.251489199899166E+02
   0.173311656656512E-01
   0.247647206898282E+02
   0.177049284200876E-01
   0.237744227212471E+02
   0.207232021282811E-01
   0.234928950556246E+02
   0.216510227822012E-01
   0.234474393165758E+02
   0.218407368107782E-01
   0.235057349238765E+02
   0.216713965928786E-01
   0.236706501884288E+02
   0.215328560881857E-01
   0.240296282155347E+02
   0.197665889185591E-01
   0.244875707134574E+02
   0.196046615847178E-01
   0.250079357669880E+02
   0.191497466865206E-01
   0.252292656218983E+02
   0.195297860520560E-01
   0.247343594619489E+02
   0.224126315649059E-01
   0.247338679985847E+02
   0.218265358404595E-01
   0.254759047923264E+02
   0.193399479291680E-01
   0.251508484611642E+02
   0.214496305614019E-01
   0.243501777049628E+02
   0.226804834771076E-01
   0.237553251393215E+02
   0.227531512040088E-01
   0.233017887555059E+02
   0.225357922593323E-01
   0.229476359523810E+02
   0.223021749076382E-01
   0.226793803922316E+02
   0.220385721910054E-01
   0.224105370164994E+02
   0.218625867069086E-01
   0.221709001855201E+02
   0.216961480044407E-01
   0.219609122988875E+02
   0.215111557724802E-01
   0.217759629679106E+02
   0.213617423672015E-01
   0.216039831175942E+02
   0.213273884700305E-01
   0.214191918243761E+02
   0.213241901248064E-01
   0.211902084107997E+02
   0.211352528274274E-01
   0.209262039365751E+02
   0.207634131189014E-01
   0.206804854226538E+02
   0.204051111754754E-01
   0.205085772605897E+02
   0.201366263675964E-01
   0.204613814769624E+02
   0.199060824017309E-01
   0.205626013419260E+02
   0.193487127485979E-01
   0.208731226772534E+02
   0.187110830402844E-01
   0.215284998513909E+02
   0.195121987670077E-01
   0.225876864314192E+02
   0.203591664224124E-01
   0.244285588728104E+02
   0.176013248068898E-01
   0.249839840069264E+02
   0.172118083235585E-01
   0.247479441170739E+02
   0.175582120523239E-01
   0.238310982807101E+02
   0.207187688819709E-01
   0.236104237637907E+02
   0.221104147174682E-01
   0.236049381445781E+02
   0.225401703079476E-01
   0.236912146407880E+02
   0.223334985698729E-01
   0.238364703331185E+02
   0.220139253498890E-01
   0.240909704990849E+02
   0.206331735462669E-01
   0.244492997750598E+02
   0.202403698326794E-01
   0.248649074674279E+02
   0.203026878667492E-01
   0.253417690795198E+02
   0.199447442665111E-01
   0.249926962668494E+02
   0.226279369994405E-01
   0.247894954715904E+02
   0.229091645322450E-01
   0.250746249960128E+02
   0.209924088141585E-01
   0.248364086125330E+02
   0.222666258942132E-01
   0.242484696127632E+02
   0.228389838776148E-01
   0.237396210941407E+02
   0.228726761964239E-01
   0.233192636959574E+02
   0.225246724489195E-01
   0.229766930646406E+02
   0.222389368045100E-01
   0.226057136711165E+02
   0.210124930286510E-01
   0.223359047040399E+02
   0.207396890546666E-01
   0.220897402999264E+02
   0.204595814100596E-01
   0.218688854817137E+02
   0.201968391228446E-01
   0.216710056267776E+02
   0.200335760379852E-01
   0.214850124772707E+02
   0.199987180970066E-01
   0.212884824090085E+02
   0.200137052256126E-01
   0.210571236128136E+02
   0.199082043489097E-01
   0.208045402490317E+02
   0.197182291816067E-01
   0.205807976538032E+02
   0.195801055259028E-01
   0.204337469946078E+02
   0.194769775487468E-01
   0.204088329199877E+02
   0.193792662532035E-01
   0.205332786682081E+02
   0.191090024293605E-01
   0.208347734508803E+02
   0.184959574740322E-01
   0.214853957800936E+02
   0.195796694505324E-01
   0.224548331715494E+02
   0.201039031881741E-01
   0.241459511184083E+02
   0.173862948278598E-01
   0.247138641531004E+02
   0.172011629848879E-01
   0.245861556971007E+02
   0.174283388672935E-01
   0.237894046297958E+02
   0.212479736817562E-01
   0.236157002639972E+02
   0.223903837837566E-01
   0.236432124197756E+02
   0.228795697009433E-01
   0.237695072622642E+02
   0.228180937826776E-01
   0.239037881321575E+02
   0.223115412067237E-01
   0.241029515235823E+02
   0.213614938138651E-01
   0.244041166486214E+02
   0.213593701458213E-01
   0.247374836320499E+02
   0.213152935313780E-01
   0.252502332925529E+02
   0.206216545193900E-01
   0.252117063744757E+02
   0.216424678868129E-01
   0.247395383671594E+02
   0.230015719467709E-01
   0.247649639591321E+02
   0.217170607507078E-01
   0.245390626969029E+02
   0.222724192786865E-01
   0.240688634462751E+02
   0.223555209465300E-01
   0.236232414929641E+02
   0.221196989090397E-01
   0.232332617002942E+02
   0.216563922762122E-01
   0.229006369888537E+02
   0.212955771464655E-01
   0.224491384859189E+02
   0.196433272282895E-01
   0.221763469474689E+02
   0.193134442541232E-01
   0.219244127232487E+02
   0.190082031109725E-01
   0.216958364180254E+02
   0.187681238278285E-01
   0.214873746859419E+02
   0.186113876841456E-01
   0.212873849317835E+02
   0.185213110505753E-01
   0.210778233307045E+02
   0.184580652454131E-01
   0.208441368949889E+02
   0.183551899427524E-01
   0.206046379430407E+02
   0.182838495954775E-01
   0.204016312310723E+02
   0.182945947914815E-01
   0.202756360096275E+02
   0.183687151559841E-01
   0.202689266644211E+02
   0.185313860928482E-01
   0.204105134481462E+02
   0.186745307908646E-01
   0.207046070880055E+02
   0.182157515258589E-01
   0.213423941895857E+02
   0.196691851334094E-01
   0.222065071861913E+02
   0.197516316215949E-01
   0.237568579654522E+02
   0.173747633135990E-01
   0.243246208654558E+02
   0.173078367414290E-01
   0.242863362637467E+02
   0.173419259280331E-01
   0.236269065061970E+02
   0.214669344775031E-01
   0.234887869094323E+02
   0.220885510215392E-01
   0.235391656022000E+02
   0.223808235421647E-01
   0.237248735719339E+02
   0.227169580287505E-01
   0.238631102941338E+02
   0.224353974659032E-01
   0.240356398900423E+02
   0.218364020980501E-01
   0.242982184845583E+02
   0.221373006407473E-01
   0.245651763888571E+02
   0.221018145785885E-01
   0.249091732680584E+02
   0.218802440224858E-01
   0.251216362868727E+02
   0.212750543767682E-01
   0.245718358496363E+02
   0.225519006252530E-01
   0.244634382828111E+02
   0.218703597018493E-01
   0.242267156665283E+02
   0.217902572015680E-01
   0.238228533638128E+02
   0.213213537444778E-01
   0.234288630120026E+02
   0.208971671736624E-01
   0.230667491222217E+02
   0.203999274877008E-01
   0.227433396660851E+02
   0.199942719433197E-01
   0.222558540420950E+02
   0.188961639612401E-01
   0.219829784452838E+02
   0.185466569366157E-01
   0.217287806172220E+02
   0.182371842016938E-01
   0.214957327909110E+02
   0.180123547472862E-01
   0.212790009193332E+02
   0.178521730264938E-01
   0.210663017531286E+02
   0.177317947429432E-01
   0.208433276344557E+02
   0.176208834271891E-01
   0.206033034342309E+02
   0.174843319367135E-01
   0.203674753062376E+02
   0.173914418615201E-01
   0.201727713696210E+02
   0.173859519632486E-01
   0.200547696688523E+02
   0.174941969621768E-01
   0.200534742084384E+02
   0.177833315177634E-01
   0.202028691055675E+02
   0.183062643239651E-01
   0.205097170974615E+02
   0.187356242452641E-01
   0.210916658008729E+02
   0.198356055334343E-01
   0.218439167037908E+02
   0.191078880144243E-01
   0.232429315742390E+02
   0.173619324714657E-01
   0.237983764778932E+02
   0.173935438684374E-01
   0.238479477188519E+02
   0.174950177258579E-01
   0.233400552974273E+02
   0.219100482420331E-01
   0.232326217848282E+02
   0.218494149974318E-01
   0.232971059016519E+02
   0.214148818803664E-01
   0.235617503009589E+02
   0.221267116975158E-01
   0.237086704317188E+02
   0.224463298574591E-01
   0.238684543396591E+02
   0.219942528459283E-01
   0.241017150715700E+02
   0.225169242742649E-01
   0.243195824408171E+02
   0.228209313183249E-01
   0.245606302107537E+02
   0.231495137733050E-01
   0.247852733930537E+02
   0.214737969741838E-01
   0.242893368408769E+02
   0.222542618208040E-01
   0.241330974414404E+02
   0.218357147023416E-01
   0.238896183216446E+02
   0.212819533299183E-01
   0.235355488859194E+02
   0.205859160735520E-01
   0.231902292421774E+02
   0.201406444128193E-01
   0.228579541391571E+02
   0.196810083174933E-01
   0.225466405139751E+02
   0.192687844179724E-01
   0.220526217419094E+02
   0.193809101288369E-01
   0.217861641319219E+02
   0.189705775414353E-01
   0.215356490462668E+02
   0.186099176429852E-01
   0.213019730200171E+02
   0.183294705464714E-01
   0.210799724003788E+02
   0.181235844028194E-01
   0.208572296291447E+02
   0.179702354575458E-01
   0.206223011664174E+02
   0.178544871336768E-01
   0.203734798249237E+02
   0.177376358815878E-01
   0.201329327086308E+02
   0.176696551370480E-01
   0.199340702952484E+02
   0.176897430237189E-01
   0.198081460530557E+02
   0.178098553743460E-01
   0.197922284636737E+02
   0.180972135800708E-01
   0.199239581749109E+02
   0.186774612024680E-01
   0.202162546665297E+02
   0.194189554782414E-01
   0.207304766344603E+02
   0.201592573787079E-01
   0.213786943792717E+02
   0.187906164295704E-01
   0.225893006540058E+02
   0.173018217449127E-01
   0.231190973489509E+02
   0.172679169047757E-01
   0.232608587314879E+02
   0.180365020268909E-01
   0.229061609110618E+02
   0.221285199311341E-01
   0.228453737346121E+02
   0.217451617243133E-01
   0.229421745750274E+02
   0.208884108712637E-01
   0.232972327044779E+02
   0.210838728144637E-01
   0.234513692335155E+02
   0.228059336656330E-01
   0.236160696098392E+02
   0.227534091242925E-01
   0.238147374561207E+02
   0.231795711389163E-01
   0.239786422071058E+02
   0.233853972829254E-01
   0.241221750517489E+02
   0.234973638709985E-01
   0.241983466814991E+02
   0.226581239605151E-01
   0.239142347472709E+02
   0.229629892506691E-01
   0.237584747013798E+02
   0.226221342202024E-01
   0.235276032606379E+02
   0.219247023836529E-01
   0.232249217052837E+02
   0.212330870227425E-01
   0.229290863377398E+02
   0.207874526542057E-01
   0.226290920945879E+02
   0.203070758052654E-01
   0.223343807144035E+02
   0.198236281553995E-01
   0.218365273142663E+02
   0.211201646888616E-01
   0.215861974412384E+02
   0.206595454015578E-01
   0.213476018852294E+02
   0.202104979580319E-01
   0.211199847805124E+02
   0.198130802264185E-01
   0.208984268946141E+02
   0.195042545918386E-01
   0.206701612178528E+02
   0.192726910566670E-01
   0.204251999050244E+02
   0.191112125216943E-01
   0.201651470613311E+02
   0.189581229839435E-01
   0.199122036422477E+02
   0.188293768045190E-01
   0.196971270413227E+02
   0.187588285273007E-01
   0.195470207925832E+02
   0.187124625278778E-01
   0.194943871075730E+02
   0.187206852905994E-01
   0.195750866775983E+02
   0.188990672359537E-01
   0.198026752770236E+02
   0.192614958722675E-01
   0.202550875641431E+02
   0.203785242946419E-01
   0.208315679116910E+02
   0.197409435979357E-01
   0.217810524207221E+02
   0.170691022007096E-01
   0.222775420226909E+02
   0.175601362794867E-01
   0.224989088918408E+02
   0.190550322972767E-01
   0.223158704949605E+02
   0.221246144175324E-01
   0.223195833685184E+02
   0.213778142190590E-01
   0.224678440876257E+02
   0.202556537319632E-01
   0.229722829304415E+02
   0.197322536900308E-01
   0.230624550547713E+02
   0.227560032359351E-01
   0.232375318662494E+02
   0.232959946472071E-01
   0.234009739426406E+02
   0.234786264078177E-01
   0.235147576241115E+02
   0.234932028410566E-01
   0.235779721695467E+02
   0.232359081817291E-01
   0.235869810027177E+02
   0.230423140146538E-01
   0.234234572204930E+02
   0.235822942340815E-01
   0.232996098612905E+02
   0.236732208201205E-01
   0.231064189068831E+02
   0.232636063300032E-01
   0.228659834693965E+02
   0.228566106244260E-01
   0.226246302055868E+02
   0.225153608305054E-01
   0.223648030149213E+02
   0.220807608775703E-01
   0.220984915860575E+02
   0.216012038823386E-01
   0.215149601983663E+02
   0.229397032382228E-01
   0.212925456435662E+02
   0.226334814620989E-01
   0.210778243725900E+02
   0.222292583775225E-01
   0.208675360121861E+02
   0.217507468342969E-01
   0.206558916708163E+02
   0.212970544348973E-01
   0.204288017034977E+02
   0.208753132675311E-01
   0.201763420317313E+02
   0.204866522968345E-01
   0.199040326591916E+02
   0.201146903997207E-01
   0.196351831888065E+02
   0.197800059962176E-01
   0.193993302723219E+02
   0.195160409742591E-01
   0.192214420570165E+02
   0.192737402260989E-01
   0.191282937866472E+02
   0.190367579400410E-01
   0.191441628338290E+02
   0.187989482105551E-01
   0.192814364621252E+02
   0.185689503731713E-01
   0.196425405197975E+02
   0.192218533462987E-01
   0.201766588054610E+02
   0.204540944518844E-01
   0.208055583231037E+02
   0.177411645961555E-01
   0.212476340730974E+02
   0.182310970972459E-01
   0.215118811295256E+02
   0.197083770355590E-01
   0.215668476530381E+02
   0.216320931540972E-01
   0.216588472830722E+02
   0.208493477665357E-01
   0.218847948349550E+02
   0.190176604119141E-01
   0.224225935821054E+02
   0.197659581273714E-01
   0.225346298433957E+02
   0.224567257906473E-01
   0.227152892423312E+02
   0.234049844689904E-01
   0.228471720725731E+02
   0.232425167616919E-01
   0.229238819451262E+02
   0.231593638861550E-01
   0.229294328749357E+02
   0.228126874713490E-01
   0.228939814601476E+02
   0.227088809759810E-01
   0.227896647192193E+02
   0.232746861042989E-01
   0.226993076979583E+02
   0.237000152716080E-01
   0.225535225853749E+02
   0.237244978321845E-01
   0.223741320487480E+02
   0.237397898438062E-01
   0.221887200204194E+02
   0.237323789141521E-01
   0.219745283746851E+02
   0.235136471732241E-01
   0.217460858601968E+02
   0.232418426503530E-01
   0.209879747138454E+02
   0.229652605377916E-01
   0.207976369765983E+02
   0.229103048406588E-01
   0.206163316302323E+02
   0.227883482023182E-01
   0.204377585526961E+02
   0.225075291036708E-01
   0.202520244621343E+02
   0.221259244470129E-01
   0.200411914442912E+02
   0.216310780981433E-01
   0.197924847949476E+02
   0.210188133215159E-01
   0.195147238998865E+02
   0.204121322553682E-01
   0.192332799155576E+02
   0.199002118496347E-01
   0.189778088985502E+02
   0.195068927300360E-01
   0.187738849528018E+02
   0.191917301320551E-01
   0.186452739486702E+02
   0.189320131312571E-01
   0.186095305700005E+02
   0.186426901681805E-01
   0.186810658224152E+02
   0.182110626920008E-01
   0.189358523448615E+02
   0.178542778932551E-01
   0.193857382504961E+02
   0.186168888188222E-01
   0.198976575853670E+02
   0.185434758825781E-01
   0.202650410434735E+02
   0.186898924257370E-01
   0.204943517585697E+02
   0.188628837150183E-01
   0.206616359159854E+02
   0.203512655147968E-01
   0.208579092753998E+02
   0.203555873282078E-01
   0.212218622192353E+02
   0.172564550504791E-01
   0.216366141847634E+02
   0.204838930501437E-01
   0.218649175757188E+02
   0.223033226677637E-01
   0.220434936408205E+02
   0.227065581636145E-01
   0.221551832809757E+02
   0.225716719623092E-01
   0.222027833577268E+02
   0.224528111638375E-01
   0.221717055812635E+02
   0.220696583785165E-01
   0.220993911542923E+02
   0.217974376940187E-01
   0.220085161340515E+02
   0.220610722947064E-01
   0.219353447111239E+02
   0.224941413408589E-01
   0.218266302761554E+02
   0.227231115789101E-01
   0.216956301502210E+02
   0.229785110153073E-01
   0.215538391905839E+02
   0.232067682358606E-01
   0.213790464816715E+02
   0.231667349848282E-01
   0.211868393294053E+02
   0.230725144853670E-01
   0.202402370821446E+02
   0.215656946872563E-01
   0.200731878263190E+02
   0.215749679393827E-01
   0.199190665200862E+02
   0.216485067916580E-01
   0.197733982752770E+02
   0.217019036312675E-01
   0.196219794658292E+02
   0.216389817722396E-01
   0.194423073847801E+02
   0.213776877603302E-01
   0.192166587696101E+02
   0.208558546664947E-01
   0.189504270317241E+02
   0.202087149869333E-01
   0.186680295350514E+02
   0.195937023598753E-01
   0.183999469179982E+02
   0.190883624869591E-01
   0.181750776577536E+02
   0.187060605948887E-01
   0.180172826190197E+02
   0.184253282738491E-01
   0.179446321752014E+02
   0.181814631918472E-01
   0.179774164394305E+02
   0.179136303302053E-01
   0.181756710006650E+02
   0.177746297884252E-01
   0.185565500246565E+02
   0.183559069153276E-01
   0.189598732310555E+02
   0.183477732102819E-01
   0.192354899867401E+02
   0.182325911453987E-01
   0.194091476960778E+02
   0.182233466554408E-01
   0.196130513638037E+02
   0.189893927001581E-01
   0.198962090569268E+02
   0.194132952437792E-01
   0.203402837641583E+02
   0.166253092518415E-01
   0.207648190838335E+02
   0.199599532548088E-01
   0.210494175866915E+02
   0.210888728086232E-01
   0.212238282791277E+02
   0.213984110267064E-01
   0.213231302166832E+02
   0.215272170170545E-01
   0.213500260252082E+02
   0.214728923337246E-01
   0.212968716764177E+02
   0.211209302281295E-01
   0.212021730411825E+02
   0.207671073632650E-01
   0.211105643874884E+02
   0.208173772721361E-01
   0.210385727414822E+02
   0.210827412794988E-01
   0.209460245709527E+02
   0.212564702322205E-01
   0.208419624322741E+02
   0.214802579882788E-01
   0.207268265084666E+02
   0.216920564078620E-01
   0.205796414621331E+02
   0.217017300569272E-01
   0.204146305259638E+02
   0.216440210163371E-01
   0.192986997799617E+02
   0.199354784498126E-01
   0.191462853909165E+02
   0.198836815691658E-01
   0.190076745401993E+02
   0.199384801025348E-01
   0.188830911790119E+02
   0.201023662894245E-01
   0.187583742013812E+02
   0.202616645451303E-01
   0.186100704731984E+02
   0.203041851703886E-01
   0.184177264603946E+02
   0.201086207190874E-01
   0.181795225091762E+02
   0.196709576052266E-01
   0.179126786212991E+02
   0.190991115737477E-01
   0.176443691010768E+02
   0.185046718376283E-01
   0.174071431626216E+02
   0.180160478541473E-01
   0.172274343782099E+02
   0.176490957054508E-01
   0.171275845382897E+02
   0.173506245192305E-01
   0.171348046394556E+02
   0.170793143736070E-01
   0.172969466057631E+02
   0.170140784157249E-01
   0.176129854410990E+02
   0.174657314185261E-01
   0.179235854180834E+02
   0.175144924437637E-01
   0.181125951890799E+02
   0.172780935055954E-01
   0.182168945948400E+02
   0.170084242078472E-01
   0.184233648316127E+02
   0.174814681058615E-01
   0.187767002988615E+02
   0.180281966926980E-01
   0.192491039393717E+02
   0.172707455673550E-01
   0.197929484936408E+02
   0.190331068750612E-01
   0.201011256407148E+02
   0.196626423969429E-01
   0.202655925300143E+02
   0.199436491002645E-01
   0.203480402434038E+02
   0.201758928055719E-01
   0.203589561596919E+02
   0.202213043836518E-01
   0.202951273163457E+02
   0.199973730642163E-01
   0.201909142235338E+02
   0.196866468486020E-01
   0.200930712944106E+02
   0.196194979651785E-01
   0.200138387876810E+02
   0.197463099243424E-01
   0.199246941254778E+02
   0.198398354458509E-01
   0.198308712806597E+02
   0.199743417487474E-01
   0.197270244274475E+02
   0.200726487856398E-01
   0.195989904745610E+02
   0.200762829108937E-01
   0.194545709332226E+02
   0.200276398864746E-01
   0.181738604112917E+02
   0.183219404096328E-01
   0.180314047372731E+02
   0.182201345222860E-01
   0.179005953654345E+02
   0.181922504997383E-01
   0.177860079494911E+02
   0.182865394137983E-01
   0.176757754513790E+02
   0.184344160540113E-01
   0.175486936381581E+02
   0.185605399744636E-01
   0.173861511340261E+02
   0.186026095012284E-01
   0.171815524444540E+02
   0.184662931430259E-01
   0.169429224581552E+02
   0.181292019974244E-01
   0.166900316488692E+02
   0.176365983307725E-01
   0.164536881804289E+02
   0.171240287527968E-01
   0.162621295890124E+02
   0.166807010341642E-01
   0.161442614058735E+02
   0.163311401979685E-01
   0.161350316261831E+02
   0.160922242866612E-01
   0.162709158415879E+02
   0.160437859605101E-01
   0.165308157866969E+02
   0.162637968440426E-01
   0.167675875281527E+02
   0.162722437244459E-01
   0.168785590810955E+02
   0.160742805250072E-01
   0.168951167283099E+02
   0.155209436559205E-01
   0.170781153788459E+02
   0.157793657239148E-01
   0.175009737040764E+02
   0.162981048664901E-01
   0.181056018562345E+02
   0.169809413825450E-01
   0.187125105203678E+02
   0.179945956145601E-01
   0.190286306699181E+02
   0.182061018752613E-01
   0.191731566391595E+02
   0.184111168627445E-01
   0.192314766398547E+02
   0.186031939302610E-01
   0.192259346316126E+02
   0.187067863348964E-01
   0.191557324504913E+02
   0.186298371073120E-01
   0.190471816237648E+02
   0.184264894360230E-01
   0.189411108239516E+02
   0.183199585491728E-01
   0.188490990361552E+02
   0.183352148567239E-01
   0.187538345008241E+02
   0.183462710891087E-01
   0.186591957631597E+02
   0.184040331949303E-01
   0.185586372090279E+02
   0.184360799604883E-01
   0.184434114953588E+02
   0.184386235780864E-01
   0.183149229228700E+02
   0.184066120446886E-01
   0.168683970874521E+02
   0.167192639223317E-01
   0.167340585736416E+02
   0.166134709457925E-01
   0.166069798339687E+02
   0.165312993693931E-01
   0.164944413873101E+02
   0.165252099537352E-01
   0.163884836904983E+02
   0.165776196399486E-01
   0.162718925629459E+02
   0.166434054763312E-01
   0.161294925647647E+02
   0.167041434544670E-01
   0.159538445859298E+02
   0.166976379481429E-01
   0.157461123983679E+02
   0.165587179500945E-01
   0.155188115269574E+02
   0.162666713953863E-01
   0.152969900449971E+02
   0.158846089970782E-01
   0.151056146543214E+02
   0.154456761320614E-01
   0.149788357198421E+02
   0.150577393031278E-01
   0.149612237193610E+02
   0.148470803531323E-01
   0.150831135819125E+02
   0.148627173259994E-01
   0.153045238503928E+02
   0.149998279950352E-01
   0.154866245058624E+02
   0.149936534310713E-01
   0.155205575857137E+02
   0.147657533143212E-01
   0.154252280799917E+02
   0.139246424515264E-01
   0.155621471698091E+02
   0.139129431466821E-01
   0.160561208426166E+02
   0.146180333847002E-01
   0.168270469826847E+02
   0.158141036223378E-01
   0.175196536041585E+02
   0.170726793565250E-01
   0.178409309993792E+02
   0.170350601193596E-01
   0.179547824186408E+02
   0.170195025056679E-01
   0.179803492846120E+02
   0.170567405239113E-01
   0.179524422300272E+02
   0.171124103982600E-01
   0.178725920293244E+02
   0.170909719481945E-01
   0.177593278428684E+02
   0.169934199956069E-01
   0.176441896584974E+02
   0.169183893139951E-01
   0.175365489033482E+02
   0.168637336754972E-01
   0.174288515763258E+02
   0.168065698290474E-01
   0.173256739626732E+02
   0.167944392964330E-01
   0.172225455658224E+02
   0.167828161130673E-01
   0.171140937263727E+02
   0.167853435408601E-01
   0.169973507641651E+02
   0.167819548632701E-01
   0.153780569406549E+02
   0.150425449522827E-01
   0.152509049956175E+02
   0.149517207032984E-01
   0.151265187154175E+02
   0.148509152842567E-01
   0.150131782830589E+02
   0.147842428024627E-01
   0.149063086390889E+02
   0.147692980608636E-01
   0.147932344699267E+02
   0.147729797996228E-01
   0.146618812155619E+02
   0.147688705401271E-01
   0.145068475030815E+02
   0.147708232788729E-01
   0.143256918992481E+02
   0.147036895179322E-01
   0.141257635706376E+02
   0.145425632184419E-01
   0.139256988584740E+02
   0.143019431747398E-01
   0.137445390142244E+02
   0.139420168211147E-01
   0.136166291868684E+02
   0.135494825551478E-01
   0.135969429823207E+02
   0.133939037613384E-01
   0.137172678098746E+02
   0.135636886174154E-01
   0.139234333207249E+02
   0.138257235492887E-01
   0.140736463828722E+02
   0.139175845839370E-01
   0.140313760014758E+02
   0.136049553476421E-01
   0.137857203670116E+02
   0.122104563415200E-01
   0.138539744547137E+02
   0.117150560275634E-01
   0.144148809858423E+02
   0.127985646904712E-01
   0.154139027096125E+02
   0.154403874634331E-01
   0.162087460707042E+02
   0.169950956238442E-01
   0.165320282304136E+02
   0.165782129496070E-01
   0.166059689330029E+02
   0.160874059133451E-01
   0.165933624050350E+02
   0.158204473589164E-01
   0.165371716756025E+02
   0.156967714769590E-01
   0.164409717578952E+02
   0.155887362091393E-01
   0.163174711700119E+02
   0.154718841488307E-01
   0.161904226416777E+02
   0.154062226458235E-01
   0.160658544138330E+02
   0.153162505046639E-01
   0.159422562928633E+02
   0.152107679834734E-01
   0.158255308542560E+02
   0.151421550836077E-01
   0.157151415140026E+02
   0.151010568542734E-01
   0.156076119133336E+02
   0.150886172242430E-01
   0.154977065512613E+02
   0.150871284706268E-01
   0.136920746223129E+02
   0.136587184179511E-01
   0.135708464781269E+02
   0.135560306306688E-01
   0.134496075458647E+02
   0.134376230015217E-01
   0.133369247126451E+02
   0.133462796854720E-01
   0.132282501748758E+02
   0.132823309658663E-01
   0.131157981014426E+02
   0.132357708256296E-01
   0.129907822664232E+02
   0.131761329113065E-01
   0.128493936575414E+02
   0.131288242631639E-01
   0.126889662168325E+02
   0.130660452482529E-01
   0.125134841190904E+02
   0.129798487553467E-01
   0.123370465733082E+02
   0.129177259526899E-01
   0.121733910926130E+02
   0.128124946720130E-01
   0.120516315177573E+02
   0.126213611115840E-01
   0.120288374976845E+02
   0.125338530198342E-01
   0.121492776445415E+02
   0.127378875438522E-01
   0.123614577913420E+02
   0.131352149517754E-01
   0.125073943286024E+02
   0.133421225180381E-01
   0.124041013543402E+02
   0.129636509193504E-01
   0.119521377530402E+02
   0.960076168614649E-02
   0.119411753441983E+02
   0.898366026147059E-02
   0.125371478567941E+02
   0.103034166084585E-01
   0.137387193869459E+02
   0.146727202043761E-01
   0.146638191619480E+02
   0.169728195314070E-01
   0.150307732424882E+02
   0.168452898208939E-01
   0.150884229117935E+02
   0.161237905370021E-01
   0.150441843734888E+02
   0.156051044377280E-01
   0.149595030497863E+02
   0.152510091909140E-01
   0.148410769709261E+02
   0.149538759471391E-01
   0.147012395738432E+02
   0.146737148449487E-01
   0.145587302691715E+02
   0.144508588761914E-01
   0.144173350300178E+02
   0.142452978884249E-01
   0.142778963613107E+02
   0.140539284173952E-01
   0.141456610428136E+02
   0.139072721615815E-01
   0.140247573060065E+02
   0.138114203473963E-01
   0.139134229087595E+02
   0.137589889197413E-01
   0.138056545239277E+02
   0.137231080913445E-01
   0.117822445750023E+02
   0.126766161193236E-01
   0.116651016404059E+02
   0.125937249149822E-01
   0.115469407307351E+02
   0.124974174647145E-01
   0.114362049694992E+02
   0.123975632540423E-01
   0.113273500891212E+02
   0.123078975157991E-01
   0.112166963546431E+02
   0.122360555542643E-01
   0.110987877545799E+02
   0.121703986306712E-01
   0.109702804569802E+02
   0.121132928999055E-01
   0.108289834085530E+02
   0.120781696341350E-01
   0.106743259908551E+02
   0.120247876934069E-01
   0.105161436736236E+02
   0.119648359571873E-01
   0.103674327874287E+02
   0.118808752653182E-01
   0.102541577828896E+02
   0.117282401883003E-01
   0.102297263263807E+02
   0.116278131863956E-01
   0.103473805370934E+02
   0.117748627133878E-01
   0.105745367284548E+02
   0.122508593835716E-01
   0.107468468521834E+02
   0.127144253934088E-01
   0.106324054938885E+02
   0.124469780248749E-01
   0.100193882773569E+02
   0.865803733621582E-02
   0.992284899795582E+01
   0.776610594006655E-02
   0.104801782945682E+02
   0.864209826992643E-02
   0.117606497995322E+02
   0.136207167321210E-01
   0.127250828351597E+02
   0.158651290231875E-01
   0.131595576625620E+02
   0.162498324292244E-01
   0.132665103392799E+02
   0.158308237123449E-01
   0.132418065225116E+02
   0.154205334620482E-01
   0.131563047389260E+02
   0.149941789944235E-01
   0.130285856348185E+02
   0.145407601422023E-01
   0.128756954025364E+02
   0.141114559088342E-01
   0.127194033986010E+02
   0.137651016333844E-01
   0.125624982199741E+02
   0.134714262926998E-01
   0.124092702886620E+02
   0.132407659783062E-01
   0.122596382725046E+02
   0.130290011359947E-01
   0.121241233235933E+02
   0.128739246881738E-01
   0.120032953239595E+02
   0.127764913227580E-01
   0.118928781339716E+02
   0.127255550773989E-01
   0.962053266565068E+01
   0.116965584385974E-01
   0.950046479608173E+01
   0.115828940760692E-01
   0.938131861400110E+01
   0.114660533147329E-01
   0.927652667436718E+01
   0.113983649281913E-01
   0.916972103886592E+01
   0.113154564894264E-01
   0.906167973601223E+01
   0.112426056761410E-01
   0.895145368356215E+01
   0.111839801058638E-01
   0.883698603706339E+01
   0.111383480570982E-01
   0.871519060152053E+01
   0.111031215390164E-01
   0.858454279466782E+01
   0.110657886636762E-01
   0.845283914995754E+01
   0.110272141899163E-01
   0.833069790488222E+01
   0.109707816104284E-01
   0.823971655751407E+01
   0.108800158864058E-01
   0.822278099337757E+01
   0.108250142749413E-01
   0.833020970981997E+01
   0.109244616452362E-01
   0.855833336984234E+01
   0.113372903700675E-01
   0.875944527517786E+01
   0.119643708542237E-01
   0.870752382887111E+01
   0.122332120055020E-01
   0.804040047169060E+01
   0.840443878748837E-02
   0.787867363269793E+01
   0.758338211181373E-02
   0.831229122327867E+01
   0.815907952309147E-02
   0.942003536200827E+01
   0.115587476220326E-01
   0.102785031613630E+02
   0.132151906795601E-01
   0.107479156739741E+02
   0.139652827900535E-01
   0.109432970718955E+02
   0.140762926815458E-01
   0.109991706539290E+02
   0.140981973962267E-01
   0.109773683439174E+02
   0.140084827959919E-01
   0.108976892765239E+02
   0.137622058595957E-01
   0.107747391690546E+02
   0.134548242081589E-01
   0.106278370441292E+02
   0.131211375291289E-01
   0.104667795678992E+02
   0.127902789670455E-01
   0.103015844228948E+02
   0.125082010386805E-01
   0.101398435013910E+02
   0.122585182823214E-01
   0.999129199056786E+01
   0.120562687035027E-01
   0.985685344904853E+01
   0.119009132661375E-01
   0.973661039986730E+01
   0.117913425579281E-01
   0.719204269609689E+01
   0.106992716941389E-01
   0.707301881621078E+01
   0.105810762170033E-01
   0.695605658201520E+01
   0.104657417748400E-01
   0.684570433528771E+01
   0.103589599766175E-01
   0.673644646675247E+01
   0.102511481660460E-01
   0.663047340359013E+01
   0.101715957923795E-01
   0.652880181452739E+01
   0.101198856471263E-01
   0.643006837706179E+01
   0.100967361112357E-01
   0.633025799391941E+01
   0.100798467705225E-01
   0.622655685529563E+01
   0.100667210555237E-01
   0.612856267526856E+01
   0.100606029590541E-01
   0.604331876156975E+01
   0.100483106327132E-01
   0.598711762418068E+01
   0.100270396539255E-01
   0.598795360513538E+01
   0.100236249678841E-01
   0.608004169852319E+01
   0.100991242308524E-01
   0.627502910754955E+01
   0.103760883043263E-01
   0.647608904804418E+01
   0.109105578218096E-01
   0.651863051508131E+01
   0.116207540538367E-01
   0.607081815059641E+01
   0.958604982254715E-02
   0.587734417764016E+01
   0.905164145029082E-02
   0.607824179716343E+01
   0.870285655813094E-02
   0.672032217103474E+01
   0.946561955340605E-02
   0.732228077427025E+01
   0.100193135714791E-01
   0.775415087584057E+01
   0.106300765561639E-01
   0.801522330555815E+01
   0.110669676445736E-01
   0.815935811370591E+01
   0.114175052606539E-01
   0.823888711478619E+01
   0.117405053288176E-01
   0.825394439569927E+01
   0.119154502612111E-01
   0.820639854364980E+01
   0.119293265472574E-01
   0.811580640089253E+01
   0.118381950143715E-01
   0.799080468942023E+01
   0.116517131569658E-01
   0.784638848359500E+01
   0.114434594149569E-01
   0.769764735265839E+01
   0.112346069123660E-01
   0.755776910480193E+01
   0.110616594341600E-01
   0.742463382698002E+01
   0.109053728830990E-01
   0.730607054438073E+01
   0.107956165033247E-01
   0.433314955333330E+01
   0.930122352639425E-02
   0.422658149069386E+01
   0.921727246982624E-02
   0.412580209665596E+01
   0.914640038888640E-02
   0.402788984689546E+01
   0.907555086085457E-02
   0.393039251945341E+01
   0.899818346247672E-02
   0.383697629654599E+01
   0.893510195879843E-02
   0.375097183548640E+01
   0.889716347083259E-02
   0.367126113852270E+01
   0.888400011107049E-02
   0.359428710320416E+01
   0.887866528202363E-02
   0.351456380289773E+01
   0.885141049294526E-02
   0.345330806779427E+01
   0.885888621188877E-02
   0.341045820898568E+01
   0.887425410101007E-02
   0.339381445906295E+01
   0.889530049428926E-02
   0.341774383466777E+01
   0.893031711123558E-02
   0.349566768614164E+01
   0.899168880643894E-02
   0.363081741083461E+01
   0.915152409590094E-02
   0.377736407448233E+01
   0.946519818645786E-02
   0.381225406669289E+01
   0.984149038307539E-02
   0.357194449046893E+01
   0.911341073945328E-02
   0.339066638610164E+01
   0.853058800810483E-02
   0.341633375832248E+01
   0.801547173558142E-02
   0.369060222636425E+01
   0.791145889864366E-02
   0.403190825400255E+01
   0.796744782833072E-02
   0.434259436474196E+01
   0.821848479382144E-02
   0.457648940445644E+01
   0.847968628494102E-02
   0.474876079546229E+01
   0.875023059664626E-02
   0.488531913053843E+01
   0.908404246740719E-02
   0.497676344442324E+01
   0.938687796180515E-02
   0.501352069173248E+01
   0.959645626017137E-02
   0.499614180257637E+01
   0.968493974686712E-02
   0.493234199842174E+01
   0.966548249218071E-02
   0.483660681491052E+01
   0.958299432946242E-02
   0.472821226298062E+01
   0.948607605561267E-02
   0.462686818840229E+01
   0.943184605703585E-02
   0.452743072005123E+01
   0.938797694039261E-02
   0.442999890306592E+01
   0.934399205075715E-02
   0.784273308414447E+00
   0.728310386989493E-02
   0.717783051965483E+00
   0.727924876719761E-02
   0.648207867435745E+00
   0.726062058200370E-02
   0.575896368646946E+00
   0.723070243705622E-02
   0.501551361022855E+00
   0.718600953252090E-02
   0.431024536538190E+00
   0.713946094706636E-02
   0.368782462016889E+00
   0.710499972481667E-02
   0.313035552787424E+00
   0.708114723487378E-02
   0.262024750127446E+00
   0.705995815284993E-02
   0.222298648475773E+00
   0.704741958888135E-02
   0.203578013267965E+00
   0.706092650277398E-02
   0.202341177273622E+00
   0.708034273756838E-02
   0.219932813965402E+00
   0.710476957995812E-02
   0.260129170560675E+00
   0.713554569585827E-02
   0.323765530496795E+00
   0.717988038467019E-02
   0.403794232705895E+00
   0.726813215378094E-02
   0.484717936163265E+00
   0.747015965525023E-02
   0.501989108288273E+00
   0.768295297045744E-02
   0.377049246250338E+00
   0.741645424636846E-02
   0.230553772833987E+00
   0.703942062906816E-02
   0.158994386004092E+00
   0.667353941411755E-02
   0.220961602760437E+00
   0.646639196321319E-02
   0.353877094524887E+00
   0.635863059151673E-02
   0.510263263427260E+00
   0.634367529715287E-02
   0.657445617196388E+00
   0.637455538972510E-02
   0.791026889694926E+00
   0.644782003028472E-02
   0.915730539992367E+00
   0.659711785345247E-02
   0.102411091666347E+01
   0.680432589498780E-02
   0.110144874467843E+01
   0.701287566988169E-02
   0.113692721833026E+01
   0.716029783268250E-02
   0.113183483066258E+01
   0.723758996394090E-02
   0.109526983294020E+01
   0.726495838635684E-02
   0.103933918709646E+01
   0.726088839895578E-02
   0.979941727849581E+00
   0.726791597761600E-02
   0.918363817582436E+00
   0.727952361740415E-02
   0.849857676447485E+00
   0.727682005806243E-02
  -0.376678395787604E+01
   0.489521997804593E-02
  -0.379493868718014E+01
   0.490936047670213E-02
  -0.382810620135231E+01
   0.490279564867912E-02
  -0.386511398471546E+01
   0.487780802769421E-02
  -0.390360163503972E+01
   0.483822896917676E-02
  -0.393463974244843E+01
   0.479648137019080E-02
  -0.395458598791093E+01
   0.476282711309006E-02
  -0.396202779596611E+01
   0.474438183718846E-02
  -0.395793645010170E+01
   0.473809033901200E-02
  -0.394209374803703E+01
   0.474175478227508E-02
  -0.391533854124267E+01
   0.474741881939097E-02
  -0.388143772969462E+01
   0.475435028633989E-02
  -0.384188188181372E+01
   0.476879318775416E-02
  -0.379687672271357E+01
   0.479825315661079E-02
  -0.375179430273355E+01
   0.484470456807845E-02
  -0.371482681253870E+01
   0.491981582109854E-02
  -0.369893881317718E+01
   0.503079936696895E-02
  -0.372587943904245E+01
   0.513736591578683E-02
  -0.380637116196653E+01
   0.514181862083850E-02
  -0.391239262513204E+01
   0.504036874494752E-02
  -0.400562196487139E+01
   0.487424653206645E-02
  -0.405998274493982E+01
   0.469414971864101E-02
  -0.407346625216124E+01
   0.453528115199702E-02
  -0.405037688184033E+01
   0.442360041614035E-02
  -0.399968769925768E+01
   0.437223748479846E-02
  -0.392861364329714E+01
   0.438781407798587E-02
  -0.384543842678362E+01
   0.446140978168750E-02
  -0.376458155674786E+01
   0.456822702742840E-02
  -0.369933318867210E+01
   0.468109666512710E-02
  -0.365880968059175E+01
   0.477048737498262E-02
  -0.364518978275311E+01
   0.481897080001586E-02
  -0.365321889166409E+01
   0.483381737506975E-02
  -0.367360413667386E+01
   0.483397940956627E-02
  -0.369737879907507E+01
   0.483902854693260E-02
  -0.372036359363323E+01
   0.485195808657299E-02
  -0.374264620115572E+01
   0.487127230140688E-02
  -0.100010904006174E+02
   0.273961555916495E-02
  -0.994195853299634E+01
   0.276575226575711E-02
  -0.989064516932552E+01
   0.277805141099324E-02
  -0.984211052875857E+01
   0.278101216875329E-02
  -0.978019123371421E+01
   0.279377863413372E-02
  -0.969855567008968E+01
   0.282244479312449E-02
  -0.959156674546623E+01
   0.287263234061176E-02
  -0.945438459274946E+01
   0.294960410237453E-02
  -0.930947125990856E+01
   0.303255266319395E-02
  -0.916206929544013E+01
   0.311838399859806E-02
  -0.902144731485866E+01
   0.320097869346056E-02
  -0.889907125770083E+01
   0.327581936114579E-02
  -0.878530810243462E+01
   0.336105923108194E-02
  -0.872446772109866E+01
   0.340457698284133E-02
  -0.871655260516744E+01
   0.341215725423169E-02
  -0.876582504646500E+01
   0.338319747198706E-02
  -0.888085658417977E+01
   0.331002845404938E-02
  -0.907409636002577E+01
   0.317665219566086E-02
  -0.928465024000627E+01
   0.305212302495626E-02
  -0.950687315259668E+01
   0.293150900341613E-02
  -0.972869626387646E+01
   0.281528627292739E-02
  -0.994607538241105E+01
   0.269524703398999E-02
  -0.101490788165243E+02
   0.257603248486945E-02
  -0.102878012108050E+02
   0.249952408242157E-02
  -0.103696127867002E+02
   0.245906333623075E-02
  -0.104053531813147E+02
   0.244685520711387E-02
  -0.104086524561574E+02
   0.245371603759746E-02
  -0.103942919023752E+02
   0.246977541055575E-02
  -0.103742135408384E+02
   0.248700733983054E-02
  -0.103541488853852E+02
   0.250168810217462E-02
  -0.103353260718825E+02
   0.251342885636677E-02
  -0.103136861315010E+02
   0.252609604820189E-02
  -0.102845036244247E+02
   0.254411048393944E-02
  -0.102403657289803E+02
   0.257391852998737E-02
  -0.101734359721062E+02
   0.262171641840668E-02
  -0.100755963022134E+02
   0.269361802102681E-02
