   0.198208310236617E+01
   0.416402722220763E-02
   0.882865963649156E+00
   0.397634545325588E-02
   0.165245575503491E+00
   0.383381165355550E-02
  -0.247294298493263E+00
   0.373051821934607E-02
  -0.334000406106425E+00
   0.366647448014634E-02
   0.359094522856280E-01
   0.364634364160216E-02
  -0.450756640783526E+00
   0.368972724991752E-02
  -0.418094695793240E+00
   0.378361534953559E-02
   0.109469886801181E+00
   0.392899184260842E-02
   0.113231411195248E+01
   0.412733479226810E-02
   0.265880848591235E+01
   0.437879121790398E-02
   0.491573943767296E+01
   0.467566997980149E-02
   0.816313941828454E+01
   0.500666083405548E-02
   0.110140716796825E+02
   0.535310570926073E-02
   0.135834635866995E+02
   0.569602880796297E-02
   0.158956851431207E+02
   0.602008453452942E-02
   0.178588268698439E+02
   0.631441328719810E-02
   0.194511203583861E+02
   0.657210607170899E-02
   0.206891308616761E+02
   0.678926923049586E-02
   0.216078948143790E+02
   0.696601560097839E-02
   0.222476170564560E+02
   0.710623740147871E-02
   0.226432518066281E+02
   0.721248145604290E-02
   0.228158302848787E+02
   0.728439082583706E-02
   0.227663527324519E+02
   0.731850662325089E-02
   0.224759387346477E+02
   0.730849096619128E-02
   0.219112052960914E+02
   0.724832646267910E-02
   0.210273624922423E+02
   0.713512513014121E-02
   0.197675580348700E+02
   0.696702181532189E-02
   0.180600722907670E+02
   0.674281674721331E-02
   0.158158769976815E+02
   0.646405647536914E-02
   0.129292822944663E+02
   0.613747379827998E-02
   0.928146413973666E+01
   0.577613632530446E-02
   0.645162344907513E+01
   0.539951140419436E-02
   0.437763418347042E+01
   0.503139545187429E-02
   0.297372567279489E+01
   0.469433159770226E-02
   0.218254490267055E+01
   0.440350968466185E-02
   0.494810678799593E+01
   0.523755241691877E-02
   0.553341775637894E+01
   0.504562424140964E-02
   0.532145738204909E+01
   0.487430742816903E-02
   0.450173298438819E+01
   0.469831874377279E-02
   0.292269888040549E+01
   0.456419271730285E-02
   0.219654022066590E+01
   0.450104859802973E-02
   0.196036555477723E+01
   0.450368074630794E-02
   0.218542906393250E+01
   0.457846222783115E-02
   0.292390921073712E+01
   0.471358670542548E-02
   0.435260638050166E+01
   0.489215480792945E-02
   0.461163180606859E+01
   0.514256773367794E-02
   0.548388376802424E+01
   0.544080192005010E-02
   0.705158279865915E+01
   0.589076275439455E-02
   0.922060496274222E+01
   0.641092026179072E-02
   0.121168146573995E+02
   0.691380255070845E-02
   0.160696481104370E+02
   0.737843652977269E-02
   0.187757666448343E+02
   0.779576427106642E-02
   0.205755951126119E+02
   0.815022652460186E-02
   0.217184795774663E+02
   0.840356546426380E-02
   0.224004381870550E+02
   0.854862219694785E-02
   0.227904427557257E+02
   0.867276285454669E-02
   0.230319234503546E+02
   0.880471498908930E-02
   0.232223380130254E+02
   0.894775971905032E-02
   0.233619578603338E+02
   0.909428753509898E-02
   0.233660461849281E+02
   0.918169151496709E-02
   0.231589526885652E+02
   0.915681711462159E-02
   0.226947262434150E+02
   0.905918044838512E-02
   0.219383711580556E+02
   0.890207587111987E-02
   0.208330867108819E+02
   0.866565323456896E-02
   0.192649093203433E+02
   0.832669224311407E-02
   0.170667054788917E+02
   0.787962555812600E-02
   0.140671915736820E+02
   0.735096494774055E-02
   0.101298372022725E+02
   0.676415861046299E-02
   0.758162164834514E+01
   0.621009368473510E-02
   0.600967399138517E+01
   0.577203684162730E-02
   0.515772258842072E+01
   0.546742323857686E-02
   0.743565063805319E+01
   0.690518253177826E-02
   0.706301012450302E+01
   0.671588274639761E-02
   0.657683758638150E+01
   0.651276328564037E-02
   0.591719128309821E+01
   0.615963763895056E-02
   0.519600222467608E+01
   0.582785778538394E-02
   0.477177340786996E+01
   0.575164146008088E-02
   0.464355176259329E+01
   0.581204838339478E-02
   0.482478388352491E+01
   0.597346580776707E-02
   0.531872113738767E+01
   0.618609109786969E-02
   0.618978763321218E+01
   0.644435681989807E-02
   0.757365900869747E+01
   0.665374567388339E-02
   0.793290833713036E+01
   0.646140753450803E-02
   0.950385268807893E+01
   0.701971263556386E-02
   0.116471906246762E+02
   0.767706177588022E-02
   0.143705299392801E+02
   0.814702066325399E-02
   0.180822638198684E+02
   0.861712457939354E-02
   0.203984384277428E+02
   0.912223515702986E-02
   0.217788160548855E+02
   0.965124269181136E-02
   0.224808431291683E+02
   0.995574127099100E-02
   0.227066505441969E+02
   0.982594334052351E-02
   0.226732920971063E+02
   0.986289547609340E-02
   0.226253257021937E+02
   0.100067879296945E-01
   0.228276091839349E+02
   0.102173978473673E-01
   0.232494987632442E+02
   0.106168083670742E-01
   0.235385876323780E+02
   0.109125556068622E-01
   0.235489009236572E+02
   0.107740185234071E-01
   0.232745736551032E+02
   0.106286076769539E-01
   0.227686843885924E+02
   0.105174079189777E-01
   0.220683931789236E+02
   0.103202028352832E-01
   0.210343466617268E+02
   0.994673190177815E-02
   0.193398467390049E+02
   0.937358497766715E-02
   0.166813316895530E+02
   0.879842241976433E-02
   0.127604624409510E+02
   0.807125922010232E-02
   0.103134198402409E+02
   0.748851441499106E-02
   0.887264449450198E+01
   0.720345033346983E-02
   0.799838723134659E+01
   0.710091982481782E-02
   0.102234323974861E+02
   0.900980662638139E-02
   0.966779035055161E+01
   0.868327420110205E-02
   0.910011295145065E+01
   0.834409951505491E-02
   0.850803973107856E+01
   0.800454924548806E-02
   0.793552746989514E+01
   0.762272945876864E-02
   0.755832514065540E+01
   0.744689801405327E-02
   0.741025821207479E+01
   0.748431961225941E-02
   0.747337605735857E+01
   0.760187113101515E-02
   0.773498603172738E+01
   0.771003587020943E-02
   0.821403834862965E+01
   0.770746334342790E-02
   0.896502323981614E+01
   0.775273695256416E-02
   0.100849637531718E+02
   0.751391063774328E-02
   0.128831187649238E+02
   0.831315118347024E-02
   0.153287015086254E+02
   0.868919945854069E-02
   0.177266899190457E+02
   0.894761999423563E-02
   0.200898389242381E+02
   0.932567288594187E-02
   0.217594889819057E+02
   0.979701591628987E-02
   0.226608822039914E+02
   0.102545258724928E-01
   0.229153719196758E+02
   0.105141536675097E-01
   0.226658975562617E+02
   0.105659054505634E-01
   0.221173867977295E+02
   0.106879359680480E-01
   0.215950569719310E+02
   0.107661744323205E-01
   0.218423798966433E+02
   0.109526257780870E-01
   0.228316958364289E+02
   0.117783086378879E-01
   0.234447488640367E+02
   0.120352336188442E-01
   0.235854988002925E+02
   0.117736725226918E-01
   0.233394798255407E+02
   0.118960612921734E-01
   0.228987109748604E+02
   0.116185775022925E-01
   0.225476138617824E+02
   0.113790205429015E-01
   0.221404029806578E+02
   0.111082923499525E-01
   0.210081920087502E+02
   0.106776757440394E-01
   0.187671578476239E+02
   0.101659172864777E-01
   0.151231587273450E+02
   0.963689977579520E-02
   0.129343152816468E+02
   0.932099359188033E-02
   0.116668492279552E+02
   0.924238929457906E-02
   0.108470364468172E+02
   0.916188288018185E-02
   0.127423603508174E+02
   0.111804534715390E-01
   0.121447263650473E+02
   0.106857186190495E-01
   0.115630119442551E+02
   0.101627342887762E-01
   0.110190494647777E+02
   0.974996214609880E-02
   0.105305317099194E+02
   0.938441265032865E-02
   0.101704561123351E+02
   0.914487175092761E-02
   0.996748440823638E+01
   0.905744199078248E-02
   0.991471071769791E+01
   0.904391716108571E-02
   0.100050969293391E+02
   0.901324422139864E-02
   0.102668328757603E+02
   0.892198244682798E-02
   0.107747250314522E+02
   0.868946091900983E-02
   0.118297695223163E+02
   0.853233137410597E-02
   0.145183787602993E+02
   0.924646237808823E-02
   0.170938213499059E+02
   0.941397749942264E-02
   0.193438331251597E+02
   0.955142398014037E-02
   0.213363686823883E+02
   0.992512395300656E-02
   0.226765471998095E+02
   0.104766451493369E-01
   0.232004046331637E+02
   0.109850844035170E-01
   0.230685376279983E+02
   0.111680027814166E-01
   0.223581697076993E+02
   0.111165045702051E-01
   0.212281896812590E+02
   0.113660747620057E-01
   0.198708930168404E+02
   0.112130670183536E-01
   0.201744093393035E+02
   0.116374745262419E-01
   0.223018825825474E+02
   0.127341646473926E-01
   0.232060535539231E+02
   0.124925065923650E-01
   0.233850434999214E+02
   0.126168815905591E-01
   0.230120428059072E+02
   0.127969040135709E-01
   0.224133792878176E+02
   0.124575821382532E-01
   0.223814327162257E+02
   0.120242964951022E-01
   0.228306782435744E+02
   0.118877893102127E-01
   0.222992282339729E+02
   0.115233518223406E-01
   0.204679226130533E+02
   0.111984608060134E-01
   0.171036242321370E+02
   0.110685304058129E-01
   0.151807394296955E+02
   0.109881336708043E-01
   0.140935862896439E+02
   0.112985184352893E-01
   0.133629068544150E+02
   0.114366448459190E-01
   0.148830575919539E+02
   0.129892268471115E-01
   0.142853167953448E+02
   0.122908553404491E-01
   0.137276402919326E+02
   0.116511913390912E-01
   0.132369425501961E+02
   0.112061893810556E-01
   0.128140701250598E+02
   0.108835421868860E-01
   0.124792630829496E+02
   0.106337975018653E-01
   0.122455049193964E+02
   0.104512293665627E-01
   0.121141952418123E+02
   0.103153838390405E-01
   0.120911080684473E+02
   0.101808264862908E-01
   0.122137852911061E+02
   0.100800473606814E-01
   0.125495342782617E+02
   0.994816048604628E-02
   0.133092538469512E+02
   0.965176307450997E-02
   0.150730447048546E+02
   0.976820585866418E-02
   0.179576550977892E+02
   0.101229581836218E-01
   0.201223702297289E+02
   0.101809432498133E-01
   0.220684536083141E+02
   0.106367361556583E-01
   0.232670839306614E+02
   0.113202600932716E-01
   0.234462348848354E+02
   0.118666555661628E-01
   0.229915313423804E+02
   0.117889082527315E-01
   0.218568250133040E+02
   0.119062437522680E-01
   0.201811921499080E+02
   0.120382715526549E-01
   0.193426287553743E+02
   0.120388760873482E-01
   0.197336328854692E+02
   0.123071997139871E-01
   0.219709148715397E+02
   0.131135945777687E-01
   0.228883748540856E+02
   0.130397983208937E-01
   0.230186138634398E+02
   0.133857475605189E-01
   0.223893534190323E+02
   0.133905445098467E-01
   0.213036203598493E+02
   0.129368061688569E-01
   0.215491690465525E+02
   0.123817169613473E-01
   0.233028615664515E+02
   0.123329834167853E-01
   0.233474022684276E+02
   0.121565536293141E-01
   0.218804559461244E+02
   0.120492481856880E-01
   0.187660398625936E+02
   0.124807312054428E-01
   0.170927434879699E+02
   0.128003053375044E-01
   0.161641682542200E+02
   0.134335797226946E-01
   0.154951213604048E+02
   0.134571779700585E-01
   0.166516803281444E+02
   0.142386809424950E-01
   0.160822843219593E+02
   0.134343126083132E-01
   0.155749344283634E+02
   0.128066427880217E-01
   0.151454492651077E+02
   0.124143312183530E-01
   0.147809255662315E+02
   0.121512208727971E-01
   0.144774792383194E+02
   0.119230888687471E-01
   0.142359761108126E+02
   0.116967614847505E-01
   0.140608222149834E+02
   0.114857891205641E-01
   0.139673801187249E+02
   0.113186937888678E-01
   0.139956991734627E+02
   0.112681220816648E-01
   0.141946893239938E+02
   0.112397946872103E-01
   0.146943981286905E+02
   0.108957988184096E-01
   0.158754720040116E+02
   0.104004781220912E-01
   0.183355165927828E+02
   0.104946705974271E-01
   0.203086840599484E+02
   0.108094498997706E-01
   0.224272856640531E+02
   0.112115875102159E-01
   0.236220600014575E+02
   0.123303668011948E-01
   0.233983480035702E+02
   0.129698506920779E-01
   0.227011428065521E+02
   0.127259102604007E-01
   0.211654264056010E+02
   0.128209437780235E-01
   0.200716502029231E+02
   0.131508034157785E-01
   0.195597038939515E+02
   0.133078559253380E-01
   0.198705020333567E+02
   0.130875863362779E-01
   0.216572686014718E+02
   0.134506373300109E-01
   0.224271802469676E+02
   0.136244130127699E-01
   0.225077973998232E+02
   0.137520681043548E-01
   0.215628799487935E+02
   0.138061075987114E-01
   0.210382565000741E+02
   0.134187824594054E-01
   0.215460492750991E+02
   0.128982165611470E-01
   0.237781856079020E+02
   0.123712571434977E-01
   0.242083645872995E+02
   0.125136790241017E-01
   0.230447237737006E+02
   0.127824300205796E-01
   0.201632264704282E+02
   0.138641295163064E-01
   0.187138147559264E+02
   0.147905190245589E-01
   0.178837257640455E+02
   0.152904685481227E-01
   0.172487599751380E+02
   0.149512664287853E-01
   0.181007907962964E+02
   0.151365646542714E-01
   0.175855730781141E+02
   0.144757936427208E-01
   0.171417728378842E+02
   0.140255271658394E-01
   0.167721987766976E+02
   0.137694532659371E-01
   0.164569376015952E+02
   0.135422593552803E-01
   0.161852982208437E+02
   0.133093597692213E-01
   0.159505187955553E+02
   0.130400002423237E-01
   0.157556032476626E+02
   0.127681339525548E-01
   0.156178608704891E+02
   0.125519068268248E-01
   0.155740758170562E+02
   0.124993727975623E-01
   0.156602463803007E+02
   0.125071711285363E-01
   0.159512869154172E+02
   0.120867904215232E-01
   0.166937285096626E+02
   0.113581260554113E-01
   0.182571777244280E+02
   0.109403755564641E-01
   0.199363800016518E+02
   0.115867489721942E-01
   0.225078247253975E+02
   0.118977016245466E-01
   0.238353488843898E+02
   0.133932277486120E-01
   0.230241493513663E+02
   0.144176280279227E-01
   0.222170204174915E+02
   0.140244600684511E-01
   0.212231334398282E+02
   0.138799112929856E-01
   0.204735679264242E+02
   0.147341713735785E-01
   0.201100251599126E+02
   0.147725688492340E-01
   0.202723157095294E+02
   0.141294782329462E-01
   0.211771136693365E+02
   0.137622277514229E-01
   0.217506006096133E+02
   0.139011287914768E-01
   0.218784757847341E+02
   0.142828674210964E-01
   0.214861096334378E+02
   0.144850646844976E-01
   0.212977881184803E+02
   0.144646075613072E-01
   0.218838721862271E+02
   0.136766795097431E-01
   0.241899381569945E+02
   0.123015141753245E-01
   0.248858428141031E+02
   0.128499238260400E-01
   0.239811937933023E+02
   0.135147382944601E-01
   0.213457668417018E+02
   0.154698400778073E-01
   0.200497058367583E+02
   0.164300166558738E-01
   0.192597710082185E+02
   0.162604673895443E-01
   0.186589861712850E+02
   0.158197624313057E-01
   0.192891899907419E+02
   0.162670426197195E-01
   0.188387331169167E+02
   0.158924062029173E-01
   0.184531059748042E+02
   0.156003348493103E-01
   0.181330473660129E+02
   0.154249596527173E-01
   0.178611034668495E+02
   0.152534802854885E-01
   0.176231721217211E+02
   0.150790805278614E-01
   0.174063289343758E+02
   0.148714808471996E-01
   0.172075978991646E+02
   0.146508257833252E-01
   0.170395622835578E+02
   0.144432910458896E-01
   0.169286151711184E+02
   0.142299063508551E-01
   0.169106337748101E+02
   0.139421586405672E-01
   0.170502831165450E+02
   0.132783207775691E-01
   0.175194234763218E+02
   0.125207195011576E-01
   0.186361816097183E+02
   0.119475326230566E-01
   0.199619492542783E+02
   0.119408440647320E-01
   0.223931903021363E+02
   0.119959502965390E-01
   0.240305576487389E+02
   0.140317600322332E-01
   0.232148858943263E+02
   0.158667440394660E-01
   0.223815883000463E+02
   0.153295003705381E-01
   0.217159349070214E+02
   0.148579934135283E-01
   0.210572887069445E+02
   0.158842055543132E-01
   0.207457162619413E+02
   0.157944999272123E-01
   0.208182534443507E+02
   0.151439193370563E-01
   0.213205621331064E+02
   0.148868067639626E-01
   0.217994414594755E+02
   0.148282727920707E-01
   0.219683332095102E+02
   0.152856810132532E-01
   0.218283551720998E+02
   0.155033040971207E-01
   0.217818284730198E+02
   0.154916491031010E-01
   0.223069918379164E+02
   0.144035244734093E-01
   0.244551087256360E+02
   0.125055875602516E-01
   0.253769795083052E+02
   0.133926445811992E-01
   0.247008854270916E+02
   0.143502965631148E-01
   0.223016385081949E+02
   0.169993130175075E-01
   0.210986632335348E+02
   0.173481346375789E-01
   0.203402541513987E+02
   0.168346823356744E-01
   0.197883706041674E+02
   0.166430398673473E-01
   0.202613436410058E+02
   0.174913639177287E-01
   0.198693151108507E+02
   0.172498308430939E-01
   0.195319887982259E+02
   0.170330197347150E-01
   0.192525394443966E+02
   0.168903519278350E-01
   0.190184144338216E+02
   0.167866954730287E-01
   0.188122474690629E+02
   0.166942456116812E-01
   0.186149511257258E+02
   0.165698348298192E-01
   0.184144345443725E+02
   0.163889689563692E-01
   0.182184661905506E+02
   0.161790140733037E-01
   0.180496318247296E+02
   0.158784223422267E-01
   0.179472791716214E+02
   0.154559892286385E-01
   0.179773677756376E+02
   0.147636533886894E-01
   0.182837506419332E+02
   0.136243934774831E-01
   0.192273240740400E+02
   0.130683808570480E-01
   0.201752413684139E+02
   0.129602407600263E-01
   0.220043678911230E+02
   0.124359510974541E-01
   0.242169051160044E+02
   0.144598649978738E-01
   0.236923869878930E+02
   0.168338656260557E-01
   0.228102783012791E+02
   0.170475582926703E-01
   0.224522580428246E+02
   0.156520982642820E-01
   0.216443189936423E+02
   0.169970529480280E-01
   0.213503445327487E+02
   0.167891467772161E-01
   0.213624346615842E+02
   0.164149703546225E-01
   0.216825079017297E+02
   0.160871017283396E-01
   0.221661091346493E+02
   0.160596567876805E-01
   0.223605836525405E+02
   0.165849352495662E-01
   0.223419512544264E+02
   0.166858613477069E-01
   0.223218570752681E+02
   0.164891981735283E-01
   0.226973873436291E+02
   0.152850687340269E-01
   0.244975774533977E+02
   0.133736366211048E-01
   0.256860417959039E+02
   0.142363092252218E-01
   0.252160555337368E+02
   0.153202809304227E-01
   0.230544398076062E+02
   0.184076470357051E-01
   0.219278232716842E+02
   0.184770504659478E-01
   0.212049947194270E+02
   0.177934781563663E-01
   0.206996672244185E+02
   0.176980725906859E-01
   0.210564625801623E+02
   0.186981489273525E-01
   0.207082987601216E+02
   0.184872490013495E-01
   0.204081766417404E+02
   0.183078398597914E-01
   0.201609197094660E+02
   0.181971710627323E-01
   0.199582478784984E+02
   0.181794608823441E-01
   0.197791506483452E+02
   0.181751417622326E-01
   0.195991249084905E+02
   0.181349109949076E-01
   0.193964964195843E+02
   0.179780304257760E-01
   0.191742153064321E+02
   0.177153681890465E-01
   0.189559931721376E+02
   0.172884128968329E-01
   0.187876096644969E+02
   0.167123012383210E-01
   0.187397938905736E+02
   0.159235400297017E-01
   0.189587406693297E+02
   0.148343436402867E-01
   0.199489365138407E+02
   0.141756501558930E-01
   0.205060460919061E+02
   0.148152737654988E-01
   0.219688560222837E+02
   0.134098819127210E-01
   0.244196854483977E+02
   0.146877870380100E-01
   0.244404085658216E+02
   0.169560794042492E-01
   0.232830441217877E+02
   0.185539868668965E-01
   0.226950533527451E+02
   0.173517763278287E-01
   0.221459558038623E+02
   0.181587224641423E-01
   0.219107799935621E+02
   0.180062351643756E-01
   0.218970794487383E+02
   0.175863045732175E-01
   0.221410349110186E+02
   0.170209325610992E-01
   0.227355097363373E+02
   0.166938753551148E-01
   0.229165982608079E+02
   0.178083800075153E-01
   0.229563997327906E+02
   0.177459215866690E-01
   0.229070014259872E+02
   0.175657988847549E-01
   0.230938991179660E+02
   0.164961447216523E-01
   0.242471739887431E+02
   0.153648973323437E-01
   0.258439077584568E+02
   0.154273269231217E-01
   0.255511112569355E+02
   0.165134463396565E-01
   0.236278420433192E+02
   0.198123485438502E-01
   0.225833045229103E+02
   0.196269666310465E-01
   0.219079360570336E+02
   0.189215742078727E-01
   0.214465278749756E+02
   0.188592518312108E-01
   0.216852515799906E+02
   0.197537126687152E-01
   0.213682601628235E+02
   0.195397745402601E-01
   0.210956027821382E+02
   0.193860825443726E-01
   0.208722315314055E+02
   0.193242585938805E-01
   0.206917383264952E+02
   0.193819311832108E-01
   0.205314248987159E+02
   0.194551032422960E-01
   0.203626978652302E+02
   0.194833180766888E-01
   0.201557666048045E+02
   0.193312561640138E-01
   0.199102285437508E+02
   0.189805883398873E-01
   0.196559303715315E+02
   0.184154423079825E-01
   0.194458262012177E+02
   0.176880283541401E-01
   0.193558809711208E+02
   0.168816934479306E-01
   0.195121374398102E+02
   0.161976699865752E-01
   0.201773095739580E+02
   0.157913244129831E-01
   0.208274975240567E+02
   0.165298417883909E-01
   0.221122318131240E+02
   0.150021281822726E-01
   0.245826059646301E+02
   0.153837435926343E-01
   0.248735967672995E+02
   0.169312785436911E-01
   0.237159820868959E+02
   0.191461791080825E-01
   0.230244185174997E+02
   0.186966993888537E-01
   0.225844517334113E+02
   0.188680178495755E-01
   0.224130696096402E+02
   0.191037852084920E-01
   0.224026229236823E+02
   0.186947147449192E-01
   0.226230282353110E+02
   0.179612270110454E-01
   0.234907310572005E+02
   0.166722408273909E-01
   0.235545817383824E+02
   0.181010194642878E-01
   0.236504818371609E+02
   0.182412371771964E-01
   0.235332771583365E+02
   0.187408085108182E-01
   0.235303385251491E+02
   0.179815959287476E-01
   0.242722482952791E+02
   0.169678391765870E-01
   0.258972635356488E+02
   0.164151718679528E-01
   0.257200985424019E+02
   0.177371746798362E-01
   0.240303803833448E+02
   0.210799226849742E-01
   0.230818022143466E+02
   0.206524097970199E-01
   0.224625721079131E+02
   0.199813447431529E-01
   0.220394837217315E+02
   0.199104594108453E-01
   0.221559899787465E+02
   0.206994249586280E-01
   0.218606732216392E+02
   0.204824289253586E-01
   0.216063572963970E+02
   0.203387422541070E-01
   0.213967152231729E+02
   0.202952256354471E-01
   0.212261191940700E+02
   0.203489674824981E-01
   0.210735506179232E+02
   0.204346861000275E-01
   0.209087364338325E+02
   0.204781938564712E-01
   0.206963843393181E+02
   0.203013996229784E-01
   0.204345537050850E+02
   0.198713909619340E-01
   0.201620803193946E+02
   0.192392303196870E-01
   0.199382131265098E+02
   0.185111242822143E-01
   0.198385196795521E+02
   0.179271411125174E-01
   0.199566382515565E+02
   0.175814364072867E-01
   0.204366020222298E+02
   0.168636706845360E-01
   0.211043755516289E+02
   0.173953817300317E-01
   0.223174422806454E+02
   0.169441370062192E-01
   0.246853093459961E+02
   0.168725042064091E-01
   0.251120872301269E+02
   0.172766465475923E-01
   0.241249745918635E+02
   0.188817977282601E-01
   0.233514573032834E+02
   0.199493166954162E-01
   0.229671609115469E+02
   0.198816978015264E-01
   0.228453637252944E+02
   0.201664132056863E-01
   0.228519539944485E+02
   0.198234062203743E-01
   0.230554782624254E+02
   0.191270004262913E-01
   0.238888389860915E+02
   0.173903792923487E-01
   0.242557672229793E+02
   0.182885141330800E-01
   0.244513785888167E+02
   0.180954912410920E-01
   0.241867115824682E+02
   0.194819614584321E-01
   0.239767730547702E+02
   0.195859871322314E-01
   0.244209569559311E+02
   0.184534619064654E-01
   0.258549327232050E+02
   0.171202946731819E-01
   0.257274997583506E+02
   0.187208538098631E-01
   0.242668923044757E+02
   0.216442545694380E-01
   0.234338233983104E+02
   0.213921342932661E-01
   0.228771327315923E+02
   0.209683900301812E-01
   0.224848589773627E+02
   0.208662829593107E-01
   0.224744644614439E+02
   0.215232268148034E-01
   0.221933213147982E+02
   0.213141660892243E-01
   0.219490577155066E+02
   0.211656359740232E-01
   0.217432333298657E+02
   0.210681124517820E-01
   0.215716143869140E+02
   0.210187925792822E-01
   0.214171192606618E+02
   0.210382187673391E-01
   0.212506463893928E+02
   0.210717407289069E-01
   0.210338581883523E+02
   0.209038108633788E-01
   0.207650450198006E+02
   0.204660121691582E-01
   0.204925023613241E+02
   0.199148013843885E-01
   0.202779477125451E+02
   0.193823669559391E-01
   0.201880102175298E+02
   0.190194675115775E-01
   0.202825513980054E+02
   0.186179932277060E-01
   0.206620915967036E+02
   0.179027092657095E-01
   0.213260494957756E+02
   0.183204956209992E-01
   0.224995485660581E+02
   0.188758669693928E-01
   0.247061338120632E+02
   0.178895814369324E-01
   0.251987798898997E+02
   0.173674234216576E-01
   0.245924233567808E+02
   0.180688614485597E-01
   0.236136695456752E+02
   0.205158564568875E-01
   0.232767251821807E+02
   0.209555767373100E-01
   0.231935722307852E+02
   0.211066862480027E-01
   0.232233712180746E+02
   0.208397793580636E-01
   0.234099752864387E+02
   0.205656212139731E-01
   0.239495101512994E+02
   0.188557464877682E-01
   0.245406218479811E+02
   0.188771798210686E-01
   0.248816560526450E+02
   0.185269503856674E-01
   0.248780057461009E+02
   0.193999087042640E-01
   0.243941847348053E+02
   0.211967254272384E-01
   0.245952566270949E+02
   0.200943581540409E-01
   0.257194545587257E+02
   0.180352175614539E-01
   0.255514069944080E+02
   0.198414796539386E-01
   0.243652341918022E+02
   0.221662098084631E-01
   0.236557899561916E+02
   0.221334003266591E-01
   0.231569935620495E+02
   0.218839164054426E-01
   0.227868579377638E+02
   0.217133827739373E-01
   0.226454428366112E+02
   0.221032648949720E-01
   0.223726989334289E+02
   0.219230915855601E-01
   0.221326960242437E+02
   0.217735621697279E-01
   0.219257002035246E+02
   0.216033975542657E-01
   0.217479981387153E+02
   0.214441851878922E-01
   0.215872030900916E+02
   0.214272333769879E-01
   0.214145985382575E+02
   0.214740528570407E-01
   0.211921875146816E+02
   0.213085681421697E-01
   0.209231446641590E+02
   0.208808465148400E-01
   0.206613399965191E+02
   0.204283399293151E-01
   0.204672468048802E+02
   0.200831223560924E-01
   0.203961512041027E+02
   0.198055577834252E-01
   0.204833212467945E+02
   0.192224913549087E-01
   0.208140094010002E+02
   0.185606500459914E-01
   0.214736706300668E+02
   0.191479089648706E-01
   0.226003007553631E+02
   0.200893697056288E-01
   0.246184472374512E+02
   0.179804001352322E-01
   0.251489452932021E+02
   0.173311900341134E-01
   0.247647497930579E+02
   0.177049497498657E-01
   0.237744543384597E+02
   0.207232032964696E-01
   0.234929395223540E+02
   0.216510286190050E-01
   0.234475083488859E+02
   0.218407605282683E-01
   0.235058419950005E+02
   0.216714504939314E-01
   0.236708116750231E+02
   0.215329581963807E-01
   0.240298647779445E+02
   0.197667624155560E-01
   0.244879025737385E+02
   0.196049461410907E-01
   0.250083844235097E+02
   0.191501856575879E-01
   0.252298445826300E+02
   0.195303989559073E-01
   0.247350579507405E+02
   0.224133465978531E-01
   0.247346799503152E+02
   0.218273346472584E-01
   0.254768144804463E+02
   0.193408502635320E-01
   0.251517844890665E+02
   0.214505775412488E-01
   0.243510556399557E+02
   0.226813074939887E-01
   0.237560814553786E+02
   0.227537675321135E-01
   0.233023957610411E+02
   0.225362277992900E-01
   0.229480925497485E+02
   0.223024674400662E-01
   0.226796514838112E+02
   0.220387216809755E-01
   0.224107132035742E+02
   0.218626635255224E-01
   0.221710048193187E+02
   0.216961753063395E-01
   0.219609663142052E+02
   0.215111513572885E-01
   0.217759826060935E+02
   0.213617169756297E-01
   0.216039802859821E+02
   0.213273498660970E-01
   0.214191750292060E+02
   0.213241453495531E-01
   0.211901833286932E+02
   0.211352065303131E-01
   0.209261742289276E+02
   0.207633679550922E-01
   0.206804534606676E+02
   0.204050677896943E-01
   0.205085448896085E+02
   0.201365848323824E-01
   0.204613504177891E+02
   0.199060425605249E-01
   0.205625735036113E+02
   0.193486758487813E-01
   0.208731000173874E+02
   0.187110501114302E-01
   0.215284840737071E+02
   0.195121678400556E-01
   0.225876806312848E+02
   0.203591423922256E-01
   0.244285672937980E+02
   0.176013303953918E-01
   0.249840010506904E+02
   0.172118252060490E-01
   0.247479647220759E+02
   0.175582280607905E-01
   0.238311200694891E+02
   0.207187640749276E-01
   0.236104562600736E+02
   0.221104122036047E-01
   0.236049921607426E+02
   0.225401831130780E-01
   0.236913021255797E+02
   0.223335365728568E-01
   0.238366059210092E+02
   0.220140045094500E-01
   0.240911724434684E+02
   0.206333145251314E-01
   0.244495862977174E+02
   0.202405996876241E-01
   0.248652971090301E+02
   0.203030370903820E-01
   0.253422797030132E+02
   0.199452875862707E-01
   0.249933133427046E+02
   0.226285906506499E-01
   0.247902038329928E+02
   0.229098713389663E-01
   0.250754085583344E+02
   0.209931647849166E-01
   0.248372124622227E+02
   0.222674198409777E-01
   0.242492220684208E+02
   0.228396792664833E-01
   0.237402676190136E+02
   0.228732056867486E-01
   0.233197807782655E+02
   0.225250457936961E-01
   0.229770804186012E+02
   0.222391849156565E-01
   0.226059415848358E+02
   0.210126046850498E-01
   0.223360503877521E+02
   0.207397386663840E-01
   0.220898237691209E+02
   0.204595891736742E-01
   0.218689247820864E+02
   0.201968213541697E-01
   0.216710148422994E+02
   0.200335426624177E-01
   0.214850019891835E+02
   0.199986757637901E-01
   0.212884596436377E+02
   0.200136589663567E-01
   0.210570935781364E+02
   0.199081573550715E-01
   0.208045062338049E+02
   0.197181833862972E-01
   0.205807618072370E+02
   0.195800613424141E-01
   0.204337109593372E+02
   0.194769349349192E-01
   0.204087982228744E+02
   0.193792252279512E-01
   0.205332469899684E+02
   0.191089641140505E-01
   0.208347465200733E+02
   0.184959234587987E-01
   0.214853750591895E+02
   0.195796360207478E-01
   0.224548216341458E+02
   0.201038763774630E-01
   0.241459525590591E+02
   0.173862942400992E-01
   0.247138735893252E+02
   0.172011727130946E-01
   0.245861683902631E+02
   0.174283483543892E-01
   0.237894176632181E+02
   0.212479626963884E-01
   0.236157223427697E+02
   0.223903737346944E-01
   0.236432535082448E+02
   0.228795733355445E-01
   0.237695779440181E+02
   0.228181194887297E-01
   0.239039011978910E+02
   0.223116016147017E-01
   0.241031232128822E+02
   0.213616079260505E-01
   0.244043631351344E+02
   0.213595580775462E-01
   0.247378210733476E+02
   0.213155751371909E-01
   0.252506794156664E+02
   0.206221133443607E-01
   0.252122506158217E+02
   0.216430563667274E-01
   0.247401547204844E+02
   0.230021742439090E-01
   0.247656391499372E+02
   0.217176898215989E-01
   0.245397526385759E+02
   0.222730703131398E-01
   0.240695082814502E+02
   0.223560910287890E-01
   0.236237948121502E+02
   0.221201359365809E-01
   0.232337026217521E+02
   0.216566958501690E-01
   0.229009654272631E+02
   0.212957725023042E-01
   0.224493290698509E+02
   0.196434022220490E-01
   0.221764662075928E+02
   0.193134692960365E-01
   0.219244778860709E+02
   0.190081955270336E-01
   0.216958629911616E+02
   0.187680967854270E-01
   0.214873748703832E+02
   0.186113494298041E-01
   0.212873677705327E+02
   0.185212669949002E-01
   0.210777953077819E+02
   0.184580190517503E-01
   0.208441024283352E+02
   0.183551437528624E-01
   0.206045999673087E+02
   0.182838044988498E-01
   0.204015917031032E+02
   0.182945510034366E-01
   0.202755964301646E+02
   0.183686725739834E-01
   0.202688884277796E+02
   0.185313446918080E-01
   0.204104780491586E+02
   0.186744913337474E-01
   0.207045760968929E+02
   0.182157164445927E-01
   0.213423688912014E+02
   0.196691494501208E-01
   0.222064903455862E+02
   0.197516020411953E-01
   0.237568529053349E+02
   0.173747569564234E-01
   0.243246231316632E+02
   0.173078394459830E-01
   0.242863414783011E+02
   0.173419283192054E-01
   0.236269115930930E+02
   0.214669172592961E-01
   0.234887998153679E+02
   0.220885341873255E-01
   0.235391955208159E+02
   0.223808200076552E-01
   0.237249298457781E+02
   0.227169749931617E-01
   0.238632037994426E+02
   0.224354440854733E-01
   0.240357851647104E+02
   0.218364951237378E-01
   0.242984298410718E+02
   0.221374559727949E-01
   0.245654677209174E+02
   0.221020468303655E-01
   0.249095581434408E+02
   0.218806034127022E-01
   0.251221117007271E+02
   0.212755582047531E-01
   0.245723700820115E+02
   0.225523969142501E-01
   0.244640193984321E+02
   0.218708777738026E-01
   0.242273071748907E+02
   0.217907817287842E-01
   0.238234054832856E+02
   0.213218069012891E-01
   0.234293361356281E+02
   0.208975130213166E-01
   0.230671245879166E+02
   0.204001622531612E-01
   0.227436174045864E+02
   0.199944160149090E-01
   0.222560128109439E+02
   0.188962147362697E-01
   0.219830751598242E+02
   0.185466663019660E-01
   0.217288301245079E+02
   0.182371672789010E-01
   0.214957484156771E+02
   0.180123221521118E-01
   0.212789932331894E+02
   0.178521316283702E-01
   0.210662786512027E+02
   0.177317491518916E-01
   0.208432948137042E+02
   0.176208366919703E-01
   0.206032648246906E+02
   0.174842858580250E-01
   0.203674335384992E+02
   0.173913971207094E-01
   0.201727282271953E+02
   0.173859085282429E-01
   0.200547265439527E+02
   0.174941545871217E-01
   0.200534324062554E+02
   0.177832900607959E-01
   0.202028299734025E+02
   0.183062238239248E-01
   0.205096820348254E+02
   0.187355857277927E-01
   0.210916360660875E+02
   0.198355672791674E-01
   0.218438948058055E+02
   0.191078566103732E-01
   0.232429202812463E+02
   0.173619205486190E-01
   0.237983718288427E+02
   0.173935392494217E-01
   0.238479457526749E+02
   0.174950122933706E-01
   0.233400529957922E+02
   0.219100228203399E-01
   0.232326265113527E+02
   0.218493911586132E-01
   0.232971260500679E+02
   0.214148714982242E-01
   0.235617940357693E+02
   0.221267197836857E-01
   0.237087467603781E+02
   0.224463643986405E-01
   0.238685764707215E+02
   0.219943292310726E-01
   0.241018955697784E+02
   0.225170529294839E-01
   0.243198330638984E+02
   0.228211236719005E-01
   0.245609610124004E+02
   0.231497967710734E-01
   0.247856841894851E+02
   0.214742041218280E-01
   0.242897979048058E+02
   0.222546649950842E-01
   0.241335967501234E+02
   0.218361394520326E-01
   0.238901248902683E+02
   0.212823759195609E-01
   0.235360215833367E+02
   0.205862837789032E-01
   0.231906338306818E+02
   0.201409258719575E-01
   0.228582737621732E+02
   0.196811951812549E-01
   0.225468750611730E+02
   0.192688936696968E-01
   0.220527536158467E+02
   0.193809493632481E-01
   0.217862417928873E+02
   0.189705795650017E-01
   0.215356852095094E+02
   0.186098954264141E-01
   0.213019791774172E+02
   0.183294337448807E-01
   0.210799577575354E+02
   0.181235396184120E-01
   0.208572011138070E+02
   0.179701871152358E-01
   0.206222638282753E+02
   0.178544381325568E-01
   0.203734371922697E+02
   0.177375879469074E-01
   0.201328871654040E+02
   0.176696087910719E-01
   0.199340234807767E+02
   0.176896980589679E-01
   0.198080992726992E+02
   0.178098114419420E-01
   0.197921829598222E+02
   0.180971704872016E-01
   0.199239151926181E+02
   0.186774185738913E-01
   0.202162154816347E+02
   0.194189134361954E-01
   0.207304424986637E+02
   0.201592163999548E-01
   0.213786674753871E+02
   0.187905828147594E-01
   0.225892832088287E+02
   0.173018038754985E-01
   0.231190858879576E+02
   0.172679041334404E-01
   0.232608497804511E+02
   0.180364873869072E-01
   0.229061517935583E+02
   0.221284866438988E-01
   0.228453711709358E+02
   0.217451313567067E-01
   0.229421861132167E+02
   0.208883926825147E-01
   0.232972655924090E+02
   0.210838746463411E-01
   0.234514301712509E+02
   0.228059527444105E-01
   0.236161710038070E+02
   0.227534638872965E-01
   0.238148905357241E+02
   0.231796712550354E-01
   0.239788568777624E+02
   0.233855518007105E-01
   0.241224585478669E+02
   0.234975867121459E-01
   0.241986972315835E+02
   0.226584290287734E-01
   0.239146308374380E+02
   0.229633187060762E-01
   0.237589028653844E+02
   0.226224925032438E-01
   0.235280365554091E+02
   0.219250589521439E-01
   0.232253262215565E+02
   0.212334056356954E-01
   0.229294321755909E+02
   0.207876986477721E-01
   0.226293640886410E+02
   0.203072373603541E-01
   0.223345786070105E+02
   0.198237197183708E-01
   0.218366360699036E+02
   0.211201939044599E-01
   0.215862587139124E+02
   0.206595400667881E-01
   0.213476265290770E+02
   0.202104698130651E-01
   0.211199826933971E+02
   0.198130384231172E-01
   0.208984060704587E+02
   0.195042053977517E-01
   0.206701277346785E+02
   0.192726386570069E-01
   0.204251582697536E+02
   0.191111597644274E-01
   0.201651004697004E+02
   0.189580716377601E-01
   0.199121542865554E+02
   0.188293274943491E-01
   0.196970764484947E+02
   0.187587810375687E-01
   0.195469702019711E+02
   0.187124165108153E-01
   0.194943377154009E+02
   0.187206405129132E-01
   0.195750396744596E+02
   0.188990231934086E-01
   0.198026318857665E+02
   0.192614524325254E-01
   0.202550489589570E+02
   0.203784804683553E-01
   0.208315359086595E+02
   0.197409049264388E-01
   0.217810287481020E+02
   0.170690772512648E-01
   0.222775237420195E+02
   0.175601134168487E-01
   0.224988931006365E+02
   0.190550060455512E-01
   0.223158551434950E+02
   0.221245739710756E-01
   0.223195743565732E+02
   0.213777787131640E-01
   0.224678482296462E+02
   0.202556307576884E-01
   0.229723065236308E+02
   0.197322544778349E-01
   0.230625024770924E+02
   0.227560103837884E-01
   0.232376152237861E+02
   0.232960337003757E-01
   0.234011032860112E+02
   0.234787063013595E-01
   0.235149411980364E+02
   0.234933305993771E-01
   0.235782147339312E+02
   0.232360862725718E-01
   0.235872798626036E+02
   0.230425481466261E-01
   0.234237964465169E+02
   0.235825629784422E-01
   0.232999759406917E+02
   0.236735203014383E-01
   0.231067885488147E+02
   0.232639086672035E-01
   0.228663286628856E+02
   0.228568902126668E-01
   0.226249248953796E+02
   0.225155783305699E-01
   0.223650338039723E+02
   0.220809031091864E-01
   0.220986579103022E+02
   0.216012815171112E-01
   0.215150490468914E+02
   0.229397167543455E-01
   0.212925928338782E+02
   0.226334642126862E-01
   0.210778390970141E+02
   0.222292208070014E-01
   0.208675267622635E+02
   0.217506976179205E-01
   0.206558653626955E+02
   0.212969993330217E-01
   0.204287636709632E+02
   0.208752560744883E-01
   0.201762963331860E+02
   0.204865957984854E-01
   0.199039822163282E+02
   0.201146362382119E-01
   0.196351300399884E+02
   0.197799547516118E-01
   0.193992758504012E+02
   0.195159923074436E-01
   0.192213875419097E+02
   0.192736935592714E-01
   0.191282403336447E+02
   0.190367126944619E-01
   0.191441116256290E+02
   0.187989039004709E-01
   0.192813887377308E+02
   0.185689072502222E-01
   0.196424974005921E+02
   0.192218100720902E-01
   0.201766216114726E+02
   0.204540502738039E-01
   0.208055282426625E+02
   0.177411291404877E-01
   0.212476089406007E+02
   0.182310615319686E-01
   0.215118586920710E+02
   0.197083374136413E-01
   0.215668267112293E+02
   0.216320468119303E-01
   0.216588326085065E+02
   0.208493078221757E-01
   0.218847927087874E+02
   0.190176363828866E-01
   0.224226082720600E+02
   0.197659512002035E-01
   0.225346654887443E+02
   0.224567238967326E-01
   0.227153570679283E+02
   0.234050126079442E-01
   0.228472809924415E+02
   0.232425818404449E-01
   0.229240387187078E+02
   0.231594706513160E-01
   0.229296403513885E+02
   0.228128327078630E-01
   0.228942362979440E+02
   0.227090630934072E-01
   0.227899546832646E+02
   0.232748987972363E-01
   0.226996198914201E+02
   0.237002526704959E-01
   0.225538368228824E+02
   0.237247377025514E-01
   0.223744250076959E+02
   0.237400134395069E-01
   0.221889696520910E+02
   0.237325525374772E-01
   0.219747231733882E+02
   0.235137593100125E-01
   0.217462248594623E+02
   0.232418990229718E-01
   0.209880469933884E+02
   0.229652537257819E-01
   0.207976726000500E+02
   0.229102733834812E-01
   0.206163382680225E+02
   0.227883006471423E-01
   0.204377434375382E+02
   0.225074731254628E-01
   0.202519935650729E+02
   0.221258649842048E-01
   0.200411494626205E+02
   0.216310182864154E-01
   0.197924354344116E+02
   0.210187557832580E-01
   0.195146698662262E+02
   0.204120781432728E-01
   0.192332231281870E+02
   0.199001613947122E-01
   0.189777507068650E+02
   0.195068452968279E-01
   0.187738264771135E+02
   0.191916847644641E-01
   0.186452163134255E+02
   0.189319687860019E-01
   0.186094749840450E+02
   0.186426462163497E-01
   0.186810135669608E+02
   0.182110196117451E-01
   0.189358045786048E+02
   0.178542362357314E-01
   0.193856959668323E+02
   0.186168459261988E-01
   0.198976214314454E+02
   0.185434327045808E-01
   0.202650096502637E+02
   0.186898480117439E-01
   0.204943235950020E+02
   0.188628378536228E-01
   0.206616101956927E+02
   0.203512159987317E-01
   0.208578897263858E+02
   0.203555429238691E-01
   0.212218548438685E+02
   0.172564328595516E-01
   0.216366203889866E+02
   0.204838720867025E-01
   0.218649431962278E+02
   0.223033145332645E-01
   0.220435482941575E+02
   0.227065775353507E-01
   0.221552747980778E+02
   0.225717244329208E-01
   0.222029172565199E+02
   0.224528994278801E-01
   0.221718833802598E+02
   0.220697770184429E-01
   0.220996090980177E+02
   0.217975802308289E-01
   0.220087642404527E+02
   0.220612343260390E-01
   0.219356110270824E+02
   0.224943178336482E-01
   0.218268971888069E+02
   0.227232858449518E-01
   0.216958779578299E+02
   0.229786669927306E-01
   0.215540498713460E+02
   0.232068850458371E-01
   0.213792103944698E+02
   0.231668055507856E-01
   0.211869552320254E+02
   0.230725418722887E-01
   0.202402969211243E+02
   0.215656722884861E-01
   0.200732151067489E+02
   0.215749269253783E-01
   0.199190675101275E+02
   0.216484537989707E-01
   0.197733790605399E+02
   0.217018447181283E-01
   0.196219452340796E+02
   0.216389212622479E-01
   0.194422623622668E+02
   0.213776285691314E-01
   0.192166064134655E+02
   0.208557991571158E-01
   0.189503698845076E+02
   0.202086635273949E-01
   0.186679694447007E+02
   0.195936549375221E-01
   0.183998851627520E+02
   0.190883181339005E-01
   0.181750152989715E+02
   0.187060180255512E-01
   0.180172207654312E+02
   0.184252861874811E-01
   0.179445720893277E+02
   0.181814207710544E-01
   0.179773594626800E+02
   0.179135876291907E-01
   0.181756183038372E+02
   0.177745868314007E-01
   0.185565024620200E+02
   0.183558615329715E-01
   0.189598313211523E+02
   0.183477259486393E-01
   0.192354530092454E+02
   0.182325422386769E-01
   0.194091147811249E+02
   0.182232966965857E-01
   0.196130218302027E+02
   0.189893412399188E-01
   0.198961855724030E+02
   0.194132475842494E-01
   0.203402714901716E+02
   0.166252828608527E-01
   0.207648184320430E+02
   0.199599250967356E-01
   0.210494350526509E+02
   0.210888605286320E-01
   0.212238721308782E+02
   0.213984227064862E-01
   0.213232072647415E+02
   0.215272573044321E-01
   0.213501408029111E+02
   0.214729626749431E-01
   0.212970249087691E+02
   0.211210257876404E-01
   0.212023608538242E+02
   0.207672201398152E-01
   0.211107783199602E+02
   0.208175024540063E-01
   0.210388016969739E+02
   0.210828720492845E-01
   0.209462529193292E+02
   0.212565929732005E-01
   0.208421735105923E+02
   0.214803605630663E-01
   0.207270057223508E+02
   0.216921275943876E-01
   0.205797807189525E+02
   0.217017659606142E-01
   0.204147284507589E+02
   0.216440245063906E-01
   0.192987521596332E+02
   0.199354482764713E-01
   0.191463082830567E+02
   0.198836368258226E-01
   0.190076729519630E+02
   0.199384261938837E-01
   0.188830702090327E+02
   0.201023083015085E-01
   0.187583384133204E+02
   0.202616064871908E-01
   0.186100237665808E+02
   0.203041298658428E-01
   0.184176721365556E+02
   0.201085699981640E-01
   0.181794630598708E+02
   0.196709113970370E-01
   0.179126158428215E+02
   0.190990692700828E-01
   0.176443042177817E+02
   0.185046322024015E-01
   0.174070771806315E+02
   0.180160093942280E-01
   0.172273684025352E+02
   0.176490570772743E-01
   0.171275199062286E+02
   0.173505848856009E-01
   0.171347427960006E+02
   0.170792736336510E-01
   0.172968887833209E+02
   0.170140361563095E-01
   0.176129325290414E+02
   0.174656857714018E-01
   0.179235380670160E+02
   0.175144439429569E-01
   0.181125533180524E+02
   0.172780430271279E-01
   0.182168580175274E+02
   0.170083731253439E-01
   0.184233326799862E+02
   0.174814158295676E-01
   0.187766741067517E+02
   0.180281470102253E-01
   0.192490873604182E+02
   0.172707085402076E-01
   0.197929427722150E+02
   0.190330744947646E-01
   0.201011369198520E+02
   0.196626254301931E-01
   0.202656280438114E+02
   0.199436524818718E-01
   0.203481058534154E+02
   0.201759197833893E-01
   0.203590556737787E+02
   0.202213561015635E-01
   0.202952610164082E+02
   0.199974460487017E-01
   0.201910784605609E+02
   0.196867344877514E-01
   0.200932587766140E+02
   0.196195949083469E-01
   0.200140393117893E+02
   0.197464088982628E-01
   0.199248934557625E+02
   0.198399246004849E-01
   0.198310551396949E+02
   0.199744117239406E-01
   0.197271807823603E+02
   0.200726924382676E-01
   0.195991124488127E+02
   0.200762983867707E-01
   0.194546570013423E+02
   0.200276300043047E-01
   0.181739111675250E+02
   0.183219079826432E-01
   0.180314280059151E+02
   0.182200902438191E-01
   0.179005950304525E+02
   0.181921989198048E-01
   0.177859882885577E+02
   0.182864851214159E-01
   0.176757405539864E+02
   0.184343630168530E-01
   0.175486472108205E+02
   0.185604910801593E-01
   0.173860964342140E+02
   0.186025661679532E-01
   0.171814920007971E+02
   0.184662548308072E-01
   0.169428580461623E+02
   0.181291672059544E-01
   0.166899644376892E+02
   0.176365652977494E-01
   0.164536191153574E+02
   0.171239958403911E-01
   0.162620597675225E+02
   0.166806670092647E-01
   0.161441922682099E+02
   0.163311042721566E-01
   0.161349647734855E+02
   0.160921861999652E-01
   0.162708526674982E+02
   0.160437453473171E-01
   0.165307574179873E+02
   0.162637526920440E-01
   0.167675349690642E+02
   0.162721963973176E-01
   0.168785129785415E+02
   0.160742306634541E-01
   0.168950777560473E+02
   0.155208937764849E-01
   0.170780822224969E+02
   0.157793146923811E-01
   0.175009466102518E+02
   0.162980555002888E-01
   0.181055830177696E+02
   0.169808994072919E-01
   0.187125017959889E+02
   0.179945593373526E-01
   0.190286379934118E+02
   0.182060778284713E-01
   0.191731865829150E+02
   0.184111091253789E-01
   0.192315342331078E+02
   0.186032047496067E-01
   0.192260231822552E+02
   0.187068170482406E-01
   0.191558520520603E+02
   0.186298857426448E-01
   0.190473290618342E+02
   0.184265514340936E-01
   0.189412799056931E+02
   0.183200292017280E-01
   0.188492805497344E+02
   0.183352880334955E-01
   0.187540148682206E+02
   0.183463351667856E-01
   0.186593624816698E+02
   0.184040811580769E-01
   0.185587800688208E+02
   0.184361066869880E-01
   0.184435244309588E+02
   0.184386278511880E-01
   0.183150041450271E+02
   0.184065960313295E-01
   0.168684532072041E+02
   0.167192313326818E-01
   0.167340880622390E+02
   0.166134289772421E-01
   0.166069855811186E+02
   0.165312517154687E-01
   0.164944270328658E+02
   0.165251607742599E-01
   0.163884529976897E+02
   0.165775728160527E-01
   0.162718491746711E+02
   0.166433639501299E-01
   0.161294398108165E+02
   0.167041085056115E-01
   0.159537851076356E+02
   0.166976087273624E-01
   0.157460479905535E+02
   0.165586922259839E-01
   0.155187432838118E+02
   0.162666467050342E-01
   0.152969188087142E+02
   0.158845833486456E-01
   0.151055414785292E+02
   0.154456483428360E-01
   0.149787621958690E+02
   0.150577086439309E-01
   0.149611517070890E+02
   0.148470465227750E-01
   0.150830447513247E+02
   0.148626799748571E-01
   0.153044597577299E+02
   0.149997867847860E-01
   0.154865667832437E+02
   0.149936088420389E-01
   0.155205078181835E+02
   0.147657057742708E-01
   0.154251882399600E+02
   0.139245962560945E-01
   0.155621151693257E+02
   0.139128962507210E-01
   0.160560953652871E+02
   0.146179865373329E-01
   0.168270284602365E+02
   0.158140601818844E-01
   0.175196443777998E+02
   0.170726369024727E-01
   0.178409372525712E+02
   0.170350251689031E-01
   0.179548104344182E+02
   0.170194799899680E-01
   0.179804032754720E+02
   0.170567312661383E-01
   0.179525251909957E+02
   0.171124162368343E-01
   0.178727040618186E+02
   0.170909923870578E-01
   0.177594663203319E+02
   0.169934527832565E-01
   0.176443495936486E+02
   0.169184319651012E-01
   0.175367222255113E+02
   0.168637832206938E-01
   0.174290242877210E+02
   0.168066110841832E-01
   0.173258347898356E+02
   0.167944680916350E-01
   0.172226854866628E+02
   0.167828289685727E-01
   0.171142070720579E+02
   0.167853393830753E-01
   0.169974353480559E+02
   0.167819350991061E-01
   0.153781272283285E+02
   0.150425092505576E-01
   0.152509481631805E+02
   0.149516792040041E-01
   0.151265368004471E+02
   0.148508706379698E-01
   0.150131745011849E+02
   0.147841984161549E-01
   0.149062865820686E+02
   0.147692572356415E-01
   0.147931978624297E+02
   0.147729452372932E-01
   0.146618336027792E+02
   0.147688435134717E-01
   0.145067917285704E+02
   0.147708028808610E-01
   0.143256298158705E+02
   0.147036732237553E-01
   0.141256961742071E+02
   0.145425481942429E-01
   0.139256268087457E+02
   0.143019271422118E-01
   0.137444632245345E+02
   0.139419982255643E-01
   0.136165514400414E+02
   0.135494601493513E-01
   0.135968655928093E+02
   0.133938770650382E-01
   0.137171928628463E+02
   0.135636569665917E-01
   0.139233629796884E+02
   0.138256867494479E-01
   0.140735832575848E+02
   0.139175436394618E-01
   0.140313229362614E+02
   0.136049106141462E-01
   0.137856815133041E+02
   0.122104169362058E-01
   0.138539465054928E+02
   0.117150181391284E-01
   0.144148606311700E+02
   0.127985244097971E-01
   0.154138876099703E+02
   0.154403380898886E-01
   0.162087398004911E+02
   0.169950408339661E-01
   0.165320377196242E+02
   0.165781609251370E-01
   0.166060005267175E+02
   0.160873640851317E-01
   0.165934192527577E+02
   0.158204121591997E-01
   0.165372566034376E+02
   0.156967455380811E-01
   0.164410850403092E+02
   0.155887208177531E-01
   0.163176109081151E+02
   0.154718797791828E-01
   0.161905852662271E+02
   0.154062307712193E-01
   0.160660333550995E+02
   0.153162758141189E-01
   0.159424353103763E+02
   0.152107824651797E-01
   0.158256995126221E+02
   0.151421597274295E-01
   0.157152913712441E+02
   0.151010507696945E-01
   0.156077372791549E+02
   0.150885998294638E-01
   0.154978046973077E+02
   0.150871009087575E-01
   0.136921710077637E+02
   0.136586638504416E-01
   0.135709134010785E+02
   0.135559766577977E-01
   0.134496463964530E+02
   0.134375713130122E-01
   0.133369386315944E+02
   0.133462329349931E-01
   0.132282427917396E+02
   0.132822912291324E-01
   0.131157734414678E+02
   0.132357401413257E-01
   0.129907442881539E+02
   0.131761123779986E-01
   0.128493455351507E+02
   0.131288130083580E-01
   0.126889099017542E+02
   0.130660405860319E-01
   0.125134204927200E+02
   0.129798477818175E-01
   0.123369760196744E+02
   0.129177263424476E-01
   0.121733141751602E+02
   0.128124936772401E-01
   0.120515501808635E+02
   0.126213546033335E-01
   0.120287547526790E+02
   0.125338390188184E-01
   0.121491961513749E+02
   0.127378646704662E-01
   0.123613805085676E+02
   0.131351831514768E-01
   0.125073252830519E+02
   0.133420842996846E-01
   0.124040450941764E+02
   0.129636068737924E-01
   0.119521023678763E+02
   0.960073737620662E-02
   0.119411554268073E+02
   0.898364130321522E-02
   0.125371378198619E+02
   0.103033935217675E-01
   0.137387130554675E+02
   0.146726682594235E-01
   0.146638219420701E+02
   0.169727482029652E-01
   0.150307938139577E+02
   0.168452171536289E-01
   0.150884673532899E+02
   0.161237225885301E-01
   0.150442546716479E+02
   0.156050326988875E-01
   0.149596019837730E+02
   0.152509387125268E-01
   0.148412050612180E+02
   0.149538098608058E-01
   0.147013957154522E+02
   0.146736571576387E-01
   0.145589126005078E+02
   0.144508174075223E-01
   0.144175395606673E+02
   0.142452961665676E-01
   0.142781010371017E+02
   0.140539022757695E-01
   0.141458563670393E+02
   0.139072350310358E-01
   0.140249346800820E+02
   0.138113764067398E-01
   0.139135760937987E+02
   0.137589393184584E-01
   0.138057800791589E+02
   0.137230548685061E-01
   0.117823862965823E+02
   0.126765029639680E-01
   0.116652084276071E+02
   0.125936233910593E-01
   0.115470137033469E+02
   0.124973293325634E-01
   0.114362479434914E+02
   0.123974921780638E-01
   0.113273670792366E+02
   0.123078433998583E-01
   0.112166920687577E+02
   0.122360191171340E-01
   0.110987669041788E+02
   0.121703805321277E-01
   0.109702467551942E+02
   0.121132920526407E-01
   0.108289389769534E+02
   0.120781827754009E-01
   0.106742714930882E+02
   0.120248102316296E-01
   0.105160789333922E+02
   0.119648630572235E-01
   0.103673575984124E+02
   0.118809009139118E-01
   0.102540744054170E+02
   0.117282556555256E-01
   0.102296392099498E+02
   0.116278169768323E-01
   0.103472930203625E+02
   0.117748520093369E-01
   0.105744524783112E+02
   0.122508325979553E-01
   0.107467716397576E+02
   0.127143866463266E-01
   0.106323463492147E+02
   0.124469321687145E-01
   0.100193563638044E+02
   0.865801563393053E-02
   0.992283829459337E+01
   0.776609280144336E-02
   0.104801821807131E+02
   0.864208162899629E-02
   0.117606601080935E+02
   0.136206621408844E-01
   0.127251064677615E+02
   0.158650502344227E-01
   0.131596040309320E+02
   0.162497472128230E-01
   0.132665856111640E+02
   0.158307394662422E-01
   0.132419108660613E+02
   0.154204292804635E-01
   0.131564401737995E+02
   0.149940585147419E-01
   0.130287530432180E+02
   0.145406288490257E-01
   0.128758940945627E+02
   0.141113195728813E-01
   0.127196335437924E+02
   0.137649793420083E-01
   0.125627616440323E+02
   0.134713939447910E-01
   0.124095316193926E+02
   0.132406617708725E-01
   0.122598906999150E+02
   0.130288794295819E-01
   0.121243567684228E+02
   0.128737986432715E-01
   0.120035020177315E+02
   0.127763654288667E-01
   0.118930535663031E+02
   0.127254335930196E-01
   0.962076144248282E+01
   0.116963321988063E-01
   0.950064682827033E+01
   0.115826949547887E-01
   0.938145540222929E+01
   0.114658852791132E-01
   0.927662406998253E+01
   0.113982366230445E-01
   0.916978396780354E+01
   0.113153625739494E-01
   0.906171421286133E+01
   0.112425432215830E-01
   0.895146566119368E+01
   0.111839479945108E-01
   0.883698000959885E+01
   0.111383436756687E-01
   0.871516906971815E+01
   0.111031404020366E-01
   0.858450641121375E+01
   0.110658241113599E-01
   0.845278733395777E+01
   0.110272589983501E-01
   0.833062939883560E+01
   0.109708255055457E-01
   0.823963423126127E+01
   0.108800426924175E-01
   0.822269239507514E+01
   0.108250289789217E-01
   0.833011890175021E+01
   0.109244587069018E-01
   0.855824490675622E+01
   0.113372673331264E-01
   0.875936629068100E+01
   0.119643289244300E-01
   0.870746360032447E+01
   0.122331577011174E-01
   0.804037247715791E+01
   0.840440689011590E-02
   0.787867371436661E+01
   0.758335814184315E-02
   0.831231445921015E+01
   0.815905354072503E-02
   0.942007488866172E+01
   0.115586884599131E-01
   0.102785669321541E+02
   0.132151106587967E-01
   0.107480124906565E+02
   0.139651904287569E-01
   0.109434325709561E+02
   0.140761892045432E-01
   0.109993454458622E+02
   0.140980676046405E-01
   0.109775826659292E+02
   0.140083186538356E-01
   0.108979441829067E+02
   0.137620116439066E-01
   0.107750337622609E+02
   0.134546055442044E-01
   0.106281706646124E+02
   0.131209081523671E-01
   0.104671479899421E+02
   0.127900690098924E-01
   0.103019636636634E+02
   0.125079606604447E-01
   0.101402153153499E+02
   0.122582592545279E-01
   0.999164067160770E+01
   0.120560049646102E-01
   0.985716762076201E+01
   0.119006538739688E-01
   0.973688365604664E+01
   0.117910962743338E-01
   0.719245970525170E+01
   0.106988954023420E-01
   0.707336349150604E+01
   0.105807455109831E-01
   0.695633148909854E+01
   0.104654630954458E-01
   0.684591690823092E+01
   0.103587351538317E-01
   0.673660566113279E+01
   0.102509733809263E-01
   0.663058916313884E+01
   0.101714698100755E-01
   0.652888245229204E+01
   0.101198050688808E-01
   0.643011982891033E+01
   0.100966958412209E-01
   0.633028344499382E+01
   0.100798388714378E-01
   0.622655793863390E+01
   0.100667375627767E-01
   0.612853967884644E+01
   0.100606366487384E-01
   0.604327034369988E+01
   0.100483510695021E-01
   0.598704542972389E+01
   0.100270459318950E-01
   0.598787305080177E+01
   0.100236324938961E-01
   0.607995707367252E+01
   0.100991186088390E-01
   0.627494508491349E+01
   0.103760601603149E-01
   0.647601528332983E+01
   0.109105086521092E-01
   0.651857723736614E+01
   0.116206854116536E-01
   0.607079719157406E+01
   0.958597844223887E-02
   0.587735943795041E+01
   0.905157137521269E-02
   0.607829454423846E+01
   0.870278896653957E-02
   0.672041403702655E+01
   0.946554719746248E-02
   0.732241893351089E+01
   0.100192348371540E-01
   0.775434315247598E+01
   0.106299865523534E-01
   0.801547509204151E+01
   0.110668588523712E-01
   0.815967100403750E+01
   0.114173640152067E-01
   0.823926088572468E+01
   0.117403156116240E-01
   0.825438032082845E+01
   0.119152068861117E-01
   0.820689517776955E+01
   0.119290317877552E-01
   0.811636305688734E+01
   0.118378626786592E-01
   0.799141350210515E+01
   0.116513602716473E-01
   0.784702773156905E+01
   0.114430857923085E-01
   0.769828151231582E+01
   0.112342010869708E-01
   0.755836999695979E+01
   0.110612363514074E-01
   0.742518184792092E+01
   0.109049482607995E-01
   0.730655585134861E+01
   0.107952113022462E-01
   0.433400025312092E+01
   0.930071679197797E-02
   0.422730051792192E+01
   0.921681785360216E-02
   0.412639604843470E+01
   0.914601271087725E-02
   0.402837182681802E+01
   0.907522933904331E-02
   0.393077902100596E+01
   0.899792420044044E-02
   0.383728380855133E+01
   0.893490205322652E-02
   0.375121375707589E+01
   0.889701844826120E-02
   0.367144687156112E+01
   0.888390282391750E-02
   0.359442229097678E+01
   0.887860428869792E-02
   0.351465326759481E+01
   0.885137541830044E-02
   0.345335611286393E+01
   0.885887044014188E-02
   0.341046754757771E+01
   0.887424799957671E-02
   0.339379031770350E+01
   0.889528343793747E-02
   0.341769896993887E+01
   0.893029387353185E-02
   0.349561693095518E+01
   0.899167257062355E-02
   0.363076082318426E+01
   0.915147232468747E-02
   0.377731926596662E+01
   0.946512912450846E-02
   0.381223403608195E+01
   0.984140648458272E-02
   0.357196253725229E+01
   0.911331857192633E-02
   0.339073296787813E+01
   0.853049309680338E-02
   0.341645901417521E+01
   0.801537795268562E-02
   0.369079817696877E+01
   0.791136992641240E-02
   0.403218755231962E+01
   0.796736228257263E-02
   0.434296904245383E+01
   0.821839877395966E-02
   0.457696888821619E+01
   0.847959328035691E-02
   0.474934960734780E+01
   0.875011378188561E-02
   0.488601621870332E+01
   0.908386443981354E-02
   0.497757705936140E+01
   0.938664159094706E-02
   0.501444982851238E+01
   0.959615351504069E-02
   0.499718682605286E+01
   0.968458190769561E-02
   0.493348984200596E+01
   0.966508028357069E-02
   0.483783268315712E+01
   0.958258857185495E-02
   0.472943718106344E+01
   0.948558577008361E-02
   0.462804221265833E+01
   0.943131701893808E-02
   0.452851428763151E+01
   0.938743283788577E-02
   0.443096923502765E+01
   0.934345305994274E-02
   0.786172225004207E+00
   0.728263922572089E-02
   0.719411952859198E+00
   0.727882792910593E-02
   0.649580434749008E+00
   0.726025158054560E-02
   0.577039185737404E+00
   0.723038078591276E-02
   0.502497813804176E+00
   0.718573719858609E-02
   0.431805957378510E+00
   0.713924038116125E-02
   0.369423215051505E+00
   0.710482706709453E-02
   0.313553742537418E+00
   0.708101448693625E-02
   0.262433207117794E+00
   0.705984994930115E-02
   0.222614774765219E+00
   0.704733592433685E-02
   0.203816154205423E+00
   0.706086057314872E-02
   0.202511142127834E+00
   0.708028675953209E-02
   0.220043323586004E+00
   0.710471135161374E-02
   0.260195632912447E+00
   0.713548215443597E-02
   0.323808591199131E+00
   0.717981556841746E-02
   0.403831276152333E+00
   0.726805897530164E-02
   0.484768372323833E+00
   0.747007842145441E-02
   0.502071212227527E+00
   0.768286199727166E-02
   0.377182352872169E+00
   0.741635636351914E-02
   0.230757557385885E+00
   0.703931726655242E-02
   0.159293826434909E+00
   0.667343855992861E-02
   0.221384014734203E+00
   0.646629868332726E-02
   0.354450536253373E+00
   0.635855094609696E-02
   0.511012372319139E+00
   0.634361061767206E-02
   0.658391645733843E+00
   0.637450437846865E-02
   0.792187053762299E+00
   0.644777541334623E-02
   0.917118196209987E+00
   0.659706109177600E-02
   0.102574127617531E+01
   0.680423772984163E-02
   0.110333860470226E+01
   0.701273941371592E-02
   0.113907618176992E+01
   0.716010094015318E-02
   0.113422385823407E+01
   0.723735839863601E-02
   0.109790771295242E+01
   0.726495460495981E-02
   0.104198080066952E+01
   0.726064065701503E-02
   0.982496768515580E+00
   0.726757196206360E-02
   0.920745582838607E+00
   0.727912883781612E-02
   0.852003424607070E+00
   0.727636772148102E-02
  -0.376210914096199E+01
   0.489559624436255E-02
  -0.379089869298636E+01
   0.490962367552715E-02
  -0.382466142477215E+01
   0.490297516930896E-02
  -0.386220035173366E+01
   0.487792939815296E-02
  -0.390114691059423E+01
   0.483831770397568E-02
  -0.393257902171059E+01
   0.479655404892414E-02
  -0.395286313181396E+01
   0.476289722516027E-02
  -0.396059564509577E+01
   0.474446041517300E-02
  -0.395675746719006E+01
   0.473816877972791E-02
  -0.394112362304083E+01
   0.474183693674879E-02
  -0.391452602818750E+01
   0.474751267374024E-02
  -0.388076556280203E+01
   0.475443791002059E-02
  -0.384134963859598E+01
   0.476884096738553E-02
  -0.379645989805695E+01
   0.479825663977143E-02
  -0.375144582507738E+01
   0.484468995013401E-02
  -0.371450310610091E+01
   0.491979813903091E-02
  -0.369860224938431E+01
   0.503078233673174E-02
  -0.372549452522448E+01
   0.513734968704672E-02
  -0.380590637212351E+01
   0.514179668838282E-02
  -0.391181085576157E+01
   0.504033726200320E-02
  -0.400487053492920E+01
   0.487421518043295E-02
  -0.405899269225704E+01
   0.469414232991578E-02
  -0.407217452268696E+01
   0.453531215268748E-02
  -0.404873039010381E+01
   0.442367293049634E-02
  -0.399763977081966E+01
   0.437235071701970E-02
  -0.392612309384762E+01
   0.438796261468730E-02
  -0.384246748284644E+01
   0.446158172832997E-02
  -0.376107160103419E+01
   0.456842873583403E-02
  -0.369514977232568E+01
   0.468140998807395E-02
  -0.365390542930134E+01
   0.477095778029002E-02
  -0.363959507470408E+01
   0.481963819936945E-02
  -0.364708131775784E+01
   0.483468416214777E-02
  -0.366722955095612E+01
   0.483489702757853E-02
  -0.369111647005652E+01
   0.483987209991596E-02
  -0.371450098079181E+01
   0.485264563591969E-02
  -0.373734329842232E+01
   0.487179497596190E-02
  -0.998703813830485E+01
   0.274371657365649E-02
  -0.993000011286388E+01
   0.276894300164754E-02
  -0.988055949177001E+01
   0.278050158626052E-02
  -0.983364271171537E+01
   0.278288772606082E-02
  -0.977309765758400E+01
   0.279522516543314E-02
  -0.969263619148857E+01
   0.282355919316419E-02
  -0.958667442972221E+01
   0.287346278485828E-02
  -0.945051561262942E+01
   0.295007655413072E-02
  -0.930627928689871E+01
   0.303296659533777E-02
  -0.915936503654647E+01
   0.311887385150236E-02
  -0.901880738255077E+01
   0.320181738925361E-02
  -0.889662718457609E+01
   0.327676413071165E-02
  -0.878336709222561E+01
   0.336169610760802E-02
  -0.872291545425657E+01
   0.340497210056653E-02
  -0.871524636387796E+01
   0.341240556355526E-02
  -0.876462791687331E+01
   0.338338492317934E-02
  -0.887964526999813E+01
   0.331021789811695E-02
  -0.907274463337392E+01
   0.317689945902228E-02
  -0.928313385269757E+01
   0.305236709988065E-02
  -0.950514020602444E+01
   0.293171213044670E-02
  -0.972660188443481E+01
   0.281549361314224E-02
  -0.994333392414863E+01
   0.269561207946158E-02
  -0.101455126448217E+02
   0.257660551686172E-02
  -0.102832592666490E+02
   0.250033897006823E-02
  -0.103639687587519E+02
   0.246013631305099E-02
  -0.103985104238416E+02
   0.244818573976986E-02
  -0.104006254343596E+02
   0.245523050606664E-02
  -0.103852547425252E+02
   0.247129397397952E-02
  -0.103625854532379E+02
   0.248973414548675E-02
  -0.103398478484006E+02
   0.250570554484719E-02
  -0.103182605717082E+02
   0.251890402291248E-02
  -0.102942817743631E+02
   0.253287900095998E-02
  -0.102639772378871E+02
   0.255151086860846E-02
  -0.102203308522331E+02
   0.258099267524732E-02
  -0.101551189716765E+02
   0.262782203006145E-02
  -0.100593288822124E+02
   0.269875734941097E-02
