   0.101405965764175E+02
   0.722591090298897E-02
   0.901417465567504E+01
   0.690970742577411E-02
   0.828950175862012E+01
   0.666273484784097E-02
   0.788121254227547E+01
   0.648274876937276E-02
   0.780509442994435E+01
   0.637391636207223E-02
   0.818870894870376E+01
   0.634401278928762E-02
   0.767645589586214E+01
   0.640189390948673E-02
   0.769390087745338E+01
   0.655304629091797E-02
   0.820387376194141E+01
   0.679877898554096E-02
   0.919851207498070E+01
   0.713428249295474E-02
   0.107106691977519E+02
   0.754994825936968E-02
   0.129425665450537E+02
   0.802945986709803E-02
   0.161913554575797E+02
   0.855651280455214E-02
   0.190338335920347E+02
   0.910337098022458E-02
   0.215924553302930E+02
   0.964200389778698E-02
   0.238960666412137E+02
   0.101501672852067E-01
   0.258532114553285E+02
   0.106121385070232E-01
   0.274420948576213E+02
   0.110177023364719E-01
   0.286789580073066E+02
   0.113608091466239E-01
   0.295984224739376E+02
   0.116414271482193E-01
   0.302402869980756E+02
   0.118653920087924E-01
   0.306390806177370E+02
   0.120362600967803E-01
   0.308153746193220E+02
   0.121529445197354E-01
   0.307696757739095E+02
   0.122095538209025E-01
   0.304826011677905E+02
   0.121958091816072E-01
   0.299203024125413E+02
   0.121021783585078E-01
   0.290375292597815E+02
   0.119243776701967E-01
   0.277768030281071E+02
   0.116598802249740E-01
   0.260653889268803E+02
   0.113072487125366E-01
   0.238125842594942E+02
   0.108693816182742E-01
   0.209100165219565E+02
   0.103570836270936E-01
   0.172346841580681E+02
   0.979052566106346E-02
   0.144411557045347E+02
   0.919929133516157E-02
   0.124311205067039E+02
   0.861909568881452E-02
   0.110847841989778E+02
   0.808404103167622E-02
   0.103287199108668E+02
   0.761714611273739E-02
   0.134403344921295E+02
   0.904055328372518E-02
   0.140063159363964E+02
   0.874314353713331E-02
   0.137961601697093E+02
   0.847847544602672E-02
   0.130051828494448E+02
   0.820665233101324E-02
   0.114732046965616E+02
   0.798891273645970E-02
   0.107777452619227E+02
   0.788343252741398E-02
   0.105474756378147E+02
   0.788002617648152E-02
   0.107592352860037E+02
   0.799492708573732E-02
   0.114663671487978E+02
   0.821324287557638E-02
   0.128498145937607E+02
   0.851415251204477E-02
   0.130808837493870E+02
   0.892381237039322E-02
   0.138857384297601E+02
   0.938144907944962E-02
   0.153500140546748E+02
   0.100632187865097E-01
   0.174064652299089E+02
   0.108424060421535E-01
   0.202236602616945E+02
   0.115897865070604E-01
   0.241503806770058E+02
   0.122850511998097E-01
   0.268419181588906E+02
   0.129197630093089E-01
   0.286358932083416E+02
   0.134684142875288E-01
   0.297783171116888E+02
   0.138658819825059E-01
   0.304631225648169E+02
   0.140972925619894E-01
   0.308587549041192E+02
   0.143010731740609E-01
   0.311081832013317E+02
   0.145202248626291E-01
   0.313082914169380E+02
   0.147567116949366E-01
   0.314584492852745E+02
   0.149969322079264E-01
   0.314726999973918E+02
   0.151404379765484E-01
   0.312749437924150E+02
   0.151025730185060E-01
   0.308201021223642E+02
   0.149491983401739E-01
   0.300743418981244E+02
   0.147035763239740E-01
   0.289821085861940E+02
   0.143360710041253E-01
   0.274309135010967E+02
   0.138130336047675E-01
   0.252562620758963E+02
   0.131287674776823E-01
   0.222925384735007E+02
   0.123258808481729E-01
   0.184138248376843E+02
   0.114324957579609E-01
   0.159589659316428E+02
   0.105814983617588E-01
   0.144592827430899E+02
   0.989439983677301E-02
   0.136437583337642E+02
   0.940388903427182E-02
   0.160080237525603E+02
   0.114816328382998E-01
   0.156442001325531E+02
   0.111883314712955E-01
   0.151739825838778E+02
   0.109057508241255E-01
   0.145457414542865E+02
   0.104277793418774E-01
   0.138429399448723E+02
   0.992377885851582E-02
   0.134333150002354E+02
   0.980740270553217E-02
   0.133167226506796E+02
   0.992193277470753E-02
   0.134871227558591E+02
   0.101746212758970E-01
   0.139405375448424E+02
   0.104820566133463E-01
   0.147601829690646E+02
   0.109142349105241E-01
   0.160841803398027E+02
   0.113530753236582E-01
   0.163475849954597E+02
   0.110133229387956E-01
   0.178143524557939E+02
   0.118618551092985E-01
   0.198477216786001E+02
   0.128277601929948E-01
   0.224948006521526E+02
   0.134798008648510E-01
   0.261748245300656E+02
   0.141600097240221E-01
   0.284813964424311E+02
   0.149290995894339E-01
   0.298630704164913E+02
   0.157617220902345E-01
   0.305695280346821E+02
   0.162472580607499E-01
   0.308001962830432E+02
   0.160421335236780E-01
   0.307741612206656E+02
   0.161171336226124E-01
   0.307360898175729E+02
   0.163679795608246E-01
   0.309513010663843E+02
   0.167190553027372E-01
   0.313882294445784E+02
   0.173660315353696E-01
   0.316909610992441E+02
   0.178424086145104E-01
   0.317122802968683E+02
   0.176156499535371E-01
   0.314491956101227E+02
   0.173822330325676E-01
   0.309566949045301E+02
   0.172082430723307E-01
   0.302738125608739E+02
   0.169001817953992E-01
   0.292613731928591E+02
   0.163206948598539E-01
   0.275920593689476E+02
   0.154352282395827E-01
   0.249664133565702E+02
   0.145644882756980E-01
   0.210971101649348E+02
   0.134341962941715E-01
   0.187421391003265E+02
   0.125199120413642E-01
   0.173742808460189E+02
   0.120186125659200E-01
   0.165479787722038E+02
   0.118101981675643E-01
   0.188225138474455E+02
   0.144973085374439E-01
   0.182738114599398E+02
   0.139978487687778E-01
   0.177091054713100E+02
   0.135004891191191E-01
   0.171298100534904E+02
   0.130391854846149E-01
   0.165721167159138E+02
   0.125237840549664E-01
   0.162000552565775E+02
   0.122734675800838E-01
   0.160503824512222E+02
   0.123376651702528E-01
   0.160932631141487E+02
   0.125081413127282E-01
   0.163062231996365E+02
   0.126378178929956E-01
   0.167207517894843E+02
   0.126376968585072E-01
   0.174053034610445E+02
   0.128449383393899E-01
   0.184174448595294E+02
   0.125399140518563E-01
   0.211041043539691E+02
   0.138180362745463E-01
   0.234639875422824E+02
   0.142957223302909E-01
   0.258153843347321E+02
   0.145859341783626E-01
   0.281652862315097E+02
   0.151219248952857E-01
   0.298401969819692E+02
   0.158495048055037E-01
   0.307520403823596E+02
   0.165758306512733E-01
   0.310153611514167E+02
   0.169985591342353E-01
   0.307727666403567E+02
   0.171072806475401E-01
   0.302318105801725E+02
   0.173376238936487E-01
   0.297175441655318E+02
   0.174984156483491E-01
   0.299798802077163E+02
   0.178169597869867E-01
   0.309889987001786E+02
   0.191426655559083E-01
   0.316173708679248E+02
   0.195419771638516E-01
   0.317697390951748E+02
   0.191143287679701E-01
   0.315351897296606E+02
   0.193170915602379E-01
   0.311078103628753E+02
   0.188675229580494E-01
   0.307783856676328E+02
   0.184785695983729E-01
   0.303989520237826E+02
   0.180631699365807E-01
   0.292926447919225E+02
   0.174091727640960E-01
   0.270714644132291E+02
   0.166160527560010E-01
   0.234426396868068E+02
   0.156752116732636E-01
   0.213448945687726E+02
   0.151096203159519E-01
   0.201642611525501E+02
   0.148923634075140E-01
   0.194118720557122E+02
   0.147362302976464E-01
   0.213503975545606E+02
   0.175918189762883E-01
   0.207509195928667E+02
   0.168587978757011E-01
   0.201575040992728E+02
   0.160864365664192E-01
   0.196079215239436E+02
   0.154894664750078E-01
   0.191200900033340E+02
   0.149826927944973E-01
   0.187566682381604E+02
   0.146450549360011E-01
   0.185425624321263E+02
   0.145225428920538E-01
   0.184608327289400E+02
   0.144905583176749E-01
   0.184978715786058E+02
   0.144161377456914E-01
   0.186859926701145E+02
   0.142679952660960E-01
   0.191020153086839E+02
   0.139522945314512E-01
   0.200502342077987E+02
   0.138268268598869E-01
   0.226390402937793E+02
   0.150618775487188E-01
   0.251586589111756E+02
   0.152411659009221E-01
   0.273877683208025E+02
   0.153466005652724E-01
   0.293902759596823E+02
   0.158995132122293E-01
   0.307539542118524E+02
   0.167815543266672E-01
   0.312973084152645E+02
   0.176010654515954E-01
   0.311766110697382E+02
   0.179098155267291E-01
   0.304713210124483E+02
   0.178675613063544E-01
   0.293469153248857E+02
   0.183104506801801E-01
   0.279909204646331E+02
   0.181122226304919E-01
   0.283131406736480E+02
   0.188361354919615E-01
   0.304648738765202E+02
   0.205808385561388E-01
   0.313849166201825E+02
   0.201580845803712E-01
   0.315760592185716E+02
   0.203545929616858E-01
   0.312122860413542E+02
   0.206541232902542E-01
   0.306256567638198E+02
   0.201004507666477E-01
   0.306216805049224E+02
   0.193800692961176E-01
   0.311104364761568E+02
   0.191847378196261E-01
   0.306102306729989E+02
   0.186444900054932E-01
   0.287900930820060E+02
   0.181219442318528E-01
   0.254029617329780E+02
   0.176126845241494E-01
   0.235648002421640E+02
   0.173068450918243E-01
   0.225888944087930E+02
   0.177389254566405E-01
   0.219396518333919E+02
   0.179703788160930E-01
   0.234807343613168E+02
   0.201370639746801E-01
   0.228716315510941E+02
   0.191249547425881E-01
   0.222922959883647E+02
   0.181840616802709E-01
   0.217842694426458E+02
   0.175177176990368E-01
   0.213507466561315E+02
   0.170424822407728E-01
   0.210038252065340E+02
   0.166723249568349E-01
   0.207502422655330E+02
   0.163960345685891E-01
   0.205842210667973E+02
   0.161802109708034E-01
   0.205060810240176E+02
   0.159582425851159E-01
   0.205519257107002E+02
   0.157812814312588E-01
   0.207886180055486E+02
   0.155786619268143E-01
   0.214348782595904E+02
   0.152215822238896E-01
   0.230930445719953E+02
   0.155041218507393E-01
   0.259539081314531E+02
   0.161264776371638E-01
   0.281208278558515E+02
   0.161320530837085E-01
   0.301027517324231E+02
   0.168561936732914E-01
   0.313453492882785E+02
   0.179880053430461E-01
   0.315509444614219E+02
   0.188742973432600E-01
   0.311071513694782E+02
   0.187701643928563E-01
   0.299724757070870E+02
   0.189964778060365E-01
   0.283002988732187E+02
   0.192120715475828E-01
   0.274569116032609E+02
   0.192617369953747E-01
   0.278684436422476E+02
   0.197905857165308E-01
   0.301310567932702E+02
   0.210591979454759E-01
   0.310661052318254E+02
   0.209041792082724E-01
   0.312090590347536E+02
   0.214546385375744E-01
   0.305838275126508E+02
   0.214735008003989E-01
   0.295049591815602E+02
   0.207315154296510E-01
   0.297881809610362E+02
   0.198018392033036E-01
   0.316006074352320E+02
   0.197722613212900E-01
   0.316872359120489E+02
   0.195584486877576E-01
   0.302316768479187E+02
   0.193704653439438E-01
   0.270781390073578E+02
   0.195938158619130E-01
   0.254935106377464E+02
   0.198579032704389E-01
   0.246774336997428E+02
   0.207856466800484E-01
   0.240750281046211E+02
   0.208246864247474E-01
   0.252247218029684E+02
   0.218516610252672E-01
   0.246390792305289E+02
   0.207094123336501E-01
   0.241065683675245E+02
   0.197894933590958E-01
   0.236551321870156E+02
   0.191854498628862E-01
   0.232738039583379E+02
   0.187703238399609E-01
   0.229531185068485E+02
   0.184143414593612E-01
   0.226869949251409E+02
   0.180630807994615E-01
   0.224748441156965E+02
   0.177381015301908E-01
   0.223273451906870E+02
   0.174770141558866E-01
   0.222791383108912E+02
   0.173631129247492E-01
   0.223759929362205E+02
   0.172766914376923E-01
   0.227533422808303E+02
   0.168032420720883E-01
   0.238182075797537E+02
   0.161464103077991E-01
   0.262673745549338E+02
   0.164553540468103E-01
   0.282614589747338E+02
   0.168923672037938E-01
   0.304446693555241E+02
   0.175956563067364E-01
   0.317070663814742E+02
   0.194763639057954E-01
   0.315129373103375E+02
   0.204914168151785E-01
   0.308250739329637E+02
   0.201069489983421E-01
   0.292790866700887E+02
   0.202565157457036E-01
   0.281935592286921E+02
   0.206468213405868E-01
   0.276976561195871E+02
   0.209139969066946E-01
   0.280127500553808E+02
   0.207987428098942E-01
   0.298092856163488E+02
   0.213792512222766E-01
   0.305998324371574E+02
   0.216532544739693E-01
   0.306944556783511E+02
   0.218426473712916E-01
   0.297450957038990E+02
   0.219165349818126E-01
   0.292278032558749E+02
   0.212787099851531E-01
   0.297833941766082E+02
   0.204318325126299E-01
   0.320941043117485E+02
   0.197152328537363E-01
   0.325807369094616E+02
   0.200539098727337E-01
   0.314357514885920E+02
   0.204649353774132E-01
   0.285138348204788E+02
   0.215834735100378E-01
   0.271531941829873E+02
   0.227234620238114E-01
   0.264109518809459E+02
   0.234135890736826E-01
   0.258157832204281E+02
   0.228721135121955E-01
   0.266503064436008E+02
   0.230630323171338E-01
   0.261169990105440E+02
   0.221201826835456E-01
   0.256466775086565E+02
   0.214266101078137E-01
   0.252542797667920E+02
   0.210005838576226E-01
   0.249210360943560E+02
   0.206307542692607E-01
   0.246318420257021E+02
   0.202726190112133E-01
   0.243729672898823E+02
   0.198737177832044E-01
   0.241431518973259E+02
   0.194859629179412E-01
   0.239547048666803E+02
   0.191821251606898E-01
   0.238350948932357E+02
   0.190643820174018E-01
   0.238157149914940E+02
   0.189938155547514E-01
   0.239770190970849E+02
   0.183698953856474E-01
   0.245925596164124E+02
   0.173274897600391E-01
   0.261265343685799E+02
   0.168400449139107E-01
   0.278406586920743E+02
   0.178306867135100E-01
   0.305116796145229E+02
   0.185029143192517E-01
   0.319342972957774E+02
   0.210720179779342E-01
   0.311495590400022E+02
   0.226007828517918E-01
   0.303507370505374E+02
   0.219197958137515E-01
   0.293417169865949E+02
   0.216246712463827E-01
   0.286308977758472E+02
   0.227828153576838E-01
   0.282864321613440E+02
   0.228630890747673E-01
   0.284293068636351E+02
   0.220070812145755E-01
   0.293141001174479E+02
   0.214695662791410E-01
   0.299159193195943E+02
   0.217884922559301E-01
   0.300620261258056E+02
   0.223388415154761E-01
   0.296770515077606E+02
   0.225822086154817E-01
   0.294967228411914E+02
   0.225270620335349E-01
   0.301247357876059E+02
   0.213765465529890E-01
   0.325267831404848E+02
   0.194938331514734E-01
   0.332953075976196E+02
   0.205426297834735E-01
   0.324203909900785E+02
   0.215882974761314E-01
   0.297534892071402E+02
   0.239109702684380E-01
   0.285340939166736E+02
   0.251061892436041E-01
   0.277943870590674E+02
   0.247666195323866E-01
   0.272095956154974E+02
   0.240293919154470E-01
   0.278261799190056E+02
   0.245605327829208E-01
   0.273553992420507E+02
   0.239738681796530E-01
   0.269437882295985E+02
   0.234811787462537E-01
   0.266023445999588E+02
   0.231650624844796E-01
   0.263134929588923E+02
   0.228693393105976E-01
   0.260593779302252E+02
   0.225906310374498E-01
   0.258200110837325E+02
   0.222779858751245E-01
   0.255875466901640E+02
   0.219613761453059E-01
   0.253695756213459E+02
   0.216714191575115E-01
   0.251831270521126E+02
   0.213495654727803E-01
   0.250602187257974E+02
   0.209046603210611E-01
   0.250691860883176E+02
   0.199581774999695E-01
   0.254056538533104E+02
   0.188387549005896E-01
   0.264686583306902E+02
   0.180670375413414E-01
   0.278363474711556E+02
   0.181288611965425E-01
   0.303862022810839E+02
   0.184769070894081E-01
   0.321529713933170E+02
   0.220418415627101E-01
   0.313705472076014E+02
   0.247908501734837E-01
   0.305480580692589E+02
   0.237152895158475E-01
   0.298777962392609E+02
   0.230005971082793E-01
   0.292645038479855E+02
   0.243321716745586E-01
   0.289654061201906E+02
   0.241757634992040E-01
   0.290112092398704E+02
   0.233010659923475E-01
   0.294836049495171E+02
   0.229044760912357E-01
   0.299869260174484E+02
   0.229600543968444E-01
   0.301933736756664E+02
   0.236422003308873E-01
   0.300709421962762E+02
   0.239357988454892E-01
   0.300212308018663E+02
   0.238656839667539E-01
   0.305631808525893E+02
   0.222599201387279E-01
   0.328169243696137E+02
   0.197115177752518E-01
   0.338280461212308E+02
   0.213896907003010E-01
   0.331938782750053E+02
   0.229153990113331E-01
   0.307800750139560E+02
   0.261804711595173E-01
   0.296324146089603E+02
   0.265161899033625E-01
   0.288865304134846E+02
   0.255797268699313E-01
   0.283338407368696E+02
   0.251463774395756E-01
   0.288036676264240E+02
   0.261843894128040E-01
   0.283905927676713E+02
   0.257661777920578E-01
   0.280290082294569E+02
   0.253761013287549E-01
   0.277300978747822E+02
   0.251039468053728E-01
   0.274815409982676E+02
   0.249027923500793E-01
   0.272615522531551E+02
   0.247366536823912E-01
   0.270437105178999E+02
   0.245399422069446E-01
   0.268096968614819E+02
   0.242777240617159E-01
   0.265621946137436E+02
   0.239802767152102E-01
   0.263147883034756E+02
   0.235292885711768E-01
   0.261050438909480E+02
   0.228822913353992E-01
   0.260039017518862E+02
   0.218543384581010E-01
   0.261811827479141E+02
   0.202331537373024E-01
   0.270683648644187E+02
   0.195972759748862E-01
   0.280389674382212E+02
   0.194043769677480E-01
   0.299866613340922E+02
   0.188990756401276E-01
   0.323738320030162E+02
   0.227315908276461E-01
   0.319084367100464E+02
   0.263696267626176E-01
   0.310532374040918E+02
   0.262693950512417E-01
   0.306844592968323E+02
   0.242394581586176E-01
   0.299132741079978E+02
   0.258711468824936E-01
   0.296217015787945E+02
   0.254346331133482E-01
   0.296017439155866E+02
   0.248496946232464E-01
   0.298967298996066E+02
   0.244255706703737E-01
   0.304140753648028E+02
   0.246542336671672E-01
   0.306645148657782E+02
   0.254804949888550E-01
   0.306665072288922E+02
   0.256317237066175E-01
   0.306271918778920E+02
   0.251966648719219E-01
   0.309779939439111E+02
   0.233244986111847E-01
   0.328870301024786E+02
   0.209313095513528E-01
   0.341825890130747E+02
   0.227431528530584E-01
   0.337655093261585E+02
   0.244923989883918E-01
   0.316081823568741E+02
   0.282637368965219E-01
   0.305086503321602E+02
   0.280851890833240E-01
   0.297706413234173E+02
   0.268474699463158E-01
   0.292548420379132E+02
   0.265558021605266E-01
   0.296232291208213E+02
   0.278380390349642E-01
   0.292530113508942E+02
   0.274537747460738E-01
   0.289303518454885E+02
   0.271194712576194E-01
   0.286659162048785E+02
   0.268961912956204E-01
   0.284519437205755E+02
   0.268226790310112E-01
   0.282616245099518E+02
   0.267839631877955E-01
   0.280622892230180E+02
   0.267050112073049E-01
   0.278242790872263E+02
   0.264666475314890E-01
   0.275459539813845E+02
   0.260758643622831E-01
   0.272442590995225E+02
   0.254228021278825E-01
   0.269668108998943E+02
   0.245378148660232E-01
   0.267930269534411E+02
   0.233609795920369E-01
   0.268948079987206E+02
   0.218501790164211E-01
   0.278413249970723E+02
   0.213171391899852E-01
   0.283947386994458E+02
   0.219178870142631E-01
   0.299629785637070E+02
   0.202224976860475E-01
   0.326220801598006E+02
   0.231773168647780E-01
   0.327273325515725E+02
   0.268993017290511E-01
   0.316112992300493E+02
   0.285475456246003E-01
   0.309994000002061E+02
   0.264567616596101E-01
   0.304801452208181E+02
   0.274021398472888E-01
   0.302479236869284E+02
   0.270575383978218E-01
   0.302048063618248E+02
   0.263957777624600E-01
   0.304295039288682E+02
   0.256925861435904E-01
   0.310701130062825E+02
   0.257369402511234E-01
   0.313227628980167E+02
   0.273999994214661E-01
   0.313842786743980E+02
   0.272964310552258E-01
   0.313082208304793E+02
   0.267696921937516E-01
   0.314374668435152E+02
   0.249826081245435E-01
   0.326638973810776E+02
   0.237566534726095E-01
   0.343891720151437E+02
   0.246705117798844E-01
   0.341571783750642E+02
   0.264544674381032E-01
   0.322583113137965E+02
   0.303469059797263E-01
   0.312146496059167E+02
   0.296676037648494E-01
   0.305078027946395E+02
   0.283883268893059E-01
   0.300297099055045E+02
   0.281557838014134E-01
   0.302902533262976E+02
   0.293364594790943E-01
   0.299503064736217E+02
   0.289497694686292E-01
   0.296566868472403E+02
   0.286619541594282E-01
   0.294184484309680E+02
   0.285227560684799E-01
   0.292292278313945E+02
   0.285736630536211E-01
   0.290592468668091E+02
   0.286545082443201E-01
   0.288706098782726E+02
   0.286679583578665E-01
   0.286241682048738E+02
   0.284123746061157E-01
   0.283162567064236E+02
   0.278582004212839E-01
   0.279737764118249E+02
   0.269669254983649E-01
   0.276556020083985E+02
   0.258371260662878E-01
   0.274504896169801E+02
   0.246325183409121E-01
   0.275069273572573E+02
   0.237151597818858E-01
   0.281238864582600E+02
   0.233827274690133E-01
   0.287754884224614E+02
   0.243079827511126E-01
   0.301384432353851E+02
   0.224214594293855E-01
   0.328407184214055E+02
   0.243954159778177E-01
   0.332283802255527E+02
   0.270936223136105E-01
   0.321209663283398E+02
   0.295207076933392E-01
   0.314103558913613E+02
   0.282843758213110E-01
   0.309888280317776E+02
   0.283040131734381E-01
   0.308279360871677E+02
   0.285618573068897E-01
   0.307959614253139E+02
   0.279370701950215E-01
   0.310048063024329E+02
   0.270659210563565E-01
   0.319302009694227E+02
   0.261389374804213E-01
   0.320734556778492E+02
   0.281964163500819E-01
   0.321950335409351E+02
   0.283675513962134E-01
   0.320575062760244E+02
   0.286941158578358E-01
   0.319815288268244E+02
   0.271889453357976E-01
   0.327341537414402E+02
   0.259724062767489E-01
   0.344946600388520E+02
   0.262884990681792E-01
   0.343802033020608E+02
   0.284539646976722E-01
   0.327333522625655E+02
   0.322462337241968E-01
   0.317666042374793E+02
   0.311058111878863E-01
   0.311080469136372E+02
   0.298771714221444E-01
   0.306638940383214E+02
   0.296469039465282E-01
   0.308074681702601E+02
   0.307634817120603E-01
   0.304884341644039E+02
   0.303821240282737E-01
   0.302142510293542E+02
   0.301272868413563E-01
   0.299909771889303E+02
   0.300420515716091E-01
   0.298120199070923E+02
   0.301147080214860E-01
   0.296487549670983E+02
   0.302224179146035E-01
   0.294605870819136E+02
   0.302339954509670E-01
   0.292025911072899E+02
   0.298887585114855E-01
   0.288724598743156E+02
   0.291625335341462E-01
   0.285107817582020E+02
   0.281306246706540E-01
   0.281857516622491E+02
   0.269791414646188E-01
   0.279872031819799E+02
   0.261018834280512E-01
   0.280229574218820E+02
   0.256722244154986E-01
   0.284519091843966E+02
   0.247889279512815E-01
   0.291256555371240E+02
   0.255337638168480E-01
   0.304169897383757E+02
   0.252259908745836E-01
   0.330089184494334E+02
   0.268919314132241E-01
   0.335380004250025E+02
   0.278503632057153E-01
   0.325994940539640E+02
   0.294007707008595E-01
   0.318229568619279E+02
   0.301330533238732E-01
   0.314522785532444E+02
   0.297504831381506E-01
   0.313483718008377E+02
   0.300958994636691E-01
   0.313443095769825E+02
   0.295877136365401E-01
   0.315437537778587E+02
   0.287843814652530E-01
   0.324320245805449E+02
   0.273326445907677E-01
   0.328937931602227E+02
   0.290536706611907E-01
   0.331224594648317E+02
   0.288280615106457E-01
   0.328508127648876E+02
   0.302878698729870E-01
   0.325651208179897E+02
   0.297040713402691E-01
   0.329711917291012E+02
   0.281300018173960E-01
   0.345076140385070E+02
   0.274322025078579E-01
   0.344471008738558E+02
   0.299689752346516E-01
   0.330304258713824E+02
   0.330762075397845E-01
   0.321712917986458E+02
   0.321691595443312E-01
   0.315752420224282E+02
   0.313357753936304E-01
   0.311585511709546E+02
   0.310812479543318E-01
   0.311716653045639E+02
   0.321037823900889E-01
   0.308657892884205E+02
   0.317472288465515E-01
   0.306015278789458E+02
   0.315085554100397E-01
   0.303806562319557E+02
   0.313739351146978E-01
   0.301973769047748E+02
   0.313169771119795E-01
   0.300276088688501E+02
   0.313160656702200E-01
   0.298319333851460E+02
   0.312576635484079E-01
   0.295639789313359E+02
   0.308561468947733E-01
   0.292251260291103E+02
   0.300743888915792E-01
   0.288690957730807E+02
   0.291417203288604E-01
   0.285670728088126E+02
   0.282736317619332E-01
   0.283963759620175E+02
   0.277199430006115E-01
   0.284226127077525E+02
   0.272079387266966E-01
   0.287548903032418E+02
   0.262858628358522E-01
   0.294286555146555E+02
   0.269150158660833E-01
   0.306908670370664E+02
   0.280957145492429E-01
   0.331083409641391E+02
   0.286324132517395E-01
   0.336922625048797E+02
   0.281815123641250E-01
   0.331367929299383E+02
   0.287382375920542E-01
   0.321665774685475E+02
   0.311381426871228E-01
   0.318471307556114E+02
   0.313756199682125E-01
   0.317895515812530E+02
   0.315256805172478E-01
   0.318214909545927E+02
   0.311421943481334E-01
   0.320113965567300E+02
   0.309119835556360E-01
   0.325885010062968E+02
   0.292386154365796E-01
   0.332785083519186E+02
   0.300674375779785E-01
   0.336650901556195E+02
   0.298466103036418E-01
   0.336837194258451E+02
   0.309319939136043E-01
   0.331331457631906E+02
   0.323897093924965E-01
   0.332620950696952E+02
   0.306414361674632E-01
   0.344258481071796E+02
   0.288019642255428E-01
   0.343303017513385E+02
   0.314713174957231E-01
   0.331791294761067E+02
   0.338297715043395E-01
   0.324436065453031E+02
   0.333089576416440E-01
   0.319076099163391E+02
   0.327797681746320E-01
   0.315094113021721E+02
   0.324473430801597E-01
   0.313743519086224E+02
   0.331217787856487E-01
   0.310747936382339E+02
   0.328149356004576E-01
   0.308123064036223E+02
   0.325826960307224E-01
   0.305848805568106E+02
   0.323331502074090E-01
   0.303880885962351E+02
   0.320864632399854E-01
   0.302046826477034E+02
   0.319764079240500E-01
   0.299976750851218E+02
   0.318847134836276E-01
   0.297231672610782E+02
   0.314713013287272E-01
   0.293888116372973E+02
   0.307168610821182E-01
   0.290555869625329E+02
   0.299572104622720E-01
   0.287919171546673E+02
   0.293916489189479E-01
   0.286580680748077E+02
   0.289720949034521E-01
   0.286897852331337E+02
   0.281965648564978E-01
   0.289823873835952E+02
   0.273396620614289E-01
   0.296543369215815E+02
   0.281837197573003E-01
   0.308744485716080E+02
   0.299250712247473E-01
   0.330857487541150E+02
   0.288687183981142E-01
   0.337020429920048E+02
   0.282669829363240E-01
   0.333672794250844E+02
   0.285172920555003E-01
   0.323939366770051E+02
   0.315460850902453E-01
   0.321417534999970E+02
   0.324750640395553E-01
   0.321337282081797E+02
   0.327001062064534E-01
   0.322091633309211E+02
   0.324761040449549E-01
   0.323838910812476E+02
   0.324265411949959E-01
   0.327656254350543E+02
   0.304467409847475E-01
   0.333030556882346E+02
   0.308248677361092E-01
   0.338830129214962E+02
   0.307591640594757E-01
   0.341541366750782E+02
   0.315705447848045E-01
   0.336154967298068E+02
   0.345654068353769E-01
   0.335238887355928E+02
   0.333451017485145E-01
   0.342495770468995E+02
   0.305614542738816E-01
   0.339753883190460E+02
   0.333499914451563E-01
   0.332015481523405E+02
   0.345137843349526E-01
   0.325845005002155E+02
   0.343278991195480E-01
   0.320935787239320E+02
   0.338946029248594E-01
   0.317062803442127E+02
   0.334771163685080E-01
   0.314106545762829E+02
   0.330307355033708E-01
   0.311105253025651E+02
   0.327113106862450E-01
   0.308424934163632E+02
   0.324182786954693E-01
   0.306029596927001E+02
   0.320712574847102E-01
   0.303895992799454E+02
   0.317647395522262E-01
   0.301894640814590E+02
   0.316130575834547E-01
   0.299696217742681E+02
   0.314876073615283E-01
   0.296928883809050E+02
   0.311039905332314E-01
   0.293736585391476E+02
   0.305014811127180E-01
   0.290722716671797E+02
   0.299509127324426E-01
   0.288498444558558E+02
   0.295612680167498E-01
   0.287584893050559E+02
   0.292489365307206E-01
   0.288194730039643E+02
   0.285133629961387E-01
   0.291063308190373E+02
   0.277242542910972E-01
   0.297738705745151E+02
   0.287704310120830E-01
   0.309226343476579E+02
   0.303565278301311E-01
   0.329439220271893E+02
   0.283309604557564E-01
   0.335873097737846E+02
   0.281764701201688E-01
   0.333989536960274E+02
   0.284760640741952E-01
   0.325041091860759E+02
   0.315849232366802E-01
   0.323248998925621E+02
   0.332228220956459E-01
   0.323720969179801E+02
   0.338381982095305E-01
   0.324937578675885E+02
   0.336152550086136E-01
   0.326528958975649E+02
   0.332788745069206E-01
   0.329230518626088E+02
   0.317307442097216E-01
   0.333405845357227E+02
   0.315888488168454E-01
   0.338081657127080E+02
   0.320516996896483E-01
   0.343608184456813E+02
   0.323505926166199E-01
   0.339919481866280E+02
   0.353582347777047E-01
   0.336855565373388E+02
   0.350942430163896E-01
   0.339047529693279E+02
   0.325090323563484E-01
   0.336956181323274E+02
   0.341747063168400E-01
   0.331210499405865E+02
   0.346849198333790E-01
   0.325883365245797E+02
   0.345601916268806E-01
   0.321253416585198E+02
   0.339311632014346E-01
   0.317426916142864E+02
   0.334069621792798E-01
   0.313111559311745E+02
   0.312834649747466E-01
   0.310049127950455E+02
   0.308087819171981E-01
   0.307248073869515E+02
   0.303464402512077E-01
   0.304683612885250E+02
   0.298877715767417E-01
   0.302364926961103E+02
   0.295668578397340E-01
   0.300187868905782E+02
   0.294348262411454E-01
   0.297873993109224E+02
   0.293777867906652E-01
   0.295131549822372E+02
   0.291663917857190E-01
   0.292152735031988E+02
   0.288774088122376E-01
   0.289500425714770E+02
   0.286954926098242E-01
   0.287689820926353E+02
   0.285952990573959E-01
   0.287175281681080E+02
   0.285252090829530E-01
   0.288205687766232E+02
   0.282414054251391E-01
   0.291181342648062E+02
   0.275940400877176E-01
   0.297796454715494E+02
   0.288867939421325E-01
   0.308279253906402E+02
   0.299730437501321E-01
   0.326975851256560E+02
   0.280272182694108E-01
   0.333580208625393E+02
   0.282190607566924E-01
   0.332746590197291E+02
   0.283524593611863E-01
   0.325070291329976E+02
   0.323937811218440E-01
   0.323797945714792E+02
   0.336973471888769E-01
   0.324755138733986E+02
   0.344906707808307E-01
   0.326593797421502E+02
   0.345562417026085E-01
   0.328124149251192E+02
   0.339093628018851E-01
   0.330228936318748E+02
   0.328447428007376E-01
   0.333657242660295E+02
   0.330763090201985E-01
   0.337395314260326E+02
   0.332184081931133E-01
   0.343358654492384E+02
   0.332181397478107E-01
   0.343040326230861E+02
   0.345673222705644E-01
   0.337144609788041E+02
   0.353848688186803E-01
   0.336448494141984E+02
   0.332545322353485E-01
   0.334219175661581E+02
   0.339317284977080E-01
   0.329453886191214E+02
   0.338377228373806E-01
   0.324662229738051E+02
   0.333176787381132E-01
   0.320256395218880E+02
   0.324658165673032E-01
   0.316464090928931E+02
   0.318005260179854E-01
   0.311342064519209E+02
   0.291250115207094E-01
   0.308218722210525E+02
   0.285877697354716E-01
   0.305315077982421E+02
   0.280978347176164E-01
   0.302628838505647E+02
   0.276823998287834E-01
   0.300159553902954E+02
   0.273785072642857E-01
   0.297804330858081E+02
   0.271772828657012E-01
   0.295344388064418E+02
   0.270252485609300E-01
   0.292597445505474E+02
   0.268334535850661E-01
   0.289802353902670E+02
   0.267186179355254E-01
   0.287435943119079E+02
   0.267490452993308E-01
   0.285935584390124E+02
   0.269073667075768E-01
   0.285727873283616E+02
   0.272250957530088E-01
   0.287100288967917E+02
   0.275676887983856E-01
   0.290217640485817E+02
   0.272853677925192E-01
   0.296735326525262E+02
   0.290201070974540E-01
   0.305987302615451E+02
   0.293491253526899E-01
   0.323331356366965E+02
   0.279976851471808E-01
   0.329966355779078E+02
   0.283868495167001E-01
   0.329998977440557E+02
   0.282012694326596E-01
   0.323741329562103E+02
   0.326891390394836E-01
   0.322823572836972E+02
   0.332681907358468E-01
   0.324143560372865E+02
   0.339358116148400E-01
   0.326826677223214E+02
   0.346732785396674E-01
   0.328494874305502E+02
   0.343235578598505E-01
   0.330310137758143E+02
   0.336379363575569E-01
   0.333210195286502E+02
   0.341609050617582E-01
   0.336181002012709E+02
   0.342275248052388E-01
   0.340285632962478E+02
   0.345298901711547E-01
   0.342651548460140E+02
   0.341858851027467E-01
   0.335964835987190E+02
   0.347549621377825E-01
   0.333857108465340E+02
   0.333064568697989E-01
   0.331282443040416E+02
   0.330566579222361E-01
   0.326979515689676E+02
   0.321649616359306E-01
   0.322605277283435E+02
   0.313440476748346E-01
   0.318439091144807E+02
   0.304377068881742E-01
   0.314714045388633E+02
   0.297212198383324E-01
   0.309539377672815E+02
   0.280819153473220E-01
   0.306393704326911E+02
   0.275321997190408E-01
   0.303426546628009E+02
   0.270372171487381E-01
   0.300651280760807E+02
   0.266389464288509E-01
   0.298054509326963E+02
   0.263244400777514E-01
   0.295530711310320E+02
   0.260791736884287E-01
   0.292905909884039E+02
   0.258599122756040E-01
   0.290081025605421E+02
   0.256132045840311E-01
   0.287322681273887E+02
   0.254506984237381E-01
   0.285052522327842E+02
   0.254389970918135E-01
   0.283654550240611E+02
   0.256226285198147E-01
   0.283538781664214E+02
   0.260916351165435E-01
   0.285061776815267E+02
   0.269315177498887E-01
   0.288398015636137E+02
   0.278166597992154E-01
   0.294507988410392E+02
   0.293026467843738E-01
   0.302478039280050E+02
   0.283813539437661E-01
   0.318273380983579E+02
   0.278977958846170E-01
   0.324777109950715E+02
   0.283999875863914E-01
   0.325719152221066E+02
   0.282966861807658E-01
   0.320969985396035E+02
   0.331312402536250E-01
   0.320380642198406E+02
   0.328384499448308E-01
   0.321908242440303E+02
   0.325783541629094E-01
   0.325607979279013E+02
   0.339314735030786E-01
   0.327504572381650E+02
   0.344712131985962E-01
   0.329205611451002E+02
   0.339627857744976E-01
   0.331679022655465E+02
   0.346742369649551E-01
   0.334041662404921E+02
   0.350963989632457E-01
   0.336914750518880E+02
   0.358189029840882E-01
   0.339432715269853E+02
   0.341649630790123E-01
   0.333415742938322E+02
   0.342158404555641E-01
   0.330944338129123E+02
   0.331906679522744E-01
   0.328163063475284E+02
   0.322580820757228E-01
   0.324250290755140E+02
   0.310580983180525E-01
   0.320324606544070E+02
   0.302080263290426E-01
   0.316472356916815E+02
   0.293819848820611E-01
   0.312881814636930E+02
   0.286858434245188E-01
   0.308018446382847E+02
   0.289640997086106E-01
   0.304904158672043E+02
   0.282892612169667E-01
   0.301923214375633E+02
   0.276810417710254E-01
   0.299097074402962E+02
   0.271845227126312E-01
   0.296408994889245E+02
   0.267995062807913E-01
   0.293744063172343E+02
   0.265041161012646E-01
   0.290960419000675E+02
   0.262747905724574E-01
   0.288012718324372E+02
   0.260484196351792E-01
   0.285173547235983E+02
   0.259090886088665E-01
   0.282828179699402E+02
   0.259187593374457E-01
   0.281310747137238E+02
   0.260949945854519E-01
   0.281005043410744E+02
   0.265234559294248E-01
   0.282311001852892E+02
   0.273702756737565E-01
   0.285458164005624E+02
   0.285354412739428E-01
   0.291015299809217E+02
   0.297316300580405E-01
   0.297925141839134E+02
   0.279673479551457E-01
   0.311590707306590E+02
   0.275730397575028E-01
   0.317776020076866E+02
   0.278540814006214E-01
   0.319752143491768E+02
   0.287934613033593E-01
   0.316529558652932E+02
   0.331895162769255E-01
   0.316504219043554E+02
   0.325984615313840E-01
   0.318362549516469E+02
   0.316939897957412E-01
   0.323201864272679E+02
   0.325489995201778E-01
   0.325172786169986E+02
   0.347826384403275E-01
   0.326926228863634E+02
   0.347652536635182E-01
   0.328940214240099E+02
   0.352899860773645E-01
   0.330659707170160E+02
   0.355220568203559E-01
   0.332404494792362E+02
   0.358222224842782E-01
   0.333356630585058E+02
   0.351155009551240E-01
   0.329763319454968E+02
   0.349679362899146E-01
   0.327552707670175E+02
   0.342872777791785E-01
   0.324902021380865E+02
   0.332182267639017E-01
   0.321516214486557E+02
   0.320859286928175E-01
   0.318120864735792E+02
   0.312651643469788E-01
   0.314657049426759E+02
   0.304577710190532E-01
   0.311272256144345E+02
   0.296826681287579E-01
   0.306529539482500E+02
   0.315653528457860E-01
   0.303588765088971E+02
   0.308138132637622E-01
   0.300714425705534E+02
   0.300661797787132E-01
   0.297927127722289E+02
   0.293955558378329E-01
   0.295217656279715E+02
   0.288620591389263E-01
   0.292457808001716E+02
   0.284483747463950E-01
   0.289520055614788E+02
   0.281393549829043E-01
   0.286396830771261E+02
   0.278379324760497E-01
   0.283358264477764E+02
   0.275813598249765E-01
   0.280764282975468E+02
   0.274277866771414E-01
   0.278903502076282E+02
   0.273272088355776E-01
   0.278118281342153E+02
   0.273156308673260E-01
   0.278793458304490E+02
   0.275363429980835E-01
   0.281172663021946E+02
   0.280782702018567E-01
   0.286096725172695E+02
   0.297685663368130E-01
   0.292465714880214E+02
   0.292720968006763E-01
   0.303081739750770E+02
   0.266774482575904E-01
   0.308868360720236E+02
   0.276474139241644E-01
   0.311737835314257E+02
   0.296980431724823E-01
   0.310309285450937E+02
   0.328921955218674E-01
   0.311121252786559E+02
   0.320031367645142E-01
   0.313566416916163E+02
   0.307787008846435E-01
   0.320163619409625E+02
   0.309874117870040E-01
   0.321303302061130E+02
   0.344948418608570E-01
   0.323133312451839E+02
   0.351943893213682E-01
   0.324692618310558E+02
   0.353538852433232E-01
   0.325838430851867E+02
   0.353367420152410E-01
   0.326646759279650E+02
   0.350637037441566E-01
   0.326865139407954E+02
   0.350544937344511E-01
   0.324752846302306E+02
   0.355320806344734E-01
   0.323126881636254E+02
   0.356185392919218E-01
   0.320955838158791E+02
   0.350421881787836E-01
   0.318299688272345E+02
   0.344040934874452E-01
   0.315546539517342E+02
   0.337829482023651E-01
   0.312574339501836E+02
   0.330725767435021E-01
   0.309544951725808E+02
   0.323277114760286E-01
   0.303853530079500E+02
   0.341329111709893E-01
   0.301256934520204E+02
   0.336299840602240E-01
   0.298662646437388E+02
   0.329644045487980E-01
   0.296067655040663E+02
   0.321887603581155E-01
   0.293459090779867E+02
   0.314586176923886E-01
   0.290685461893528E+02
   0.307742485043200E-01
   0.287615968459407E+02
   0.301271101587600E-01
   0.284293375785626E+02
   0.294872118720146E-01
   0.280998209751202E+02
   0.288991498922074E-01
   0.278080394134618E+02
   0.284246158819359E-01
   0.275811087105143E+02
   0.279958511714111E-01
   0.274484618964666E+02
   0.275951238202651E-01
   0.274381316458250E+02
   0.272201901096612E-01
   0.275727392621105E+02
   0.269332029372628E-01
   0.279615684045441E+02
   0.278912323899840E-01
   0.285671603800367E+02
   0.299990897198491E-01
   0.292663975394481E+02
   0.267603887390301E-01
   0.297769795535873E+02
   0.276104343865398E-01
   0.301032134273556E+02
   0.295967238899236E-01
   0.302263282468656E+02
   0.318443248807888E-01
   0.304236705715626E+02
   0.311204376675181E-01
   0.307650366259710E+02
   0.291473526664139E-01
   0.314625538655103E+02
   0.309908962215832E-01
   0.315824853682217E+02
   0.338075979874794E-01
   0.317682437457913E+02
   0.350663598684239E-01
   0.318843138771102E+02
   0.347198552806661E-01
   0.319568039555531E+02
   0.345770646262608E-01
   0.319707276162681E+02
   0.341677699004493E-01
   0.319407228336148E+02
   0.341324458262977E-01
   0.318071537006626E+02
   0.347748639137601E-01
   0.316976014718599E+02
   0.353803684561273E-01
   0.315388373570462E+02
   0.354328299520516E-01
   0.313477743161733E+02
   0.354594443785115E-01
   0.311424674943190E+02
   0.353828847393086E-01
   0.309027689147633E+02
   0.350215967942666E-01
   0.306478434174979E+02
   0.346073207373977E-01
   0.298717670292310E+02
   0.339579402904066E-01
   0.296521412855949E+02
   0.338319097770807E-01
   0.294337654218176E+02
   0.335897240753048E-01
   0.292125517047404E+02
   0.331166173687448E-01
   0.289822362344540E+02
   0.325106733793511E-01
   0.287227807980231E+02
   0.317413505885924E-01
   0.284176042953216E+02
   0.307883596557716E-01
   0.280755217703714E+02
   0.298210390110020E-01
   0.277263742166228E+02
   0.289741433637727E-01
   0.274053984384609E+02
   0.282976875310812E-01
   0.271416130939919E+02
   0.277441876585464E-01
   0.269626344337396E+02
   0.272965787268127E-01
   0.268902498637896E+02
   0.268515888780924E-01
   0.269466493757766E+02
   0.262711368569500E-01
   0.272155358837217E+02
   0.258048513721220E-01
   0.277327585418650E+02
   0.271461866502206E-01
   0.282972181644101E+02
   0.273126003033517E-01
   0.287146173222580E+02
   0.275654235906726E-01
   0.289927703045399E+02
   0.276839540012523E-01
   0.292487426889645E+02
   0.297126389877419E-01
   0.295804356732506E+02
   0.302263331488439E-01
   0.300937044686782E+02
   0.269331439620560E-01
   0.306374357554935E+02
   0.314031410716666E-01
   0.308729716144675E+02
   0.332987076180426E-01
   0.310489036895860E+02
   0.337733089410890E-01
   0.311428239664567E+02
   0.334929715605208E-01
   0.311849912639699E+02
   0.333244566567387E-01
   0.311555569396749E+02
   0.328372386199132E-01
   0.310822622816531E+02
   0.325025386254223E-01
   0.309722582892667E+02
   0.327913260440388E-01
   0.308901047974954E+02
   0.334003363401951E-01
   0.307746991656603E+02
   0.337082696462036E-01
   0.306407672624719E+02
   0.340689818755219E-01
   0.304914949288459E+02
   0.343703665956779E-01
   0.303026917882385E+02
   0.342906419544328E-01
   0.300935438143991E+02
   0.341398828772504E-01
   0.290984224981661E+02
   0.316999765956586E-01
   0.289081563149098E+02
   0.316707276618175E-01
   0.287242375209676E+02
   0.317204450236557E-01
   0.285443135504296E+02
   0.317403806524479E-01
   0.283557917267491E+02
   0.316001420064529E-01
   0.281335238787834E+02
   0.311795977186099E-01
   0.278554818202120E+02
   0.303813229328786E-01
   0.275268955799786E+02
   0.293908363640890E-01
   0.271754103139858E+02
   0.284245593233097E-01
   0.268367719118210E+02
   0.276025119349726E-01
   0.265449505309953E+02
   0.269575697557254E-01
   0.263287861810200E+02
   0.264781652187561E-01
   0.262112267283978E+02
   0.260905334086636E-01
   0.262193878810670E+02
   0.257172479113920E-01
   0.264224209769040E+02
   0.255477068667611E-01
   0.268568452534017E+02
   0.265173860497050E-01
   0.272981339642473E+02
   0.265960729936899E-01
   0.276095521671011E+02
   0.264613675348394E-01
   0.278254516381245E+02
   0.264140983376468E-01
   0.281246726868733E+02
   0.275538827112944E-01
   0.285640644685134E+02
   0.286579846309526E-01
   0.291842199486921E+02
   0.258935552007966E-01
   0.297156461727535E+02
   0.301830480461307E-01
   0.300004929106904E+02
   0.312852561392483E-01
   0.301642346233709E+02
   0.316259903182478E-01
   0.302486041944062E+02
   0.317608993800912E-01
   0.302716722444933E+02
   0.317022400131147E-01
   0.302170988067743E+02
   0.312434053151848E-01
   0.301163325940832E+02
   0.307564056803535E-01
   0.300092078062400E+02
   0.307650613186258E-01
   0.299309647001718E+02
   0.311177880205261E-01
   0.298338052231415E+02
   0.313293518479407E-01
   0.297303515615743E+02
   0.316279766197427E-01
   0.296147632500426E+02
   0.319130435995781E-01
   0.294629381800403E+02
   0.319265700327900E-01
   0.292890324909410E+02
   0.318364547555064E-01
   0.281121680508799E+02
   0.291592969320914E-01
   0.279403025026514E+02
   0.290439738172446E-01
   0.277760989954241E+02
   0.290710838273732E-01
   0.276230735634313E+02
   0.292576954035223E-01
   0.274680536020467E+02
   0.294443972696437E-01
   0.272848018385099E+02
   0.294701142766805E-01
   0.270483954575361E+02
   0.291586157270866E-01
   0.267551535368515E+02
   0.284965382272471E-01
   0.264235377388462E+02
   0.276268427040398E-01
   0.260848255038438E+02
   0.267094311619313E-01
   0.257777366975552E+02
   0.259357028415998E-01
   0.255344664023453E+02
   0.253429859607453E-01
   0.253831066093481E+02
   0.248713552642527E-01
   0.253578996252294E+02
   0.244656997046325E-01
   0.255169978607787E+02
   0.243750704267884E-01
   0.258715390885224E+02
   0.250877512896397E-01
   0.262096999478970E+02
   0.251873675661531E-01
   0.264249231999418E+02
   0.248778791625017E-01
   0.265655731183127E+02
   0.245070356104453E-01
   0.268660954616332E+02
   0.252559633208275E-01
   0.273838147713534E+02
   0.264310630564647E-01
   0.280480832541101E+02
   0.262651911835834E-01
   0.286864624111047E+02
   0.284308231523462E-01
   0.289918838885099E+02
   0.290479186822171E-01
   0.291386236542416E+02
   0.293481432199404E-01
   0.292085299495621E+02
   0.296535600766166E-01
   0.292182762454721E+02
   0.297431361101305E-01
   0.291531240758410E+02
   0.294540505487602E-01
   0.290405697191095E+02
   0.290045619354653E-01
   0.289281965742695E+02
   0.288523472914277E-01
   0.288412424431622E+02
   0.289903300557107E-01
   0.287462778899376E+02
   0.290755390436165E-01
   0.286532303398059E+02
   0.292396868185937E-01
   0.285520546071288E+02
   0.293676448539449E-01
   0.284256790057726E+02
   0.293805298216689E-01
   0.282789120231414E+02
   0.293112141474772E-01
   0.269456407123260E+02
   0.267573545131693E-01
   0.267866671311649E+02
   0.265746882933879E-01
   0.266318171164340E+02
   0.264832532664337E-01
   0.264899440471956E+02
   0.265660809418929E-01
   0.263517483625314E+02
   0.267351464360182E-01
   0.261943319853621E+02
   0.268841522958853E-01
   0.259955043909339E+02
   0.269239968975784E-01
   0.257451973531070E+02
   0.267110925281436E-01
   0.254499959213575E+02
   0.262027694703867E-01
   0.251317131878171E+02
   0.254610756540655E-01
   0.248270327636619E+02
   0.246822948800231E-01
   0.245701291425814E+02
   0.240001987911417E-01
   0.243968782607797E+02
   0.234610648380899E-01
   0.243507133810895E+02
   0.230937962150842E-01
   0.244779060530476E+02
   0.230146212423426E-01
   0.247622514835781E+02
   0.233502193847302E-01
   0.250188233286609E+02
   0.233603704845704E-01
   0.251512879187703E+02
   0.230986929237618E-01
   0.251999091570292E+02
   0.223602879411515E-01
   0.254709340674810E+02
   0.227922276643680E-01
   0.260573317626734E+02
   0.238009362768189E-01
   0.268712084617013E+02
   0.255198995786546E-01
   0.275653602395602E+02
   0.267789100557643E-01
   0.278712573347037E+02
   0.268782705049516E-01
   0.279907774391349E+02
   0.270702186273315E-01
   0.280358110715795E+02
   0.273203131188906E-01
   0.280311270473307E+02
   0.274916666068342E-01
   0.279616680985222E+02
   0.274063697682624E-01
   0.278459730219367E+02
   0.271058232073644E-01
   0.277264264820334E+02
   0.269044827780405E-01
   0.276240416052358E+02
   0.268751785987159E-01
   0.275202737377024E+02
   0.268360718905090E-01
   0.274247263278640E+02
   0.268861392825617E-01
   0.273276014703898E+02
   0.269192312426672E-01
   0.272180347608531E+02
   0.269308998999057E-01
   0.270926486438333E+02
   0.268914260059134E-01
   0.256172400343985E+02
   0.244865832036123E-01
   0.254697682058619E+02
   0.243070949865945E-01
   0.253195359936827E+02
   0.241417791960418E-01
   0.251779166694656E+02
   0.240754554383187E-01
   0.250422303860934E+02
   0.241023700655757E-01
   0.248953502603302E+02
   0.241611664705091E-01
   0.247198144935645E+02
   0.242263643641719E-01
   0.245049971357371E+02
   0.242047457344455E-01
   0.242487918262479E+02
   0.239939075885602E-01
   0.239633112734406E+02
   0.235579817104925E-01
   0.236780515760331E+02
   0.229884545561780E-01
   0.234228827964362E+02
   0.223336679466801E-01
   0.232396933625675E+02
   0.217525805294323E-01
   0.231831353926825E+02
   0.214243276116853E-01
   0.232928846546364E+02
   0.214245247603707E-01
   0.235294031907075E+02
   0.216130999124427E-01
   0.237278106941255E+02
   0.215806594392577E-01
   0.237830187872941E+02
   0.212719925222415E-01
   0.237198557069019E+02
   0.201929645590320E-01
   0.239359649160218E+02
   0.202233628149012E-01
   0.245906592790765E+02
   0.214191229042300E-01
   0.255758409959528E+02
   0.237294049505099E-01
   0.263523963584375E+02
   0.254018982666281E-01
   0.266567392921358E+02
   0.251707059334611E-01
   0.267382020755260E+02
   0.250547816469077E-01
   0.267475228482716E+02
   0.250887913514182E-01
   0.267214673303744E+02
   0.251989360472875E-01
   0.266445398436073E+02
   0.251946554019007E-01
   0.265275579190404E+02
   0.250552602981203E-01
   0.264011217019291E+02
   0.249116634139280E-01
   0.262811709208029E+02
   0.247843877470018E-01
   0.261624753147342E+02
   0.246466001169039E-01
   0.260563375396982E+02
   0.245950746809226E-01
   0.259563195554012E+02
   0.245628432630222E-01
   0.258560835389237E+02
   0.245727285823271E-01
   0.257471814344300E+02
   0.245800308097400E-01
   0.241328413542368E+02
   0.221911670134765E-01
   0.239968032937679E+02
   0.220464142603776E-01
   0.238508236558089E+02
   0.218643532142367E-01
   0.237057035708957E+02
   0.217081423349083E-01
   0.235651313617848E+02
   0.216329067895702E-01
   0.234185354241112E+02
   0.215970298607001E-01
   0.232525803739425E+02
   0.215624679920918E-01
   0.230602422691403E+02
   0.215510083538197E-01
   0.228352477041389E+02
   0.214465546062424E-01
   0.225826901432801E+02
   0.212022841287820E-01
   0.223242955018212E+02
   0.208431813716582E-01
   0.220830061918301E+02
   0.203172774218792E-01
   0.219003218164466E+02
   0.197478954794060E-01
   0.218412865475736E+02
   0.194942796046057E-01
   0.219469819329850E+02
   0.196837857108485E-01
   0.221639367813879E+02
   0.200155917963281E-01
   0.223329060901019E+02
   0.201062255740841E-01
   0.223192058815239E+02
   0.197086881369152E-01
   0.221139338792667E+02
   0.180122473097763E-01
   0.222528660164439E+02
   0.173554060848008E-01
   0.229689044728096E+02
   0.190392327722060E-01
   0.241509415579234E+02
   0.228629944538471E-01
   0.250288448326937E+02
   0.249937386130518E-01
   0.253388268396195E+02
   0.243408889729528E-01
   0.253782250146313E+02
   0.236255797203815E-01
   0.253475232027894E+02
   0.232667555211574E-01
   0.252948138353772E+02
   0.231624216727826E-01
   0.252033441657193E+02
   0.230561481739448E-01
   0.250805817208112E+02
   0.229205633873281E-01
   0.249451061611212E+02
   0.228127568416361E-01
   0.248077726682366E+02
   0.226468804803997E-01
   0.246720557171120E+02
   0.224437582975557E-01
   0.245513904171071E+02
   0.223161545961177E-01
   0.244437618483757E+02
   0.222400902856872E-01
   0.243462638930922E+02
   0.222282616675368E-01
   0.242483364664937E+02
   0.222458425869798E-01
   0.224854265906707E+02
   0.202871107812732E-01
   0.223606376820752E+02
   0.201468017864190E-01
   0.222209091603033E+02
   0.199600997873049E-01
   0.220742262656913E+02
   0.197704351912140E-01
   0.219271947161515E+02
   0.196214233531545E-01
   0.217761429598272E+02
   0.195081921869430E-01
   0.216119011402733E+02
   0.193846312065231E-01
   0.214302600078034E+02
   0.192915313857871E-01
   0.212257418131610E+02
   0.191842567669097E-01
   0.209985479406868E+02
   0.190269524394169E-01
   0.207644191954710E+02
   0.188861809134367E-01
   0.205410155033286E+02
   0.186832347604709E-01
   0.203644203801966E+02
   0.183723565032007E-01
   0.203029553302713E+02
   0.182165204239883E-01
   0.204097780296516E+02
   0.184647661113230E-01
   0.206350332648705E+02
   0.189879255344152E-01
   0.208114878845831E+02
   0.192785193922725E-01
   0.207564420435029E+02
   0.189080757304857E-01
   0.203747789184120E+02
   0.148323847423642E-01
   0.204346712944739E+02
   0.141097531878431E-01
   0.211730870006088E+02
   0.161124003039800E-01
   0.225081216815717E+02
   0.218281211121781E-01
   0.234956907822746E+02
   0.247711833771111E-01
   0.238536522238350E+02
   0.245226619463228E-01
   0.238768191583541E+02
   0.234957466041019E-01
   0.238125200734629E+02
   0.227872711631248E-01
   0.237323666848750E+02
   0.223911339423678E-01
   0.236180130253342E+02
   0.220213019571922E-01
   0.234830646263478E+02
   0.216942971517980E-01
   0.233352986614305E+02
   0.214024778588363E-01
   0.231830673990537E+02
   0.211091475742270E-01
   0.230332343132618E+02
   0.208049937224468E-01
   0.228989874820894E+02
   0.205912434670558E-01
   0.227814705221541E+02
   0.204434679921097E-01
   0.226818864142111E+02
   0.203775814797610E-01
   0.225896873773550E+02
   0.203538462497590E-01
   0.206539307201055E+02
   0.189130381599898E-01
   0.205374709497029E+02
   0.188021174755364E-01
   0.204038841777895E+02
   0.186544679934344E-01
   0.202572722525665E+02
   0.184516723154635E-01
   0.201055992898571E+02
   0.182615154315061E-01
   0.199500908011042E+02
   0.180995100873989E-01
   0.197861814995329E+02
   0.179486277212202E-01
   0.196106109569710E+02
   0.178151196093029E-01
   0.194202044022080E+02
   0.177191388154846E-01
   0.192128073136517E+02
   0.175992763250073E-01
   0.189989763756776E+02
   0.174735561372668E-01
   0.187944213631874E+02
   0.173243880231051E-01
   0.186299176250476E+02
   0.170914741807134E-01
   0.185685656552262E+02
   0.169368325306115E-01
   0.186729017994375E+02
   0.171171287791171E-01
   0.189176626146667E+02
   0.177727523137281E-01
   0.191329380401981E+02
   0.184477133154085E-01
   0.190854960080481E+02
   0.183003524948607E-01
   0.185542701195626E+02
   0.137035564157728E-01
   0.185241187082819E+02
   0.126523795055938E-01
   0.191978590192185E+02
   0.139448077562097E-01
   0.205850883029958E+02
   0.205160736326283E-01
   0.215937645684158E+02
   0.232719109892132E-01
   0.220272615692653E+02
   0.237074071296050E-01
   0.221066029359580E+02
   0.230659986230116E-01
   0.220639580846999E+02
   0.224693049963044E-01
   0.219846087147051E+02
   0.219667942583043E-01
   0.218614387401812E+02
   0.213788150093314E-01
   0.217177524685121E+02
   0.208771032921719E-01
   0.215562936994023E+02
   0.204051723608763E-01
   0.213892379164426E+02
   0.199890904873190E-01
   0.212272962447824E+02
   0.196199226084230E-01
   0.210814663822870E+02
   0.193625122385089E-01
   0.209516925390839E+02
   0.191456221916044E-01
   0.208443756008892E+02
   0.190148294844310E-01
   0.207519751107758E+02
   0.189639800509631E-01
   0.186402453076672E+02
   0.177537879151949E-01
   0.185275729154719E+02
   0.176224268481752E-01
   0.183984674865100E+02
   0.174674787736841E-01
   0.182549223303840E+02
   0.172807962487809E-01
   0.181020531641696E+02
   0.170907731185362E-01
   0.179444650175721E+02
   0.169207516138396E-01
   0.177828481668957E+02
   0.167722112548033E-01
   0.176146381743383E+02
   0.166365450031939E-01
   0.174373369614905E+02
   0.165152305174062E-01
   0.172508173020845E+02
   0.164041079245687E-01
   0.170616717577696E+02
   0.163012268361565E-01
   0.168825506685912E+02
   0.161857594757336E-01
   0.167390936484375E+02
   0.160340265615058E-01
   0.166829174419571E+02
   0.159365483451491E-01
   0.167747804782919E+02
   0.160546105621891E-01
   0.170201276221462E+02
   0.166285597079624E-01
   0.172696882434807E+02
   0.175472678700892E-01
   0.172873780535359E+02
   0.181125687838784E-01
   0.166924222951860E+02
   0.132930099066802E-01
   0.165900271879754E+02
   0.123527253878062E-01
   0.171121053433522E+02
   0.132305595059702E-01
   0.182906605070167E+02
   0.176390043881676E-01
   0.191877177164742E+02
   0.196867046125257E-01
   0.196750342988331E+02
   0.206838878623742E-01
   0.198631743246780E+02
   0.207833325280378E-01
   0.199129278339083E+02
   0.207600911073269E-01
   0.199034526338804E+02
   0.206904883790628E-01
   0.198291337450165E+02
   0.203435203472198E-01
   0.197176848861637E+02
   0.199794259850427E-01
   0.195702757205513E+02
   0.195322136276734E-01
   0.194056603229662E+02
   0.190852840928954E-01
   0.192404995412327E+02
   0.186987311552257E-01
   0.190862789373187E+02
   0.183870960595708E-01
   0.189487284570993E+02
   0.181292352283433E-01
   0.188340372730954E+02
   0.179488384313684E-01
   0.187380764131842E+02
   0.178474634719628E-01
   0.164062534552584E+02
   0.165389339332090E-01
   0.163009758865322E+02
   0.164166846144909E-01
   0.161805880348808E+02
   0.162826987490880E-01
   0.160434852338064E+02
   0.161143100872110E-01
   0.158916990825781E+02
   0.159169936025571E-01
   0.157342985974498E+02
   0.157354009358640E-01
   0.155796394564771E+02
   0.156069848342776E-01
   0.154239578059350E+02
   0.155051060088860E-01
   0.152645136711290E+02
   0.154006530054393E-01
   0.151038831780609E+02
   0.153317291340857E-01
   0.149449073249042E+02
   0.152709668927752E-01
   0.147980431875238E+02
   0.152094148805604E-01
   0.146828738720099E+02
   0.151340086719666E-01
   0.146363627504298E+02
   0.150781685925498E-01
   0.147049058756977E+02
   0.151452701409558E-01
   0.149098185310601E+02
   0.155280525298044E-01
   0.151486836142336E+02
   0.162924354694461E-01
   0.152361906727525E+02
   0.173269339440313E-01
   0.148178943743874E+02
   0.146530376355583E-01
   0.146722238140183E+02
   0.140729386812259E-01
   0.149313899027912E+02
   0.136158003074614E-01
   0.156282375025061E+02
   0.145407313740072E-01
   0.162735641859701E+02
   0.152306108051930E-01
   0.167451977722509E+02
   0.161117845519753E-01
   0.170305263170357E+02
   0.167355965442713E-01
   0.171944345725109E+02
   0.172246089879641E-01
   0.172968494680361E+02
   0.176940431976887E-01
   0.173275034277407E+02
   0.179268329872872E-01
   0.172998137682757E+02
   0.179992007537602E-01
   0.172138689651196E+02
   0.178604139631069E-01
   0.170943320264214E+02
   0.176212319758750E-01
   0.169590689711814E+02
   0.173621571061808E-01
   0.168233347557207E+02
   0.171105586824557E-01
   0.166983007108662E+02
   0.168971817408554E-01
   0.165922969097917E+02
   0.167500665270471E-01
   0.164997456369376E+02
   0.166419773026280E-01
   0.137841892305488E+02
   0.147046153790908E-01
   0.136987375146281E+02
   0.146622311011168E-01
   0.135984315040445E+02
   0.145956582516843E-01
   0.134803507932943E+02
   0.144958911962919E-01
   0.133430966453927E+02
   0.143437390856395E-01
   0.132036873312085E+02
   0.142218206680244E-01
   0.130657421720150E+02
   0.141323039540609E-01
   0.129314233506864E+02
   0.140767711164533E-01
   0.127983016066721E+02
   0.140318732642307E-01
   0.126666970537840E+02
   0.139988221926343E-01
   0.125395336351252E+02
   0.139641800485720E-01
   0.124252741335451E+02
   0.139182429625025E-01
   0.123398989090164E+02
   0.138743176524243E-01
   0.123056200110757E+02
   0.138441688425359E-01
   0.123459685337473E+02
   0.138565794454591E-01
   0.124732166347520E+02
   0.140340340030785E-01
   0.126356931489745E+02
   0.144429722945721E-01
   0.126898578885525E+02
   0.149256032489939E-01
   0.124650032052321E+02
   0.139329130597517E-01
   0.123146895795854E+02
   0.131850768081899E-01
   0.123765937528077E+02
   0.124858372255958E-01
   0.126940687477111E+02
   0.123288953222582E-01
   0.130853352933407E+02
   0.124313282981432E-01
   0.134539143087236E+02
   0.128630778399783E-01
   0.137419367152213E+02
   0.133109932672279E-01
   0.139591811491682E+02
   0.137397005981171E-01
   0.141328869280201E+02
   0.142315694759002E-01
   0.142518050028126E+02
   0.146500851584535E-01
   0.143129003061655E+02
   0.149526638064068E-01
   0.143121168793346E+02
   0.150754520172417E-01
   0.142634752817485E+02
   0.150622334665710E-01
   0.141855830298849E+02
   0.149814180420355E-01
   0.140954675921108E+02
   0.148820323851376E-01
   0.140048357554916E+02
   0.147864819608855E-01
   0.139278817051237E+02
   0.147482154456611E-01
   0.138578625882162E+02
   0.147273063605840E-01
   0.105439953112120E+02
   0.120147870382024E-01
   0.104838705181826E+02
   0.120230838788772E-01
   0.104118747449814E+02
   0.120159636708460E-01
   0.103248599265274E+02
   0.119902285046868E-01
   0.102223020779778E+02
   0.119341187204660E-01
   0.101092239254196E+02
   0.118571587596358E-01
   0.999040122782160E+01
   0.117689310603230E-01
   0.987831673650160E+01
   0.117189367613297E-01
   0.977010112828461E+01
   0.116885981830217E-01
   0.966461583919729E+01
   0.116561194261486E-01
   0.956622129997780E+01
   0.116136981582497E-01
   0.948193975446656E+01
   0.115598820990981E-01
   0.942292012863121E+01
   0.115139146207010E-01
   0.939966068740077E+01
   0.114827134774020E-01
   0.941969499830376E+01
   0.114812992879647E-01
   0.948270789953865E+01
   0.115678734569651E-01
   0.956521053565310E+01
   0.118200078629173E-01
   0.958963614540534E+01
   0.120713726313197E-01
   0.947625866977697E+01
   0.116601076894070E-01
   0.935399554711349E+01
   0.111309900095144E-01
   0.931466527008629E+01
   0.106322913308653E-01
   0.941624002857684E+01
   0.103457129103122E-01
   0.960661397576056E+01
   0.102427148010530E-01
   0.983185398658389E+01
   0.103026267058665E-01
   0.100476305884936E+02
   0.104282351342748E-01
   0.102414695317651E+02
   0.105913735948186E-01
   0.104166923058874E+02
   0.108408620400282E-01
   0.105656956151856E+02
   0.111533036977134E-01
   0.106766928483855E+02
   0.114615701553929E-01
   0.107407039340584E+02
   0.116825946989813E-01
   0.107601742408376E+02
   0.118037011316179E-01
   0.107448967031192E+02
   0.118543403179618E-01
   0.107101637713428E+02
   0.118678871833445E-01
   0.106692460444431E+02
   0.118862334920343E-01
   0.106303170989557E+02
   0.119249477527106E-01
   0.105909161983830E+02
   0.119754521544223E-01
   0.640057599588847E+01
   0.859768655081833E-02
   0.636667429243766E+01
   0.863177392728491E-02
   0.631990529636365E+01
   0.863588393620764E-02
   0.626000644567977E+01
   0.861328432627385E-02
   0.618852972214048E+01
   0.856965371197602E-02
   0.610815588459771E+01
   0.850628610117402E-02
   0.602171454379057E+01
   0.843486665828903E-02
   0.593372784922350E+01
   0.837350723721642E-02
   0.584421691950678E+01
   0.831477942271198E-02
   0.575470209764741E+01
   0.824927157980565E-02
   0.568189255937853E+01
   0.819864124951688E-02
   0.562766478364360E+01
   0.816323940571978E-02
   0.559514332512577E+01
   0.815297220190878E-02
   0.558195878975497E+01
   0.816299427927948E-02
   0.558752689985273E+01
   0.819939949889065E-02
   0.560898286041291E+01
   0.828788693427816E-02
   0.563340447088425E+01
   0.843901818844930E-02
   0.563640176166937E+01
   0.859626313131129E-02
   0.560147717946247E+01
   0.861863928639207E-02
   0.554972719529975E+01
   0.848694991791262E-02
   0.551633786081623E+01
   0.825703786628021E-02
   0.552844251899369E+01
   0.800585711996162E-02
   0.558860102298478E+01
   0.779591062390539E-02
   0.568618702718767E+01
   0.766045341152371E-02
   0.580656528135936E+01
   0.761360759990458E-02
   0.593902565329033E+01
   0.766161916140152E-02
   0.607471199901003E+01
   0.778970652841614E-02
   0.620242029221886E+01
   0.796741544005687E-02
   0.631055295055221E+01
   0.815731401431883E-02
   0.638979117203290E+01
   0.831361420038397E-02
   0.643710779677168E+01
   0.840673945962756E-02
   0.645701535684806E+01
   0.844611288404579E-02
   0.645879790686572E+01
   0.846044985967150E-02
   0.645131488766446E+01
   0.847844992223219E-02
   0.643953098324979E+01
   0.850755275944038E-02
   0.642363537710370E+01
   0.854880650387896E-02
   0.121563479106662E+01
   0.597306470655643E-02
   0.120285580041906E+01
   0.597946737774728E-02
   0.118315873344211E+01
   0.598192691445739E-02
   0.115711526072306E+01
   0.598084759219737E-02
   0.112560537005411E+01
   0.597700805498193E-02
   0.108965547652029E+01
   0.597103832341605E-02
   0.105036619541513E+01
   0.596361442244830E-02
   0.100887898207915E+01
   0.595521192454924E-02
   0.966351317226681E+00
   0.594564480315500E-02
   0.924357367019937E+00
   0.593499880398260E-02
   0.884974828854039E+00
   0.592426473694334E-02
   0.849689684951906E+00
   0.591411346476980E-02
   0.818626122995788E+00
   0.590411057021656E-02
   0.791432740599001E+00
   0.589390701086857E-02
   0.767563597229000E+00
   0.588383888308213E-02
   0.746337155906958E+00
   0.587490333327478E-02
   0.726588587614121E+00
   0.586685024907248E-02
   0.708859137262795E+00
   0.585918587639697E-02
   0.691895143920083E+00
   0.584397570827856E-02
   0.678285579849167E+00
   0.581916511942405E-02
   0.674001829700414E+00
   0.579013833062469E-02
   0.684239768029487E+00
   0.576417662431916E-02
   0.711387236625440E+00
   0.574751011340444E-02
   0.754637068271711E+00
   0.574351308383592E-02
   0.810744250440581E+00
   0.575271334721105E-02
   0.875090061961944E+00
   0.577337865156712E-02
   0.942335936822536E+00
   0.580168724525293E-02
   0.100723280895667E+01
   0.583287381193833E-02
   0.106545154419873E+01
   0.586244768059961E-02
   0.111410059852245E+01
   0.588690138384718E-02
   0.115213281988598E+01
   0.590493202203036E-02
   0.118021343800465E+01
   0.591792688153551E-02
   0.119988642321191E+01
   0.592853583959119E-02
   0.121272223479255E+01
   0.593912001652261E-02
   0.121969471839536E+01
   0.595062366385275E-02
   0.122090895445088E+01
   0.596256212347689E-02
