   0.197820014348661E+01
   0.416277974388505E-02
   0.879643857700198E+00
   0.397536510608801E-02
   0.162590168647835E+00
   0.383304833799060E-02
  -0.249474762821147E+00
   0.372992289827574E-02
  -0.335789692412947E+00
   0.366600356747890E-02
   0.344305125235694E-01
   0.364596053868719E-02
  -0.451968854475671E+00
   0.368941617410585E-02
  -0.419098045894250E+00
   0.378334955432112E-02
   0.108624538174775E+00
   0.392874800353294E-02
   0.113157565901039E+01
   0.412709233444438E-02
   0.265812815553218E+01
   0.437853442317080E-02
   0.491508491328342E+01
   0.467538665961416E-02
   0.816248056992945E+01
   0.500633899328016E-02
   0.110133856989921E+02
   0.535273351920107E-02
   0.135827281830866E+02
   0.569559529596578E-02
   0.158948780090111E+02
   0.601957943557016E-02
   0.178579256123719E+02
   0.631382693386739E-02
   0.194501016499158E+02
   0.657142907695175E-02
   0.206879697189792E+02
   0.678849214796850E-02
   0.216065640085505E+02
   0.696512879087122E-02
   0.222460866695809E+02
   0.710523106750039E-02
   0.226414889580994E+02
   0.721134607416656E-02
   0.228137990640942E+02
   0.728311782493775E-02
   0.227640144063211E+02
   0.731708920999371E-02
   0.224732523670381E+02
   0.730692511867488E-02
   0.219081290858101E+02
   0.724661189747263E-02
   0.210238564006941E+02
   0.713326614498978E-02
   0.197635886332979E+02
   0.696502858612214E-02
   0.180556212502014E+02
   0.674070707572171E-02
   0.158109552700767E+02
   0.646185772116904E-02
   0.129239524516753E+02
   0.613522544984123E-02
   0.927587221187301E+01
   0.577389295185056E-02
   0.644593527817292E+01
   0.539734248714298E-02
   0.437213112654461E+01
   0.502937795439219E-02
   0.296865313232220E+01
   0.469253332291697E-02
   0.217804990739702E+01
   0.440197982908008E-02
   0.494360411601821E+01
   0.523590302524717E-02
   0.553016079424151E+01
   0.504451980761281E-02
   0.531910183319197E+01
   0.487354860724046E-02
   0.450001613591356E+01
   0.469779048054556E-02
   0.292143518748386E+01
   0.456382003305091E-02
   0.219559080283990E+01
   0.450077889672735E-02
   0.195964011683439E+01
   0.450348265753070E-02
   0.218485978878070E+01
   0.457830914617747E-02
   0.292344234630923E+01
   0.471345531078693E-02
   0.435219664873605E+01
   0.489202293176100E-02
   0.461125662332835E+01
   0.514242529171926E-02
   0.548351697751950E+01
   0.544064095017455E-02
   0.705120384632127E+01
   0.589057160424243E-02
   0.922019700361169E+01
   0.641068563354187E-02
   0.121163644868413E+02
   0.691351213463045E-02
   0.160691350036924E+02
   0.737808005402929E-02
   0.187751776827129E+02
   0.779533294772966E-02
   0.205749143476410E+02
   0.814971163538996E-02
   0.217176876092997E+02
   0.840295813578150E-02
   0.223995113416088E+02
   0.854791192246493E-02
   0.227893520613707E+02
   0.867193318892071E-02
   0.230306335359360E+02
   0.880374597884774E-02
   0.232208058628303E+02
   0.894662946495597E-02
   0.233601311029356E+02
   0.909297227510004E-02
   0.233638598842640E+02
   0.918016961462333E-02
   0.231563238820287E+02
   0.915506990805791E-02
   0.226915459421531E+02
   0.905718190520966E-02
   0.219344935751479E+02
   0.889979389928779E-02
   0.208283160737466E+02
   0.866305290472429E-02
   0.192589890172864E+02
   0.832373668384346E-02
   0.170593295202109E+02
   0.787628723141635E-02
   0.140581093439417E+02
   0.734726830563725E-02
   0.101192975671048E+02
   0.676027337772596E-02
   0.757187795456913E+01
   0.620634872859054E-02
   0.600156296882984E+01
   0.576869864257378E-02
   0.515152498446484E+01
   0.546492695664590E-02
   0.743171815515245E+01
   0.690358927712274E-02
   0.706051613013253E+01
   0.671520026547227E-02
   0.657517363295583E+01
   0.651237080192159E-02
   0.591605727814343E+01
   0.615942032714357E-02
   0.519516367875368E+01
   0.582765151832478E-02
   0.477115301764926E+01
   0.575148199908890E-02
   0.464309387505209E+01
   0.581194484367244E-02
   0.482443893865722E+01
   0.597340138159016E-02
   0.531844680469070E+01
   0.618604318726354E-02
   0.618955032832047E+01
   0.644430663619517E-02
   0.757342838750591E+01
   0.665366353822003E-02
   0.793267592409027E+01
   0.646130671626487E-02
   0.950360090623423E+01
   0.701958413485797E-02
   0.116469072367093E+02
   0.767689545346021E-02
   0.143702059301056E+02
   0.814680871381962E-02
   0.180818906795892E+02
   0.861685762036802E-02
   0.203980054849984E+02
   0.912190348123869E-02
   0.217783109911323E+02
   0.965083451997429E-02
   0.224802505904385E+02
   0.995525168486818E-02
   0.227059507144279E+02
   0.982537532755432E-02
   0.226724590032322E+02
   0.986222297500183E-02
   0.226243257121101E+02
   0.100059821746512E-01
   0.228263998962384E+02
   0.102164310257329E-01
   0.232480291114390E+02
   0.106156369780020E-01
   0.235367950685961E+02
   0.109111473359329E-01
   0.235467038601324E+02
   0.107723766209346E-01
   0.232718598170619E+02
   0.106266848407860E-01
   0.227652926875732E+02
   0.105151373134042E-01
   0.220640797174176E+02
   0.103175205890865E-01
   0.210287130974403E+02
   0.994356249833269E-02
   0.193321657117439E+02
   0.936982116198377E-02
   0.166700503338745E+02
   0.879385856214929E-02
   0.127416943852204E+02
   0.806590092250578E-02
   0.103004503709951E+02
   0.748309153521895E-02
   0.886316867357289E+01
   0.719755777847992E-02
   0.799205973346938E+01
   0.709724115420834E-02
   0.102204721722147E+02
   0.900883405225717E-02
   0.966597538855904E+01
   0.868303452867043E-02
   0.909893355465241E+01
   0.834398764519392E-02
   0.850723140215763E+01
   0.800444573447645E-02
   0.793493469136356E+01
   0.762259575050157E-02
   0.755788622980637E+01
   0.744677978356606E-02
   0.740993839246576E+01
   0.748424811900771E-02
   0.747313512183477E+01
   0.760181891206840E-02
   0.773480007531818E+01
   0.771000307445781E-02
   0.821388501978053E+01
   0.770744300934265E-02
   0.896487818702735E+01
   0.775270389851141E-02
   0.100848110017177E+02
   0.751385073125965E-02
   0.128829423849181E+02
   0.831306024518574E-02
   0.153284947357760E+02
   0.868907757683069E-02
   0.177264470965227E+02
   0.894746209635770E-02
   0.200895545238200E+02
   0.932547248113797E-02
   0.217591562195758E+02
   0.979676653492118E-02
   0.226604924903642E+02
   0.102542211549552E-01
   0.229149136492386E+02
   0.105137894136292E-01
   0.226653547430352E+02
   0.105654701254886E-01
   0.221167371266017E+02
   0.106874098795914E-01
   0.215942691002390E+02
   0.107655364678828E-01
   0.218414108774978E+02
   0.109518481473187E-01
   0.228304976519318E+02
   0.117773158768939E-01
   0.234432678401885E+02
   0.120340197566331E-01
   0.235836647735927E+02
   0.117722352640599E-01
   0.233371968168762E+02
   0.118943060028809E-01
   0.228958438917550E+02
   0.116165075579216E-01
   0.225439660114539E+02
   0.113765551628109E-01
   0.221356846547959E+02
   0.111053179653323E-01
   0.210019881777763E+02
   0.106740359883840E-01
   0.187588832556601E+02
   0.101612166089823E-01
   0.151123138412199E+02
   0.962990733576822E-02
   0.129250524269812E+02
   0.931464422604914E-02
   0.116598802044922E+02
   0.923779926366311E-02
   0.108422686167806E+02
   0.915924376236951E-02
   0.127400582534873E+02
   0.111795958424393E-01
   0.121432984106249E+02
   0.106854393539221E-01
   0.115620979479280E+02
   0.101626180950442E-01
   0.110184278658296E+02
   0.974985447158589E-02
   0.105300839105078E+02
   0.938429662669066E-02
   0.101701237424201E+02
   0.914475917281950E-02
   0.996723868388887E+01
   0.905735564054968E-02
   0.991452632823139E+01
   0.904385048164199E-02
   0.100049582357120E+02
   0.901320218550838E-02
   0.102667250453321E+02
   0.892196455732791E-02
   0.107746298083708E+02
   0.868945207337891E-02
   0.118296686542701E+02
   0.853231002029842E-02
   0.145182553841487E+02
   0.924640640001445E-02
   0.170936677519802E+02
   0.941388994168266E-02
   0.193436465474183E+02
   0.955130437820126E-02
   0.213361465665885E+02
   0.992497058979342E-02
   0.226762856975824E+02
   0.104764545109038E-01
   0.232000984276058E+02
   0.109848538591556E-01
   0.230681784430999E+02
   0.111677313997988E-01
   0.223577455924045E+02
   0.111161828217924E-01
   0.212276826267911E+02
   0.113656798711798E-01
   0.198702748098433E+02
   0.112125901109517E-01
   0.201736315906312E+02
   0.116368585664113E-01
   0.223008998747298E+02
   0.127333379430867E-01
   0.232048244219709E+02
   0.124915112519572E-01
   0.233835104207248E+02
   0.126156423661988E-01
   0.230101286316483E+02
   0.127953683914116E-01
   0.224109773755171E+02
   0.124557685292338E-01
   0.223783946727349E+02
   0.120221566860290E-01
   0.228268006871290E+02
   0.118851702609183E-01
   0.222943225805885E+02
   0.115201959434567E-01
   0.204618594706108E+02
   0.111946422943935E-01
   0.170966758066541E+02
   0.110641083504215E-01
   0.151744177215271E+02
   0.109840963955971E-01
   0.140885216452373E+02
   0.112951805549462E-01
   0.133593207803706E+02
   0.114346321425672E-01
   0.148812175477713E+02
   0.129883405562347E-01
   0.142841445291860E+02
   0.122904306212540E-01
   0.137268906640689E+02
   0.116509806304817E-01
   0.132364419675313E+02
   0.112060497070975E-01
   0.128137179545613E+02
   0.108834281900236E-01
   0.124790049321584E+02
   0.106336950005117E-01
   0.122453129133340E+02
   0.104511420163123E-01
   0.121140511802713E+02
   0.103153119992306E-01
   0.120910013852533E+02
   0.101807775434602E-01
   0.122137064923199E+02
   0.100800260953144E-01
   0.125494700991323E+02
   0.994815945644518E-02
   0.133091879966239E+02
   0.965176348671628E-02
   0.150729610089776E+02
   0.976818585035969E-02
   0.179575407767557E+02
   0.101228972578336E-01
   0.201222251290111E+02
   0.101808493520301E-01
   0.220682779952916E+02
   0.106366149620964E-01
   0.232668761579975E+02
   0.113201110687091E-01
   0.234459926853941E+02
   0.118664804893418E-01
   0.229912491692665E+02
   0.117887108238107E-01
   0.218564950522204E+02
   0.119060131552464E-01
   0.201808015542080E+02
   0.120379970534856E-01
   0.193421453771982E+02
   0.120385300477526E-01
   0.197330077818984E+02
   0.123067190292849E-01
   0.219701076191625E+02
   0.131129375386615E-01
   0.228873539984622E+02
   0.130389821145515E-01
   0.230173326523722E+02
   0.133847033808477E-01
   0.223877522861437E+02
   0.133892539952665E-01
   0.213016169217786E+02
   0.129352897344167E-01
   0.215466537721455E+02
   0.123799280693701E-01
   0.232996591901322E+02
   0.123307403819321E-01
   0.233434656065087E+02
   0.121538504160079E-01
   0.218758308509371E+02
   0.120461337081159E-01
   0.187610811204550E+02
   0.124774982489013E-01
   0.170881531030944E+02
   0.127973248600782E-01
   0.161603980202345E+02
   0.134310770974231E-01
   0.154923630718066E+02
   0.134555268280509E-01
   0.166502124401113E+02
   0.142379458720164E-01
   0.160813261149940E+02
   0.134339009359843E-01
   0.155743160546720E+02
   0.128064102291609E-01
   0.151450411853650E+02
   0.124141864200091E-01
   0.147806452593442E+02
   0.121511189478022E-01
   0.144772781473207E+02
   0.119230055076287E-01
   0.142358278091706E+02
   0.116966888249718E-01
   0.140607116855188E+02
   0.114857267231919E-01
   0.139672996252816E+02
   0.113186493073381E-01
   0.139956424147677E+02
   0.112681026979700E-01
   0.141946464980074E+02
   0.112397971925192E-01
   0.146943555551574E+02
   0.108958076373744E-01
   0.158754154656686E+02
   0.104004755696153E-01
   0.183354324048408E+02
   0.104946318299464E-01
   0.203085707044194E+02
   0.108093721120907E-01
   0.224271463239902E+02
   0.112114916019107E-01
   0.236218942578468E+02
   0.123302481027112E-01
   0.233981568473727E+02
   0.129697188375580E-01
   0.227009224327625E+02
   0.127257696802462E-01
   0.211651732463898E+02
   0.128207980003546E-01
   0.200713486005914E+02
   0.131506418519933E-01
   0.195593222886438E+02
   0.133076346094174E-01
   0.198699983835992E+02
   0.130872232653673E-01
   0.216566074718511E+02
   0.134501352726346E-01
   0.224263354015967E+02
   0.136237678573328E-01
   0.225067297164703E+02
   0.137512474912113E-01
   0.215615465425952E+02
   0.138050726236883E-01
   0.210365782119513E+02
   0.134175540574760E-01
   0.215439304358158E+02
   0.128967153024118E-01
   0.237755103516080E+02
   0.123693699916686E-01
   0.242051463838287E+02
   0.125113736112387E-01
   0.230410718455867E+02
   0.127798312700675E-01
   0.201594665094789E+02
   0.138615638050343E-01
   0.187103298467607E+02
   0.147881028574362E-01
   0.178808380466752E+02
   0.152885072665975E-01
   0.172466139548808E+02
   0.149499946476247E-01
   0.180996092285365E+02
   0.151359702276955E-01
   0.175847896188585E+02
   0.144754388304091E-01
   0.171412645179901E+02
   0.140253189969288E-01
   0.167718667741854E+02
   0.137693277979637E-01
   0.164567148454922E+02
   0.135421786924907E-01
   0.161851428062242E+02
   0.133092992429161E-01
   0.159504069317904E+02
   0.130399495118793E-01
   0.157555218042062E+02
   0.127680910906281E-01
   0.156178033714325E+02
   0.125518773368092E-01
   0.155740373700370E+02
   0.124993618424749E-01
   0.156602195429452E+02
   0.125071775400303E-01
   0.159512607227815E+02
   0.120868025118170E-01
   0.166936914085043E+02
   0.113581321408985E-01
   0.182571181712166E+02
   0.109403583235478E-01
   0.199362914580427E+02
   0.115866777810036E-01
   0.225077147316465E+02
   0.118976255343906E-01
   0.238352167285130E+02
   0.133931325059632E-01
   0.230240002644746E+02
   0.144175328403884E-01
   0.222168506728092E+02
   0.140243675324576E-01
   0.212229387760915E+02
   0.138798231545024E-01
   0.204733316703026E+02
   0.147340624735977E-01
   0.201097206425580E+02
   0.147724104636153E-01
   0.202719087568112E+02
   0.141292223838923E-01
   0.211765772533304E+02
   0.137618836479481E-01
   0.217499076539274E+02
   0.139006760927836E-01
   0.218775909053955E+02
   0.142822719826741E-01
   0.214849863782119E+02
   0.144842726765627E-01
   0.212963693403876E+02
   0.144636289756159E-01
   0.218820730903875E+02
   0.136754169314155E-01
   0.241876794850972E+02
   0.122999236453036E-01
   0.248831689359765E+02
   0.128479375794088E-01
   0.239782333675658E+02
   0.135125176881477E-01
   0.213427980689217E+02
   0.154676536730984E-01
   0.200469781805346E+02
   0.164280444399170E-01
   0.192575093523983E+02
   0.162589626307328E-01
   0.186572865418784E+02
   0.158187727934035E-01
   0.192882294098691E+02
   0.162665553377525E-01
   0.188380910295614E+02
   0.158921142863066E-01
   0.184526896475568E+02
   0.156001700825725E-01
   0.181327786415920E+02
   0.154248654222291E-01
   0.178609278532601E+02
   0.152534270473179E-01
   0.176230540292801E+02
   0.150790462774914E-01
   0.174062476053217E+02
   0.148714567038628E-01
   0.172075415238467E+02
   0.146508078363763E-01
   0.170395248468436E+02
   0.144432819465440E-01
   0.169285922884814E+02
   0.142299087355896E-01
   0.169106194792029E+02
   0.139421707270250E-01
   0.170502689928185E+02
   0.132783345992530E-01
   0.175194006656798E+02
   0.125207299397378E-01
   0.186361407353082E+02
   0.119475268811606E-01
   0.199618815535170E+02
   0.119407795392010E-01
   0.223931050249158E+02
   0.119958974278321E-01
   0.240304524290162E+02
   0.140316852949535E-01
   0.232147691615042E+02
   0.158666716074201E-01
   0.223814569465466E+02
   0.153294383004491E-01
   0.217157819752930E+02
   0.148579264871566E-01
   0.210571008583387E+02
   0.158841214954965E-01
   0.207454704097756E+02
   0.157943760585015E-01
   0.208179205376553E+02
   0.151437150318180E-01
   0.213201183277397E+02
   0.148865240860926E-01
   0.217988608538563E+02
   0.148278930981674E-01
   0.219675850255636E+02
   0.152851828054801E-01
   0.218273979320577E+02
   0.155026459661665E-01
   0.217806094060655E+02
   0.154907752823806E-01
   0.223054523700245E+02
   0.144024078481546E-01
   0.244531850909350E+02
   0.125042112408272E-01
   0.253747289295599E+02
   0.133908946960835E-01
   0.246984382765530E+02
   0.143483530851827E-01
   0.222992277368374E+02
   0.169973858122372E-01
   0.210964689907651E+02
   0.173464687894806E-01
   0.203384415472964E+02
   0.168334672484769E-01
   0.197870020288158E+02
   0.166422401885875E-01
   0.202605554902838E+02
   0.174909601413351E-01
   0.198687864067824E+02
   0.172495926114347E-01
   0.195316470908635E+02
   0.170328907839590E-01
   0.192523221862343E+02
   0.168902852586560E-01
   0.190182765613585E+02
   0.167866639890230E-01
   0.188121589924194E+02
   0.166942317692496E-01
   0.186148939409653E+02
   0.165698305536092E-01
   0.184143981232767E+02
   0.163889703933380E-01
   0.182184447965934E+02
   0.161790213177635E-01
   0.180496213468221E+02
   0.158784356611929E-01
   0.179472747385865E+02
   0.154560068703457E-01
   0.179773629964637E+02
   0.147636708084878E-01
   0.182837387129559E+02
   0.136244073375076E-01
   0.192272976586001E+02
   0.130683828241159E-01
   0.201751959049306E+02
   0.129602219897353E-01
   0.220043043230296E+02
   0.124359259938955E-01
   0.242168215246371E+02
   0.144598068963751E-01
   0.236922939008401E+02
   0.168338070555084E-01
   0.228101748352537E+02
   0.170475103336301E-01
   0.224521357397674E+02
   0.156520373145369E-01
   0.216441679681223E+02
   0.169969829206075E-01
   0.213501444048114E+02
   0.167890486270325E-01
   0.213621604992002E+02
   0.164148119492029E-01
   0.216821366608505E+02
   0.160868689171836E-01
   0.221656152482387E+02
   0.160593258598709E-01
   0.223599403480944E+02
   0.165844897548914E-01
   0.223411226117845E+02
   0.166852700612466E-01
   0.223207957276061E+02
   0.164883829494851E-01
   0.226960545526182E+02
   0.152840521764404E-01
   0.244959287385622E+02
   0.133723986446607E-01
   0.256841287320381E+02
   0.142347293955386E-01
   0.252140039257067E+02
   0.153185478215406E-01
   0.230524459075576E+02
   0.184059497174983E-01
   0.219260281890410E+02
   0.184756443126025E-01
   0.212035206725533E+02
   0.177924923210784E-01
   0.206985510294437E+02
   0.176974164714600E-01
   0.210558102134769E+02
   0.186978037316966E-01
   0.207078609107765E+02
   0.184870490456886E-01
   0.204078951632215E+02
   0.183077349411763E-01
   0.201607438181034E+02
   0.181971218791462E-01
   0.199581400471788E+02
   0.181794431906853E-01
   0.197790854707092E+02
   0.181751408891374E-01
   0.195990865785210E+02
   0.181349195111434E-01
   0.193964755001780E+02
   0.179780444100047E-01
   0.191742063649365E+02
   0.177153861343701E-01
   0.189559923882899E+02
   0.172884337337687E-01
   0.187876130204664E+02
   0.167123233225027E-01
   0.187397965049024E+02
   0.159235607520552E-01
   0.189587372525916E+02
   0.148343605580122E-01
   0.199489210507723E+02
   0.141756549130003E-01
   0.205060164422999E+02
   0.148152747557958E-01
   0.219688094828712E+02
   0.134098712467522E-01
   0.244196192326023E+02
   0.146877410895391E-01
   0.244403326971980E+02
   0.169560228418374E-01
   0.232829617666637E+02
   0.185539488070860E-01
   0.226949569444336E+02
   0.173517376205535E-01
   0.221458341842953E+02
   0.181586690080059E-01
   0.219106162023575E+02
   0.180061566111949E-01
   0.218968516425735E+02
   0.175861747520865E-01
   0.221407211821946E+02
   0.170207349454294E-01
   0.227350835677400E+02
   0.166935717287349E-01
   0.229160372493781E+02
   0.178079575472549E-01
   0.229556725553459E+02
   0.177453613389371E-01
   0.229060715489459E+02
   0.175650507109266E-01
   0.230927373582884E+02
   0.164952007031730E-01
   0.242457568987986E+02
   0.153637403344129E-01
   0.258422698759568E+02
   0.154258675508327E-01
   0.255493741586292E+02
   0.165118683847574E-01
   0.236261717459536E+02
   0.198108500796364E-01
   0.225818175006709E+02
   0.196257764172956E-01
   0.219067212348460E+02
   0.189207458822470E-01
   0.214456070623189E+02
   0.188586953991177E-01
   0.216847086051595E+02
   0.197534218773888E-01
   0.213678963542732E+02
   0.195396092335141E-01
   0.210953707114025E+02
   0.193859989550773E-01
   0.208720894562895E+02
   0.193242238522638E-01
   0.206916548363816E+02
   0.193819245796541E-01
   0.205313783740614E+02
   0.194551124762127E-01
   0.203626744609051E+02
   0.194833362638663E-01
   0.201557578127311E+02
   0.193312790780116E-01
   0.199102292738857E+02
   0.189806134710472E-01
   0.196559371459782E+02
   0.184154681377276E-01
   0.194458357066473E+02
   0.176880535679825E-01
   0.193558894797687E+02
   0.168817169450032E-01
   0.195121408374070E+02
   0.161976903384170E-01
   0.201773034925618E+02
   0.157913385394507E-01
   0.208274796429201E+02
   0.165298526957042E-01
   0.221121990748911E+02
   0.150021295409854E-01
   0.245825539437182E+02
   0.153837059839556E-01
   0.248735350576072E+02
   0.169312282226107E-01
   0.237159160593778E+02
   0.191461493051092E-01
   0.230243421507134E+02
   0.186966741590944E-01
   0.225843537532671E+02
   0.188679784653925E-01
   0.224129349590106E+02
   0.191037201709352E-01
   0.224024325483421E+02
   0.186946055527387E-01
   0.226227612305140E+02
   0.179610550961598E-01
   0.234903587725634E+02
   0.166719432300152E-01
   0.235540874318229E+02
   0.181006150129324E-01
   0.236498370168643E+02
   0.182406921554263E-01
   0.235324555835578E+02
   0.187400953614853E-01
   0.235293203042011E+02
   0.179807121211974E-01
   0.242710236250115E+02
   0.169667852911904E-01
   0.258958540653816E+02
   0.164138437995043E-01
   0.257186184523655E+02
   0.177357342271098E-01
   0.240289685206798E+02
   0.210785999620552E-01
   0.230805585859210E+02
   0.206514010280211E-01
   0.224615613369834E+02
   0.199806468141790E-01
   0.220387180862518E+02
   0.199099905062741E-01
   0.221555359180885E+02
   0.206991801438877E-01
   0.218603700951914E+02
   0.204822919264027E-01
   0.216061659303674E+02
   0.203386757136518E-01
   0.213966009449725E+02
   0.202952020583949E-01
   0.212260555689690E+02
   0.203489695377529E-01
   0.210735191466819E+02
   0.204347032994579E-01
   0.209087249159760E+02
   0.204782195049975E-01
   0.206963850739422E+02
   0.203014290340221E-01
   0.204345619820561E+02
   0.198714210806867E-01
   0.201620930268794E+02
   0.192392596640422E-01
   0.199382275361471E+02
   0.185111520147229E-01
   0.198385329171307E+02
   0.179271671596154E-01
   0.199566471206052E+02
   0.175814601966593E-01
   0.204366031514554E+02
   0.168636901236387E-01
   0.211043666753290E+02
   0.173953982496769E-01
   0.223174201460513E+02
   0.169441449657198E-01
   0.246852690808257E+02
   0.168724720941286E-01
   0.251120372829896E+02
   0.172766023226377E-01
   0.241249212435933E+02
   0.188817716620851E-01
   0.233513968015308E+02
   0.199492995771482E-01
   0.229670822200159E+02
   0.198816692470571E-01
   0.228452531199634E+02
   0.201663606780467E-01
   0.228517946145224E+02
   0.198233146672981E-01
   0.230552504990281E+02
   0.191268508591751E-01
   0.238885153602864E+02
   0.173901098322668E-01
   0.242553292399075E+02
   0.182881134809289E-01
   0.244508031807700E+02
   0.180949526987820E-01
   0.241859816184891E+02
   0.194812778250610E-01
   0.239758774160063E+02
   0.195851660872359E-01
   0.244198917286209E+02
   0.184524994095376E-01
   0.258537159347722E+02
   0.171191161187656E-01
   0.257262309112485E+02
   0.187195709792997E-01
   0.242656918282024E+02
   0.216431216391057E-01
   0.234327759048654E+02
   0.213912868397939E-01
   0.228762852835158E+02
   0.209677987421470E-01
   0.224842181777426E+02
   0.208658867084015E-01
   0.224740832137995E+02
   0.215230173723653E-01
   0.221930682343633E+02
   0.213140501576808E-01
   0.219489000820498E+02
   0.211655817856541E-01
   0.217431420474282E+02
   0.210680966945779E-01
   0.215715670739511E+02
   0.210188007291967E-01
   0.214170999960298E+02
   0.210382417473372E-01
   0.212506443523189E+02
   0.210717717019684E-01
   0.210338664082554E+02
   0.209038447528756E-01
   0.207650591966081E+02
   0.204660457422032E-01
   0.204925197488730E+02
   0.199148334753125E-01
   0.202779660593611E+02
   0.193823971575528E-01
   0.201880272755227E+02
   0.190194961530617E-01
   0.202825646537099E+02
   0.186180199282546E-01
   0.206620983410653E+02
   0.179027323603777E-01
   0.213260475730712E+02
   0.183205155254868E-01
   0.224995347004790E+02
   0.188758787796947E-01
   0.247061031607889E+02
   0.178895555574838E-01
   0.251987398834310E+02
   0.173673860048987E-01
   0.245923798557940E+02
   0.180688324206618E-01
   0.236136218840262E+02
   0.205158441862717E-01
   0.232766624712490E+02
   0.209555571694470E-01
   0.231934818049667E+02
   0.211066459568760E-01
   0.232232380225292E+02
   0.208397047712819E-01
   0.234097812894305E+02
   0.205654926203375E-01
   0.239492318562956E+02
   0.188555278552915E-01
   0.245402373274542E+02
   0.188768201599497E-01
   0.248811453181600E+02
   0.185264447580459E-01
   0.248773540683241E+02
   0.193992443778726E-01
   0.243933945006431E+02
   0.211959564799588E-01
   0.245943274512348E+02
   0.200934796805304E-01
   0.257184034247063E+02
   0.180341798927714E-01
   0.255503171603249E+02
   0.198403619090172E-01
   0.243642092823742E+02
   0.221652390075780E-01
   0.236549025739324E+02
   0.221326813514442E-01
   0.231562786323219E+02
   0.218834098940994E-01
   0.227863186358015E+02
   0.217130433007326E-01
   0.226451218710841E+02
   0.221030826660422E-01
   0.223724875789784E+02
   0.219229915503604E-01
   0.221325666636499E+02
   0.217735172280302E-01
   0.219256281768428E+02
   0.216033875933202E-01
   0.217479643780775E+02
   0.214441980660532E-01
   0.215871938054242E+02
   0.214272609980777E-01
   0.214146040856137E+02
   0.214740878319461E-01
   0.211922016167828E+02
   0.213086051493024E-01
   0.209231634572484E+02
   0.208808826065398E-01
   0.206613610805524E+02
   0.204283743340864E-01
   0.204672683136342E+02
   0.200831549453147E-01
   0.203961713462230E+02
   0.198055888330671E-01
   0.204833380052679E+02
   0.192225203652561E-01
   0.208140205452254E+02
   0.185606756337810E-01
   0.214736741703628E+02
   0.191479314449295E-01
   0.226002935006791E+02
   0.200893842548198E-01
   0.246184246695239E+02
   0.179803813912544E-01
   0.251489139017272E+02
   0.173311598053023E-01
   0.247647150625476E+02
   0.177049230586849E-01
   0.237744174970044E+02
   0.207231966291986E-01
   0.234928902867412E+02
   0.216510175165189E-01
   0.234474350686653E+02
   0.218407321194102E-01
   0.235057312184915E+02
   0.216713925680383E-01
   0.236706471010035E+02
   0.215328526784428E-01
   0.240296260071600E+02
   0.197665866163426E-01
   0.244875694201954E+02
   0.196046601217218E-01
   0.250079354053339E+02
   0.191497463069911E-01
   0.252292660355112E+02
   0.195297863540580E-01
   0.247343600160804E+02
   0.224126300869627E-01
   0.247338689005295E+02
   0.218265343305812E-01
   0.254759065567245E+02
   0.193399490337018E-01
   0.251508502292303E+02
   0.214496307219359E-01
   0.243501790572637E+02
   0.226804819709660E-01
   0.237553262505814E+02
   0.227531491186099E-01
   0.233017897314116E+02
   0.225357899705700E-01
   0.229476367445849E+02
   0.223021723731972E-01
   0.226793814018645E+02
   0.220385692744882E-01
   0.224105374025474E+02
   0.218625831826438E-01
   0.221708997624914E+02
   0.216961438477266E-01
   0.219609108847676E+02
   0.215111509362164E-01
   0.217759603956675E+02
   0.213617367961137E-01
   0.216039792650824E+02
   0.213273821004140E-01
   0.214191866653497E+02
   0.213241829873289E-01
   0.211902020572259E+02
   0.211352451847825E-01
   0.209261966205389E+02
   0.207634053373612E-01
   0.206804774325115E+02
   0.204051034917738E-01
   0.205085688955619E+02
   0.201366188998838E-01
   0.204613730123719E+02
   0.199060752220098E-01
   0.205625930068703E+02
   0.193487060917062E-01
   0.208731146020871E+02
   0.187110769899655E-01
   0.215284919539249E+02
   0.195121921134532E-01
   0.225876787893962E+02
   0.203591591322591E-01
   0.244285516553693E+02
   0.176013183858965E-01
   0.249839772744952E+02
   0.172118021708229E-01
   0.247479379294272E+02
   0.175582063350005E-01
   0.238310925306202E+02
   0.207187628426618E-01
   0.236104185351400E+02
   0.221104087863632E-01
   0.236049335290510E+02
   0.225401649565637E-01
   0.236912106640157E+02
   0.223334940373542E-01
   0.238364670672211E+02
   0.220139216118384E-01
   0.240909682313595E+02
   0.206331709188418E-01
   0.244492985687021E+02
   0.202403680971303E-01
   0.248649073505768E+02
   0.203026870779841E-01
   0.253417700339535E+02
   0.199447449023492E-01
   0.249926976135368E+02
   0.226279364415356E-01
   0.247894971139980E+02
   0.229091636583279E-01
   0.250746273139934E+02
   0.209924092749039E-01
   0.248364110067721E+02
   0.222666257694846E-01
   0.242484717396136E+02
   0.228389828464925E-01
   0.237396230112083E+02
   0.228726747212597E-01
   0.233192654278272E+02
   0.225246706128583E-01
   0.229766945155584E+02
   0.222389344695511E-01
   0.226057153393656E+02
   0.210124896853905E-01
   0.223359055239802E+02
   0.207396848521982E-01
   0.220897400468355E+02
   0.204595763509203E-01
   0.218688839444598E+02
   0.201968332061589E-01
   0.216710026202702E+02
   0.200335692527722E-01
   0.214850078787639E+02
   0.199987104608141E-01
   0.212884762122992E+02
   0.200136968738137E-01
   0.210571159663920E+02
   0.199081956147425E-01
   0.208045314322422E+02
   0.197182204268072E-01
   0.205807880112166E+02
   0.195800969448248E-01
   0.204337368903097E+02
   0.194769692320791E-01
   0.204088226993714E+02
   0.193792582583262E-01
   0.205332686279060E+02
   0.191089949337205E-01
   0.208347637934755E+02
   0.184959507403186E-01
   0.214853864389216E+02
   0.195796618132091E-01
   0.224548243130720E+02
   0.201038951112745E-01
   0.241459429549340E+02
   0.173862880592173E-01
   0.247138566514650E+02
   0.172011564920219E-01
   0.245861488630430E+02
   0.174283328178993E-01
   0.237893982986344E+02
   0.212479669385181E-01
   0.236156945672429E+02
   0.223903772394977E-01
   0.236432074754859E+02
   0.228795638207658E-01
   0.237695030814314E+02
   0.228180888246380E-01
   0.239037847739754E+02
   0.223115372143828E-01
   0.241029493170711E+02
   0.213614909564336E-01
   0.244041156869468E+02
   0.213593682270640E-01
   0.247374839563816E+02
   0.213152926457291E-01
   0.252502349497581E+02
   0.206216554061168E-01
   0.252117088225520E+02
   0.216424688899345E-01
   0.247395410816024E+02
   0.230015720985410E-01
   0.247649672115556E+02
   0.217170613182225E-01
   0.245390660890833E+02
   0.222724195257302E-01
   0.240688666579615E+02
   0.223555205379076E-01
   0.236232444794258E+02
   0.221196979154800E-01
   0.232332644092947E+02
   0.216563905890240E-01
   0.229006392786535E+02
   0.212955746506394E-01
   0.224491410359262E+02
   0.196433237132827E-01
   0.221763483575432E+02
   0.193134396807288E-01
   0.219244127248695E+02
   0.190081975049239E-01
   0.216958347716726E+02
   0.187681172210714E-01
   0.214873711932528E+02
   0.186113801118655E-01
   0.212873794759433E+02
   0.185213026140450E-01
   0.210778159309984E+02
   0.184580561662226E-01
   0.208441277373607E+02
   0.183551805585719E-01
   0.206046273534055E+02
   0.182838401997412E-01
   0.204016196141208E+02
   0.182945855271088E-01
   0.202756238048702E+02
   0.183687060810627E-01
   0.202689143029220E+02
   0.185313772277221E-01
   0.204105013108268E+02
   0.186745222577095E-01
   0.207045954691510E+02
   0.182157437983800E-01
   0.213423830798138E+02
   0.196691763023724E-01
   0.222064968401864E+02
   0.197516225912445E-01
   0.237568486346499E+02
   0.173747560186030E-01
   0.243246124209107E+02
   0.173078297678830E-01
   0.242863286583967E+02
   0.173419194543729E-01
   0.236268995203070E+02
   0.214669270347218E-01
   0.234887807327580E+02
   0.220885439811256E-01
   0.235391603833824E+02
   0.223808173949403E-01
   0.237248692779641E+02
   0.227169528292020E-01
   0.238631069578933E+02
   0.224353933537645E-01
   0.240356379152073E+02
   0.218363992490538E-01
   0.242982180020948E+02
   0.221372989239711E-01
   0.245651774424406E+02
   0.221018141371257E-01
   0.249091758763451E+02
   0.218802453177694E-01
   0.251216400955255E+02
   0.212750566835088E-01
   0.245718400294681E+02
   0.225519020864719E-01
   0.244634429553074E+02
   0.218703611630467E-01
   0.242267205280666E+02
   0.217902583908270E-01
   0.238228580757920E+02
   0.213213542157642E-01
   0.234288674367376E+02
   0.208971667927461E-01
   0.230667531370202E+02
   0.203999261112056E-01
   0.227433430762710E+02
   0.199942694992521E-01
   0.222558577801098E+02
   0.188961607611984E-01
   0.219829806589270E+02
   0.185466524334637E-01
   0.217287809897884E+02
   0.182371784469477E-01
   0.214957310586246E+02
   0.180123478157714E-01
   0.212789968803396E+02
   0.178521650090939E-01
   0.210662953076822E+02
   0.177317858121322E-01
   0.208433188363259E+02
   0.176208738704532E-01
   0.206032925119954E+02
   0.174843221036136E-01
   0.203674626351297E+02
   0.173914320115524E-01
   0.201727574167613E+02
   0.173859421821020E-01
   0.200547549546697E+02
   0.174941872273319E-01
   0.200534592617538E+02
   0.177833217558518E-01
   0.202028544062434E+02
   0.183062544751740E-01
   0.205097030456373E+02
   0.187356146242291E-01
   0.210916525253107E+02
   0.198355951825226E-01
   0.218439045412100E+02
   0.191078781025956E-01
   0.232429207866194E+02
   0.173619244156687E-01
   0.237983668583223E+02
   0.173935361546410E-01
   0.238479391702034E+02
   0.174950104759653E-01
   0.233400475521530E+02
   0.219100396966683E-01
   0.232326151108151E+02
   0.218494073131912E-01
   0.232971004701937E+02
   0.214148755442189E-01
   0.235617460085276E+02
   0.221267063687517E-01
   0.237086672665556E+02
   0.224463258460313E-01
   0.238684528278653E+02
   0.219942504661610E-01
   0.241017153906411E+02
   0.225169234213588E-01
   0.243195846229245E+02
   0.228209321484630E-01
   0.245606342100477E+02
   0.231495164909125E-01
   0.247852789436144E+02
   0.214738009401183E-01
   0.242893429973723E+02
   0.222542652224605E-01
   0.241331041413465E+02
   0.218357179486295E-01
   0.238896252514024E+02
   0.212819562214782E-01
   0.235355556493442E+02
   0.205859180239424E-01
   0.231902356098651E+02
   0.201406452002575E-01
   0.228579599131199E+02
   0.196810078049562E-01
   0.225466454320686E+02
   0.192687825532899E-01
   0.220526270490111E+02
   0.193809076811197E-01
   0.217861674074905E+02
   0.189705734125976E-01
   0.215356499222639E+02
   0.186099119457674E-01
   0.213019712164418E+02
   0.183294634341509E-01
   0.210799677264421E+02
   0.181235760274823E-01
   0.208572220180338E+02
   0.179702260396029E-01
   0.206222907202290E+02
   0.178544769919937E-01
   0.203734668244507E+02
   0.177376253723044E-01
   0.201329175838389E+02
   0.176696445075914E-01
   0.199340535786643E+02
   0.176897323106683E-01
   0.198081283520636E+02
   0.178098444848943E-01
   0.197922104193263E+02
   0.180972023632238E-01
   0.199239403868344E+02
   0.186774494426826E-01
   0.202162376603381E+02
   0.194189433450206E-01
   0.207304607171133E+02
   0.201592448787392E-01
   0.213786799891575E+02
   0.187906052819490E-01
   0.225892880378945E+02
   0.173018124510672E-01
   0.231190862532543E+02
   0.172679079798712E-01
   0.232608490189845E+02
   0.180364932678465E-01
   0.229061522938901E+02
   0.221285099266053E-01
   0.228453665518680E+02
   0.217451531584874E-01
   0.229421690145640E+02
   0.208884041031624E-01
   0.232972285693943E+02
   0.210838675782602E-01
   0.234513664489079E+02
   0.228059301189230E-01
   0.236160688834201E+02
   0.227534080143984E-01
   0.238147390222109E+02
   0.231795722787286E-01
   0.239786460736286E+02
   0.233854006952526E-01
   0.241221810856549E+02
   0.234973694250866E-01
   0.241983545702753E+02
   0.226581307904098E-01
   0.239142435696405E+02
   0.229629957966897E-01
   0.237584841943634E+02
   0.226221405469493E-01
   0.235276130101309E+02
   0.219247081547784E-01
   0.232249312221758E+02
   0.212330914538827E-01
   0.229290952960767E+02
   0.207874554807078E-01
   0.226291002069306E+02
   0.203070768958469E-01
   0.223343876305987E+02
   0.198236274604970E-01
   0.218365346590932E+02
   0.211201630818654E-01
   0.215862020902433E+02
   0.206595415391101E-01
   0.213476034154496E+02
   0.202104920800028E-01
   0.211199829077140E+02
   0.198130726333919E-01
   0.208984214611623E+02
   0.195042455308824E-01
   0.206701522142695E+02
   0.192726807729134E-01
   0.204251875041716E+02
   0.191112013275482E-01
   0.201651316123015E+02
   0.189581112447190E-01
   0.199121856369386E+02
   0.188293647951709E-01
   0.196971070812924E+02
   0.187588162915875E-01
   0.195469995787296E+02
   0.187124499665986E-01
   0.194943654092426E+02
   0.187206722472876E-01
   0.195750652432237E+02
   0.188990534655013E-01
   0.198026547857144E+02
   0.192614815097221E-01
   0.202550684684240E+02
   0.203785089667105E-01
   0.208315507789742E+02
   0.197409296590838E-01
   0.217810375108000E+02
   0.170690908533580E-01
   0.222775290713064E+02
   0.175601249446560E-01
   0.224988977561214E+02
   0.190550207716223E-01
   0.223158609037397E+02
   0.221246024586254E-01
   0.223195756950120E+02
   0.213778046521419E-01
   0.224678385486189E+02
   0.202556466181401E-01
   0.229722791608339E+02
   0.197322488798944E-01
   0.230624529737443E+02
   0.227560008882204E-01
   0.232375324010204E+02
   0.232959960736130E-01
   0.234009773834419E+02
   0.234786310463967E-01
   0.235147639393851E+02
   0.234932103473835E-01
   0.235779811172705E+02
   0.232359180012260E-01
   0.235869921571550E+02
   0.230423253149933E-01
   0.234234696844151E+02
   0.235823057264548E-01
   0.232996231525098E+02
   0.236732319531609E-01
   0.231064324402035E+02
   0.232636164266107E-01
   0.228659966352306E+02
   0.228566186712903E-01
   0.226246425759680E+02
   0.225153665743563E-01
   0.223648141927411E+02
   0.220807641709315E-01
   0.220985011095604E+02
   0.216012046880445E-01
   0.215149702261293E+02
   0.229397020120947E-01
   0.212925521038667E+02
   0.226334771150563E-01
   0.210778267863690E+02
   0.222292514272812E-01
   0.208675341122900E+02
   0.217507379313851E-01
   0.206558853703210E+02
   0.212970440966828E-01
   0.204287910928928E+02
   0.208753018375321E-01
   0.201763273921404E+02
   0.204866400458096E-01
   0.199040144297498E+02
   0.201146775915941E-01
   0.196351619252660E+02
   0.197799928066124E-01
   0.193993066381514E+02
   0.195160273749447E-01
   0.192214168414532E+02
   0.192737260573872E-01
   0.191282678958991E+02
   0.190367430567991E-01
   0.191441372044687E+02
   0.187989325998114E-01
   0.192814119636551E+02
   0.185689343678238E-01
   0.196425177514356E+02
   0.192218362883037E-01
   0.201766383855994E+02
   0.204540768512012E-01
   0.208055405600161E+02
   0.177411492340573E-01
   0.212476188265395E+02
   0.182310816743468E-01
   0.215118683062749E+02
   0.197083615044788E-01
   0.215668370347218E+02
   0.216320787877686E-01
   0.216588391825166E+02
   0.208493368785397E-01
   0.218847895565723E+02
   0.190176534993195E-01
   0.224225904013136E+02
   0.197659534833568E-01
   0.225346289352976E+02
   0.224567254616613E-01
   0.227152916988310E+02
   0.234049896360671E-01
   0.228471782264946E+02
   0.232425262182983E-01
   0.229238917117490E+02
   0.231593767785609E-01
   0.229294458854201E+02
   0.228127028837817E-01
   0.228939971436388E+02
   0.227088981207479E-01
   0.227896821572803E+02
   0.232747039562503E-01
   0.226993261621746E+02
   0.237000327008413E-01
   0.225535412331302E+02
   0.237245135902415E-01
   0.223741501102792E+02
   0.237398026245860E-01
   0.221887369385000E+02
   0.237323883612013E-01
   0.219745436150063E+02
   0.235136530006966E-01
   0.217460988249453E+02
   0.232418448733664E-01
   0.209879884334140E+02
   0.229652589592816E-01
   0.207976459881243E+02
   0.229102990612326E-01
   0.206163353910074E+02
   0.227883391189036E-01
   0.204377568387723E+02
   0.225075179392802E-01
   0.202520173081024E+02
   0.221259122382546E-01
   0.200411791048783E+02
   0.216310654718279E-01
   0.197924677208919E+02
   0.210188005284848E-01
   0.195147026590270E+02
   0.204121192886062E-01
   0.192332551351149E+02
   0.199001985489950E-01
   0.189777812933105E+02
   0.195068788517404E-01
   0.187738553840048E+02
   0.191917153592868E-01
   0.186452434461604E+02
   0.189319971948038E-01
   0.186095002607616E+02
   0.186426730900222E-01
   0.186810367885371E+02
   0.182110449918313E-01
   0.189358254214986E+02
   0.178542599803457E-01
   0.193857141082211E+02
   0.186168701975295E-01
   0.198976365377891E+02
   0.185434563727940E-01
   0.202650232134300E+02
   0.186898728362361E-01
   0.204943372067449E+02
   0.188628653507979E-01
   0.206616243465426E+02
   0.203512488155014E-01
   0.208579009046402E+02
   0.203555745563625E-01
   0.212218575298133E+02
   0.172564489794122E-01
   0.216366119534996E+02
   0.204838885776882E-01
   0.218649185079356E+02
   0.223033251371445E-01
   0.220434988984584E+02
   0.227065676148311E-01
   0.221551932219766E+02
   0.225716867699682E-01
   0.222027978459085E+02
   0.224528299526446E-01
   0.221717241175170E+02
   0.220696799620263E-01
   0.220994130041107E+02
   0.217974610917104E-01
   0.220085403049013E+02
   0.220610966052472E-01
   0.219353702096975E+02
   0.224941652412454E-01
   0.218266558992661E+02
   0.227231333228872E-01
   0.216956548950318E+02
   0.229785289973359E-01
   0.215538623025258E+02
   0.232067816253125E-01
   0.213790672476512E+02
   0.231667432214628E-01
   0.211868569863921E+02
   0.230725176607539E-01
   0.202402561325310E+02
   0.215656927719012E-01
   0.200732007038498E+02
   0.215749607757735E-01
   0.199190725966120E+02
   0.216484956082319E-01
   0.197733973804309E+02
   0.217018901587215E-01
   0.196219718049633E+02
   0.216389676826310E-01
   0.194422934537698E+02
   0.213776741924279E-01
   0.192166392720265E+02
   0.208558419914405E-01
   0.189504027266909E+02
   0.202087028709757E-01
   0.186680011477428E+02
   0.195936901431366E-01
   0.183999152073570E+02
   0.190883495539295E-01
   0.181750435329138E+02
   0.187060463875648E-01
   0.180172472124356E+02
   0.184253123682653E-01
   0.179445967964537E+02
   0.181814455090188E-01
   0.179773823927758E+02
   0.179136112718499E-01
   0.181756393530907E+02
   0.177746097500254E-01
   0.185565215664683E+02
   0.183558852754803E-01
   0.189598484845955E+02
   0.183477502973624E-01
   0.192354693733505E+02
   0.182325682652537E-01
   0.194091314863907E+02
   0.182233252987533E-01
   0.196130391036241E+02
   0.189893735519964E-01
   0.198962007730801E+02
   0.194132804524575E-01
   0.203402799899551E+02
   0.166253029419402E-01
   0.207648184952831E+02
   0.199599498124866E-01
   0.210494212761864E+02
   0.210888778052998E-01
   0.212238374794772E+02
   0.213984241278813E-01
   0.213231453088476E+02
   0.215272365063489E-01
   0.213500468396188E+02
   0.214729164480580E-01
   0.212968975872340E+02
   0.211209574799534E-01
   0.212022031630683E+02
   0.207671366627322E-01
   0.211105976243921E+02
   0.208174077811759E-01
   0.210386078011441E+02
   0.210827714435484E-01
   0.209460597437584E+02
   0.212564977364308E-01
   0.208419963732374E+02
   0.214802809723720E-01
   0.207268581904550E+02
   0.216920736433012E-01
   0.205796699285443E+02
   0.217017406770233E-01
   0.204146548019217E+02
   0.216440251298791E-01
   0.192987266555418E+02
   0.199354768094689E-01
   0.191463042365293E+02
   0.198836738145142E-01
   0.190076846214936E+02
   0.199384677141886E-01
   0.188830923931532E+02
   0.201023514446141E-01
   0.187583669690703E+02
   0.202616495221812E-01
   0.186100555969487E+02
   0.203041716692837E-01
   0.184177049719183E+02
   0.201086093105551E-01
   0.181794954305327E+02
   0.196709476446811E-01
   0.179126468212986E+02
   0.190991018097542E-01
   0.176443333873531E+02
   0.185046611462504E-01
   0.174071044715217E+02
   0.180160353801498E-01
   0.172273939239798E+02
   0.176490809144068E-01
   0.171275438075136E+02
   0.173506072905689E-01
   0.171347651823854E+02
   0.170792951169137E-01
   0.172969097440322E+02
   0.170140574547288E-01
   0.176129521845648E+02
   0.174657080669353E-01
   0.179235566282666E+02
   0.175144674120394E-01
   0.181125716880835E+02
   0.172780683753602E-01
   0.182168769881524E+02
   0.170084006649737E-01
   0.184233524177622E+02
   0.174814467320089E-01
   0.187766927990359E+02
   0.180281802319564E-01
   0.192491016441517E+02
   0.172707374326163E-01
   0.197929505403745E+02
   0.190331042483230E-01
   0.201011333224443E+02
   0.196626485924353E-01
   0.202656071724312E+02
   0.199436640731913E-01
   0.203480622521345E+02
   0.201759148708079E-01
   0.203589853647404E+02
   0.202213317277463E-01
   0.202951629868430E+02
   0.199974040478984E-01
   0.201909553513628E+02
   0.196866803438708E-01
   0.200931166790885E+02
   0.196195331193298E-01
   0.200138868223747E+02
   0.197463451836156E-01
   0.199247423810701E+02
   0.198398678140017E-01
   0.198309179243136E+02
   0.199743691074774E-01
   0.197270680442309E+02
   0.200726695204057E-01
   0.195990297804125E+02
   0.200762959749877E-01
   0.194546046710429E+02
   0.200276453105562E-01
   0.181738987550679E+02
   0.183219397236543E-01
   0.180314327019517E+02
   0.182201273026133E-01
   0.179006120984540E+02
   0.181922383312039E-01
   0.177860134478472E+02
   0.182865247817932E-01
   0.176757704007450E+02
   0.184344017000995E-01
   0.175486792095955E+02
   0.185605280646003E-01
   0.173861287520219E+02
   0.186026008364438E-01
   0.171815234558786E+02
   0.184662868794635E-01
   0.169428879149402E+02
   0.181291962567686E-01
   0.166899924088716E+02
   0.176365913053513E-01
   0.164536451900084E+02
   0.171240192106155E-01
   0.162620841210327E+02
   0.166806883656581E-01
   0.161442151311834E+02
   0.163311242910161E-01
   0.161349863725290E+02
   0.160922055459061E-01
   0.162708732420168E+02
   0.160437647837927E-01
   0.165307772222797E+02
   0.162637730398406E-01
   0.167675543345072E+02
   0.162722180232125E-01
   0.168785326449285E+02
   0.160742542814074E-01
   0.168950982395316E+02
   0.155209190612464E-01
   0.170781037649351E+02
   0.157793431805797E-01
   0.175009681744234E+02
   0.162980874754967E-01
   0.181056022723859E+02
   0.169809318029644E-01
   0.187125166136616E+02
   0.179945925259028E-01
   0.190286440535147E+02
   0.182061072021832E-01
   0.191731787838925E+02
   0.184111308707455E-01
   0.192315079635052E+02
   0.186032150280707E-01
   0.192259750133838E+02
   0.187068130557976E-01
   0.191557810908477E+02
   0.186298679345254E-01
   0.190472374333632E+02
   0.184265233602653E-01
   0.189411725395638E+02
   0.183199948580882E-01
   0.188491647539031E+02
   0.183352523871706E-01
   0.187539007130326E+02
   0.183463055758431E-01
   0.186592599871198E+02
   0.184040627045247E-01
   0.185586974889237E+02
   0.184361027481801E-01
   0.184434660939160E+02
   0.184386384604608E-01
   0.183149702069358E+02
   0.184066188777031E-01
   0.168684520922874E+02
   0.167192639401711E-01
   0.167341001807962E+02
   0.166134647508704E-01
   0.166070070761678E+02
   0.165312884309104E-01
   0.164944544337664E+02
   0.165251968251745E-01
   0.163884835636076E+02
   0.165776072746654E-01
   0.162718808778341E+02
   0.166433963049174E-01
   0.161294712106027E+02
   0.167041384794305E-01
   0.159538152874475E+02
   0.166976362728322E-01
   0.157460764146623E+02
   0.165587172557812E-01
   0.155187697490784E+02
   0.162666692398943E-01
   0.152969433858937E+02
   0.158846036681895E-01
   0.151055644041563E+02
   0.154456668349214E-01
   0.149787837660650E+02
   0.150577259081064E-01
   0.149611722473704E+02
   0.148470633493892E-01
   0.150830646255846E+02
   0.148626971745633E-01
   0.153044793143697E+02
   0.149998049071805E-01
   0.154865864147137E+02
   0.149936282217799E-01
   0.155205281537342E+02
   0.147657271120268E-01
   0.154252095377290E+02
   0.139246185468320E-01
   0.155621378418678E+02
   0.139129213563000E-01
   0.160561191238825E+02
   0.146180162888194E-01
   0.168270519688171E+02
   0.158140931358617E-01
   0.175196657865937E+02
   0.170726743774334E-01
   0.178409525843357E+02
   0.170350624007573E-01
   0.179548151031784E+02
   0.170195124877775E-01
   0.179803934296590E+02
   0.170567563272470E-01
   0.179524978270878E+02
   0.171124313456994E-01
   0.178726582608552E+02
   0.170909970061996E-01
   0.177594035951803E+02
   0.169934487064154E-01
   0.176442737057223E+02
   0.169184217165060E-01
   0.175366391137997E+02
   0.168637700023338E-01
   0.174289427326531E+02
   0.168066023372343E-01
   0.173257627254666E+02
   0.167944670619631E-01
   0.172226292402467E+02
   0.167828378258859E-01
   0.171141699454726E+02
   0.167853580720523E-01
   0.169974174001551E+02
   0.167819619477608E-01
   0.153781360128043E+02
   0.150425419826749E-01
   0.152509666536412E+02
   0.149517131661092E-01
   0.151265619197946E+02
   0.148509043532596E-01
   0.150132035115643E+02
   0.147842307900313E-01
   0.149063173611553E+02
   0.147692876717195E-01
   0.147932288574290E+02
   0.147729733962800E-01
   0.146618637282638E+02
   0.147688692193432E-01
   0.145068203104657E+02
   0.147708262182362E-01
   0.143256564864594E+02
   0.147036942412489E-01
   0.141257208315618E+02
   0.145425669823544E-01
   0.139256495951938E+02
   0.143019439464838E-01
   0.137444844465563E+02
   0.139420133513042E-01
   0.136165714521876E+02
   0.135494742096012E-01
   0.135968847893010E+02
   0.133938910055008E-01
   0.137172117105936E+02
   0.135636716554743E-01
   0.139233818967130E+02
   0.138257025648108E-01
   0.140736026529601E+02
   0.139175606872166E-01
   0.140313433996612E+02
   0.136049298101644E-01
   0.137857029747461E+02
   0.122104357848510E-01
   0.138539696111809E+02
   0.117150387145802E-01
   0.144148858394702E+02
   0.127985508509640E-01
   0.154139147902758E+02
   0.154403741278680E-01
   0.162087674123691E+02
   0.169950868705051E-01
   0.165320619117411E+02
   0.165782101295346E-01
   0.166060169411993E+02
   0.160874090503534E-01
   0.165934248583284E+02
   0.158204528011050E-01
   0.165372487456230E+02
   0.156967798615531E-01
   0.164410626584254E+02
   0.155887473233817E-01
   0.163175748216558E+02
   0.154718986438160E-01
   0.161905380252921E+02
   0.154062426313734E-01
   0.160659794061494E+02
   0.153162807060507E-01
   0.159423827805764E+02
   0.152107912028417E-01
   0.158256544266438E+02
   0.151421732556561E-01
   0.157152584267748E+02
   0.151010701705575E-01
   0.156077189205748E+02
   0.150886250495685E-01
   0.154978008741144E+02
   0.150871307192103E-01
   0.136921885672703E+02
   0.136586973442118E-01
   0.135709373644075E+02
   0.135560089436116E-01
   0.134496743893785E+02
   0.134376018498611E-01
   0.133369686054269E+02
   0.133462614076675E-01
   0.132282732307238E+02
   0.132823175378849E-01
   0.131158032547869E+02
   0.132357641759526E-01
   0.129907727229196E+02
   0.131761340168937E-01
   0.128493721401458E+02
   0.131288323131074E-01
   0.126889344623889E+02
   0.130660576644247E-01
   0.125134429968054E+02
   0.129798627144732E-01
   0.123369966790284E+02
   0.129177393553155E-01
   0.121733333859990E+02
   0.128125051734830E-01
   0.120515683484580E+02
   0.126213654632321E-01
   0.120287722817826E+02
   0.125338501958719E-01
   0.121492136102422E+02
   0.127378770496618E-01
   0.123613983757568E+02
   0.131351970024373E-01
   0.125073439477560E+02
   0.133420993019901E-01
   0.124040651952295E+02
   0.129636247286808E-01
   0.119521233561776E+02
   0.960075128583395E-02
   0.119411782623070E+02
   0.898365602007527E-02
   0.125371635382143E+02
   0.103034138072060E-01
   0.137387428610590E+02
   0.146727049385805E-01
   0.146638546927444E+02
   0.169728029769648E-01
   0.150308253747341E+02
   0.168452770697623E-01
   0.150884940700019E+02
   0.161237814910402E-01
   0.150442741356685E+02
   0.156050909145672E-01
   0.149596118551107E+02
   0.152509941916814E-01
   0.148412040986674E+02
   0.149538601508919E-01
   0.147013839625540E+02
   0.146737002558340E-01
   0.145588913004220E+02
   0.144508512445036E-01
   0.144175112970780E+02
   0.142453142759502E-01
   0.142780744210381E+02
   0.140539268977140E-01
   0.141458353727227E+02
   0.139072627197124E-01
   0.140249225600322E+02
   0.138114067284790E-01
   0.139135745488670E+02
   0.137589719997868E-01
   0.138057889052186E+02
   0.137230886342807E-01
   0.117824117149507E+02
   0.126765395990481E-01
   0.116652371213187E+02
   0.125936555005479E-01
   0.115470438777634E+02
   0.124973572134489E-01
   0.114362782000108E+02
   0.123975165367979E-01
   0.113273965285735E+02
   0.123078650692684E-01
   0.112167201016719E+02
   0.122360385005277E-01
   0.110987931093627E+02
   0.121703977383768E-01
   0.109702709035538E+02
   0.121133071503042E-01
   0.108289609985848E+02
   0.120781958725702E-01
   0.106742914720634E+02
   0.120248213736479E-01
   0.105160971688681E+02
   0.119648723787247E-01
   0.103673745999776E+02
   0.118809088556919E-01
   0.102540905569342E+02
   0.117282634265357E-01
   0.102296547204404E+02
   0.116278247130857E-01
   0.103473086047182E+02
   0.117748608801668E-01
   0.105744687708122E+02
   0.122508434537129E-01
   0.107467890425875E+02
   0.127143992021615E-01
   0.106323654939170E+02
   0.124469480590510E-01
   0.100193764869501E+02
   0.865802711963859E-02
   0.992286049729487E+01
   0.776610449258035E-02
   0.104802078518296E+02
   0.864209784735471E-02
   0.117606911472050E+02
   0.136206967722731E-01
   0.127251416631662E+02
   0.158651012401832E-01
   0.131596397650125E+02
   0.162498041931646E-01
   0.132666190249225E+02
   0.158307985861279E-01
   0.132419400228772E+02
   0.154204899104958E-01
   0.131564635241193E+02
   0.149941215304593E-01
   0.130287693130982E+02
   0.145406915979109E-01
   0.128759028221810E+02
   0.141113797264912E-01
   0.127196346211478E+02
   0.137650310074376E-01
   0.125627546110249E+02
   0.134714128024800E-01
   0.124095278010502E+02
   0.132407013307388E-01
   0.122598909766532E+02
   0.130289219940197E-01
   0.121243630591992E+02
   0.128738411577159E-01
   0.120035154256848E+02
   0.127764075051851E-01
   0.118930737440343E+02
   0.127254738736112E-01
   0.962079360658909E+01
   0.116963737852733E-01
   0.950067981368306E+01
   0.115827307788439E-01
   0.938148760236199E+01
   0.114659144992351E-01
   0.927665444986496E+01
   0.113982597240790E-01
   0.916981220795817E+01
   0.113153813555967E-01
   0.906174019147760E+01
   0.112425588962687E-01
   0.895148934638044E+01
   0.111839612758093E-01
   0.883700142699366E+01
   0.111383549413219E-01
   0.871518831637152E+01
   0.111031499164727E-01
   0.858452367223470E+01
   0.110658319321362E-01
   0.845280300479815E+01
   0.110272651177197E-01
   0.833064417153131E+01
   0.109708305243281E-01
   0.823964846395878E+01
   0.108800488542653E-01
   0.822270573412082E+01
   0.108250340129826E-01
   0.833013228739971E+01
   0.109244642955761E-01
   0.855825913038379E+01
   0.113372747336865E-01
   0.875938183875634E+01
   0.119643384036604E-01
   0.870748107788051E+01
   0.122331708762892E-01
   0.804039121457166E+01
   0.840441631050808E-02
   0.787869479724999E+01
   0.758336787976610E-02
   0.831233932557123E+01
   0.815906710038674E-02
   0.942010544281781E+01
   0.115587161529804E-01
   0.102786019049456E+02
   0.132151492698990E-01
   0.107480491422393E+02
   0.139652343588128E-01
   0.109434687328235E+02
   0.140762360286877E-01
   0.109993797760834E+02
   0.140981178511623E-01
   0.109776141493103E+02
   0.140083737805511E-01
   0.108979717554836E+02
   0.137620698544724E-01
   0.107750567462520E+02
   0.134546647858279E-01
   0.106281886927603E+02
   0.131209644601729E-01
   0.104671614539062E+02
   0.127901131622163E-01
   0.103019782558403E+02
   0.125080100674501E-01
   0.101402324231033E+02
   0.122583091115361E-01
   0.999166151299174E+01
   0.120560533463746E-01
   0.985719288817265E+01
   0.119007007579177E-01
   0.973691308461810E+01
   0.117911414643203E-01
   0.719249498335072E+01
   0.106989313021493E-01
   0.707339808577335E+01
   0.105807771138004E-01
   0.695636402283932E+01
   0.104654892412019E-01
   0.684594654782466E+01
   0.103587556371237E-01
   0.673663220985799E+01
   0.102509890177705E-01
   0.663061276783377E+01
   0.101714817727418E-01
   0.652890335381034E+01
   0.101198142980043E-01
   0.643013827802615E+01
   0.100967030042820E-01
   0.633029967262253E+01
   0.100798443152795E-01
   0.622657223716184E+01
   0.100667414643223E-01
   0.612855256743861E+01
   0.100606390367170E-01
   0.604328267502150E+01
   0.100483522788644E-01
   0.598705807179926E+01
   0.100270530994878E-01
   0.598788411060342E+01
   0.100236354307741E-01
   0.607996803389414E+01
   0.100991211816773E-01
   0.627495682566251E+01
   0.103760638565032E-01
   0.647602829065816E+01
   0.109105136912855E-01
   0.651859218908214E+01
   0.116206938065118E-01
   0.607081380107059E+01
   0.958598578013711E-02
   0.587737866051568E+01
   0.905157960570360E-02
   0.607831753749077E+01
   0.870279940892339E-02
   0.672044213317473E+01
   0.946556435013745E-02
   0.732245122140418E+01
   0.100192572636597E-01
   0.775437788971437E+01
   0.106300129905901E-01
   0.801551077971335E+01
   0.110668887712287E-01
   0.815970663475307E+01
   0.114173978405469E-01
   0.823929568825102E+01
   0.117403542475894E-01
   0.825441353846917E+01
   0.119152497866189E-01
   0.820692616729995E+01
   0.119290777021122E-01
   0.811639138109598E+01
   0.118379090612372E-01
   0.799143957193942E+01
   0.116514035131486E-01
   0.784705417378298E+01
   0.114431302523221E-01
   0.769830925364532E+01
   0.112342447390247E-01
   0.755839985651022E+01
   0.110612788224350E-01
   0.742521403426194E+01
   0.109049886349772E-01
   0.730659015544027E+01
   0.107952498383708E-01
   0.433403498068154E+01
   0.930073934854731E-02
   0.422733356760872E+01
   0.921683755375092E-02
   0.412642654429546E+01
   0.914602940508806E-02
   0.402839917787505E+01
   0.907524273076027E-02
   0.393080310069035E+01
   0.899793446360805E-02
   0.383730480618728E+01
   0.893490971783282E-02
   0.375123198741066E+01
   0.889702410083442E-02
   0.367146266602762E+01
   0.888390696280959E-02
   0.359443592279531E+01
   0.887860712730418E-02
   0.351466498475842E+01
   0.885137678349792E-02
   0.345336649458538E+01
   0.885887069495993E-02
   0.341047724551968E+01
   0.887424756230094E-02
   0.339379968630733E+01
   0.889528451291314E-02
   0.341770759918977E+01
   0.893029404815356E-02
   0.349562545317423E+01
   0.899167231975648E-02
   0.363077004177322E+01
   0.915147277090805E-02
   0.377732955546426E+01
   0.946513006083460E-02
   0.381224592861212E+01
   0.984140864633825E-02
   0.357197631396046E+01
   0.911332086709396E-02
   0.339074964951615E+01
   0.853049696308589E-02
   0.341647942635393E+01
   0.801538378914638E-02
   0.369082308550521E+01
   0.791137926284505E-02
   0.403221640636618E+01
   0.796737465628380E-02
   0.434300076088377E+01
   0.821841382484269E-02
   0.457700240304602E+01
   0.847961073037786E-02
   0.474938407566520E+01
   0.875013360190895E-02
   0.488605097090055E+01
   0.908388683765746E-02
   0.497761165723488E+01
   0.938666707225749E-02
   0.501448369496098E+01
   0.959618148222397E-02
   0.499721956743546E+01
   0.968461098556518E-02
   0.493352166573096E+01
   0.966510912366434E-02
   0.483786476001266E+01
   0.958261826224457E-02
   0.472946957925396E+01
   0.948561396439950E-02
   0.462807538471768E+01
   0.943134384683911E-02
   0.452854847309431E+01
   0.938745843671318E-02
   0.443100425771443E+01
   0.934347759015095E-02
   0.786205087318323E+00
   0.728264886179754E-02
   0.719442609472319E+00
   0.727883657381415E-02
   0.649608384319897E+00
   0.726025916387802E-02
   0.577064074563105E+00
   0.723038693466956E-02
   0.502519622238573E+00
   0.718574190387754E-02
   0.431824880000213E+00
   0.713924385196488E-02
   0.369439539332233E+00
   0.710482956058443E-02
   0.313567794724579E+00
   0.708101629209904E-02
   0.262445251845262E+00
   0.705985114997529E-02
   0.222624931322327E+00
   0.704733601673282E-02
   0.203824973953541E+00
   0.706086004954562E-02
   0.202519121150420E+00
   0.708028597141004E-02
   0.220050791192898E+00
   0.710471083459357E-02
   0.260202740377867E+00
   0.713548154939307E-02
   0.323815748549531E+00
   0.717981489323368E-02
   0.403839001860194E+00
   0.726805843363915E-02
   0.484777100040107E+00
   0.747007800348661E-02
   0.502081384545818E+00
   0.768286179146251E-02
   0.377194467878349E+00
   0.741635636513198E-02
   0.230772385962971E+00
   0.703931810609165E-02
   0.159312409481163E+00
   0.667344155061041E-02
   0.221406520171120E+00
   0.646630374323612E-02
   0.354476634576652E+00
   0.635855779968088E-02
   0.511041437842652E+00
   0.634361904930159E-02
   0.658422977587262E+00
   0.637451420577825E-02
   0.792220012789541E+00
   0.644778653239850E-02
   0.917152232324256E+00
   0.659707353206137E-02
   0.102577588907731E+01
   0.680425150205327E-02
   0.110337328307455E+01
   0.701275418836706E-02
   0.113911054698248E+01
   0.716011607963195E-02
   0.113425793730634E+01
   0.723737364133900E-02
   0.109794255960614E+01
   0.726497258459817E-02
   0.104201498990315E+01
   0.726065567866281E-02
   0.982530773119530E+00
   0.726758551339969E-02
   0.920779673863319E+00
   0.727914141845119E-02
   0.852037562451297E+00
   0.727637942119397E-02
  -0.376207486409527E+01
   0.489560310231502E-02
  -0.379086665561739E+01
   0.490962995699571E-02
  -0.382463206286923E+01
   0.490298081723293E-02
  -0.386217390248546E+01
   0.487793431850928E-02
  -0.390112339347715E+01
   0.483832191713107E-02
  -0.393255835114557E+01
   0.479655757166236E-02
  -0.395284511659905E+01
   0.476290013809265E-02
  -0.396058004019246E+01
   0.474446281657405E-02
  -0.395674401915153E+01
   0.473817071418742E-02
  -0.394111207309635E+01
   0.474183837807575E-02
  -0.391451605011708E+01
   0.474751367338728E-02
  -0.388075677161261E+01
   0.475443858406568E-02
  -0.384134160109368E+01
   0.476884151486713E-02
  -0.379645219594498E+01
   0.479825710581978E-02
  -0.375143795213101E+01
   0.484469044006452E-02
  -0.371449449800671E+01
   0.491979880265251E-02
  -0.369859234422377E+01
   0.503078330178924E-02
  -0.372548277350061E+01
   0.513735108409519E-02
  -0.380589228259524E+01
   0.514179859426920E-02
  -0.391179394433622E+01
   0.504033982642328E-02
  -0.400485041541507E+01
   0.487421855421370E-02
  -0.405896926520283E+01
   0.469414644788762E-02
  -0.407214791241480E+01
   0.453531692979093E-02
  -0.404870086186446E+01
   0.442367835685020E-02
  -0.399760770549597E+01
   0.437235679064266E-02
  -0.392608892322310E+01
   0.438796934604101E-02
  -0.384243165213631E+01
   0.446158912307633E-02
  -0.376103455924552E+01
   0.456843675499090E-02
  -0.369511197042882E+01
   0.468141850897371E-02
  -0.365386725233569E+01
   0.477096662929416E-02
  -0.363955678416468E+01
   0.481964725453051E-02
  -0.364704305372711E+01
   0.483469343419057E-02
  -0.366719165210820E+01
   0.483490580076073E-02
  -0.369107908118118E+01
   0.483988037565162E-02
  -0.371446421754611E+01
   0.485265350883638E-02
  -0.373730741712080E+01
   0.487180249322079E-02
  -0.998698572292174E+01
   0.274373163060879E-02
  -0.992995077985605E+01
   0.276895722660899E-02
  -0.988051383363636E+01
   0.278051458053240E-02
  -0.983360105467633E+01
   0.278289931055616E-02
  -0.977306002710080E+01
   0.279523542883554E-02
  -0.969260249728870E+01
   0.282356828365199E-02
  -0.958664447599644E+01
   0.287347088676279E-02
  -0.945048910531164E+01
   0.295008387381176E-02
  -0.930625596060445E+01
   0.303297317918120E-02
  -0.915934457641161E+01
   0.311887971240816E-02
  -0.901878966815491E+01
   0.320182223565019E-02
  -0.889661197726023E+01
   0.327676772586147E-02
  -0.878335400395355E+01
   0.336169833010649E-02
  -0.872290330371871E+01
   0.340497366147583E-02
  -0.871523403158590E+01
   0.341240705132146E-02
  -0.876461426872465E+01
   0.338338691255257E-02
  -0.887962909612588E+01
   0.331022103172944E-02
  -0.907272457970431E+01
   0.317690453292770E-02
  -0.928310965373249E+01
   0.305237378687171E-02
  -0.950511148551523E+01
   0.293172033699904E-02
  -0.972656858199085E+01
   0.281550309873151E-02
  -0.994329640623391E+01
   0.269562232802650E-02
  -0.101454712231515E+02
   0.257661621425846E-02
  -0.102832138984309E+02
   0.250035038239146E-02
  -0.103639196594465E+02
   0.246014857099597E-02
  -0.103984579586488E+02
   0.244819889335099E-02
  -0.104005700413076E+02
   0.245524455375248E-02
  -0.103851968580774E+02
   0.247130889903715E-02
  -0.103625258873416E+02
   0.248974963779915E-02
  -0.103397874363278E+02
   0.250572125969793E-02
  -0.103182001352258E+02
   0.251891962666022E-02
  -0.102942220726662E+02
   0.253289421636676E-02
  -0.102639185798194E+02
   0.255152575353579E-02
  -0.102202734583175E+02
   0.258100738233164E-02
  -0.101550629555912E+02
   0.262783682330829E-02
  -0.100592741801526E+02
   0.269877265906930E-02
