   0.198209915775313E+01
   0.416403153673785E-02
   0.882881458991646E+00
   0.397634936080447E-02
   0.165260903044352E+00
   0.383381527054478E-02
  -0.247278961930025E+00
   0.373052165388041E-02
  -0.333984971168756E+00
   0.366647784079624E-02
   0.359251141958124E-01
   0.364634704694307E-02
  -0.450740932552552E+00
   0.368973065570562E-02
  -0.418078856163541E+00
   0.378361889174101E-02
   0.109485962386491E+00
   0.392899565212012E-02
   0.113233068711060E+01
   0.412733898398207E-02
   0.265882596257579E+01
   0.437879580990840E-02
   0.491575799227975E+01
   0.467567488592377E-02
   0.816315939536037E+01
   0.500666596665290E-02
   0.110140929101327E+02
   0.535311098243928E-02
   0.135834859400071E+02
   0.569603416610564E-02
   0.158957084862890E+02
   0.602008996064749E-02
   0.178588510560127E+02
   0.631441879822540E-02
   0.194511452390116E+02
   0.657211170171112E-02
   0.206891562928821E+02
   0.678927501225099E-02
   0.216079206610793E+02
   0.696602155686421E-02
   0.222476431941963E+02
   0.710624354108829E-02
   0.226432781202661E+02
   0.721248777535426E-02
   0.228158566639833E+02
   0.728439730824836E-02
   0.227663790645769E+02
   0.731851324184267E-02
   0.224759648987985E+02
   0.730849768608213E-02
   0.219112311578352E+02
   0.724833324419781E-02
   0.210273879001653E+02
   0.713513193190734E-02
   0.197675828178221E+02
   0.696702859431174E-02
   0.180600962559252E+02
   0.674282345760436E-02
   0.158158999299973E+02
   0.646406306629636E-02
   0.129293039581892E+02
   0.613748021359699E-02
   0.928148428164461E+01
   0.577614250499684E-02
   0.645164226825980E+01
   0.539951728386793E-02
   0.437765199321599E+01
   0.503140097736204E-02
   0.297374269950432E+01
   0.469433672811949E-02
   0.218256134955423E+01
   0.440351440470968E-02
   0.494811847995771E+01
   0.523755574948125E-02
   0.553342942201457E+01
   0.504562755524486E-02
   0.532146896703152E+01
   0.487431064762830E-02
   0.450174442926271E+01
   0.469832177742417E-02
   0.292271002631346E+01
   0.456419540942534E-02
   0.219655130122859E+01
   0.450105112570869E-02
   0.196037674736133E+01
   0.450368325206925E-02
   0.218544057038277E+01
   0.457846486700180E-02
   0.292392131627202E+01
   0.471358971499034E-02
   0.435261948848333E+01
   0.489215857145568E-02
   0.461164574179692E+01
   0.514257224721255E-02
   0.548389863790515E+01
   0.544080697221769E-02
   0.705159864393151E+01
   0.589076807681982E-02
   0.922062187313600E+01
   0.641092549768309E-02
   0.121168329515774E+02
   0.691380747387130E-02
   0.160696677701073E+02
   0.737844122727988E-02
   0.187757873551633E+02
   0.779576900889903E-02
   0.205756166203514E+02
   0.815023155399019E-02
   0.217185016567944E+02
   0.840357091709438E-02
   0.224004606462224E+02
   0.854862809739216E-02
   0.227904654515285E+02
   0.867276920204888E-02
   0.230319462895544E+02
   0.880472175371723E-02
   0.232223609346223E+02
   0.894776683979706E-02
   0.233619808015502E+02
   0.909429493694356E-02
   0.233660690577398E+02
   0.918169909632162E-02
   0.231589753790074E+02
   0.915682475911875E-02
   0.226947486156999E+02
   0.905918808447290E-02
   0.219383930518349E+02
   0.890208344380163E-02
   0.208331079298842E+02
   0.866566068190204E-02
   0.192649296163091E+02
   0.832669949673420E-02
   0.170667245463215E+02
   0.787963254204420E-02
   0.140672090676781E+02
   0.735097156605818E-02
   0.101298527768509E+02
   0.676416469990141E-02
   0.758163573943862E+01
   0.621009907908389E-02
   0.600968693199514E+01
   0.577204139940602E-02
   0.515773471655882E+01
   0.546742696595877E-02
   0.743565964964032E+01
   0.690518449887368E-02
   0.706301892439110E+01
   0.671588456219879E-02
   0.657684633378310E+01
   0.651276509982332E-02
   0.591720004870523E+01
   0.615963947245250E-02
   0.519601097913221E+01
   0.582785952729135E-02
   0.477178217872175E+01
   0.575164311113345E-02
   0.464356063384680E+01
   0.581204997948306E-02
   0.482479299090285E+01
   0.597346739163626E-02
   0.531873074823583E+01
   0.618609288506276E-02
   0.618979812344687E+01
   0.644435927454435E-02
   0.757367082546281E+01
   0.665374976811821E-02
   0.793292109698542E+01
   0.646141232704486E-02
   0.950386645312768E+01
   0.701971770240163E-02
   0.116472053750382E+02
   0.767706619205007E-02
   0.143705460383874E+02
   0.814702397317136E-02
   0.180822810892003E+02
   0.861712746106023E-02
   0.203984567466994E+02
   0.912223844022790E-02
   0.217788351829490E+02
   0.965124687613518E-02
   0.224808627704971E+02
   0.995574640662075E-02
   0.227066704346620E+02
   0.982594916516166E-02
   0.226733120712239E+02
   0.986290198537396E-02
   0.226253457114465E+02
   0.100067950783204E-01
   0.228276292679658E+02
   0.102174055018565E-01
   0.232495189350429E+02
   0.106168164695004E-01
   0.235386078157200E+02
   0.109125639817244E-01
   0.235489209993254E+02
   0.107740268266133E-01
   0.232745934951333E+02
   0.106286158977665E-01
   0.227687038606586E+02
   0.105174160525335E-01
   0.220684121251946E+02
   0.103202107821049E-01
   0.210343648389110E+02
   0.994673953189259E-02
   0.193398637766986E+02
   0.937359214755231E-02
   0.166813471137491E+02
   0.879842906204806E-02
   0.127604757024092E+02
   0.807126494266708E-02
   0.103134314699490E+02
   0.748851909701513E-02
   0.887265485655261E+01
   0.720345347454308E-02
   0.799839673518759E+01
   0.710092218724262E-02
   0.102234401155965E+02
   0.900980833775692E-02
   0.966779786479237E+01
   0.868327572218443E-02
   0.910012044302430E+01
   0.834410105597890E-02
   0.850804728242343E+01
   0.800455087315075E-02
   0.793553508470362E+01
   0.762273109598429E-02
   0.755833281661442E+01
   0.744689959921203E-02
   0.741026599134377E+01
   0.748432113429382E-02
   0.747338406294669E+01
   0.760187265901470E-02
   0.773499445394974E+01
   0.771003748505756E-02
   0.821404748269749E+01
   0.770746533472220E-02
   0.896503342472239E+01
   0.775274002456721E-02
   0.100849749938330E+02
   0.751391491769087E-02
   0.128831309599033E+02
   0.831315569955387E-02
   0.153287145725529E+02
   0.868920204321988E-02
   0.177267038303924E+02
   0.894762018919760E-02
   0.200898540440333E+02
   0.932567295572469E-02
   0.217595053113141E+02
   0.979701735966557E-02
   0.226608994093364E+02
   0.102545290593109E-01
   0.229153895634108E+02
   0.105141582966164E-01
   0.226659152617750E+02
   0.105659111277215E-01
   0.221174043543784E+02
   0.106879425464999E-01
   0.215950743817201E+02
   0.107661817617155E-01
   0.218423973934723E+02
   0.109526336563938E-01
   0.228317135498311E+02
   0.117783171638855E-01
   0.234447666702484E+02
   0.120352422675224E-01
   0.235855165450197E+02
   0.117736809770978E-01
   0.233394973724914E+02
   0.118960698671110E-01
   0.228987282261640E+02
   0.116185858288639E-01
   0.225476307520799E+02
   0.113790285518529E-01
   0.221404193228768E+02
   0.111083000188270E-01
   0.210082073819711E+02
   0.106776829409413E-01
   0.187671716761942E+02
   0.101659237237651E-01
   0.151231702987737E+02
   0.963690437345223E-02
   0.129343253027702E+02
   0.932099711649798E-02
   0.116668580942056E+02
   0.924239180353464E-02
   0.108470446234260E+02
   0.916188500046918E-02
   0.127423674490179E+02
   0.111804555315021E-01
   0.121447333142664E+02
   0.106857205303636E-01
   0.115630188781790E+02
   0.101627361481260E-01
   0.110190564621292E+02
   0.974996406085577E-02
   0.105305387479975E+02
   0.938441443540554E-02
   0.101704632332962E+02
   0.914487350727815E-02
   0.996749165447005E+01
   0.905744372888899E-02
   0.991471818288330E+01
   0.904391891535418E-02
   0.100051047604894E+02
   0.901324602848641E-02
   0.102668412993584E+02
   0.892198452012850E-02
   0.107747342566941E+02
   0.868946351588216E-02
   0.118297796537200E+02
   0.853233493302961E-02
   0.145183895788532E+02
   0.924646608279335E-02
   0.170938326604095E+02
   0.941397785912732E-02
   0.193438447550879E+02
   0.955141975002216E-02
   0.213363818081468E+02
   0.992512075919527E-02
   0.226765618524535E+02
   0.104766450108894E-01
   0.232004202550655E+02
   0.109850871196069E-01
   0.230685535853412E+02
   0.111680073383158E-01
   0.223581854803764E+02
   0.111165101684496E-01
   0.212282049918883E+02
   0.113660812759919E-01
   0.198709078851632E+02
   0.112130741905625E-01
   0.201744243677488E+02
   0.116374825133041E-01
   0.223018980764772E+02
   0.127341733328332E-01
   0.232060692148293E+02
   0.124925149289012E-01
   0.233850591183342E+02
   0.126168899839493E-01
   0.230120582132950E+02
   0.127969126233392E-01
   0.224133944177826E+02
   0.124575904464310E-01
   0.223814476670703E+02
   0.120243042721120E-01
   0.228306929454714E+02
   0.118877967953207E-01
   0.222992421870435E+02
   0.115233588387104E-01
   0.204679351740182E+02
   0.111984670658380E-01
   0.171036346029740E+02
   0.110685345446005E-01
   0.151807483683017E+02
   0.109881367065058E-01
   0.140935942921524E+02
   0.112985209511941E-01
   0.133629143024545E+02
   0.114366471877378E-01
   0.148830644044143E+02
   0.129892296127853E-01
   0.142853234928899E+02
   0.122908578902448E-01
   0.137276469684624E+02
   0.116511936913772E-01
   0.132369492767695E+02
   0.112061916755532E-01
   0.128140769046499E+02
   0.108835443723684E-01
   0.124792699503224E+02
   0.106337996427396E-01
   0.122455119165500E+02
   0.104512314784882E-01
   0.121142024506011E+02
   0.103153859568430E-01
   0.120911156156473E+02
   0.101808286594092E-01
   0.122137933511919E+02
   0.100800497424770E-01
   0.125495429923381E+02
   0.994816323699611E-02
   0.133092631900229E+02
   0.965176613789132E-02
   0.150730544431452E+02
   0.976820875188977E-02
   0.179576647727656E+02
   0.101229564624628E-01
   0.201223792992290E+02
   0.101809324252288E-01
   0.220684648979350E+02
   0.106367293643890E-01
   0.232670972068003E+02
   0.113202588986873E-01
   0.234462492000470E+02
   0.118666584646185E-01
   0.229915458526654E+02
   0.117889130874236E-01
   0.218568390427463E+02
   0.119062493849818E-01
   0.201812053390296E+02
   0.120382775784622E-01
   0.193426414173023E+02
   0.120388827615843E-01
   0.197336457436805E+02
   0.123072074184434E-01
   0.219709283928251E+02
   0.131136027279924E-01
   0.228883885689345E+02
   0.130398061728308E-01
   0.230186275304530E+02
   0.133857556043419E-01
   0.223893668072302E+02
   0.133905527408816E-01
   0.213036334000745E+02
   0.129368140237026E-01
   0.215491821145979E+02
   0.123817242232710E-01
   0.233028747986740E+02
   0.123329905316690E-01
   0.233474149808107E+02
   0.121565604195714E-01
   0.218804674614711E+02
   0.120492543415246E-01
   0.187660494005930E+02
   0.124807354544043E-01
   0.170927517848972E+02
   0.128003087168876E-01
   0.161641757960423E+02
   0.134335829122220E-01
   0.154951284348609E+02
   0.134571809430649E-01
   0.166516869268247E+02
   0.142386840372824E-01
   0.160822908537351E+02
   0.134343155591798E-01
   0.155749409695734E+02
   0.128066456165539E-01
   0.151454558651919E+02
   0.124143339899934E-01
   0.147809322327659E+02
   0.121512235592149E-01
   0.144774859976864E+02
   0.119230914971328E-01
   0.142359830002207E+02
   0.116967640567748E-01
   0.140608293112960E+02
   0.114857916840436E-01
   0.139673875392741E+02
   0.113186964216438E-01
   0.139957070692275E+02
   0.112681249260891E-01
   0.141946978148477E+02
   0.112397979197122E-01
   0.146944071588586E+02
   0.108958024365767E-01
   0.158754811533135E+02
   0.104004813168588E-01
   0.183355248603250E+02
   0.104946677158153E-01
   0.203086899823702E+02
   0.108094284636320E-01
   0.224272953581855E+02
   0.112115773232466E-01
   0.236220722174083E+02
   0.123303653485058E-01
   0.233983612375172E+02
   0.129698544699021E-01
   0.227011560618291E+02
   0.127259157219132E-01
   0.211654388426202E+02
   0.128209491775355E-01
   0.200716617148547E+02
   0.131508082416143E-01
   0.195597149954762E+02
   0.133078612172214E-01
   0.198705132788242E+02
   0.130875931715933E-01
   0.216572803872909E+02
   0.134506443935815E-01
   0.224271921827988E+02
   0.136244199394645E-01
   0.225078092789254E+02
   0.137520750936080E-01
   0.215628914312330E+02
   0.138061148590478E-01
   0.210382678130440E+02
   0.134187893759270E-01
   0.215460608310667E+02
   0.128982231537682E-01
   0.237781975622777E+02
   0.123712636543541E-01
   0.242083761996306E+02
   0.125136854771098E-01
   0.230447343865375E+02
   0.127824360834539E-01
   0.201632353703601E+02
   0.138641340296729E-01
   0.187138226245976E+02
   0.147905230486459E-01
   0.178837329911877E+02
   0.152904723465730E-01
   0.172487667862822E+02
   0.149512697962525E-01
   0.181007972591327E+02
   0.151365681809723E-01
   0.175855795062823E+02
   0.144757970761980E-01
   0.171417792978321E+02
   0.140255305253763E-01
   0.167722053091807E+02
   0.137694565972190E-01
   0.164569442118995E+02
   0.135422626023078E-01
   0.161853049332427E+02
   0.133093629573079E-01
   0.159505256409132E+02
   0.130400033522330E-01
   0.157556103008210E+02
   0.127681370583793E-01
   0.156178682446020E+02
   0.125519100322212E-01
   0.155740836565268E+02
   0.124993762408544E-01
   0.156602548095627E+02
   0.125071750288409E-01
   0.159512958816340E+02
   0.120867949151449E-01
   0.166937374716815E+02
   0.113581304243478E-01
   0.182571849791587E+02
   0.109403736798441E-01
   0.199363816717710E+02
   0.115867090611201E-01
   0.225078332797164E+02
   0.118976889880624E-01
   0.238353603812368E+02
   0.133932270529189E-01
   0.230241616723089E+02
   0.144176332477836E-01
   0.222170325761436E+02
   0.140244662941563E-01
   0.212231446641768E+02
   0.138799164085797E-01
   0.204735783365222E+02
   0.147341762507403E-01
   0.201100351556965E+02
   0.147725738041193E-01
   0.202723257162152E+02
   0.141294836682925E-01
   0.211771238832100E+02
   0.137622329852307E-01
   0.217506108970578E+02
   0.139011339349430E-01
   0.218784860440577E+02
   0.142828727223822E-01
   0.214861197573918E+02
   0.144850704164183E-01
   0.212977981658549E+02
   0.144646130744210E-01
   0.218838825387354E+02
   0.136766851664635E-01
   0.241899490011653E+02
   0.123015200431822E-01
   0.248858534382062E+02
   0.128499299520856E-01
   0.239812036011062E+02
   0.135147442881863E-01
   0.213457752374459E+02
   0.154698450780204E-01
   0.200497133740933E+02
   0.164300212380333E-01
   0.192597779878398E+02
   0.162604715271442E-01
   0.186589927994291E+02
   0.158197661748683E-01
   0.192891963503067E+02
   0.162670467259805E-01
   0.188387394658968E+02
   0.158924102670537E-01
   0.184531123718320E+02
   0.156003388596197E-01
   0.181330538515871E+02
   0.154249636745059E-01
   0.178611100395026E+02
   0.152534841927836E-01
   0.176231788079030E+02
   0.150790843764913E-01
   0.174063357553545E+02
   0.148714845619196E-01
   0.172076049282003E+02
   0.146508294663505E-01
   0.170395696305660E+02
   0.144432948054732E-01
   0.169286229885556E+02
   0.142299103801073E-01
   0.169106422097735E+02
   0.139421632540589E-01
   0.170502921353845E+02
   0.132783261831061E-01
   0.175194324956058E+02
   0.125207249973118E-01
   0.186361882953554E+02
   0.119475286618241E-01
   0.199619495071359E+02
   0.119407953241131E-01
   0.223931986184941E+02
   0.119959402252518E-01
   0.240305687767593E+02
   0.140317612066522E-01
   0.232148975459799E+02
   0.158667506362805E-01
   0.223815996574158E+02
   0.153295071159933E-01
   0.217159454018174E+02
   0.148579991611019E-01
   0.210572983605969E+02
   0.158842106688093E-01
   0.207457254596892E+02
   0.157945047749113E-01
   0.208182625607686E+02
   0.151439244010793E-01
   0.213205713168317E+02
   0.148868116385356E-01
   0.217994506820963E+02
   0.148282776741485E-01
   0.219683424133948E+02
   0.152856860011078E-01
   0.218283643119974E+02
   0.155033092969509E-01
   0.217818376008156E+02
   0.154916543097107E-01
   0.223070011778691E+02
   0.144035296105706E-01
   0.244551185963139E+02
   0.125055929869966E-01
   0.253769892330430E+02
   0.133926504771701E-01
   0.247008944953424E+02
   0.143503025230722E-01
   0.223016464695716E+02
   0.169993185323645E-01
   0.210986704997627E+02
   0.173481397234903E-01
   0.203402609352736E+02
   0.168346868776613E-01
   0.197883770909204E+02
   0.166430441038210E-01
   0.202613499000323E+02
   0.174913687316443E-01
   0.198693213777345E+02
   0.172498356207828E-01
   0.195319951264794E+02
   0.170330244449002E-01
   0.192525458688263E+02
   0.168903565935244E-01
   0.190184209616563E+02
   0.167867000364923E-01
   0.188122541218557E+02
   0.166942500917913E-01
   0.186149579267893E+02
   0.165698391912601E-01
   0.184144415570712E+02
   0.163889732597892E-01
   0.182184735212655E+02
   0.161790184391562E-01
   0.180496396329448E+02
   0.158784270072436E-01
   0.179472876310895E+02
   0.154559946077908E-01
   0.179773768989963E+02
   0.147636598348230E-01
   0.182837599217075E+02
   0.136244003811950E-01
   0.192273316066495E+02
   0.130683811264888E-01
   0.201752460231694E+02
   0.129602255355949E-01
   0.220043768399703E+02
   0.124359499028583E-01
   0.242169161452203E+02
   0.144598687693250E-01
   0.236923983520570E+02
   0.168338738044152E-01
   0.228102892032947E+02
   0.170475661349742E-01
   0.224522680827786E+02
   0.156521049098763E-01
   0.216443281150375E+02
   0.169970584067942E-01
   0.213503531558737E+02
   0.167891516693710E-01
   0.213624431372160E+02
   0.164149751976090E-01
   0.216825163918991E+02
   0.160871065512259E-01
   0.221661176524992E+02
   0.160596617451022E-01
   0.223605921507142E+02
   0.165849404006111E-01
   0.223419597022079E+02
   0.166858665926187E-01
   0.223218655277065E+02
   0.164892034641888E-01
   0.226973959414399E+02
   0.152850737666139E-01
   0.244975864638727E+02
   0.133736418914309E-01
   0.256860506904601E+02
   0.142363149884760E-01
   0.252160639047481E+02
   0.153202868636741E-01
   0.230544473670759E+02
   0.184076530406721E-01
   0.219278302875754E+02
   0.184770561498412E-01
   0.212050013229105E+02
   0.177934832844408E-01
   0.206996735806030E+02
   0.176980774990690E-01
   0.210564687075256E+02
   0.186981544448006E-01
   0.207083049120106E+02
   0.184872544426342E-01
   0.204081828696328E+02
   0.183078452033122E-01
   0.201609260452188E+02
   0.181971763122811E-01
   0.199582543356510E+02
   0.181794660241772E-01
   0.197791572467795E+02
   0.181751468031188E-01
   0.195991316722768E+02
   0.181349159274933E-01
   0.193965034032206E+02
   0.179780352898120E-01
   0.191742226097340E+02
   0.177153731033778E-01
   0.189560009569147E+02
   0.172884181228263E-01
   0.187876181282301E+02
   0.167123072884416E-01
   0.187398031000278E+02
   0.159235473908660E-01
   0.189587502442170E+02
   0.148343520077416E-01
   0.199489451095068E+02
   0.141756552406061E-01
   0.205060532620925E+02
   0.148152728837158E-01
   0.219688655905187E+02
   0.134098859537350E-01
   0.244196964857265E+02
   0.146877930971307E-01
   0.244404197970012E+02
   0.169560888240469E-01
   0.232830547187062E+02
   0.185539956411318E-01
   0.226950629647601E+02
   0.173517831676658E-01
   0.221459645231409E+02
   0.181587282519826E-01
   0.219107881947707E+02
   0.180062403544815E-01
   0.218970874744111E+02
   0.175863096797353E-01
   0.221410429247527E+02
   0.170209376632925E-01
   0.227355177693929E+02
   0.166938806321815E-01
   0.229166062487988E+02
   0.178083855410700E-01
   0.229564076657813E+02
   0.177459272152925E-01
   0.229070093438120E+02
   0.175658045365901E-01
   0.230939071364163E+02
   0.164961501916396E-01
   0.242471822134499E+02
   0.153649027763761E-01
   0.258439158720944E+02
   0.154273326324267E-01
   0.255511189536903E+02
   0.165134522528685E-01
   0.236278491991741E+02
   0.198123550055304E-01
   0.225833112679646E+02
   0.196269729190396E-01
   0.219079424565987E+02
   0.189215799953932E-01
   0.214465340718784E+02
   0.188592574461056E-01
   0.216852575127472E+02
   0.197537187042852E-01
   0.213682661420681E+02
   0.195397804607351E-01
   0.210956088575607E+02
   0.193860883345832E-01
   0.208722377329796E+02
   0.193242642500103E-01
   0.206917446717825E+02
   0.193819367145322E-01
   0.205314314080858E+02
   0.194551086699890E-01
   0.203627045624958E+02
   0.194833234238582E-01
   0.201557735357139E+02
   0.193312614654697E-01
   0.199102357977143E+02
   0.189805936947940E-01
   0.196559381051466E+02
   0.184154479679157E-01
   0.194458346227968E+02
   0.176880348629976E-01
   0.193558901927379E+02
   0.168817013995965E-01
   0.195121472268654E+02
   0.161976796445098E-01
   0.201773191247840E+02
   0.157913345182128E-01
   0.208275062316753E+02
   0.165298478800750E-01
   0.221122418843874E+02
   0.150021354103845E-01
   0.245826170236882E+02
   0.153837516005602E-01
   0.248736078778061E+02
   0.169312886189769E-01
   0.237159924365580E+02
   0.191461883269016E-01
   0.230244278019155E+02
   0.186967066013617E-01
   0.225844601253760E+02
   0.188680238660085E-01
   0.224130774806386E+02
   0.191037907588353E-01
   0.224026306009358E+02
   0.186947201656891E-01
   0.226230358850170E+02
   0.179612324257840E-01
   0.234907387146095E+02
   0.166722463694865E-01
   0.235545892995462E+02
   0.181010250846348E-01
   0.236504893149451E+02
   0.182412430090267E-01
   0.235332845836184E+02
   0.187408145491723E-01
   0.235303460229325E+02
   0.179816019716003E-01
   0.242722558458720E+02
   0.169678450388770E-01
   0.258972708971938E+02
   0.164151773863028E-01
   0.257201055691722E+02
   0.177371804776304E-01
   0.240303870971885E+02
   0.210799294449300E-01
   0.230818086294965E+02
   0.206524165268149E-01
   0.224625782404409E+02
   0.199813510453275E-01
   0.220394896940608E+02
   0.199104655574047E-01
   0.221559956315442E+02
   0.206994312605314E-01
   0.218606789534510E+02
   0.204824350964469E-01
   0.216063631543481E+02
   0.203387482695420E-01
   0.213967212350049E+02
   0.202952314811933E-01
   0.212261253795011E+02
   0.203489731824296E-01
   0.210735569982386E+02
   0.204346917165215E-01
   0.209087430310211E+02
   0.204781994498227E-01
   0.206963911886108E+02
   0.203014052206323E-01
   0.204345608813012E+02
   0.198713966232141E-01
   0.201620879671834E+02
   0.192392362652820E-01
   0.199382214482991E+02
   0.185111310086060E-01
   0.198385288151540E+02
   0.179271492947059E-01
   0.199566480764416E+02
   0.175814465801572E-01
   0.204366120059165E+02
   0.168636820397150E-01
   0.211043852373174E+02
   0.173953918170438E-01
   0.223174527854475E+02
   0.169441472868278E-01
   0.246853203938552E+02
   0.168725141218265E-01
   0.251120981966758E+02
   0.172766571477786E-01
   0.241249847025331E+02
   0.188818069650249E-01
   0.233514662939809E+02
   0.199493242646369E-01
   0.229671690151344E+02
   0.198817041345261E-01
   0.228453713089321E+02
   0.201664190777324E-01
   0.228519613714850E+02
   0.198234119212118E-01
   0.230554855929305E+02
   0.191270061026946E-01
   0.238888462669147E+02
   0.173903848391570E-01
   0.242557743890695E+02
   0.182885199353617E-01
   0.244513856032269E+02
   0.180954970226390E-01
   0.241867184686638E+02
   0.194819674829250E-01
   0.239767799967216E+02
   0.195859935611751E-01
   0.244209638615186E+02
   0.184534681033102E-01
   0.258549393295544E+02
   0.171202998260596E-01
   0.257275061136902E+02
   0.187208593281191E-01
   0.242668985022299E+02
   0.216442612540558E-01
   0.234338293884522E+02
   0.213921411638443E-01
   0.228771385007221E+02
   0.209683965998079E-01
   0.224848646316816E+02
   0.208662893732881E-01
   0.224744697302411E+02
   0.215232331008977E-01
   0.221933267109061E+02
   0.213141722738769E-01
   0.219490632827378E+02
   0.211656420158191E-01
   0.217432390930335E+02
   0.210681183259638E-01
   0.215716203655576E+02
   0.210187983292569E-01
   0.214171254741227E+02
   0.210382244930120E-01
   0.212506528537845E+02
   0.210717465085907E-01
   0.210338649247862E+02
   0.209038166895315E-01
   0.207650520854865E+02
   0.204660180442613E-01
   0.204925098847145E+02
   0.199148075047351E-01
   0.202779558813326E+02
   0.193823737725784E-01
   0.201880191795453E+02
   0.190194756452248E-01
   0.202825610939313E+02
   0.186180030850472E-01
   0.206621016758633E+02
   0.179027204711075E-01
   0.213260596469613E+02
   0.183205071923051E-01
   0.224995592764231E+02
   0.188758790334159E-01
   0.247061448072648E+02
   0.178895924883411E-01
   0.251987906596540E+02
   0.173674341214919E-01
   0.245924332307685E+02
   0.180688706947989E-01
   0.236136782366242E+02
   0.205158640255572E-01
   0.232767330048387E+02
   0.209555833466678E-01
   0.231935795334304E+02
   0.211066923374611E-01
   0.232233782993703E+02
   0.208397852194273E-01
   0.234099822930579E+02
   0.205656270682703E-01
   0.239495170178976E+02
   0.188557518335423E-01
   0.245406285592734E+02
   0.188771854757914E-01
   0.248816625347965E+02
   0.185269559906783E-01
   0.248780120031948E+02
   0.193999144127607E-01
   0.243941910088200E+02
   0.211967319693145E-01
   0.245952628111913E+02
   0.200943644491488E-01
   0.257194603651243E+02
   0.180352223455821E-01
   0.255514126299379E+02
   0.198414849321812E-01
   0.243652397640732E+02
   0.221662162508495E-01
   0.236557953890463E+02
   0.221334070348310E-01
   0.231569988384672E+02
   0.218839229081197E-01
   0.227868631556309E+02
   0.217133891356643E-01
   0.226454476025409E+02
   0.221032709571809E-01
   0.223727038959643E+02
   0.219230976503180E-01
   0.221327012234702E+02
   0.217735681913861E-01
   0.219257056597517E+02
   0.216034035071539E-01
   0.217480038658433E+02
   0.214441911072775E-01
   0.215872090989231E+02
   0.214272393472585E-01
   0.214146048336240E+02
   0.214740589225455E-01
   0.211921941016377E+02
   0.213085742310325E-01
   0.209231515818373E+02
   0.208808525737695E-01
   0.206613473550185E+02
   0.204283461338402E-01
   0.204672547720456E+02
   0.200831291106229E-01
   0.203961599230473E+02
   0.198055655907403E-01
   0.204833306932744E+02
   0.192225004026876E-01
   0.208140193490600E+02
   0.185606603292066E-01
   0.214736808738917E+02
   0.191479204827766E-01
   0.226003114374387E+02
   0.200893820251007E-01
   0.246184580765654E+02
   0.179804112775339E-01
   0.251489557959031E+02
   0.173312005055118E-01
   0.247647593657523E+02
   0.177049587622277E-01
   0.237744627090798E+02
   0.207232106687641E-01
   0.234929470451040E+02
   0.216510353046730E-01
   0.234475153456949E+02
   0.218407666908738E-01
   0.235058487481935E+02
   0.216714563763268E-01
   0.236708183146029E+02
   0.215329639877166E-01
   0.240298711910189E+02
   0.197667675323820E-01
   0.244879087395103E+02
   0.196049513652223E-01
   0.250083902681866E+02
   0.191501909028704E-01
   0.252298500717708E+02
   0.195304041859418E-01
   0.247350633721315E+02
   0.224133529021164E-01
   0.247346852510390E+02
   0.218273407347616E-01
   0.254768193964983E+02
   0.193408547627830E-01
   0.251517893070093E+02
   0.214505828492971E-01
   0.243510604314553E+02
   0.226813135727304E-01
   0.237560861596326E+02
   0.227537737234447E-01
   0.233024003847244E+02
   0.225362338638013E-01
   0.229480971918319E+02
   0.223024734699929E-01
   0.226796556153230E+02
   0.220387275366379E-01
   0.224107176255907E+02
   0.218626695445147E-01
   0.221710095658612E+02
   0.216961814351808E-01
   0.219609713963256E+02
   0.215111575582647E-01
   0.217759880251558E+02
   0.213617232333976E-01
   0.216039860377744E+02
   0.213273561824373E-01
   0.214191811041106E+02
   0.213241517026372E-01
   0.211901897174869E+02
   0.211352128113119E-01
   0.209261809541543E+02
   0.207633740889799E-01
   0.206804606126406E+02
   0.204050739242916E-01
   0.205085526131585E+02
   0.201365913064298E-01
   0.204613588454205E+02
   0.199060498064365E-01
   0.205625826352568E+02
   0.193486839990392E-01
   0.208731097025332E+02
   0.187110592382960E-01
   0.215284941709178E+02
   0.195121784569330E-01
   0.225876911051668E+02
   0.203591538821115E-01
   0.244285778705380E+02
   0.176013409992036E-01
   0.249840112134233E+02
   0.172118351965657E-01
   0.247479739282440E+02
   0.175582366466237E-01
   0.238311280860310E+02
   0.207187710877873E-01
   0.236104634423506E+02
   0.221104187827613E-01
   0.236049987983897E+02
   0.225401892454306E-01
   0.236913084822465E+02
   0.223335423282338E-01
   0.238366121149160E+02
   0.220140100301991E-01
   0.240911783188974E+02
   0.206333194493964E-01
   0.244495918081982E+02
   0.202406045421859E-01
   0.248653021669926E+02
   0.203030418899173E-01
   0.253422842439352E+02
   0.199452922139938E-01
   0.249933176507024E+02
   0.226285961482878E-01
   0.247902080029641E+02
   0.229098766815029E-01
   0.250754124127922E+02
   0.209931691183491E-01
   0.248372162435617E+02
   0.222674247826787E-01
   0.242492258501244E+02
   0.228396845962888E-01
   0.237402713860763E+02
   0.228732111089812E-01
   0.233197845658971E+02
   0.225250512565480E-01
   0.229770843283786E+02
   0.222391905618065E-01
   0.226059449144123E+02
   0.210126104553656E-01
   0.223360541286955E+02
   0.207397447271438E-01
   0.220898279438342E+02
   0.204595954178724E-01
   0.218689293844521E+02
   0.201968276837956E-01
   0.216710198575547E+02
   0.200335490283866E-01
   0.214850073979809E+02
   0.199986821355086E-01
   0.212884654219839E+02
   0.200136652971960E-01
   0.210570997044908E+02
   0.199081635465557E-01
   0.208045127155560E+02
   0.197181893693906E-01
   0.205807687142125E+02
   0.195800672462326E-01
   0.204337184111262E+02
   0.194769410322451E-01
   0.204088063340641E+02
   0.193792318686730E-01
   0.205332557761567E+02
   0.191089714820079E-01
   0.208347558762975E+02
   0.184959315689802E-01
   0.214853848747639E+02
   0.195796455517640E-01
   0.224548317885640E+02
   0.201038867572665E-01
   0.241459627886200E+02
   0.173863042159306E-01
   0.247138833461866E+02
   0.172011821317249E-01
   0.245861771687133E+02
   0.174283563349949E-01
   0.237894252885727E+02
   0.212479694621878E-01
   0.236157291270642E+02
   0.223903800565602E-01
   0.236432597007217E+02
   0.228795792148023E-01
   0.237695838026602E+02
   0.228181249828866E-01
   0.239039068324290E+02
   0.223116067533921E-01
   0.241031284144082E+02
   0.213616125684520E-01
   0.244043678178907E+02
   0.213595625806965E-01
   0.247378251337699E+02
   0.213155793530926E-01
   0.252506827712525E+02
   0.206221171357942E-01
   0.252122534847700E+02
   0.216430603342811E-01
   0.247401574312060E+02
   0.230021782431151E-01
   0.247656416235047E+02
   0.217176934287968E-01
   0.245397550570791E+02
   0.222730743007048E-01
   0.240695107568144E+02
   0.223560953448114E-01
   0.236237973826068E+02
   0.221201405315490E-01
   0.232337053483763E+02
   0.216567008071181E-01
   0.229009684087729E+02
   0.212957778939543E-01
   0.224493313343546E+02
   0.196434076314359E-01
   0.221764690385928E+02
   0.193134750792823E-01
   0.219244812917561E+02
   0.190082015427856E-01
   0.216958669454592E+02
   0.187681029176181E-01
   0.214873793388964E+02
   0.186113556029057E-01
   0.212873727158290E+02
   0.185212731394077E-01
   0.210778006894262E+02
   0.184580250952641E-01
   0.208441082112483E+02
   0.183551496197787E-01
   0.206046061455675E+02
   0.182838101699636E-01
   0.204015983245324E+02
   0.182945565819304E-01
   0.202756035853927E+02
   0.183686782657049E-01
   0.202688962082215E+02
   0.185313507911179E-01
   0.204104864750412E+02
   0.186744980598930E-01
   0.207045850966580E+02
   0.182157238531602E-01
   0.213423783593339E+02
   0.196691581324528E-01
   0.222065001188962E+02
   0.197516114699380E-01
   0.237568627224477E+02
   0.173747663189288E-01
   0.243246324251568E+02
   0.173078482415723E-01
   0.242863497761210E+02
   0.173419356068209E-01
   0.236269187848301E+02
   0.214669236755683E-01
   0.234888061292062E+02
   0.220885400636347E-01
   0.235392011528336E+02
   0.223808253429097E-01
   0.237249350678357E+02
   0.227169800161510E-01
   0.238632087206981E+02
   0.224354486902611E-01
   0.240357894936062E+02
   0.218364992468046E-01
   0.242984334403736E+02
   0.221374597860053E-01
   0.245654704774999E+02
   0.221020500650701E-01
   0.249095599899698E+02
   0.218806059194100E-01
   0.251221127919358E+02
   0.212755604846580E-01
   0.245723709295762E+02
   0.225523991329233E-01
   0.244640200475825E+02
   0.218708799746537E-01
   0.242273077975212E+02
   0.217907842389096E-01
   0.238234062526917E+02
   0.213218098727363E-01
   0.234293371465309E+02
   0.208975165857309E-01
   0.230671259223212E+02
   0.204001664993624E-01
   0.227436191593010E+02
   0.199944209097366E-01
   0.222560136479623E+02
   0.188962193835344E-01
   0.219830767721914E+02
   0.185466714723508E-01
   0.217288325034034E+02
   0.182371728053670E-01
   0.214957515083163E+02
   0.180123278937246E-01
   0.212789969785822E+02
   0.178521374762410E-01
   0.210662829885416E+02
   0.177317550007746E-01
   0.208432996820814E+02
   0.176208424406329E-01
   0.206032701716574E+02
   0.174842914242437E-01
   0.203674393416584E+02
   0.173914024931833E-01
   0.201727345116674E+02
   0.173859137978517E-01
   0.200547333714484E+02
   0.174941599354361E-01
   0.200534398424383E+02
   0.177832957559649E-01
   0.202028380334473E+02
   0.183062301293082E-01
   0.205096906564301E+02
   0.187355927559214E-01
   0.210916451532574E+02
   0.198355753908835E-01
   0.218439041573261E+02
   0.191078650954186E-01
   0.232429296337607E+02
   0.173619292510426E-01
   0.237983806085718E+02
   0.173935473453345E-01
   0.238479535252516E+02
   0.174950189543529E-01
   0.233400597081605E+02
   0.219100290473928E-01
   0.232326322659051E+02
   0.218493966628933E-01
   0.232971309811348E+02
   0.214148762335193E-01
   0.235617984398721E+02
   0.221267241978867E-01
   0.237087507641418E+02
   0.224463682373247E-01
   0.238685796531601E+02
   0.219943323910392E-01
   0.241018977303258E+02
   0.225170554249328E-01
   0.243198340916202E+02
   0.228211251804809E-01
   0.245609608879871E+02
   0.231497971596450E-01
   0.247856830473835E+02
   0.214742040742891E-01
   0.242897963639951E+02
   0.222546648073397E-01
   0.241335949960051E+02
   0.218361394407776E-01
   0.238901231503076E+02
   0.212823762922598E-01
   0.235360201138332E+02
   0.205862849064350E-01
   0.231906327847356E+02
   0.201409279482610E-01
   0.228582732446999E+02
   0.196811982482225E-01
   0.225468751748958E+02
   0.192688976180151E-01
   0.220527525650068E+02
   0.193809529129383E-01
   0.217862417985505E+02
   0.189705838980154E-01
   0.215356862411551E+02
   0.186099003369517E-01
   0.213019811457607E+02
   0.183294390461129E-01
   0.210799605661559E+02
   0.181235451689772E-01
   0.208572046722448E+02
   0.179701927845557E-01
   0.206222680499200E+02
   0.178544437993930E-01
   0.203734420019495E+02
   0.177375935105398E-01
   0.201328925189677E+02
   0.176696142201026E-01
   0.199340293776096E+02
   0.176897034243310E-01
   0.198081057434615E+02
   0.178098168961462E-01
   0.197921900402249E+02
   0.180971762603487E-01
   0.199239228848214E+02
   0.186774249359148E-01
   0.202162237224957E+02
   0.194189205048252E-01
   0.207304511902322E+02
   0.201592243248241E-01
   0.213786763853687E+02
   0.187905906729832E-01
   0.225892920551612E+02
   0.173018119100703E-01
   0.231190941112973E+02
   0.172679114691585E-01
   0.232608569855760E+02
   0.180364936598261E-01
   0.229061579557535E+02
   0.221284927867077E-01
   0.228453762405863E+02
   0.217451365687862E-01
   0.229421901556740E+02
   0.208883970145683E-01
   0.232972689340856E+02
   0.210838782397782E-01
   0.234514329723697E+02
   0.228059554093488E-01
   0.236161726532173E+02
   0.227534652339289E-01
   0.238148907605041E+02
   0.231796712998279E-01
   0.239788555816006E+02
   0.233855502925547E-01
   0.241224557863953E+02
   0.234975837156677E-01
   0.241986931937829E+02
   0.226584252926872E-01
   0.239146262001555E+02
   0.229633149789126E-01
   0.237588979596709E+02
   0.226224891670699E-01
   0.235280317254128E+02
   0.219250562496319E-01
   0.232253218266291E+02
   0.212334041606893E-01
   0.229294284288374E+02
   0.207876985789384E-01
   0.226293611260186E+02
   0.203072386810387E-01
   0.223345765488772E+02
   0.198237222658900E-01
   0.218366325440828E+02
   0.211201961162632E-01
   0.215862566202455E+02
   0.206595434813270E-01
   0.213476258096535E+02
   0.202104741615354E-01
   0.211199832100945E+02
   0.198130434510033E-01
   0.208984076790305E+02
   0.195042109169912E-01
   0.206701303054621E+02
   0.192726445059845E-01
   0.204251616823742E+02
   0.191111657917970E-01
   0.201651046188350E+02
   0.189580776971907E-01
   0.199121591000364E+02
   0.188293334972308E-01
   0.196970818949934E+02
   0.187587869999182E-01
   0.195469762766536E+02
   0.187124225226650E-01
   0.194943444180148E+02
   0.187206467270586E-01
   0.195750469844430E+02
   0.188990298244977E-01
   0.198026397303607E+02
   0.192614595682697E-01
   0.202550572347468E+02
   0.203784884539568E-01
   0.208315443683256E+02
   0.197409129326295E-01
   0.217810370553287E+02
   0.170690846614913E-01
   0.222775313756281E+02
   0.175601203868680E-01
   0.224988996842279E+02
   0.190550124069634E-01
   0.223158606349907E+02
   0.221245801687595E-01
   0.223195785511070E+02
   0.213777835611973E-01
   0.224678510950345E+02
   0.202556345376784E-01
   0.229723084710313E+02
   0.197322568145980E-01
   0.230625036563592E+02
   0.227560111812294E-01
   0.232376147858393E+02
   0.232960320763407E-01
   0.234011008820148E+02
   0.234787024955856E-01
   0.235149367622327E+02
   0.234933246501122E-01
   0.235782084213633E+02
   0.232360785604312E-01
   0.235872719835708E+02
   0.230425393478985E-01
   0.234237877206392E+02
   0.235825539997641E-01
   0.232999668788255E+02
   0.236735119417728E-01
   0.231067796709256E+02
   0.232639014827884E-01
   0.228663204468783E+02
   0.228568850370140E-01
   0.226249176133360E+02
   0.225155752511263E-01
   0.223650276334835E+02
   0.220809020476440E-01
   0.220986530013330E+02
   0.216012822415481E-01
   0.215150422309480E+02
   0.229397173888705E-01
   0.212925879566393E+02
   0.226334666828216E-01
   0.210778360651934E+02
   0.222292247348644E-01
   0.208675253696164E+02
   0.217507026021275E-01
   0.206558653962993E+02
   0.212970050558968E-01
   0.204287649451214E+02
   0.208752622852592E-01
   0.201762986816474E+02
   0.204866022936824E-01
   0.199039854958491E+02
   0.201146428418723E-01
   0.196351341462309E+02
   0.197799613535611E-01
   0.193992807181964E+02
   0.195159988952614E-01
   0.192213931272148E+02
   0.192737001844970E-01
   0.191282465934944E+02
   0.190367194360268E-01
   0.191441185027122E+02
   0.187989108379349E-01
   0.192813961403284E+02
   0.185689143899168E-01
   0.196425052150782E+02
   0.192218178212236E-01
   0.201766295886781E+02
   0.204540586647065E-01
   0.208055359831275E+02
   0.177411365979025E-01
   0.212476159401016E+02
   0.182310687552232E-01
   0.215118645558843E+02
   0.197083443783765E-01
   0.215668313216845E+02
   0.216320531886822E-01
   0.216588356506409E+02
   0.208493123796971E-01
   0.218847939828157E+02
   0.190176390895116E-01
   0.224226084423102E+02
   0.197659523344822E-01
   0.225346644478494E+02
   0.224567220294501E-01
   0.227153537635904E+02
   0.234050067738811E-01
   0.228472750184104E+02
   0.232425728111203E-01
   0.229240300578208E+02
   0.231594589138615E-01
   0.229296292805543E+02
   0.228128189709298E-01
   0.228942232802552E+02
   0.227090479622622E-01
   0.227899405066292E+02
   0.232748831282252E-01
   0.226996052826569E+02
   0.237002376959048E-01
   0.225538225541865E+02
   0.237247245257211E-01
   0.223744117033486E+02
   0.237400031762804E-01
   0.221889576622538E+02
   0.237325453130998E-01
   0.219747127325778E+02
   0.235137550817182E-01
   0.217462161566279E+02
   0.232418974331130E-01
   0.209880356750951E+02
   0.229652526500126E-01
   0.207976639118476E+02
   0.229102749171089E-01
   0.206163320779063E+02
   0.227883043065211E-01
   0.204377394479991E+02
   0.225074783113434E-01
   0.202519914660003E+02
   0.221258711692376E-01
   0.200411489844675E+02
   0.216310250305110E-01
   0.197924363414137E+02
   0.210187627572974E-01
   0.195146719610148E+02
   0.204120851458876E-01
   0.192332262658579E+02
   0.199001683591455E-01
   0.189777547827784E+02
   0.195068522323554E-01
   0.187738314023067E+02
   0.191916917263978E-01
   0.186452219960043E+02
   0.189319758473106E-01
   0.186094813242395E+02
   0.186426534239923E-01
   0.186810204465962E+02
   0.182110269264682E-01
   0.189358118443396E+02
   0.178542435971091E-01
   0.193857033542376E+02
   0.186168535832718E-01
   0.198976285254984E+02
   0.185434405622976E-01
   0.202650158740201E+02
   0.186898557090843E-01
   0.204943284633291E+02
   0.188628450192481E-01
   0.206616135476833E+02
   0.203512224373605E-01
   0.208578911920607E+02
   0.203555474002392E-01
   0.212218539669739E+02
   0.172564338325394E-01
   0.216366182243947E+02
   0.204838719420632E-01
   0.218649390923596E+02
   0.223033092041605E-01
   0.220435410738737E+02
   0.227065668062529E-01
   0.221552640299011E+02
   0.225717094569041E-01
   0.222029029786111E+02
   0.224528812285592E-01
   0.221718659969157E+02
   0.220697565696177E-01
   0.220995892429111E+02
   0.217975583348302E-01
   0.220087428011483E+02
   0.220612117503805E-01
   0.219355889706520E+02
   0.224942958976229E-01
   0.218268756357279E+02
   0.227232661221263E-01
   0.216958577387696E+02
   0.229786508385729E-01
   0.215540314702035E+02
   0.232068729591292E-01
   0.213791941309712E+02
   0.231667976654318E-01
   0.211869413471317E+02
   0.230725376830479E-01
   0.202402792590479E+02
   0.215656691984676E-01
   0.200732010137901E+02
   0.215749272165316E-01
   0.199190568249811E+02
   0.216484569452367E-01
   0.197733713824350E+02
   0.217018500290169E-01
   0.196219401270646E+02
   0.216389280330627E-01
   0.194422594360244E+02
   0.213776361037876E-01
   0.192166053227935E+02
   0.208558068757106E-01
   0.189503703431534E+02
   0.202086710848820E-01
   0.186679712443356E+02
   0.195936622780431E-01
   0.183998881454568E+02
   0.190883253134566E-01
   0.181750193195639E+02
   0.187060251467632E-01
   0.180172256713118E+02
   0.184252933571908E-01
   0.179445777271138E+02
   0.181814280680733E-01
   0.179773656769356E+02
   0.179135950701980E-01
   0.181756249018329E+02
   0.177745943697060E-01
   0.185565091462127E+02
   0.183558693598307E-01
   0.189598375929622E+02
   0.183477338867910E-01
   0.192354581700011E+02
   0.182325499767109E-01
   0.194091181877461E+02
   0.182233040004837E-01
   0.196130233032290E+02
   0.189893476799565E-01
   0.198961847724656E+02
   0.194132519756927E-01
   0.203402678324359E+02
   0.166252828901487E-01
   0.207648129943407E+02
   0.199599232124574E-01
   0.210494267179672E+02
   0.210888519548990E-01
   0.212238596162550E+02
   0.213984074990978E-01
   0.213231901331074E+02
   0.215272368125788E-01
   0.213501191358818E+02
   0.214729383721102E-01
   0.212969992343079E+02
   0.211209989723673E-01
   0.212023319574652E+02
   0.207671917318159E-01
   0.211107472020921E+02
   0.208174731365447E-01
   0.210387695997496E+02
   0.210828432611499E-01
   0.209462214498517E+02
   0.212565667909026E-01
   0.208421438041925E+02
   0.214803385200554E-01
   0.207269784607021E+02
   0.216921104967508E-01
   0.205797563575898E+02
   0.217017541642760E-01
   0.204147073139509E+02
   0.216440174331027E-01
   0.192987254613808E+02
   0.199354427278680E-01
   0.191462864238610E+02
   0.198836353445199E-01
   0.190076557549049E+02
   0.199384282877939E-01
   0.188830571598756E+02
   0.201023132471474E-01
   0.187583289267569E+02
   0.202616134880273E-01
   0.186100172987580E+02
   0.203041380544401E-01
   0.184176681900041E+02
   0.201085785578436E-01
   0.181794612114530E+02
   0.196709197447773E-01
   0.179126157733574E+02
   0.190990771786922E-01
   0.176443056841743E+02
   0.185046397013433E-01
   0.174070799571238E+02
   0.180160166366779E-01
   0.172273722525948E+02
   0.176490642233360E-01
   0.171275245995753E+02
   0.173505920297625E-01
   0.171347481216636E+02
   0.170792808080832E-01
   0.172968944965577E+02
   0.170140433749245E-01
   0.176129382700639E+02
   0.174656932290213E-01
   0.179235432112355E+02
   0.175144514325325E-01
   0.181125569662462E+02
   0.172780503902457E-01
   0.182168592381834E+02
   0.170083801470493E-01
   0.184233313081236E+02
   0.174814220852779E-01
   0.187766699319490E+02
   0.180281511242804E-01
   0.192490799519888E+02
   0.172707087699934E-01
   0.197929326986502E+02
   0.190330709957808E-01
   0.201011227631340E+02
   0.196626146499178E-01
   0.202656084101563E+02
   0.199436342690739E-01
   0.203480803193638E+02
   0.201758956458212E-01
   0.203590243331766E+02
   0.202213276084724E-01
   0.202952244899794E+02
   0.199974146314149E-01
   0.201910376463490E+02
   0.196867010980180E-01
   0.200932147744277E+02
   0.196195602135139E-01
   0.200139936541019E+02
   0.197463742589638E-01
   0.199248484452847E+02
   0.198398927175853E-01
   0.198310123529721E+02
   0.199743843172361E-01
   0.197271412015586E+02
   0.200726706188195E-01
   0.195990767352280E+02
   0.200762826303128E-01
   0.194546256198726E+02
   0.200276197604938E-01
   0.181738715933880E+02
   0.183218999155259E-01
   0.180313949913094E+02
   0.182200866250895E-01
   0.179005683959865E+02
   0.181921993932181E-01
   0.177859673869784E+02
   0.182864889969229E-01
   0.176757246294548E+02
   0.184343694981899E-01
   0.175486355330217E+02
   0.185604992353536E-01
   0.173860883090344E+02
   0.186025750687898E-01
   0.171814868143514E+02
   0.184662637218541E-01
   0.169428553111142E+02
   0.181291756395411E-01
   0.166899637728241E+02
   0.176365731592508E-01
   0.164536201675837E+02
   0.171240032296662E-01
   0.162620621712686E+02
   0.166806740878037E-01
   0.161441956798318E+02
   0.163311111268183E-01
   0.161349688995757E+02
   0.160921928878627E-01
   0.162708571899389E+02
   0.160437519534584E-01
   0.165307618765118E+02
   0.162637593602710E-01
   0.167675385681007E+02
   0.162722030877766E-01
   0.168785144893654E+02
   0.160742373988946E-01
   0.168950757282634E+02
   0.155209000205139E-01
   0.170780765514705E+02
   0.157793202724049E-01
   0.175009373446651E+02
   0.162980589584826E-01
   0.181055700302799E+02
   0.169808991148216E-01
   0.187124851275154E+02
   0.179945549986794E-01
   0.190286158210577E+02
   0.182060667027430E-01
   0.191731573360898E+02
   0.184110905257936E-01
   0.192314975379858E+02
   0.186031803464581E-01
   0.192259790935323E+02
   0.187067880924294E-01
   0.191558012313047E+02
   0.186298534682690E-01
   0.190472724607442E+02
   0.184265166394042E-01
   0.189412186654448E+02
   0.183199923906050E-01
   0.188492164720126E+02
   0.183352501402345E-01
   0.187539513099977E+02
   0.183463001617929E-01
   0.186593016161232E+02
   0.184040505533056E-01
   0.185587233185954E+02
   0.184360816846338E-01
   0.184434727732216E+02
   0.184386090280666E-01
   0.183149582710134E+02
   0.184065829708749E-01
   0.168683953174339E+02
   0.167192218398189E-01
   0.167340390916841E+02
   0.166134237157053E-01
   0.166069453582597E+02
   0.165312506294378E-01
   0.164943947359316E+02
   0.165251633468343E-01
   0.163884276705937E+02
   0.165775783653346E-01
   0.162718298568613E+02
   0.166433715595866E-01
   0.161294255514685E+02
   0.167041171931144E-01
   0.159537750359343E+02
   0.166976176501645E-01
   0.157460413881508E+02
   0.165587008374647E-01
   0.155187395700414E+02
   0.162666547962584E-01
   0.152969174356786E+02
   0.158845909141452E-01
   0.151055418783238E+02
   0.154456554209281E-01
   0.149787638547726E+02
   0.150577151988318E-01
   0.149611542109898E+02
   0.148470526046187E-01
   0.150830476748321E+02
   0.148626858074281E-01
   0.153044625030676E+02
   0.149997926050992E-01
   0.154865683078063E+02
   0.149936148133608E-01
   0.155205063706372E+02
   0.147657119441441E-01
   0.154251814511684E+02
   0.139246010252843E-01
   0.155621030779082E+02
   0.139129002484578E-01
   0.160560784619894E+02
   0.146179885836109E-01
   0.168270072528722E+02
   0.158140590746785E-01
   0.175196183417807E+02
   0.170726330412571E-01
   0.178409039137225E+02
   0.170350159222250E-01
   0.179547679570838E+02
   0.170194640461696E-01
   0.179803514383927E+02
   0.170567109645526E-01
   0.179524639389457E+02
   0.171123920328633E-01
   0.178726340250369E+02
   0.170909648997554E-01
   0.177593884236448E+02
   0.169934221850837E-01
   0.176442648966889E+02
   0.169183979805208E-01
   0.175366327196212E+02
   0.168637453887043E-01
   0.174289350153907E+02
   0.168065769457287E-01
   0.173257487204732E+02
   0.167944381929781E-01
   0.172226046637950E+02
   0.167828040920693E-01
   0.171141329457146E+02
   0.167853200589471E-01
   0.169973689546448E+02
   0.167819210137622E-01
   0.153780432087858E+02
   0.150425026877321E-01
   0.152508763812796E+02
   0.149516754736047E-01
   0.151264770708155E+02
   0.148508701170039E-01
   0.150131257455573E+02
   0.147842009845049E-01
   0.149062476025406E+02
   0.147692626596408E-01
   0.147931674077599E+02
   0.147729528316986E-01
   0.146618103784205E+02
   0.147688523259667E-01
   0.145067745122948E+02
   0.147708120270203E-01
   0.143256175712787E+02
   0.147036821356466E-01
   0.141256880450663E+02
   0.145425567138805E-01
   0.139256219682855E+02
   0.143019352530469E-01
   0.137444608025021E+02
   0.139420057870038E-01
   0.136165506657779E+02
   0.135494667826204E-01
   0.135968658902055E+02
   0.133938828247066E-01
   0.137171936468258E+02
   0.135636623613331E-01
   0.139233634609480E+02
   0.138256922758125E-01
   0.140735820389497E+02
   0.139175496959683E-01
   0.140313174711545E+02
   0.136049169865148E-01
   0.137856678229324E+02
   0.122104191140207E-01
   0.138539249159481E+02
   0.117150186636593E-01
   0.144148323393542E+02
   0.127985233928080E-01
   0.154138545347463E+02
   0.154403377584970E-01
   0.162087003224804E+02
   0.169950397037688E-01
   0.165319884237522E+02
   0.165781562872976E-01
   0.166059392381519E+02
   0.160873540531736E-01
   0.165933461489035E+02
   0.158204015718270E-01
   0.165371714313530E+02
   0.156967334395970E-01
   0.164409883184777E+02
   0.155887067764347E-01
   0.163175034424509E+02
   0.154718627153460E-01
   0.161904678314951E+02
   0.154062082739304E-01
   0.160659078735747E+02
   0.153162429413437E-01
   0.159423096943102E+02
   0.152107564506113E-01
   0.158255777270803E+02
   0.151421383653474E-01
   0.157151763603459E+02
   0.151010333925973E-01
   0.156076311842394E+02
   0.150885865486393E-01
   0.154977090739239E+02
   0.150870913202185E-01
   0.136920492124965E+02
   0.136586737412116E-01
   0.135708087142504E+02
   0.135559857690621E-01
   0.134495585267980E+02
   0.134375804702020E-01
   0.133368660485553E+02
   0.133462425133093E-01
   0.132281839876907E+02
   0.132823021227072E-01
   0.131157267731141E+02
   0.132357523410899E-01
   0.129907079850596E+02
   0.131761251907056E-01
   0.128493178858554E+02
   0.131288256322556E-01
   0.126888894235951E+02
   0.130660525573603E-01
   0.125134059433984E+02
   0.129798592133546E-01
   0.123369661825714E+02
   0.129177374974905E-01
   0.121733077392165E+02
   0.128125043504451E-01
   0.120515460090578E+02
   0.126213638041297E-01
   0.120287520631489E+02
   0.125338467855387E-01
   0.121491940693719E+02
   0.127378716995606E-01
   0.123613779626722E+02
   0.131351904627562E-01
   0.125073203849317E+02
   0.133420926517778E-01
   0.124040342038340E+02
   0.129636157040601E-01
   0.119520786099955E+02
   0.960073399519335E-02
   0.119411197078896E+02
   0.898363275985986E-02
   0.125370922341919E+02
   0.103033830666571E-01
   0.137386620311462E+02
   0.146726683156289E-01
   0.146637623535923E+02
   0.169727548313566E-01
   0.150307206788652E+02
   0.168452220754257E-01
   0.150883781643945E+02
   0.161237242749955E-01
   0.150441503298237E+02
   0.156050414471833E-01
   0.149594818823884E+02
   0.152509506957053E-01
   0.148410695277604E+02
   0.149538233333046E-01
   0.147012453940598E+02
   0.146736693016523E-01
   0.145587477266265E+02
   0.144508219725011E-01
   0.144173612331039E+02
   0.142452758237726E-01
   0.142779224680159E+02
   0.140538994935291E-01
   0.141456825184575E+02
   0.139072396241506E-01
   0.140247698808781E+02
   0.138113840519917E-01
   0.139134235240078E+02
   0.137589486667728E-01
   0.138056420836440E+02
   0.137230650536161E-01
   0.117822071390480E+02
   0.126765625869679E-01
   0.116650541263277E+02
   0.125936746592994E-01
   0.115468836191782E+02
   0.124973730117404E-01
   0.114361395994341E+02
   0.123975285375453E-01
   0.113272785317833E+02
   0.123078760195991E-01
   0.112166210848720E+02
   0.122360497750132E-01
   0.110987109839917E+02
   0.121704092610449E-01
   0.109702034503148E+02
   0.121133183281715E-01
   0.108289061342219E+02
   0.120782064432493E-01
   0.106742472608428E+02
   0.120248317321468E-01
   0.105160614815383E+02
   0.119648829940130E-01
   0.103673449661200E+02
   0.118809193545151E-01
   0.102540650034989E+02
   0.117282712104640E-01
   0.102296320776462E+02
   0.116278306613421E-01
   0.103472866931757E+02
   0.117748642900551E-01
   0.105744453800430E+02
   0.122508448695509E-01
   0.107467612267291E+02
   0.127144002747706E-01
   0.106323277281363E+02
   0.124469466130576E-01
   0.100193198105389E+02
   0.865801241303979E-02
   0.992278445822402E+01
   0.776608148510254E-02
   0.104801131562445E+02
   0.864206826754931E-02
   0.117605816261769E+02
   0.136206647610919E-01
   0.127250145074939E+02
   0.158650663255533E-01
   0.131594927293880E+02
   0.162497663364424E-01
   0.132664516941389E+02
   0.158307554819725E-01
   0.132417569852297E+02
   0.154204690504063E-01
   0.131562653869048E+02
   0.149941142543579E-01
   0.130285572102281E+02
   0.145406964745302E-01
   0.128756777578238E+02
   0.141113944103047E-01
   0.127193959894054E+02
   0.137650468904799E-01
   0.125625009576193E+02
   0.134714017154177E-01
   0.124092715623071E+02
   0.132407195080352E-01
   0.122596364561834E+02
   0.130289501592554E-01
   0.121241151927263E+02
   0.128738715832635E-01
   0.120032780024553E+02
   0.127764355984661E-01
   0.118928507732360E+02
   0.127254994102583E-01
   0.962048324094991E+01
   0.116964877784661E-01
   0.950040766510944E+01
   0.115828324413205E-01
   0.938125360165642E+01
   0.114660018702557E-01
   0.927645500929997E+01
   0.113983283304530E-01
   0.916964487571619E+01
   0.113154385854284E-01
   0.906160176489654E+01
   0.112426095317243E-01
   0.895137610418524E+01
   0.111840065592005E-01
   0.883690971921964E+01
   0.111383951393898E-01
   0.871511475306389E+01
   0.111031850321898E-01
   0.858446519076093E+01
   0.110658630615438E-01
   0.845275636516502E+01
   0.110272937257429E-01
   0.833060560476270E+01
   0.109708564818770E-01
   0.823961523248753E+01
   0.108800674459751E-01
   0.822267725033996E+01
   0.108250523851154E-01
   0.833010496638477E+01
   0.109244803461681E-01
   0.855822970115676E+01
   0.113372886228785E-01
   0.875934630446617E+01
   0.119643518431461E-01
   0.870743262617895E+01
   0.122331819600607E-01
   0.804031874848843E+01
   0.840441311296278E-02
   0.787859575177552E+01
   0.758335588048708E-02
   0.831221224661886E+01
   0.815904793775147E-02
   0.941995286481626E+01
   0.115586988994188E-01
   0.102784206391520E+02
   0.132151363407212E-01
   0.107478367386173E+02
   0.139652272072365E-01
   0.109432244578990E+02
   0.140762371129290E-01
   0.109991063572724E+02
   0.140981429978129E-01
   0.109773130781110E+02
   0.140084264200245E-01
   0.108976433069093E+02
   0.137621474366719E-01
   0.107747023312753E+02
   0.134547642362579E-01
   0.106278087522442E+02
   0.131210782039610E-01
   0.104667585638937E+02
   0.127902282274407E-01
   0.103015642667517E+02
   0.125081413680383E-01
   0.101398218959032E+02
   0.122584545010265E-01
   0.999126605012073E+01
   0.120562018942000E-01
   0.985681955450763E+01
   0.119008372825155E-01
   0.973656838276606E+01
   0.117912649669144E-01
   0.719198689796647E+01
   0.106991970285103E-01
   0.707295667374633E+01
   0.105810079453537E-01
   0.695598801829492E+01
   0.104656832215144E-01
   0.684563058734545E+01
   0.103589162964322E-01
   0.673637002073107E+01
   0.102511245882764E-01
   0.663039728330477E+01
   0.101715970398749E-01
   0.652872804963180E+01
   0.101199133361829E-01
   0.642999708863273E+01
   0.100967882075039E-01
   0.633018720801326E+01
   0.100799178868220E-01
   0.622648336266184E+01
   0.100668053264158E-01
   0.612848197370601E+01
   0.100606954107952E-01
   0.604322451566073E+01
   0.100484025620065E-01
   0.598700674008000E+01
   0.100270810584595E-01
   0.598784149244194E+01
   0.100236698524610E-01
   0.607992743113969E+01
   0.100991541041373E-01
   0.627491337802057E+01
   0.103760956283354E-01
   0.647597654279480E+01
   0.109105474305473E-01
   0.651852392745350E+01
   0.116207290224867E-01
   0.607071799429419E+01
   0.958601849310577E-02
   0.587724632707045E+01
   0.905160723014187E-02
   0.607814185704438E+01
   0.870281918602270E-02
   0.672021836826104E+01
   0.946557393929143E-02
   0.732217710008432E+01
   0.100192664273863E-01
   0.775405198199951E+01
   0.106300324223531E-01
   0.801513193511760E+01
   0.110669257514397E-01
   0.815927601396694E+01
   0.114174649614176E-01
   0.823881501350681E+01
   0.117404651260362E-01
   0.825388186205285E+01
   0.119154079825684E-01
   0.820634500527448E+01
   0.119292807058179E-01
   0.811576095702299E+01
   0.118381456851948E-01
   0.799076567258101E+01
   0.116516623783259E-01
   0.784635196262174E+01
   0.114434015208084E-01
   0.769761142284484E+01
   0.112345446268316E-01
   0.755773101305029E+01
   0.110615923541126E-01
   0.742459054622126E+01
   0.109052989894693E-01
   0.730602088155458E+01
   0.107955390592055E-01
   0.433309738923286E+01
   0.930115303975775E-02
   0.422652583265678E+01
   0.921720354668188E-02
   0.412574261333489E+01
   0.914633590231938E-02
   0.402782765461491E+01
   0.907549624708569E-02
   0.393033014655991E+01
   0.899814530545301E-02
   0.383691644995496E+01
   0.893508607679818E-02
   0.375091564905757E+01
   0.889717262161213E-02
   0.367120728691089E+01
   0.888403282170530E-02
   0.359423189776875E+01
   0.887871514140388E-02
   0.351450340465880E+01
   0.885147123396929E-02
   0.345323800914122E+01
   0.885895327644402E-02
   0.341037283566354E+01
   0.887431965269412E-02
   0.339371165218963E+01
   0.889534333967843E-02
   0.341763061558441E+01
   0.893034888493437E-02
   0.349555150598545E+01
   0.899172378608541E-02
   0.363069199646960E+01
   0.915152602547559E-02
   0.377723859354946E+01
   0.946518825593125E-02
   0.381213108196887E+01
   0.984147413698019E-02
   0.357182301147919E+01
   0.911339074061609E-02
   0.339054109806885E+01
   0.853056050406479E-02
   0.341620128252871E+01
   0.801543591288526E-02
   0.369046320445346E+01
   0.791141406307614E-02
   0.403176869364876E+01
   0.796740018560019E-02
   0.434246075290795E+01
   0.821844039366624E-02
   0.457636600790103E+01
   0.847964744967482E-02
   0.474865016568329E+01
   0.875019825867497E-02
   0.488522250856539E+01
   0.908401743501557E-02
   0.497667878963753E+01
   0.938685150457668E-02
   0.501344741511498E+01
   0.959642663673348E-02
   0.499607875261119E+01
   0.968490617963159E-02
   0.493228728655964E+01
   0.966544454778239E-02
   0.483655710329667E+01
   0.958294768854259E-02
   0.472816693565657E+01
   0.948602589533509E-02
   0.462682448665375E+01
   0.943179038048734E-02
   0.452738552590189E+01
   0.938791409982273E-02
   0.442995004919459E+01
   0.934392265912183E-02
   0.784243673569697E+00
   0.728304188902972E-02
   0.717758556343051E+00
   0.727918373619235E-02
   0.648187717327606E+00
   0.726055482872460E-02
   0.575880178013788E+00
   0.723063885023738E-02
   0.501540149342786E+00
   0.718595414292478E-02
   0.431019208428986E+00
   0.713942102982103E-02
   0.368780848491468E+00
   0.710497742118060E-02
   0.313033028697586E+00
   0.708114078962168E-02
   0.262014685513800E+00
   0.705995855790036E-02
   0.222280646284988E+00
   0.704743142004483E-02
   0.203548857034057E+00
   0.706094365751712E-02
   0.202294288517451E+00
   0.708035844578007E-02
   0.219861606766622E+00
   0.710477297092504E-02
   0.260034748510199E+00
   0.713553747887018E-02
   0.323654275979404E+00
   0.717986845839255E-02
   0.403669196694128E+00
   0.726811447384239E-02
   0.484583004842858E+00
   0.747014168460712E-02
   0.501844910837896E+00
   0.768293731646844E-02
   0.376893016937853E+00
   0.741643916187315E-02
   0.230380489909333E+00
   0.703939907996591E-02
   0.158799923210407E+00
   0.667349876888681E-02
   0.220754938556431E+00
   0.646634033850845E-02
   0.353669681250140E+00
   0.635857747784376E-02
   0.510064519904673E+00
   0.634362711011312E-02
   0.657261692096928E+00
   0.637451471551941E-02
   0.790861181085190E+00
   0.644778695831038E-02
   0.915584256842732E+00
   0.659709073348951E-02
   0.102398367937412E+01
   0.680430161010218E-02
   0.110133989772217E+01
   0.701285252313708E-02
   0.113683555866421E+01
   0.716027464532896E-02
   0.113175801937474E+01
   0.723756367804131E-02
   0.109520150652074E+01
   0.726491307259976E-02
   0.103928435049608E+01
   0.726084699176272E-02
   0.979896713533616E+00
   0.726787086832184E-02
   0.918325202735869E+00
   0.727947169077535E-02
   0.849822555332411E+00
   0.727675986223359E-02
  -0.376675124769837E+01
   0.489517059091061E-02
  -0.379487902232017E+01
   0.490931033398415E-02
  -0.382802075447768E+01
   0.490274614096885E-02
  -0.386500511398760E+01
   0.487776115848323E-02
  -0.390347236496646E+01
   0.483818926111782E-02
  -0.393449556179503E+01
   0.479645375529157E-02
  -0.395443485420305E+01
   0.476281677102343E-02
  -0.396187866830523E+01
   0.474439468319988E-02
  -0.395779918607480E+01
   0.473811694820356E-02
  -0.394196554567117E+01
   0.474179937531871E-02
  -0.391520559727570E+01
   0.474748973236547E-02
  -0.388131893862186E+01
   0.475442791805603E-02
  -0.384181288341701E+01
   0.476884040781590E-02
  -0.379686942261541E+01
   0.479826199820033E-02
  -0.375183778029296E+01
   0.484469806616927E-02
  -0.371491416634812E+01
   0.491980569108032E-02
  -0.369907056765985E+01
   0.503078519942442E-02
  -0.372606004632976E+01
   0.513734280272460E-02
  -0.380660855894824E+01
   0.514177642415969E-02
  -0.391269120398174E+01
   0.504029787107505E-02
  -0.400597157187047E+01
   0.487414961217012E-02
  -0.406035441619376E+01
   0.469404857803107E-02
  -0.407383484086288E+01
   0.453519122691340E-02
  -0.405072797069611E+01
   0.442352467724201E-02
  -0.400001255824052E+01
   0.437217504297461E-02
  -0.392890691764266E+01
   0.438776313657036E-02
  -0.384569789250308E+01
   0.446136746560874E-02
  -0.376480710209563E+01
   0.456819038061075E-02
  -0.369952587678824E+01
   0.468106310381661E-02
  -0.365897097119353E+01
   0.477045472497151E-02
  -0.364532121644330E+01
   0.481893698170940E-02
  -0.365332188433871E+01
   0.483378026222314E-02
  -0.367367872281709E+01
   0.483394086760422E-02
  -0.369742566605100E+01
   0.483898782181707E-02
  -0.372038375671877E+01
   0.485191413989590E-02
  -0.374264037252513E+01
   0.487122467687718E-02
  -0.100009752144154E+02
   0.273954240332527E-02
  -0.994177155510392E+01
   0.276568250214116E-02
  -0.989039295288480E+01
   0.277798177551594E-02
  -0.984180321195294E+01
   0.278093710789353E-02
  -0.977984303709059E+01
   0.279369405120780E-02
  -0.969819284555441E+01
   0.282233649072738E-02
  -0.959124262332523E+01
   0.287246349260972E-02
  -0.945427249109214E+01
   0.294923401548372E-02
  -0.930935402718325E+01
   0.303226207654122E-02
  -0.916187153190628E+01
   0.311829547301249E-02
  -0.902083554546173E+01
   0.320137101789303E-02
  -0.889826624083737E+01
   0.327644831512147E-02
  -0.878469672780745E+01
   0.336151286988473E-02
  -0.872406805150533E+01
   0.340486003710695E-02
  -0.871633947164789E+01
   0.341231855624641E-02
  -0.876577513303739E+01
   0.338328132009468E-02
  -0.888096436152059E+01
   0.331005348049341E-02
  -0.907436624238041E+01
   0.317661985808783E-02
  -0.928513499949043E+01
   0.305198008300135E-02
  -0.950761496588649E+01
   0.293120977693123E-02
  -0.972965521070913E+01
   0.281485888151452E-02
  -0.994706790323726E+01
   0.269483619924822E-02
  -0.101500216673078E+02
   0.257568895722925E-02
  -0.102886844572231E+02
   0.249923386390121E-02
  -0.103704314881409E+02
   0.245881250132424E-02
  -0.104060962573008E+02
   0.244663845390727E-02
  -0.104093108996135E+02
   0.245353072431637E-02
  -0.103948646257221E+02
   0.246961654207738E-02
  -0.103747054000789E+02
   0.248686786951333E-02
  -0.103545628016327E+02
   0.250156379828839E-02
  -0.103356636452275E+02
   0.251331700570496E-02
  -0.103139470212936E+02
   0.252599537915712E-02
  -0.102846888173998E+02
   0.254401861025560E-02
  -0.102404751538352E+02
   0.257383366127165E-02
  -0.101734699119788E+02
   0.262163651886882E-02
  -0.100755559414723E+02
   0.269354073203056E-02
