   0.198208310133074E+01
   0.416402722183813E-02
   0.882865962634330E+00
   0.397634545292214E-02
   0.165245574505014E+00
   0.383381165324733E-02
  -0.247294299484866E+00
   0.373051821905356E-02
  -0.334000407099730E+00
   0.366647447985952E-02
   0.359094512794265E-01
   0.364634364131062E-02
  -0.450756641794127E+00
   0.368972724962043E-02
  -0.418094696812978E+00
   0.378361534922117E-02
   0.109469885766494E+00
   0.392899184226360E-02
   0.113231411088966E+01
   0.412733479187943E-02
   0.265880848480852E+01
   0.437879121746318E-02
   0.491573943651088E+01
   0.467566997930444E-02
   0.816313941704485E+01
   0.500666083349899E-02
   0.110140716783734E+02
   0.535310570864353E-02
   0.135834635853281E+02
   0.569602880728683E-02
   0.158956851416944E+02
   0.602008453379860E-02
   0.178588268683709E+02
   0.631441328641874E-02
   0.194511203568750E+02
   0.657210607088819E-02
   0.206891308601355E+02
   0.678926922964107E-02
   0.216078948128169E+02
   0.696601560009676E-02
   0.222476170548798E+02
   0.710623740057672E-02
   0.226432518050448E+02
   0.721248145512658E-02
   0.228158302832949E+02
   0.728439082491242E-02
   0.227663527308743E+02
   0.731850662232439E-02
   0.224759387330831E+02
   0.730849096527016E-02
   0.219112052945472E+02
   0.724832646177148E-02
   0.210273624907270E+02
   0.713512512925573E-02
   0.197675580333928E+02
   0.696702181446762E-02
   0.180600722893383E+02
   0.674281674639963E-02
   0.158158769963122E+02
   0.646405647460519E-02
   0.129292822931677E+02
   0.613747379757366E-02
   0.928146413852025E+01
   0.577613632466132E-02
   0.645162344791886E+01
   0.539951140361604E-02
   0.437763418236400E+01
   0.503139545135852E-02
   0.297372567172702E+01
   0.469433159724298E-02
   0.218254490162703E+01
   0.440350968425117E-02
   0.494810678694698E+01
   0.523755241648206E-02
   0.553341775535756E+01
   0.504562424099377E-02
   0.532145738104845E+01
   0.487430742777224E-02
   0.450173298340137E+01
   0.469831874339523E-02
   0.292269887942698E+01
   0.456419271694157E-02
   0.219654021968308E+01
   0.450104859767336E-02
   0.196036555378021E+01
   0.450368074594745E-02
   0.218542906290606E+01
   0.457846222745169E-02
   0.292390920967121E+01
   0.471358670501600E-02
   0.435260637939701E+01
   0.489215480748572E-02
   0.461163180492562E+01
   0.514256773318782E-02
   0.548388376682171E+01
   0.544080191950381E-02
   0.705158279739373E+01
   0.589076275377116E-02
   0.922060496141937E+01
   0.641092026107759E-02
   0.121168146560207E+02
   0.691380254990627E-02
   0.160696481089910E+02
   0.737843652888966E-02
   0.187757666433356E+02
   0.779576427011408E-02
   0.205755951110735E+02
   0.815022652359307E-02
   0.217184795758999E+02
   0.840356546321466E-02
   0.224004381854703E+02
   0.854862219587448E-02
   0.227904427541303E+02
   0.867276285345419E-02
   0.230319234487545E+02
   0.880471498797918E-02
   0.232223380114259E+02
   0.894775971792368E-02
   0.233619578587398E+02
   0.909428753395775E-02
   0.233660461833441E+02
   0.918169151382071E-02
   0.231589526869960E+02
   0.915681711348581E-02
   0.226947262418671E+02
   0.905918044727094E-02
   0.219383711565375E+02
   0.890207587003698E-02
   0.208330867094036E+02
   0.866565323352998E-02
   0.192649093189156E+02
   0.832669224213551E-02
   0.170667054775236E+02
   0.787962555722663E-02
   0.140671915723778E+02
   0.735096494693637E-02
   0.101298372010263E+02
   0.676415860976389E-02
   0.758162164715842E+01
   0.621009368413580E-02
   0.600967399025709E+01
   0.577203684111001E-02
   0.515772258733851E+01
   0.546742323811122E-02
   0.743565063700334E+01
   0.690518253122749E-02
   0.706301012347692E+01
   0.671588274585752E-02
   0.657683758537547E+01
   0.651276328511890E-02
   0.591719128210561E+01
   0.615963763845990E-02
   0.519600222367835E+01
   0.582785778489753E-02
   0.477177340686486E+01
   0.575164145959144E-02
   0.464355176157600E+01
   0.581204838290009E-02
   0.482478388248239E+01
   0.597346580725147E-02
   0.531872113631045E+01
   0.618609109732912E-02
   0.618978763209201E+01
   0.644435681933280E-02
   0.757365900751162E+01
   0.665374567326759E-02
   0.793290833586592E+01
   0.646140753387847E-02
   0.950385268674747E+01
   0.701971263484214E-02
   0.116471906233087E+02
   0.767706177504557E-02
   0.143705299378685E+02
   0.814702066232465E-02
   0.180822638184048E+02
   0.861712457837662E-02
   0.203984384262321E+02
   0.912223515592965E-02
   0.217788160533386E+02
   0.965124269063120E-02
   0.224808431275976E+02
   0.995574126976284E-02
   0.227066505426126E+02
   0.982594333930489E-02
   0.226732920955149E+02
   0.986289547486775E-02
   0.226253257005997E+02
   0.100067879284518E-01
   0.228276091823441E+02
   0.102173978461014E-01
   0.232494987616619E+02
   0.106168083657635E-01
   0.235385876308052E+02
   0.109125556055213E-01
   0.235489009220954E+02
   0.107740185220907E-01
   0.232745736535564E+02
   0.106286076756655E-01
   0.227686843870686E+02
   0.105174079177164E-01
   0.220683931774346E+02
   0.103202028340630E-01
   0.210343466602853E+02
   0.994673190062449E-02
   0.193398467376221E+02
   0.937358497661087E-02
   0.166813316882385E+02
   0.879842241881653E-02
   0.127604624397166E+02
   0.807125921928667E-02
   0.103134198390531E+02
   0.748851441430001E-02
   0.887264449338811E+01
   0.720345033290013E-02
   0.799838723027243E+01
   0.710091982426730E-02
   0.102234323964251E+02
   0.900980662568674E-02
   0.966779034952088E+01
   0.868327420043895E-02
   0.910011295043891E+01
   0.834409951441095E-02
   0.850803973007790E+01
   0.800454924486252E-02
   0.793552746889425E+01
   0.762272945815216E-02
   0.755832513965176E+01
   0.744689801344443E-02
   0.741025821106435E+01
   0.748431961165735E-02
   0.747337605632110E+01
   0.760187113038291E-02
   0.773498603065555E+01
   0.771003586955599E-02
   0.821403834751116E+01
   0.770746334276113E-02
   0.896502323862307E+01
   0.775273695183758E-02
   0.100849637518996E+02
   0.751391063701280E-02
   0.128831187636056E+02
   0.831315118262692E-02
   0.153287015072680E+02
   0.868919945760967E-02
   0.177266899176354E+02
   0.894761999322758E-02
   0.200898389227726E+02
   0.932567288485385E-02
   0.217594889803921E+02
   0.979701591512065E-02
   0.226608822024426E+02
   0.102545258712519E-01
   0.229153719181062E+02
   0.105141536662277E-01
   0.226658975546818E+02
   0.105659054492720E-01
   0.221173867961439E+02
   0.106879359667451E-01
   0.215950569703418E+02
   0.107661744310158E-01
   0.218423798950602E+02
   0.109526257767652E-01
   0.228316958348631E+02
   0.117783086364686E-01
   0.234447488624825E+02
   0.120352336173968E-01
   0.235854987987450E+02
   0.117736725212805E-01
   0.233394798240003E+02
   0.118960612907569E-01
   0.228987109733360E+02
   0.116185775009233E-01
   0.225476138602897E+02
   0.113790205415780E-01
   0.221404029792102E+02
   0.111082923486822E-01
   0.210081920073565E+02
   0.106776757428506E-01
   0.187671578462869E+02
   0.101659172853934E-01
   0.151231587260543E+02
   0.963689977481680E-02
   0.129343152804159E+02
   0.932099359100584E-02
   0.116668492268023E+02
   0.924238929381885E-02
   0.108470364457158E+02
   0.916188287945730E-02
   0.127423603497424E+02
   0.111804534707045E-01
   0.121447263640061E+02
   0.106857186182622E-01
   0.115630119432369E+02
   0.101627342880290E-01
   0.110190494637733E+02
   0.974996214537702E-02
   0.105305317089259E+02
   0.938441264964531E-02
   0.101704561113424E+02
   0.914487175025947E-02
   0.996748440723593E+01
   0.905744199011785E-02
   0.991471071667413E+01
   0.904391716040085E-02
   0.100050969282818E+02
   0.901324422069442E-02
   0.102668328746548E+02
   0.892198244609613E-02
   0.107747250302831E+02
   0.868946091825514E-02
   0.118297695210627E+02
   0.853233137326621E-02
   0.145183787589925E+02
   0.924646237715372E-02
   0.170938213485571E+02
   0.941397749843012E-02
   0.193438331237526E+02
   0.955142397907994E-02
   0.213363686809223E+02
   0.992512395186179E-02
   0.226765471982932E+02
   0.104766451480980E-01
   0.232004046316112E+02
   0.109850844022010E-01
   0.230685376264268E+02
   0.111680027800720E-01
   0.223581697061204E+02
   0.111165045688701E-01
   0.212281896796743E+02
   0.113660747606545E-01
   0.198708930152447E+02
   0.112130670170422E-01
   0.201744093377154E+02
   0.116374745248906E-01
   0.223018825809972E+02
   0.127341646459086E-01
   0.232060535523871E+02
   0.124925065909053E-01
   0.233850434983862E+02
   0.126168815890849E-01
   0.230120428043694E+02
   0.127969040120830E-01
   0.224133792862870E+02
   0.124575821368203E-01
   0.223814327147273E+02
   0.120242964937328E-01
   0.228306782421229E+02
   0.118877893088738E-01
   0.222992282325725E+02
   0.115233518210730E-01
   0.204679226117022E+02
   0.111984608048334E-01
   0.171036242308198E+02
   0.110685304047031E-01
   0.151807394284417E+02
   0.109881336698033E-01
   0.140935862884648E+02
   0.112985184343688E-01
   0.133629068532942E+02
   0.114366448450377E-01
   0.148830575908672E+02
   0.129892268461821E-01
   0.142853167942943E+02
   0.122908553395897E-01
   0.137276402909085E+02
   0.116511913382942E-01
   0.132369425491885E+02
   0.112061893802974E-01
   0.128140701240643E+02
   0.108835421861639E-01
   0.124792630819570E+02
   0.106337975011612E-01
   0.122455049183978E+02
   0.104512293658662E-01
   0.121141952407945E+02
   0.103153838383352E-01
   0.120911080673993E+02
   0.101808264855715E-01
   0.122137852900145E+02
   0.100800473599355E-01
   0.125495342771127E+02
   0.994816048526812E-02
   0.133092538457293E+02
   0.965176307367890E-02
   0.150730447035516E+02
   0.976820585767259E-02
   0.179576550964443E+02
   0.101229581825765E-01
   0.201223702283207E+02
   0.101809432486999E-01
   0.220684536068445E+02
   0.106367361544438E-01
   0.232670839291390E+02
   0.113202600919431E-01
   0.234462348832738E+02
   0.118666555647570E-01
   0.229915313408008E+02
   0.117889082513325E-01
   0.218568250117200E+02
   0.119062437508654E-01
   0.201811921483184E+02
   0.120382715512599E-01
   0.193426287537891E+02
   0.120388760859975E-01
   0.197336328838839E+02
   0.123071997126244E-01
   0.219709148700058E+02
   0.131135945763026E-01
   0.228883748525641E+02
   0.130397983194238E-01
   0.230186138619112E+02
   0.133857475590027E-01
   0.223893534174886E+02
   0.133905445083323E-01
   0.213036203583005E+02
   0.129368061674159E-01
   0.215491690450426E+02
   0.123817169599762E-01
   0.233028615649961E+02
   0.123329834154188E-01
   0.233474022670219E+02
   0.121565536279916E-01
   0.218804559447626E+02
   0.120492481844338E-01
   0.187660398612559E+02
   0.124807312042080E-01
   0.170927434866951E+02
   0.128003053363680E-01
   0.161641682530200E+02
   0.134335797216265E-01
   0.154951213592691E+02
   0.134571779690602E-01
   0.166516803270483E+02
   0.142386809415428E-01
   0.160822843208981E+02
   0.134343126074366E-01
   0.155749344273263E+02
   0.128066427872023E-01
   0.151454492640853E+02
   0.124143312175660E-01
   0.147809255652201E+02
   0.121512208720388E-01
   0.144774792373112E+02
   0.119230888680050E-01
   0.142359761098005E+02
   0.116967614840218E-01
   0.140608222139555E+02
   0.114857891198343E-01
   0.139673801176708E+02
   0.113186937881279E-01
   0.139956991723705E+02
   0.112681220808999E-01
   0.141946893228503E+02
   0.112397946864073E-01
   0.146943981274816E+02
   0.108957988175600E-01
   0.158754720027211E+02
   0.104004781211189E-01
   0.183355165914368E+02
   0.104946705963778E-01
   0.203086840585323E+02
   0.108094498986029E-01
   0.224272856625751E+02
   0.112115875089462E-01
   0.236220599999248E+02
   0.123303667997576E-01
   0.233983480019922E+02
   0.129698506905620E-01
   0.227011428049561E+02
   0.127259102589137E-01
   0.211654264040046E+02
   0.128209437765392E-01
   0.200716502013319E+02
   0.131508034142833E-01
   0.195597038923794E+02
   0.133078559239081E-01
   0.198705020317939E+02
   0.130875863349062E-01
   0.216572685999536E+02
   0.134506373285768E-01
   0.224271802454548E+02
   0.136244130112933E-01
   0.225077973982940E+02
   0.137520681028457E-01
   0.215628799472343E+02
   0.138061075971853E-01
   0.210382564985183E+02
   0.134187824579645E-01
   0.215460492735866E+02
   0.128982165597670E-01
   0.237781856064423E+02
   0.123712571421491E-01
   0.242083645858879E+02
   0.125136790227542E-01
   0.230447237723286E+02
   0.127824300192664E-01
   0.201632264690745E+02
   0.138641295149768E-01
   0.187138147546340E+02
   0.147905190232996E-01
   0.178837257628304E+02
   0.152904685469609E-01
   0.172487599739917E+02
   0.149512664277400E-01
   0.181007907951807E+02
   0.151365646532843E-01
   0.175855730770287E+02
   0.144757936417891E-01
   0.171417728368186E+02
   0.140255271649451E-01
   0.167721987756425E+02
   0.137694532650549E-01
   0.164569376005496E+02
   0.135422593544244E-01
   0.161852982198008E+02
   0.133093597683804E-01
   0.159505187945106E+02
   0.130400002415073E-01
   0.157556032466047E+02
   0.127681339517438E-01
   0.156178608694090E+02
   0.125519068260117E-01
   0.155740758159438E+02
   0.124993727967331E-01
   0.156602463791436E+02
   0.125071711276722E-01
   0.159512869142022E+02
   0.120867904206221E-01
   0.166937285083714E+02
   0.113581260544131E-01
   0.182571777230722E+02
   0.109403755554022E-01
   0.199363800002186E+02
   0.115867489709485E-01
   0.225078247239055E+02
   0.118977016232076E-01
   0.238353488828426E+02
   0.133932277470610E-01
   0.230241493497630E+02
   0.144176280262623E-01
   0.222170204158699E+02
   0.140244600668348E-01
   0.212231334382207E+02
   0.138799112914262E-01
   0.204735679248398E+02
   0.147341713720217E-01
   0.201100251583581E+02
   0.147725688477590E-01
   0.202723157079970E+02
   0.141294782315588E-01
   0.211771136678283E+02
   0.137622277500290E-01
   0.217506006081014E+02
   0.139011287900253E-01
   0.218784757831968E+02
   0.142828674195694E-01
   0.214861096318694E+02
   0.144850646829086E-01
   0.212977881169241E+02
   0.144646075598109E-01
   0.218838721847116E+02
   0.136766795083346E-01
   0.241899381555267E+02
   0.123015141740008E-01
   0.248858428126833E+02
   0.128499238246681E-01
   0.239811937919184E+02
   0.135147382930882E-01
   0.213457668403289E+02
   0.154698400763563E-01
   0.200497058354490E+02
   0.164300166545349E-01
   0.192597710069892E+02
   0.162604673883632E-01
   0.186589861701226E+02
   0.158197624302379E-01
   0.192891899895944E+02
   0.162670426186282E-01
   0.188387331157937E+02
   0.158924062018496E-01
   0.184531059736967E+02
   0.156003348482616E-01
   0.181330473649113E+02
   0.154249596516561E-01
   0.178611034657566E+02
   0.152534802844582E-01
   0.176231721206295E+02
   0.150790805268371E-01
   0.174063289332842E+02
   0.148714808462124E-01
   0.172075978980606E+02
   0.146508257823389E-01
   0.170395622824345E+02
   0.144432910449057E-01
   0.169286151699685E+02
   0.142299063498740E-01
   0.169106337736233E+02
   0.139421586395810E-01
   0.170502831153098E+02
   0.132783207765812E-01
   0.175194234750189E+02
   0.125207195000973E-01
   0.186361816083510E+02
   0.119475326219474E-01
   0.199619492528300E+02
   0.119408440634824E-01
   0.223931903006249E+02
   0.119959502951929E-01
   0.240305576471744E+02
   0.140317600306185E-01
   0.232148858926964E+02
   0.158667440376711E-01
   0.223815882983977E+02
   0.153295003688047E-01
   0.217159349054059E+02
   0.148579934119334E-01
   0.210572887053687E+02
   0.158842055527644E-01
   0.207457162604029E+02
   0.157944999257471E-01
   0.208182534428396E+02
   0.151439193356679E-01
   0.213205621316071E+02
   0.148868067625425E-01
   0.217994414579668E+02
   0.148282727906082E-01
   0.219683332079702E+02
   0.152856810117043E-01
   0.218283551705320E+02
   0.155033040955347E-01
   0.217818284714537E+02
   0.154916491015352E-01
   0.223069918363860E+02
   0.144035244719365E-01
   0.244551087241537E+02
   0.125055875589112E-01
   0.253769795068738E+02
   0.133926445797797E-01
   0.247008854256935E+02
   0.143502965616744E-01
   0.223016385068006E+02
   0.169993130159346E-01
   0.210986632322027E+02
   0.173481346361667E-01
   0.203402541501468E+02
   0.168346823344452E-01
   0.197883706029786E+02
   0.166430398662072E-01
   0.202613436398192E+02
   0.174913639164891E-01
   0.198693151096848E+02
   0.172498308418658E-01
   0.195319887970727E+02
   0.170330197334994E-01
   0.192525394432492E+02
   0.168903519266175E-01
   0.190184144326804E+02
   0.167866954718281E-01
   0.188122474679223E+02
   0.166942456104864E-01
   0.186149511245833E+02
   0.165698348286453E-01
   0.184144345432187E+02
   0.163889689551972E-01
   0.182184661893794E+02
   0.161790140721324E-01
   0.180496318235355E+02
   0.158784223410642E-01
   0.179472791703958E+02
   0.154559892274825E-01
   0.179773677743707E+02
   0.147636533875460E-01
   0.182837506406076E+02
   0.136243934763222E-01
   0.192273240726532E+02
   0.130683808558555E-01
   0.201752413669451E+02
   0.129602407586950E-01
   0.220043678895846E+02
   0.124359510960474E-01
   0.242169051144207E+02
   0.144598649962188E-01
   0.236923869862387E+02
   0.168338656241531E-01
   0.228102782996053E+02
   0.170475582907657E-01
   0.224522580411997E+02
   0.156520982626477E-01
   0.216443189920663E+02
   0.169970529464249E-01
   0.213503445312146E+02
   0.167891467756945E-01
   0.213624346600776E+02
   0.164149703531459E-01
   0.216825079002294E+02
   0.160871017268219E-01
   0.221661091331360E+02
   0.160596567861076E-01
   0.223605836509907E+02
   0.165849352478893E-01
   0.223419512528491E+02
   0.166858613460173E-01
   0.223218570736807E+02
   0.164891981718174E-01
   0.226973873420707E+02
   0.152850687324121E-01
   0.244975774518932E+02
   0.133736366196615E-01
   0.256860417944576E+02
   0.142363092237241E-01
   0.252160555323218E+02
   0.153202809289034E-01
   0.230544398061894E+02
   0.184076470340153E-01
   0.219278232703253E+02
   0.184770504644086E-01
   0.212049947181457E+02
   0.177934781550194E-01
   0.206996672231952E+02
   0.176980725894115E-01
   0.210564625789364E+02
   0.186981489259615E-01
   0.207082987589141E+02
   0.184872489999721E-01
   0.204081766405439E+02
   0.183078398584253E-01
   0.201609197082753E+02
   0.181971710613709E-01
   0.199582478773123E+02
   0.181794608809916E-01
   0.197791506471590E+02
   0.181751417608842E-01
   0.195991249073009E+02
   0.181349109935689E-01
   0.193964964183841E+02
   0.179780304244411E-01
   0.191742153052165E+02
   0.177153681877166E-01
   0.189559931709017E+02
   0.172884128955138E-01
   0.187876096632323E+02
   0.167123012370070E-01
   0.187397938892720E+02
   0.159235400284040E-01
   0.189587406679769E+02
   0.148343436389954E-01
   0.199489365124284E+02
   0.141756501545790E-01
   0.205060460904115E+02
   0.148152737639980E-01
   0.219688560207174E+02
   0.134098819111969E-01
   0.244196854467937E+02
   0.146877870363424E-01
   0.244404085641536E+02
   0.169560794023594E-01
   0.232830441200940E+02
   0.185539868648338E-01
   0.226950533511074E+02
   0.173517763260514E-01
   0.221459558022792E+02
   0.181587224624240E-01
   0.219107799920247E+02
   0.180062351627398E-01
   0.218970794472270E+02
   0.175863045716084E-01
   0.221410349095138E+02
   0.170209325594822E-01
   0.227355097348214E+02
   0.166938753534756E-01
   0.229165982592512E+02
   0.178083800057102E-01
   0.229563997312003E+02
   0.177459215848278E-01
   0.229070014243792E+02
   0.175657988828929E-01
   0.230938991163759E+02
   0.164961447198488E-01
   0.242471739872083E+02
   0.153648973306564E-01
   0.258439077569928E+02
   0.154273269215123E-01
   0.255511112555003E+02
   0.165134463380404E-01
   0.236278420418807E+02
   0.198123485420446E-01
   0.225833045215263E+02
   0.196269666293816E-01
   0.219079360557220E+02
   0.189215742063878E-01
   0.214465278737170E+02
   0.188592518297893E-01
   0.216852515787303E+02
   0.197537126672117E-01
   0.213682601615800E+02
   0.195397745387757E-01
   0.210956027809048E+02
   0.193860825429028E-01
   0.208722315301783E+02
   0.193242585924214E-01
   0.206917383252718E+02
   0.193819311817597E-01
   0.205314248974919E+02
   0.194551032408469E-01
   0.203626978640012E+02
   0.194833180752393E-01
   0.201557666035651E+02
   0.193312561625620E-01
   0.199102285424970E+02
   0.189805883384378E-01
   0.196559303702592E+02
   0.184154423065437E-01
   0.194458261999192E+02
   0.176880283527063E-01
   0.193558809697883E+02
   0.168816934465115E-01
   0.195121374384315E+02
   0.161976699851489E-01
   0.201773095725193E+02
   0.157913244115100E-01
   0.208274975225355E+02
   0.165298417867230E-01
   0.221122318115268E+02
   0.150021281805577E-01
   0.245826059630033E+02
   0.153837435909057E-01
   0.248735967656200E+02
   0.169312785418225E-01
   0.237159820851908E+02
   0.191461791059548E-01
   0.230244185158506E+02
   0.186966993869478E-01
   0.225844517318215E+02
   0.188680178477854E-01
   0.224130696080973E+02
   0.191037852067496E-01
   0.224026229221663E+02
   0.186947147432067E-01
   0.226230282338031E+02
   0.179612270093514E-01
   0.234907310556901E+02
   0.166722408258067E-01
   0.235545817368277E+02
   0.181010194624934E-01
   0.236504818355658E+02
   0.182412371753032E-01
   0.235332771567123E+02
   0.187408085088158E-01
   0.235303385235309E+02
   0.179815959267588E-01
   0.242722482937133E+02
   0.169678391746952E-01
   0.258972635341654E+02
   0.164151718662617E-01
   0.257200985409424E+02
   0.177371746781268E-01
   0.240303803818878E+02
   0.210799226830752E-01
   0.230818022129421E+02
   0.206524097952607E-01
   0.224625721065754E+02
   0.199813447415588E-01
   0.220394837204418E+02
   0.199104594093110E-01
   0.221559899774575E+02
   0.206994249570474E-01
   0.218606732203657E+02
   0.204824289238022E-01
   0.216063572951330E+02
   0.203387422525709E-01
   0.213967152219154E+02
   0.202952256339296E-01
   0.212261191928162E+02
   0.203489674809937E-01
   0.210735506166681E+02
   0.204346860985237E-01
   0.209087364325711E+02
   0.204781938549571E-01
   0.206963843380460E+02
   0.203013996214519E-01
   0.204345537037995E+02
   0.198713909604046E-01
   0.201620803180924E+02
   0.192392303181663E-01
   0.199382131251842E+02
   0.185111242807015E-01
   0.198385196781951E+02
   0.179271411110033E-01
   0.199566382501569E+02
   0.175814364057470E-01
   0.204366020207723E+02
   0.168636706829831E-01
   0.211043755500851E+02
   0.173953817282781E-01
   0.223174422790178E+02
   0.169441370042801E-01
   0.246853093443426E+02
   0.168725042045358E-01
   0.251120872284371E+02
   0.172766465457013E-01
   0.241249745901575E+02
   0.188817977261898E-01
   0.233514573016290E+02
   0.199493166934232E-01
   0.229671609099525E+02
   0.198816977996604E-01
   0.228453637237478E+02
   0.201664132038678E-01
   0.228519539929296E+02
   0.198234062185903E-01
   0.230554782609171E+02
   0.191270004245399E-01
   0.238888389845867E+02
   0.173903792907723E-01
   0.242557672214325E+02
   0.182885141313334E-01
   0.244513785872264E+02
   0.180954912392728E-01
   0.241867115808367E+02
   0.194819614563904E-01
   0.239767730531308E+02
   0.195859871300962E-01
   0.244209569543402E+02
   0.184534619044381E-01
   0.258549327217014E+02
   0.171202946714533E-01
   0.257274997568697E+02
   0.187208538080920E-01
   0.242668923030052E+02
   0.216442545675176E-01
   0.234338233968906E+02
   0.213921342914584E-01
   0.228771327302332E+02
   0.209683900285077E-01
   0.224848589760471E+02
   0.208662829576972E-01
   0.224744644601311E+02
   0.215232268131700E-01
   0.221933213134994E+02
   0.213141660876167E-01
   0.219490577142167E+02
   0.211656359724388E-01
   0.217432333285822E+02
   0.210681124502222E-01
   0.215716143856336E+02
   0.210187925777400E-01
   0.214171192593793E+02
   0.210382187657957E-01
   0.212506463881033E+02
   0.210717407273451E-01
   0.210338581870526E+02
   0.209038108617983E-01
   0.207650450184890E+02
   0.204660121675739E-01
   0.204925023599981E+02
   0.199148013828110E-01
   0.202779477111986E+02
   0.193823669543641E-01
   0.201880102161545E+02
   0.190194675099926E-01
   0.202825513965914E+02
   0.186179932261129E-01
   0.206620915952341E+02
   0.179027092641098E-01
   0.213260494942170E+02
   0.183204956191914E-01
   0.224995485644088E+02
   0.188758669672823E-01
   0.247061338103893E+02
   0.178895814349717E-01
   0.251987798882021E+02
   0.173674234197697E-01
   0.245924233550803E+02
   0.180688614466210E-01
   0.236136695440210E+02
   0.205158564549006E-01
   0.232767251805841E+02
   0.209555767353838E-01
   0.231935722292367E+02
   0.211066862461395E-01
   0.232233712165545E+02
   0.208397793562410E-01
   0.234099752849311E+02
   0.205656212121666E-01
   0.239495101498004E+02
   0.188557464861700E-01
   0.245406218464429E+02
   0.188771798193512E-01
   0.248816560510600E+02
   0.185269503838695E-01
   0.248780057444688E+02
   0.193999087022784E-01
   0.243941847331516E+02
   0.211967254249884E-01
   0.245952566254865E+02
   0.200943581519203E-01
   0.257194545572007E+02
   0.180352175596837E-01
   0.255514069929088E+02
   0.198414796521036E-01
   0.243652341903221E+02
   0.221662098065287E-01
   0.236557899547610E+02
   0.221334003248201E-01
   0.231569935606735E+02
   0.218839164037134E-01
   0.227868579364272E+02
   0.217133827722698E-01
   0.226454428352783E+02
   0.221032648932977E-01
   0.223726989321081E+02
   0.219230915839054E-01
   0.221326960229307E+02
   0.217735621680909E-01
   0.219257002022170E+02
   0.216033975526506E-01
   0.217479981374101E+02
   0.214441851862936E-01
   0.215872030887838E+02
   0.214272333753848E-01
   0.214145985369429E+02
   0.214740528554170E-01
   0.211921875133585E+02
   0.213085681405332E-01
   0.209231446628267E+02
   0.208808465132110E-01
   0.206613399951750E+02
   0.204283399276995E-01
   0.204672468035181E+02
   0.200831223544800E-01
   0.203961512027146E+02
   0.198055577818094E-01
   0.204833212453715E+02
   0.192224913533159E-01
   0.208140093995240E+02
   0.185606500443973E-01
   0.214736706285007E+02
   0.191479089630515E-01
   0.226003007537031E+02
   0.200893697034762E-01
   0.246184472357650E+02
   0.179804001332869E-01
   0.251489452914990E+02
   0.173311900322384E-01
   0.247647497913610E+02
   0.177049497479927E-01
   0.237744543368080E+02
   0.207232032945197E-01
   0.234929395207573E+02
   0.216510286170642E-01
   0.234475083473370E+02
   0.218407605263897E-01
   0.235058419934800E+02
   0.216714504920937E-01
   0.236708116735161E+02
   0.215329581945612E-01
   0.240298647764485E+02
   0.197667624139478E-01
   0.244879025722094E+02
   0.196049461394186E-01
   0.250083844219311E+02
   0.191501856558096E-01
   0.252298445809990E+02
   0.195303989539554E-01
   0.247350579490798E+02
   0.224133465955411E-01
   0.247346799486963E+02
   0.218273346450663E-01
   0.254768144789045E+02
   0.193408502617002E-01
   0.251517844875528E+02
   0.214505775393198E-01
   0.243510556384693E+02
   0.226813074920415E-01
   0.237560814539405E+02
   0.227537675302573E-01
   0.233023957596521E+02
   0.225362277975282E-01
   0.229480925483944E+02
   0.223024674383614E-01
   0.226796514824609E+02
   0.220387216792886E-01
   0.224107132022342E+02
   0.218626635238469E-01
   0.221710048179852E+02
   0.216961753046735E-01
   0.219609663128763E+02
   0.215111513556371E-01
   0.217759826047661E+02
   0.213617169739871E-01
   0.216039802846520E+02
   0.213273498644471E-01
   0.214191750278703E+02
   0.213241453478899E-01
   0.211901833273515E+02
   0.211352065286541E-01
   0.209261742275794E+02
   0.207633679534558E-01
   0.206804534593102E+02
   0.204050677880824E-01
   0.205085448882355E+02
   0.201365848307844E-01
   0.204613504163921E+02
   0.199060425589308E-01
   0.205625735021816E+02
   0.193486758472188E-01
   0.208731000159067E+02
   0.187110501098764E-01
   0.215284840721383E+02
   0.195121678382761E-01
   0.225876806296235E+02
   0.203591423901453E-01
   0.244285672921056E+02
   0.176013303935089E-01
   0.249840010489830E+02
   0.172118252041921E-01
   0.247479647203807E+02
   0.175582280589486E-01
   0.238311200678394E+02
   0.207187640730232E-01
   0.236104562584782E+02
   0.221104122016729E-01
   0.236049921591939E+02
   0.225401831111881E-01
   0.236913021240583E+02
   0.223335365710147E-01
   0.238366059195018E+02
   0.220140045076462E-01
   0.240911724419711E+02
   0.206333145234895E-01
   0.244495862961925E+02
   0.202405996859577E-01
   0.248652971074578E+02
   0.203030370886038E-01
   0.253422797013849E+02
   0.199452875843296E-01
   0.249933133410442E+02
   0.226285906483738E-01
   0.247902038313705E+02
   0.229098713367746E-01
   0.250754085567808E+02
   0.209931647830119E-01
   0.248372124607001E+02
   0.222674198390172E-01
   0.242492220669317E+02
   0.228396792645568E-01
   0.237402676175702E+02
   0.228732056849027E-01
   0.233197807768660E+02
   0.225250457919366E-01
   0.229770804172325E+02
   0.222391849139465E-01
   0.226059415834709E+02
   0.210126046834205E-01
   0.223360503863960E+02
   0.207397386647646E-01
   0.220898237677704E+02
   0.204595891720636E-01
   0.218689247807397E+02
   0.201968213525716E-01
   0.216710148409538E+02
   0.200335426608239E-01
   0.214850019878357E+02
   0.199986757621894E-01
   0.212884596422858E+02
   0.200136589647493E-01
   0.210570935767808E+02
   0.199081573534779E-01
   0.208045062324450E+02
   0.197181833847272E-01
   0.205807618058693E+02
   0.195800613408629E-01
   0.204337109579553E+02
   0.194769349333786E-01
   0.204087982214697E+02
   0.193792252264130E-01
   0.205332469885316E+02
   0.191089641125268E-01
   0.208347465185869E+02
   0.184959234572858E-01
   0.214853750576191E+02
   0.195796360190197E-01
   0.224548216324871E+02
   0.201038763754843E-01
   0.241459525573633E+02
   0.173862942382547E-01
   0.247138735876141E+02
   0.172011727112413E-01
   0.245861683885678E+02
   0.174283483525688E-01
   0.237894176615677E+02
   0.212479626944626E-01
   0.236157223411755E+02
   0.223903737327790E-01
   0.236432535066966E+02
   0.228795733336643E-01
   0.237695779424946E+02
   0.228181194868811E-01
   0.239039011963803E+02
   0.223116016129056E-01
   0.241031232113802E+02
   0.213616079243672E-01
   0.244043631336087E+02
   0.213595580758279E-01
   0.247378210717780E+02
   0.213155751353846E-01
   0.252506794140420E+02
   0.206221133424172E-01
   0.252122506141678E+02
   0.216430563645940E-01
   0.247401547188641E+02
   0.230021742417932E-01
   0.247656391483765E+02
   0.217176898196825E-01
   0.245397526370493E+02
   0.222730703112188E-01
   0.240695082799606E+02
   0.223560910269320E-01
   0.236237948107036E+02
   0.221201359348077E-01
   0.232337026203443E+02
   0.216566958484745E-01
   0.229009654258822E+02
   0.212957725006532E-01
   0.224493290684706E+02
   0.196434022204969E-01
   0.221764662062207E+02
   0.193134692944976E-01
   0.219244778847045E+02
   0.190081955255079E-01
   0.216958629897990E+02
   0.187680967839123E-01
   0.214873748690218E+02
   0.186113494282936E-01
   0.212873677691698E+02
   0.185212669933899E-01
   0.210777953064164E+02
   0.184580190502447E-01
   0.208441024269676E+02
   0.183551437513742E-01
   0.206045999659378E+02
   0.182838044973801E-01
   0.204015917017252E+02
   0.182945510019773E-01
   0.202755964287730E+02
   0.183686725725244E-01
   0.202688884263659E+02
   0.185313446903359E-01
   0.204104780477128E+02
   0.186744913322583E-01
   0.207045760953979E+02
   0.182157164430932E-01
   0.213423688896275E+02
   0.196691494484105E-01
   0.222064903439304E+02
   0.197516020392936E-01
   0.237568529036369E+02
   0.173747569545896E-01
   0.243246231299487E+02
   0.173078394441195E-01
   0.242863414766041E+02
   0.173419283173971E-01
   0.236269115914400E+02
   0.214669172573567E-01
   0.234887998137744E+02
   0.220885341854581E-01
   0.235391955192684E+02
   0.223808200058310E-01
   0.237249298442513E+02
   0.227169749913279E-01
   0.238632037979256E+02
   0.224354440836685E-01
   0.240357851632002E+02
   0.218364951220096E-01
   0.242984298395414E+02
   0.221374559710214E-01
   0.245654677193471E+02
   0.221020468285174E-01
   0.249095581418208E+02
   0.218806034107260E-01
   0.251221116990806E+02
   0.212755582027002E-01
   0.245723700803961E+02
   0.225523969122380E-01
   0.244640193968673E+02
   0.218708777719131E-01
   0.242273071733618E+02
   0.217907817269383E-01
   0.238234054817951E+02
   0.213218068995397E-01
   0.234293361341774E+02
   0.208975130196478E-01
   0.230671245864995E+02
   0.204001622515546E-01
   0.227436174031922E+02
   0.199944160133370E-01
   0.222560128095449E+02
   0.188962147347571E-01
   0.219830751584332E+02
   0.185466663004719E-01
   0.217288301231231E+02
   0.182371672774262E-01
   0.214957484142966E+02
   0.180123221506499E-01
   0.212789932318106E+02
   0.178521316269148E-01
   0.210662786498233E+02
   0.177317491504412E-01
   0.208432948123235E+02
   0.176208366905304E-01
   0.206032648233087E+02
   0.174842858566039E-01
   0.203674335371146E+02
   0.173913971193049E-01
   0.201727282258036E+02
   0.173859085268450E-01
   0.200547265425477E+02
   0.174941545857168E-01
   0.200534324048287E+02
   0.177832900593647E-01
   0.202028299719435E+02
   0.183062238224427E-01
   0.205096820333189E+02
   0.187355857262435E-01
   0.210916360645075E+02
   0.198355672774376E-01
   0.218438948041520E+02
   0.191078566085550E-01
   0.232429202795469E+02
   0.173619205467909E-01
   0.237983718271255E+02
   0.173935392475510E-01
   0.238479457509748E+02
   0.174950122915488E-01
   0.233400529941354E+02
   0.219100228183610E-01
   0.232326265097584E+02
   0.218493911567734E-01
   0.232971260485206E+02
   0.214148714964754E-01
   0.235617940342385E+02
   0.221267197818880E-01
   0.237087467588523E+02
   0.224463643968087E-01
   0.238685764692008E+02
   0.219943292292972E-01
   0.241018955682405E+02
   0.225170529276586E-01
   0.243198330623246E+02
   0.228211236699894E-01
   0.245609610107830E+02
   0.231497967690287E-01
   0.247856841878457E+02
   0.214742041198044E-01
   0.242897979031936E+02
   0.222546649931261E-01
   0.241335967485543E+02
   0.218361394501699E-01
   0.238901248887350E+02
   0.212823759177787E-01
   0.235360215818414E+02
   0.205862837772257E-01
   0.231906338292222E+02
   0.201409258703497E-01
   0.228582737607424E+02
   0.196811951796941E-01
   0.225468750597617E+02
   0.192688936681644E-01
   0.220527536144236E+02
   0.193809493616882E-01
   0.217862417914726E+02
   0.189705795634709E-01
   0.215356852081014E+02
   0.186098954249100E-01
   0.213019791760141E+02
   0.183294337433955E-01
   0.210799577561346E+02
   0.181235396169377E-01
   0.208572011124064E+02
   0.179701871137692E-01
   0.206222638268743E+02
   0.178544381310996E-01
   0.203734371908681E+02
   0.177375879454640E-01
   0.201328871639998E+02
   0.176696087896373E-01
   0.199340234793656E+02
   0.176896980575306E-01
   0.198080992712749E+02
   0.178098114404883E-01
   0.197921829583766E+02
   0.180971704857121E-01
   0.199239151911411E+02
   0.186774185723352E-01
   0.202162154801132E+02
   0.194189134345497E-01
   0.207304424970752E+02
   0.201592163981603E-01
   0.213786674737333E+02
   0.187905828129732E-01
   0.225892832071289E+02
   0.173018038736776E-01
   0.231190858862394E+02
   0.172679041315880E-01
   0.232608497787471E+02
   0.180364873850334E-01
   0.229061517918970E+02
   0.221284866418817E-01
   0.228453711693390E+02
   0.217451313548650E-01
   0.229421861116685E+02
   0.208883926808017E-01
   0.232972655908728E+02
   0.210838746445878E-01
   0.234514301697158E+02
   0.228059527425226E-01
   0.236161710022757E+02
   0.227534638854418E-01
   0.238148905341781E+02
   0.231796712531390E-01
   0.239788568761843E+02
   0.233855517987351E-01
   0.241224585462514E+02
   0.234975867100685E-01
   0.241986972299505E+02
   0.226584290266994E-01
   0.239146308358268E+02
   0.229633187040716E-01
   0.237589028638083E+02
   0.226224925013170E-01
   0.235280365538667E+02
   0.219250589503091E-01
   0.232253262200494E+02
   0.212334056339605E-01
   0.229294321741155E+02
   0.207876986461027E-01
   0.226293640871901E+02
   0.203072373587293E-01
   0.223345786055764E+02
   0.198237197167805E-01
   0.218366360684516E+02
   0.211201939027489E-01
   0.215862587124684E+02
   0.206595400651135E-01
   0.213476265276401E+02
   0.202104698114275E-01
   0.211199826919656E+02
   0.198130384215095E-01
   0.208984060690300E+02
   0.195042053961620E-01
   0.206701277332508E+02
   0.192726386554268E-01
   0.204251582683258E+02
   0.191111597628537E-01
   0.201651004682723E+02
   0.189580716361958E-01
   0.199121542851250E+02
   0.188293274927925E-01
   0.196970764470579E+02
   0.187587810360117E-01
   0.195469702005223E+02
   0.187124165092505E-01
   0.194943377139325E+02
   0.187206405113281E-01
   0.195750396729621E+02
   0.188990231917774E-01
   0.198026318842293E+02
   0.192614524308298E-01
   0.202550489573602E+02
   0.203784804664897E-01
   0.208315359070023E+02
   0.197409049245400E-01
   0.217810287464028E+02
   0.170690772494696E-01
   0.222775237403012E+02
   0.175601134149751E-01
   0.224988930989296E+02
   0.190550060435813E-01
   0.223158551418299E+02
   0.221245739690261E-01
   0.223195743549728E+02
   0.213777787113268E-01
   0.224678482280954E+02
   0.202556307559944E-01
   0.229723065220874E+02
   0.197322544761135E-01
   0.230625024755480E+02
   0.227560103818546E-01
   0.232376152222445E+02
   0.232960336984335E-01
   0.234011032844572E+02
   0.234787062993910E-01
   0.235149411964541E+02
   0.234933305973450E-01
   0.235782147323180E+02
   0.232360862704891E-01
   0.235872798609763E+02
   0.230425481445285E-01
   0.234237964449060E+02
   0.235825629763731E-01
   0.232999759391080E+02
   0.236735202994066E-01
   0.231067885472605E+02
   0.232639086652440E-01
   0.228663286613626E+02
   0.228568902107861E-01
   0.226249248938837E+02
   0.225155783287467E-01
   0.223650338024968E+02
   0.220809031074057E-01
   0.220986579088404E+02
   0.216012815153650E-01
   0.215150490454096E+02
   0.229397167524569E-01
   0.212925928324034E+02
   0.226334642108252E-01
   0.210778390955463E+02
   0.222292208051797E-01
   0.208675267608015E+02
   0.217506976161413E-01
   0.206558653612371E+02
   0.212969993312760E-01
   0.204287636695064E+02
   0.208752560727669E-01
   0.201762963317299E+02
   0.204865957967833E-01
   0.199039822148721E+02
   0.201146362365280E-01
   0.196351300385304E+02
   0.197799547499428E-01
   0.193992758489376E+02
   0.195159923057811E-01
   0.192213875404352E+02
   0.192736935576094E-01
   0.191282403321523E+02
   0.190367126927928E-01
   0.191441116241109E+02
   0.187989038987861E-01
   0.192813887361796E+02
   0.185689072485262E-01
   0.196424973989907E+02
   0.192218100702791E-01
   0.201766216098130E+02
   0.204540502717954E-01
   0.208055282409639E+02
   0.177411291386286E-01
   0.212476089388834E+02
   0.182310615300389E-01
   0.215118586903647E+02
   0.197083374116197E-01
   0.215668267095631E+02
   0.216320468098873E-01
   0.216588326069027E+02
   0.208493078203435E-01
   0.218847927072341E+02
   0.190176363812517E-01
   0.224226082705106E+02
   0.197659511984335E-01
   0.225346654871934E+02
   0.224567238947690E-01
   0.227153570663792E+02
   0.234050126059289E-01
   0.228472809908822E+02
   0.232425818384297E-01
   0.229240387171239E+02
   0.231594706492551E-01
   0.229296403497794E+02
   0.228128327057808E-01
   0.228942362963241E+02
   0.227090630913236E-01
   0.227899546816559E+02
   0.232748987951613E-01
   0.226996198898310E+02
   0.237002526684235E-01
   0.225538368213178E+02
   0.237247377005190E-01
   0.223744250061573E+02
   0.237400134375199E-01
   0.221889696505744E+02
   0.237325525355202E-01
   0.219747231718880E+02
   0.235137593080832E-01
   0.217462248579726E+02
   0.232418990210611E-01
   0.209880469918817E+02
   0.229652537238367E-01
   0.207976725985489E+02
   0.229102733815452E-01
   0.206163382665277E+02
   0.227883006452285E-01
   0.204377434360489E+02
   0.225074731235846E-01
   0.202519935635875E+02
   0.221258649823639E-01
   0.200411494611376E+02
   0.216310182846117E-01
   0.197924354329302E+02
   0.210187557814934E-01
   0.195146698647453E+02
   0.204120781415419E-01
   0.192332231267048E+02
   0.199001613930047E-01
   0.189777507053781E+02
   0.195068452951320E-01
   0.187738264756171E+02
   0.191916847627695E-01
   0.186452163119130E+02
   0.189319687842967E-01
   0.186094749825100E+02
   0.186426462146293E-01
   0.186810135653981E+02
   0.182110196100303E-01
   0.189358045770032E+02
   0.178542362340223E-01
   0.193856959651778E+02
   0.186168459243542E-01
   0.198976214297486E+02
   0.185434327026253E-01
   0.202650096485503E+02
   0.186898480097549E-01
   0.204943235933014E+02
   0.188628378516711E-01
   0.206616101940290E+02
   0.203512159967596E-01
   0.208578897247788E+02
   0.203555429220191E-01
   0.212218548423135E+02
   0.172564328580003E-01
   0.216366203874345E+02
   0.204838720848600E-01
   0.218649431946751E+02
   0.223033145312629E-01
   0.220435482926075E+02
   0.227065775333374E-01
   0.221552747965193E+02
   0.225717244309042E-01
   0.222029172549404E+02
   0.224528994258338E-01
   0.221718833786594E+02
   0.220697770163946E-01
   0.220996090964084E+02
   0.217975802288046E-01
   0.220087642388502E+02
   0.220612343240335E-01
   0.219356110254928E+02
   0.224943178316342E-01
   0.218268971872366E+02
   0.227232858429555E-01
   0.216958779562803E+02
   0.229786669907533E-01
   0.215540498698133E+02
   0.232068850438660E-01
   0.213792103929496E+02
   0.231668055488289E-01
   0.211869552305128E+02
   0.230725418703372E-01
   0.202402969196000E+02
   0.215656722865903E-01
   0.200732151052291E+02
   0.215749269234862E-01
   0.199190675086128E+02
   0.216484537970864E-01
   0.197733790590299E+02
   0.217018447162578E-01
   0.196219452325731E+02
   0.216389212603986E-01
   0.194422623607629E+02
   0.213776285673106E-01
   0.192166064119635E+02
   0.208557991553339E-01
   0.189503698830069E+02
   0.202086635256542E-01
   0.186679694431998E+02
   0.195936549358152E-01
   0.183998851612479E+02
   0.190883181322149E-01
   0.181750152974597E+02
   0.187060180238722E-01
   0.180172207639055E+02
   0.184252861857934E-01
   0.179445720877827E+02
   0.181814207693494E-01
   0.179773594611120E+02
   0.179135876274770E-01
   0.181756183022373E+02
   0.177745868296750E-01
   0.185565024603712E+02
   0.183558615311088E-01
   0.189598313194634E+02
   0.183477259466819E-01
   0.192354530075430E+02
   0.182325422367265E-01
   0.194091147794354E+02
   0.182232966946831E-01
   0.196130218285456E+02
   0.189893412380299E-01
   0.198961855707960E+02
   0.194132475824222E-01
   0.203402714886173E+02
   0.166252828593319E-01
   0.207648184304953E+02
   0.199599250949365E-01
   0.210494350511053E+02
   0.210888605267084E-01
   0.212238721293366E+02
   0.213984227045505E-01
   0.213232072631930E+02
   0.215272573024704E-01
   0.213501408013445E+02
   0.214729626729566E-01
   0.212970249071844E+02
   0.211210257856594E-01
   0.212023608522306E+02
   0.207672201378672E-01
   0.211107783183683E+02
   0.208175024520777E-01
   0.210388016953890E+02
   0.210828720473523E-01
   0.209462529177585E+02
   0.212565929712820E-01
   0.208421735090374E+02
   0.214803605611577E-01
   0.207270057208083E+02
   0.216921275924783E-01
   0.205797807174191E+02
   0.217017659587129E-01
   0.204147284492307E+02
   0.216440245044913E-01
   0.192987521580989E+02
   0.199354482746460E-01
   0.191463082815256E+02
   0.198836368240022E-01
   0.190076729504359E+02
   0.199384261920696E-01
   0.188830702075089E+02
   0.201023082996986E-01
   0.187583384117992E+02
   0.202616064853874E-01
   0.186100237650621E+02
   0.203041298640516E-01
   0.184176721350391E+02
   0.201085699963965E-01
   0.181794630583562E+02
   0.196709113953044E-01
   0.179126158413079E+02
   0.190990692683886E-01
   0.176443042162671E+02
   0.185046322007446E-01
   0.174070771791116E+02
   0.180160093925945E-01
   0.172273684010043E+02
   0.176490570756473E-01
   0.171275199046823E+02
   0.173505848839703E-01
   0.171347427944364E+02
   0.170792736320226E-01
   0.172968887817310E+02
   0.170140361546673E-01
   0.176129325274077E+02
   0.174656857696221E-01
   0.179235380653472E+02
   0.175144439411006E-01
   0.181125533163720E+02
   0.172780430252949E-01
   0.182168580158570E+02
   0.170083731235645E-01
   0.184233326783417E+02
   0.174814158277927E-01
   0.187766741051507E+02
   0.180281470084880E-01
   0.192490873588677E+02
   0.172707085386469E-01
   0.197929427706777E+02
   0.190330744930467E-01
   0.201011369183228E+02
   0.196626254283930E-01
   0.202656280422884E+02
   0.199436524800523E-01
   0.203481058518882E+02
   0.201759197815388E-01
   0.203590556722359E+02
   0.202213560996869E-01
   0.202952610148483E+02
   0.199974460468245E-01
   0.201910784589900E+02
   0.196867344858965E-01
   0.200932587750389E+02
   0.196195949065047E-01
   0.200140393102148E+02
   0.197464088964169E-01
   0.199248934541973E+02
   0.198399245986481E-01
   0.198310551381410E+02
   0.199744117221088E-01
   0.197271807808151E+02
   0.200726924364366E-01
   0.195991124472733E+02
   0.200762983849437E-01
   0.194546569998057E+02
   0.200276300024773E-01
   0.181739111659905E+02
   0.183219079809145E-01
   0.180314280043824E+02
   0.182200902420944E-01
   0.179005950289222E+02
   0.181921989180853E-01
   0.177859882870288E+02
   0.182864851196974E-01
   0.176757405524585E+02
   0.184343630151366E-01
   0.175486472092946E+02
   0.185604910784496E-01
   0.173860964326905E+02
   0.186025661662559E-01
   0.171814919992763E+02
   0.184662548291327E-01
   0.169428580446437E+02
   0.181291672043125E-01
   0.166899644361719E+02
   0.176365652961501E-01
   0.164536191138377E+02
   0.171239958388319E-01
   0.162620597659950E+02
   0.166806670077327E-01
   0.161441922666709E+02
   0.163311042706372E-01
   0.161349647719335E+02
   0.160921861984481E-01
   0.162708526659259E+02
   0.160437453457796E-01
   0.165307574163807E+02
   0.162637526904180E-01
   0.167675349674295E+02
   0.162721963956434E-01
   0.168785129768949E+02
   0.160742306617896E-01
   0.168950777544052E+02
   0.155208937748747E-01
   0.170780822208731E+02
   0.157793146907698E-01
   0.175009466086644E+02
   0.162980554987122E-01
   0.181055830162260E+02
   0.169808994057562E-01
   0.187125017944688E+02
   0.179945593357440E-01
   0.190286379919098E+02
   0.182060778268409E-01
   0.191731865814228E+02
   0.184111091237259E-01
   0.192315342316154E+02
   0.186032047479275E-01
   0.192260231807490E+02
   0.187068170465312E-01
   0.191558520505370E+02
   0.186298857409221E-01
   0.190473290602963E+02
   0.184265514323747E-01
   0.189412799041439E+02
   0.183200292000098E-01
   0.188492805481782E+02
   0.183352880317682E-01
   0.187540148666693E+02
   0.183463351650651E-01
   0.186593624801260E+02
   0.184040811563574E-01
   0.185587800672823E+02
   0.184361066852671E-01
   0.184435244294231E+02
   0.184386278494654E-01
   0.183150041434920E+02
   0.184065960296024E-01
   0.168684532056813E+02
   0.167192313310933E-01
   0.167340880607167E+02
   0.166134289756543E-01
   0.166069855795972E+02
   0.165312517138840E-01
   0.164944270313435E+02
   0.165251607726755E-01
   0.163884529961666E+02
   0.165775728144697E-01
   0.162718491731489E+02
   0.166433639485527E-01
   0.161294398092966E+02
   0.167041085040435E-01
   0.159537851061186E+02
   0.166976087258104E-01
   0.157460479890399E+02
   0.165586922244586E-01
   0.155187432823013E+02
   0.162666467035486E-01
   0.152969188072036E+02
   0.158845833472055E-01
   0.151055414770131E+02
   0.154456483414403E-01
   0.149787621943453E+02
   0.150577086425658E-01
   0.149611517055580E+02
   0.148470465214175E-01
   0.150830447497805E+02
   0.148626799734783E-01
   0.153044597561626E+02
   0.149997867833553E-01
   0.154865667816557E+02
   0.149936088405795E-01
   0.155205078165817E+02
   0.147657057728074E-01
   0.154251882383544E+02
   0.139245962546741E-01
   0.155621151677298E+02
   0.139128962493041E-01
   0.160560953637192E+02
   0.146179865359307E-01
   0.168270284587068E+02
   0.158140601804788E-01
   0.175196443763059E+02
   0.170726369010168E-01
   0.178409372511076E+02
   0.170350251674809E-01
   0.179548104329691E+02
   0.170194799885266E-01
   0.179804032740281E+02
   0.170567312646825E-01
   0.179525251895401E+02
   0.171124162353468E-01
   0.178727040603454E+02
   0.170909923855485E-01
   0.177594663188394E+02
   0.169934527817306E-01
   0.176443495921364E+02
   0.169184319635552E-01
   0.175367222239827E+02
   0.168637832191214E-01
   0.174290242861940E+02
   0.168066110826204E-01
   0.173258347883131E+02
   0.167944680900725E-01
   0.172226854851427E+02
   0.167828289670063E-01
   0.171142070705379E+02
   0.167853393815018E-01
   0.169974353465342E+02
   0.167819350975231E-01
   0.153781272268306E+02
   0.150425092491695E-01
   0.152509481616820E+02
   0.149516792026144E-01
   0.151265367989480E+02
   0.148508706365812E-01
   0.150131744996824E+02
   0.147841984147639E-01
   0.149062865805632E+02
   0.147692572342488E-01
   0.147931978609240E+02
   0.147729452359045E-01
   0.146618336012755E+02
   0.147688435120927E-01
   0.145067917270697E+02
   0.147708028794944E-01
   0.143256298143737E+02
   0.147036732224112E-01
   0.141256961727144E+02
   0.145425481929342E-01
   0.139256268072534E+02
   0.143019271409476E-01
   0.137444632230363E+02
   0.139419982243489E-01
   0.136165514385368E+02
   0.135494601481681E-01
   0.135968655913041E+02
   0.133938770638610E-01
   0.137171928613370E+02
   0.135636569653905E-01
   0.139233629781687E+02
   0.138256867482133E-01
   0.140735832560531E+02
   0.139175436382150E-01
   0.140313229347141E+02
   0.136049106128910E-01
   0.137856815117414E+02
   0.122104169349824E-01
   0.138539465039301E+02
   0.117150181379390E-01
   0.144148606296252E+02
   0.127985244085914E-01
   0.154138876084559E+02
   0.154403380885521E-01
   0.162087397990306E+02
   0.169950408326543E-01
   0.165320377182081E+02
   0.165781609239460E-01
   0.166060005253202E+02
   0.160873640839267E-01
   0.165934192513740E+02
   0.158204121580113E-01
   0.165372566020451E+02
   0.156967455368647E-01
   0.164410850388991E+02
   0.155887208165144E-01
   0.163176109066806E+02
   0.154718797779125E-01
   0.161905852647631E+02
   0.154062307699016E-01
   0.160660333536066E+02
   0.153162758127333E-01
   0.159424353088839E+02
   0.152107824638192E-01
   0.158256995111327E+02
   0.151421597260747E-01
   0.157152913697550E+02
   0.151010507683346E-01
   0.156077372776635E+02
   0.150885998280948E-01
   0.154978046958126E+02
   0.150871009073774E-01
   0.136921710062993E+02
   0.136586638492608E-01
   0.135709133996126E+02
   0.135559766566164E-01
   0.134496463949856E+02
   0.134375713118344E-01
   0.133369386301209E+02
   0.133462329338113E-01
   0.132282427902615E+02
   0.132822912279495E-01
   0.131157734399888E+02
   0.132357401401475E-01
   0.129907442866769E+02
   0.131761123768312E-01
   0.128493455336767E+02
   0.131288130072028E-01
   0.126889099002841E+02
   0.130660405848946E-01
   0.125134204912536E+02
   0.129798477807059E-01
   0.123369760182058E+02
   0.129177263413624E-01
   0.121733141736790E+02
   0.128124936761738E-01
   0.120515501793721E+02
   0.126213546022541E-01
   0.120287547511953E+02
   0.125338390177319E-01
   0.121491961498996E+02
   0.127378646693673E-01
   0.123613805070968E+02
   0.131351831503720E-01
   0.125073252815817E+02
   0.133420842986131E-01
   0.124040450926910E+02
   0.129636068727314E-01
   0.119521023663629E+02
   0.960073737527981E-02
   0.119411554252802E+02
   0.898364130230319E-02
   0.125371378183360E+02
   0.103033935207733E-01
   0.137387130539645E+02
   0.146726682581830E-01
   0.146638219406438E+02
   0.169727482018653E-01
   0.150307938125807E+02
   0.168452171526130E-01
   0.150884673519409E+02
   0.161237225875295E-01
   0.150442546703263E+02
   0.156050326979608E-01
   0.149596019824471E+02
   0.152509387115690E-01
   0.148412050598753E+02
   0.149538098598182E-01
   0.147013957140805E+02
   0.146736571566000E-01
   0.145589125990960E+02
   0.144508174064052E-01
   0.144175395592087E+02
   0.142452961652966E-01
   0.142781010356484E+02
   0.140539022745807E-01
   0.141458563655893E+02
   0.139072350298742E-01
   0.140249346786312E+02
   0.138113764055800E-01
   0.139135760923442E+02
   0.137589393172929E-01
   0.138057800776989E+02
   0.137230548673320E-01
   0.117823862951506E+02
   0.126765029629840E-01
   0.116652084261725E+02
   0.125936233900657E-01
   0.115470137019095E+02
   0.124973293315652E-01
   0.114362479420440E+02
   0.123974921770481E-01
   0.113273670777826E+02
   0.123078433988381E-01
   0.112166920673030E+02
   0.122360191161205E-01
   0.110987669027268E+02
   0.121703805311259E-01
   0.109702467537460E+02
   0.121132920516501E-01
   0.108289389755092E+02
   0.120781827744213E-01
   0.106742714916471E+02
   0.120248102306706E-01
   0.105160789319456E+02
   0.119648630562941E-01
   0.103673575969420E+02
   0.118809009129970E-01
   0.102540744039287E+02
   0.117282556545421E-01
   0.102296392084856E+02
   0.116278169758542E-01
   0.103472930189233E+02
   0.117748520083773E-01
   0.105744524768889E+02
   0.122508325969975E-01
   0.107467716383417E+02
   0.127143866453841E-01
   0.106323463477852E+02
   0.124469321678014E-01
   0.100193563623326E+02
   0.865801563314201E-02
   0.992283829309208E+01
   0.776609280066995E-02
   0.104801821791973E+02
   0.864208162816059E-02
   0.117606601065907E+02
   0.136206621397677E-01
   0.127251064663353E+02
   0.158650502334534E-01
   0.131596040295575E+02
   0.162497472119046E-01
   0.132665856098208E+02
   0.158307394652844E-01
   0.132419108647675E+02
   0.154204292796914E-01
   0.131564401725171E+02
   0.149940585140011E-01
   0.130287530419275E+02
   0.145406288482842E-01
   0.128758940932474E+02
   0.141113195721090E-01
   0.127196335424303E+02
   0.137649793411245E-01
   0.125627616425946E+02
   0.134713939435393E-01
   0.124095316179770E+02
   0.132406617698543E-01
   0.122598906985037E+02
   0.130288794286152E-01
   0.121243567670102E+02
   0.128737986423138E-01
   0.120035020163142E+02
   0.127763654279068E-01
   0.118930535648781E+02
   0.127254335920493E-01
   0.962076144106248E+01
   0.116963321980353E-01
   0.950064682684685E+01
   0.115826949540065E-01
   0.938145540080250E+01
   0.114658852783178E-01
   0.927662406853870E+01
   0.113982366221813E-01
   0.916978396635076E+01
   0.113153625730579E-01
   0.906171421140831E+01
   0.112425432206924E-01
   0.895146565974467E+01
   0.111839479936275E-01
   0.883698000815570E+01
   0.111383436747959E-01
   0.871516906828036E+01
   0.111031404011696E-01
   0.858450640977969E+01
   0.110658241105101E-01
   0.845278733251445E+01
   0.110272589975366E-01
   0.833062939734982E+01
   0.109708255047372E-01
   0.823963422974114E+01
   0.108800426914129E-01
   0.822269239361761E+01
   0.108250289780122E-01
   0.833011890033307E+01
   0.109244587060262E-01
   0.855824490536556E+01
   0.113372673322601E-01
   0.875936628930014E+01
   0.119643289235617E-01
   0.870746359892410E+01
   0.122331577002188E-01
   0.804037247571578E+01
   0.840440688940874E-02
   0.787867371287663E+01
   0.758335814113721E-02
   0.831231445768534E+01
   0.815905353995993E-02
   0.942007488713093E+01
   0.115586884589645E-01
   0.102785669306783E+02
   0.132151106579439E-01
   0.107480124892300E+02
   0.139651904279380E-01
   0.109434325695723E+02
   0.140761892037333E-01
   0.109993454445299E+02
   0.140980676039405E-01
   0.109775826646249E+02
   0.140083186531912E-01
   0.108979441816078E+02
   0.137620116432834E-01
   0.107750337609492E+02
   0.134546055435774E-01
   0.106281706632678E+02
   0.131209081516911E-01
   0.104671479885510E+02
   0.127900690090711E-01
   0.103019636622695E+02
   0.125079606596730E-01
   0.101402153139556E+02
   0.122582592537744E-01
   0.999164067021078E+01
   0.120560049638560E-01
   0.985716761936022E+01
   0.119006538732158E-01
   0.973688365463531E+01
   0.117910962735744E-01
   0.719245970377003E+01
   0.106988954017370E-01
   0.707336349002248E+01
   0.105807455103615E-01
   0.695633148761508E+01
   0.104654630948050E-01
   0.684591690674205E+01
   0.103587351531597E-01
   0.673660565964231E+01
   0.102509733802407E-01
   0.663058916165052E+01
   0.101714698093802E-01
   0.652888245081094E+01
   0.101198050681859E-01
   0.643011982743888E+01
   0.100966958405276E-01
   0.633028344353479E+01
   0.100798388707549E-01
   0.622655793718448E+01
   0.100667375621120E-01
   0.612853967738821E+01
   0.100606366481119E-01
   0.604327034218503E+01
   0.100483510689022E-01
   0.598704542810652E+01
   0.100270459306118E-01
   0.598787304933575E+01
   0.100236324930459E-01
   0.607995707226360E+01
   0.100991186080678E-01
   0.627494508353903E+01
   0.103760601595712E-01
   0.647601528197390E+01
   0.109105086514121E-01
   0.651857723598441E+01
   0.116206854108828E-01
   0.607079719014935E+01
   0.958597844157907E-02
   0.587735943644998E+01
   0.905157137450033E-02
   0.607829454267331E+01
   0.870278896580605E-02
   0.672041403540740E+01
   0.946554719662088E-02
   0.732241893190099E+01
   0.100192348363361E-01
   0.775434315090929E+01
   0.106299865516023E-01
   0.801547509052305E+01
   0.110668588516648E-01
   0.815967100257159E+01
   0.114173640145673E-01
   0.823926088430145E+01
   0.117403156110472E-01
   0.825438031942672E+01
   0.119152068855785E-01
   0.820689517637086E+01
   0.119290317872362E-01
   0.811636305547121E+01
   0.118378626781139E-01
   0.799141350066226E+01
   0.116513602710438E-01
   0.784702773011444E+01
   0.114430857916943E-01
   0.769828151086244E+01
   0.112342010863711E-01
   0.755836999550848E+01
   0.110612363508212E-01
   0.742518184646760E+01
   0.109049482602314E-01
   0.730655584988093E+01
   0.107952113016610E-01
   0.433400025141744E+01
   0.930071679147359E-02
   0.422730051622599E+01
   0.921681785309245E-02
   0.412639604674886E+01
   0.914601271034591E-02
   0.402837182514137E+01
   0.907522933849074E-02
   0.393077901933952E+01
   0.899792419987552E-02
   0.383728380689693E+01
   0.893490205265118E-02
   0.375121375543645E+01
   0.889701844767577E-02
   0.367144686994019E+01
   0.888390282332143E-02
   0.359442228938082E+01
   0.887860428810345E-02
   0.351465326602838E+01
   0.885137541773402E-02
   0.345335611131225E+01
   0.885887043960427E-02
   0.341046754601657E+01
   0.887424799905072E-02
   0.339379031613919E+01
   0.889528343722523E-02
   0.341769896845548E+01
   0.893029387290630E-02
   0.349561692952423E+01
   0.899167257003114E-02
   0.363076082179519E+01
   0.915147232416251E-02
   0.377731926458361E+01
   0.946512912401116E-02
   0.381223403467333E+01
   0.984140648408569E-02
   0.357196253578570E+01
   0.911331857146987E-02
   0.339073296629584E+01
   0.853049309624479E-02
   0.341645901247820E+01
   0.801537795204614E-02
   0.369079817516285E+01
   0.791136992565601E-02
   0.403218755046700E+01
   0.796736228177118E-02
   0.434296904060855E+01
   0.821839877317806E-02
   0.457696888640563E+01
   0.847959327962322E-02
   0.474934960558954E+01
   0.875011378123560E-02
   0.488601621700819E+01
   0.908386443930433E-02
   0.497757705768818E+01
   0.938664159045281E-02
   0.501444982685478E+01
   0.959615351456034E-02
   0.499718682439294E+01
   0.968458190719854E-02
   0.493348984033542E+01
   0.966508028305075E-02
   0.483783268147048E+01
   0.958258857129671E-02
   0.472943717939269E+01
   0.948558576958777E-02
   0.462804221099415E+01
   0.943131701845482E-02
   0.452851428596471E+01
   0.938743283741019E-02
   0.443096923334467E+01
   0.934345305945939E-02
   0.786172222757823E+00
   0.728263922531376E-02
   0.719411950628803E+00
   0.727882792865752E-02
   0.649580432543787E+00
   0.726025158006250E-02
   0.577039183561613E+00
   0.723038078541086E-02
   0.502497811657866E+00
   0.718573719807006E-02
   0.431805955263948E+00
   0.713924038063274E-02
   0.369423212972035E+00
   0.710482706654959E-02
   0.313553740500447E+00
   0.708101448637660E-02
   0.262433205135982E+00
   0.705984994874182E-02
   0.222614772853718E+00
   0.704733592380823E-02
   0.203816152358223E+00
   0.706086057263516E-02
   0.202511140341456E+00
   0.708028675902980E-02
   0.220043321865451E+00
   0.710471135109356E-02
   0.260195631268715E+00
   0.713548215394687E-02
   0.323808589607785E+00
   0.717981556795715E-02
   0.403831274579820E+00
   0.726805897487028E-02
   0.484768370731460E+00
   0.747007842104278E-02
   0.502071210581190E+00
   0.768286199688076E-02
   0.377182351135265E+00
   0.741635636315088E-02
   0.230757555514713E+00
   0.703931726614506E-02
   0.159293824373866E+00
   0.667343855936082E-02
   0.221384012526347E+00
   0.646629868266013E-02
   0.354450533957938E+00
   0.635855094539076E-02
   0.511012369989182E+00
   0.634361061697478E-02
   0.658391643402706E+00
   0.637450437780207E-02
   0.792187051449028E+00
   0.644777541272180E-02
   0.917118193922129E+00
   0.659706109119778E-02
   0.102574127390653E+01
   0.680423772928450E-02
   0.110333860245396E+01
   0.701273941318328E-02
   0.113907617954162E+01
   0.716010093965531E-02
   0.113422385601416E+01
   0.723735839815129E-02
   0.109790771065490E+01
   0.726495460420785E-02
   0.104198079843269E+01
   0.726064065647833E-02
   0.982496766303862E+00
   0.726757196158784E-02
   0.920745580626560E+00
   0.727912883735555E-02
   0.852003422384568E+00
   0.727636772105769E-02
  -0.376210914459581E+01
   0.489559624360635E-02
  -0.379089869660505E+01
   0.490962367475265E-02
  -0.382466142835182E+01
   0.490297516852794E-02
  -0.386220035525685E+01
   0.487792939737552E-02
  -0.390114691405081E+01
   0.483831770320044E-02
  -0.393257902508963E+01
   0.479655404814827E-02
  -0.395286313510541E+01
   0.476289722437555E-02
  -0.396059564828674E+01
   0.474446041437317E-02
  -0.395675747025987E+01
   0.473816877891978E-02
  -0.394112362596250E+01
   0.474183693595302E-02
  -0.391452603093054E+01
   0.474751267298885E-02
  -0.388076556534731E+01
   0.475443790934179E-02
  -0.384134964095300E+01
   0.476884096678249E-02
  -0.379645990027094E+01
   0.479825663923270E-02
  -0.375144582722384E+01
   0.484468994962570E-02
  -0.371450310826820E+01
   0.491979813851283E-02
  -0.369860225165715E+01
   0.503078233616990E-02
  -0.372549452767194E+01
   0.513734968641979E-02
  -0.380590637477711E+01
   0.514179668770272E-02
  -0.391181085863445E+01
   0.504033726127902E-02
  -0.400487053801137E+01
   0.487421517967345E-02
  -0.405899269550690E+01
   0.469414232915381E-02
  -0.407217452605687E+01
   0.453531215194836E-02
  -0.404873039355673E+01
   0.442367292978598E-02
  -0.399763977432868E+01
   0.437235071633273E-02
  -0.392612309739424E+01
   0.438796261401439E-02
  -0.384246748641874E+01
   0.446158172766217E-02
  -0.376107160462499E+01
   0.456842873516220E-02
  -0.369514977592536E+01
   0.468140998739695E-02
  -0.365390543290142E+01
   0.477095777960960E-02
  -0.363959507830143E+01
   0.481963819867976E-02
  -0.364708132135660E+01
   0.483468416142935E-02
  -0.366722955454359E+01
   0.483489702687916E-02
  -0.369111647364041E+01
   0.483987209922104E-02
  -0.371450098438824E+01
   0.485264563520949E-02
  -0.373734330204249E+01
   0.487179497522695E-02
  -0.998703814678160E+01
   0.274371657093274E-02
  -0.993000012131177E+01
   0.276894299889124E-02
  -0.988055950010263E+01
   0.278050158354376E-02
  -0.983364271985889E+01
   0.278288772343080E-02
  -0.977309766551595E+01
   0.279522516286797E-02
  -0.969263619919070E+01
   0.282355919062730E-02
  -0.958667443718429E+01
   0.287346278230031E-02
  -0.945051561985253E+01
   0.295007655149246E-02
  -0.930627929382580E+01
   0.303296659264712E-02
  -0.915936504311697E+01
   0.311887384881093E-02
  -0.901880738856303E+01
   0.320181738679900E-02
  -0.889662718985222E+01
   0.327676412873563E-02
  -0.878336709662490E+01
   0.336169610633166E-02
  -0.872291545813481E+01
   0.340497209968234E-02
  -0.871524636755682E+01
   0.341240556281742E-02
  -0.876462792067075E+01
   0.338338492235886E-02
  -0.887964527423757E+01
   0.331021789698509E-02
  -0.907274463839799E+01
   0.317689945732933E-02
  -0.928313385840650E+01
   0.305236709782971E-02
  -0.950514021237865E+01
   0.293171212813670E-02
  -0.972660189130767E+01
   0.281549361070822E-02
  -0.994333393132260E+01
   0.269561207709775E-02
  -0.101455126521598E+02
   0.257660551466437E-02
  -0.102832592741679E+02
   0.250033896795812E-02
  -0.103639687664485E+02
   0.246013631097053E-02
  -0.103985104317054E+02
   0.244818573767737E-02
  -0.104006254423791E+02
   0.245523050393340E-02
  -0.103852547506925E+02
   0.247129397178506E-02
  -0.103625854614913E+02
   0.248973414325814E-02
  -0.103398478566800E+02
   0.250570554261541E-02
  -0.103182605799606E+02
   0.251890402070393E-02
  -0.102942817825483E+02
   0.253287899878992E-02
  -0.102639772460360E+02
   0.255151086643833E-02
  -0.102203308603932E+02
   0.258099267302104E-02
  -0.101551189799145E+02
   0.262782202770214E-02
  -0.100593288906236E+02
   0.269875734681161E-02
