   0.837252980175260E+01
   0.643892162922255E-02
   0.724223815648003E+01
   0.615067877081545E-02
   0.651443719327732E+01
   0.592603967703798E-02
   0.610424433530797E+01
   0.576293770640917E-02
   0.602739009101618E+01
   0.566511631212214E-02
   0.641072438965352E+01
   0.563855968882767E-02
   0.589900166351677E+01
   0.569197206486411E-02
   0.591986623359416E+01
   0.583034535656668E-02
   0.643696958954212E+01
   0.605491266782802E-02
   0.744263971989792E+01
   0.636143986823717E-02
   0.897003421065356E+01
   0.674175598889341E-02
   0.112198620697342E+02
   0.718126568270190E-02
   0.144828651975254E+02
   0.766496930719652E-02
   0.173378245344456E+02
   0.816732175078147E-02
   0.199067622260543E+02
   0.866233072660103E-02
   0.222183658567769E+02
   0.912928160381784E-02
   0.241814297953158E+02
   0.955350836042016E-02
   0.257744178878780E+02
   0.992553391076055E-02
   0.270138297185515E+02
   0.102398341038258E-01
   0.279345183326899E+02
   0.104964467072801E-01
   0.285764758582331E+02
   0.107007827984723E-01
   0.289743993519068E+02
   0.108561957267113E-01
   0.291490097541721E+02
   0.109618028369467E-01
   0.291009439985448E+02
   0.110123169975300E-01
   0.288109199272811E+02
   0.109984169833065E-01
   0.282451416999653E+02
   0.109114121964811E-01
   0.273583565152990E+02
   0.107473422079386E-01
   0.260930439214171E+02
   0.105038316329809E-01
   0.243764045245509E+02
   0.101795141898968E-01
   0.221176582790111E+02
   0.977703806807682E-02
   0.192083450564384E+02
   0.930635818743166E-02
   0.155253636325422E+02
   0.878610148067603E-02
   0.127168706647692E+02
   0.824365736745413E-02
   0.106898931401879E+02
   0.771197636828439E-02
   0.933040133731960E+01
   0.722243426477901E-02
   0.856611121235008E+01
   0.679593157303763E-02
   0.116840759992305E+02
   0.810552222659361E-02
   0.122515956570603E+02
   0.783033069731059E-02
   0.120409478613003E+02
   0.758750469440945E-02
   0.112455833066482E+02
   0.733979239900489E-02
   0.970804708721537E+01
   0.714686357699346E-02
   0.900825314990672E+01
   0.705440678330431E-02
   0.877599103284963E+01
   0.705271474221392E-02
   0.899001298756360E+01
   0.715762388352194E-02
   0.970341591392836E+01
   0.735417790504296E-02
   0.110930359119531E+02
   0.761768933544333E-02
   0.113340820426516E+02
   0.798604255615610E-02
   0.121535912223628E+02
   0.840552230610379E-02
   0.136359016779583E+02
   0.903330334374821E-02
   0.157115944406678E+02
   0.975284168346019E-02
   0.185420269097637E+02
   0.104443258656955E-01
   0.224742503373730E+02
   0.110866434217672E-01
   0.251688694822064E+02
   0.116708700997360E-01
   0.269640578643499E+02
   0.121739002147068E-01
   0.281064607643807E+02
   0.125372843599610E-01
   0.287903894617026E+02
   0.127482104153952E-01
   0.291843506382372E+02
   0.129328919457132E-01
   0.294313832797453E+02
   0.131309237193601E-01
   0.296285024452303E+02
   0.133445487291375E-01
   0.297753014047244E+02
   0.135616101993585E-01
   0.297861331597679E+02
   0.136908499994918E-01
   0.295850538687266E+02
   0.136552610801239E-01
   0.291268728052442E+02
   0.135142842958389E-01
   0.283776095222312E+02
   0.132886627658975E-01
   0.272816045130647E+02
   0.129510402351253E-01
   0.257263137479935E+02
   0.124702908417999E-01
   0.235470861909363E+02
   0.118408699259628E-01
   0.205777225602769E+02
   0.111018095956996E-01
   0.166910221374496E+02
   0.102807609704052E-01
   0.142199852355639E+02
   0.950116042630580E-02
   0.127084780022826E+02
   0.887636910235330E-02
   0.118879959688184E+02
   0.843559957269192E-02
   0.142511479760018E+02
   0.103830684827564E-01
   0.138884996294702E+02
   0.101206978049952E-01
   0.134174706027975E+02
   0.986076404183783E-02
   0.127835450769628E+02
   0.940946308974267E-02
   0.120775586439111E+02
   0.894416403695007E-02
   0.116663790925191E+02
   0.883937015378364E-02
   0.115506032454223E+02
   0.895031578240001E-02
   0.117213923503602E+02
   0.917919514902022E-02
   0.121776391623510E+02
   0.945292972493211E-02
   0.130018893330141E+02
   0.982801670730856E-02
   0.143378704830095E+02
   0.102050038833510E-01
   0.146230843160608E+02
   0.989969641492014E-02
   0.161086627608803E+02
   0.106788216466638E-01
   0.181599021672791E+02
   0.115728884029330E-01
   0.208187519169797E+02
   0.121841976661075E-01
   0.245025242543255E+02
   0.128159249514940E-01
   0.268093336383204E+02
   0.135222499467275E-01
   0.281895199859010E+02
   0.142816242709178E-01
   0.288941260848997E+02
   0.147231659737632E-01
   0.291229834592274E+02
   0.145360314829123E-01
   0.290946082412732E+02
   0.146018018619165E-01
   0.290535380312101E+02
   0.148269453648343E-01
   0.292650304589599E+02
   0.151439767930382E-01
   0.296977572934690E+02
   0.157307026010862E-01
   0.299966277740628E+02
   0.161628864044209E-01
   0.300147694727375E+02
   0.159571048285223E-01
   0.297486862322288E+02
   0.157446512671397E-01
   0.292530796901160E+02
   0.155851816606754E-01
   0.285668078347199E+02
   0.153026698436183E-01
   0.275510351922181E+02
   0.147712833148922E-01
   0.258791742542940E+02
   0.139596258122342E-01
   0.232517405936711E+02
   0.131592960746673E-01
   0.193802355768293E+02
   0.121278305427154E-01
   0.170098945638490E+02
   0.112959908874236E-01
   0.156286341127468E+02
   0.108548480745879E-01
   0.147937360789745E+02
   0.106760413312254E-01
   0.170580993549545E+02
   0.131808897284760E-01
   0.165108867574241E+02
   0.127282920150997E-01
   0.159483491490372E+02
   0.122740553313978E-01
   0.153669677932125E+02
   0.118396287955989E-01
   0.148056329729698E+02
   0.113494892094815E-01
   0.144330604764678E+02
   0.111156017297001E-01
   0.142863786777660E+02
   0.111814552715481E-01
   0.143331101333634E+02
   0.113390864933627E-01
   0.145547266480014E+02
   0.114622215247277E-01
   0.149818471442243E+02
   0.114612740464355E-01
   0.156793013184267E+02
   0.116214005461396E-01
   0.167143663224405E+02
   0.113257586342848E-01
   0.194194025714052E+02
   0.124848220423992E-01
   0.217920541414267E+02
   0.129402325101040E-01
   0.241491272618652E+02
   0.132256281370529E-01
   0.264987471206925E+02
   0.137244554461722E-01
   0.281703421178961E+02
   0.143894644237823E-01
   0.290783871941352E+02
   0.150494899460595E-01
   0.293386620006298E+02
   0.154315204460719E-01
   0.290936806578140E+02
   0.155255299452241E-01
   0.285502535259487E+02
   0.157296868990437E-01
   0.280331952717164E+02
   0.158714112604647E-01
   0.282913011246857E+02
   0.161583149559810E-01
   0.292952211258696E+02
   0.173628769115098E-01
   0.299194942931222E+02
   0.177272895551341E-01
   0.300687387067728E+02
   0.173398350544131E-01
   0.298314443349270E+02
   0.175237787845894E-01
   0.294013157337389E+02
   0.171160059733564E-01
   0.290679942482963E+02
   0.167621263253025E-01
   0.286843394514733E+02
   0.163797765238210E-01
   0.275758589184765E+02
   0.157781140726208E-01
   0.253563175011542E+02
   0.150540013657393E-01
   0.217339756526020E+02
   0.142242413078301E-01
   0.196203045166938E+02
   0.137239929192063E-01
   0.184202100288547E+02
   0.135361809007763E-01
   0.176530597426507E+02
   0.133960436314410E-01
   0.195788574492344E+02
   0.160477478153204E-01
   0.189823147193986E+02
   0.153765036241665E-01
   0.183935600048403E+02
   0.146672552634416E-01
   0.178456433800432E+02
   0.141127886071435E-01
   0.173572792952031E+02
   0.136352126484024E-01
   0.169947954660209E+02
   0.133181710568622E-01
   0.167850918214566E+02
   0.132085935802381E-01
   0.167107120103527E+02
   0.131843037928329E-01
   0.167597391972860E+02
   0.131238043909975E-01
   0.169632143185324E+02
   0.129869967712994E-01
   0.174001337585839E+02
   0.126952141455201E-01
   0.183723173270734E+02
   0.125673453825340E-01
   0.209769214866300E+02
   0.136643830932048E-01
   0.235025028676613E+02
   0.138418125278933E-01
   0.257318717810235E+02
   0.139572020027837E-01
   0.277291494628197E+02
   0.144660543116114E-01
   0.290855289087911E+02
   0.152655035757539E-01
   0.296230642494656E+02
   0.160068910709017E-01
   0.294987707987474E+02
   0.162829567671751E-01
   0.287914913076544E+02
   0.162368350450079E-01
   0.276651263097490E+02
   0.166331293710037E-01
   0.263074247312504E+02
   0.164475897950639E-01
   0.266245613643688E+02
   0.170997701671077E-01
   0.287701151088036E+02
   0.186879924962428E-01
   0.296860146475230E+02
   0.183085088468431E-01
   0.298739306159430E+02
   0.184880719228362E-01
   0.295080553464916E+02
   0.187605891873852E-01
   0.289190844508777E+02
   0.182598656729520E-01
   0.289099655599005E+02
   0.176078120342402E-01
   0.293919470677989E+02
   0.174238698649831E-01
   0.288883325127386E+02
   0.169234023740315E-01
   0.270713640637961E+02
   0.164491954829017E-01
   0.236979890161271E+02
   0.160446830091243E-01
   0.218440432927721E+02
   0.157983989823340E-01
   0.208421769706151E+02
   0.161937485026170E-01
   0.201738090661976E+02
   0.163958338801238E-01
   0.217071517106956E+02
   0.184102180688326E-01
   0.211025775300536E+02
   0.174768855022444E-01
   0.205293270759516E+02
   0.166089648460049E-01
   0.200252472156115E+02
   0.159934963895432E-01
   0.195939093087534E+02
   0.155527435320850E-01
   0.192500860949481E+02
   0.152106992735714E-01
   0.190026778787347E+02
   0.149607626159027E-01
   0.188459701672955E+02
   0.147685832925039E-01
   0.187810339814943E+02
   0.145713823320953E-01
   0.188441184199507E+02
   0.144140508844358E-01
   0.191037560712950E+02
   0.142351581228586E-01
   0.197742295585486E+02
   0.138909528289161E-01
   0.214523913394007E+02
   0.141334907787702E-01
   0.243123292663965E+02
   0.146935086270827E-01
   0.264748109746982E+02
   0.147140156649313E-01
   0.284460757111397E+02
   0.153703255603531E-01
   0.296770359536277E+02
   0.163883971468515E-01
   0.298753705226215E+02
   0.171877971879485E-01
   0.294280775147670E+02
   0.170869287672897E-01
   0.282925711913136E+02
   0.172844316080474E-01
   0.266192812162653E+02
   0.174804245547340E-01
   0.257746916966724E+02
   0.175205732503676E-01
   0.261807624639463E+02
   0.179866993832697E-01
   0.284369131246055E+02
   0.191437702128179E-01
   0.293675705871285E+02
   0.190086822399724E-01
   0.295070087082322E+02
   0.195100332214367E-01
   0.288809553387739E+02
   0.195289573616717E-01
   0.278008248492073E+02
   0.188589609813267E-01
   0.280768467244592E+02
   0.180194114092755E-01
   0.298781055473441E+02
   0.179811995090250E-01
   0.299587459471949E+02
   0.177719828758378E-01
   0.285057191746450E+02
   0.176026803672143E-01
   0.253684064713959E+02
   0.178891688723267E-01
   0.237658165666537E+02
   0.181695805797842E-01
   0.229229976220681E+02
   0.190171432095527E-01
   0.223044942759446E+02
   0.190445654243345E-01
   0.234541600708529E+02
   0.200115078618876E-01
   0.228734817056573E+02
   0.189508782477701E-01
   0.223472871349479E+02
   0.180998854432379E-01
   0.219008840769738E+02
   0.175455859349933E-01
   0.215232922974028E+02
   0.171666801364737E-01
   0.212070448665960E+02
   0.168426147527745E-01
   0.209481725463670E+02
   0.165257148519425E-01
   0.207460171636180E+02
   0.162323877413093E-01
   0.206118306330657E+02
   0.159974686887702E-01
   0.205814281459514E+02
   0.159025346183579E-01
   0.207017959320729E+02
   0.158366306801581E-01
   0.211055308547438E+02
   0.153949621100727E-01
   0.221935963560300E+02
   0.147787224208813E-01
   0.246389366783053E+02
   0.150400354797344E-01
   0.266250464204192E+02
   0.154519371777457E-01
   0.287915885296563E+02
   0.160765143063415E-01
   0.300374054884784E+02
   0.177645558233810E-01
   0.298354813426401E+02
   0.186822779189902E-01
   0.291445328185217E+02
   0.183284250446884E-01
   0.275999501058289E+02
   0.184608359728336E-01
   0.265133776933048E+02
   0.188396481008278E-01
   0.260129065702073E+02
   0.190832625353382E-01
   0.263257867355019E+02
   0.189403442052915E-01
   0.281167382995654E+02
   0.194652357549812E-01
   0.289025334323487E+02
   0.197176259837728E-01
   0.289928908578230E+02
   0.198897027266019E-01
   0.280448485722829E+02
   0.199661872493737E-01
   0.275260371462895E+02
   0.193931845310835E-01
   0.280718737326950E+02
   0.186262294952439E-01
   0.303670772393982E+02
   0.179502170247607E-01
   0.308444442454432E+02
   0.182352185054764E-01
   0.296997722976525E+02
   0.186092538970480E-01
   0.267929094109475E+02
   0.197274876248096E-01
   0.254133260310179E+02
   0.208172082133300E-01
   0.246504811997198E+02
   0.214559781460955E-01
   0.240458471625060E+02
   0.209587555425936E-01
   0.248835981566325E+02
   0.211463022529854E-01
   0.243552926751054E+02
   0.202715278270885E-01
   0.238914186698061E+02
   0.196363977902336E-01
   0.235045686984572E+02
   0.192532470511487E-01
   0.231753980534253E+02
   0.189179814635382E-01
   0.228906311389739E+02
   0.185906678888119E-01
   0.226388865728671E+02
   0.182272517676172E-01
   0.224186050024857E+02
   0.178706105656884E-01
   0.222429271677983E+02
   0.175910826258777E-01
   0.221413054443165E+02
   0.174939135094689E-01
   0.221460113131013E+02
   0.174480225003884E-01
   0.223355406605083E+02
   0.168754242488690E-01
   0.229767690277242E+02
   0.159106008155015E-01
   0.245103296853193E+02
   0.154435863235608E-01
   0.262143119352025E+02
   0.163607726116895E-01
   0.288613033303123E+02
   0.169370159205370E-01
   0.302616486703819E+02
   0.192339656405011E-01
   0.294700177799569E+02
   0.206331586060014E-01
   0.286684302853897E+02
   0.200194338050339E-01
   0.276619720110497E+02
   0.197532857654838E-01
   0.269432444029025E+02
   0.208438719757949E-01
   0.265943856923348E+02
   0.209181374114857E-01
   0.267403145096475E+02
   0.201109436779776E-01
   0.276238879910909E+02
   0.196003648920605E-01
   0.282206000927866E+02
   0.198843713707258E-01
   0.283604789181004E+02
   0.203838953118857E-01
   0.279778137154885E+02
   0.206353263114526E-01
   0.277960830594042E+02
   0.205957705721923E-01
   0.284114799300612E+02
   0.195329600600970E-01
   0.307943671106689E+02
   0.177673870954765E-01
   0.315501104608068E+02
   0.186874599881508E-01
   0.306725369865567E+02
   0.196371530508540E-01
   0.280177302629344E+02
   0.218789407986444E-01
   0.267815131243922E+02
   0.230143839737062E-01
   0.260304393941842E+02
   0.227129283865972E-01
   0.254421102899295E+02
   0.220461991486968E-01
   0.260614760458897E+02
   0.225569744393834E-01
   0.255960055181420E+02
   0.220235311741007E-01
   0.251907097537004E+02
   0.215807624575867E-01
   0.248548785315727E+02
   0.213045287687908E-01
   0.245696308065887E+02
   0.210369403709635E-01
   0.243192362863890E+02
   0.207811667665967E-01
   0.240866593187633E+02
   0.204999365797817E-01
   0.238633877965459E+02
   0.202097120827320E-01
   0.236581150370052E+02
   0.199434347176300E-01
   0.234897988075229E+02
   0.196523472466778E-01
   0.233910073262883E+02
   0.192495400892793E-01
   0.234286679380016E+02
   0.183725572377374E-01
   0.237921826567390E+02
   0.173419653846067E-01
   0.248583648246730E+02
   0.166063964939075E-01
   0.262157649205242E+02
   0.166733756003022E-01
   0.287378174806476E+02
   0.169453575335506E-01
   0.304752456701411E+02
   0.201245198581666E-01
   0.296850808376485E+02
   0.226430433715291E-01
   0.288593561494131E+02
   0.216961003598234E-01
   0.281895533237766E+02
   0.210354573376236E-01
   0.275659779919805E+02
   0.222967152331143E-01
   0.272642070709635E+02
   0.221594692351281E-01
   0.273153936963533E+02
   0.213382705557493E-01
   0.277916782145681E+02
   0.209727435134046E-01
   0.282895863015856E+02
   0.210007207466891E-01
   0.284864277223285E+02
   0.216251801706851E-01
   0.283618091372346E+02
   0.219058403275445E-01
   0.283126649606598E+02
   0.218561270603064E-01
   0.288447843551122E+02
   0.203733085641510E-01
   0.310780871744940E+02
   0.179825191538660E-01
   0.320730139945213E+02
   0.194606356736504E-01
   0.314330120991111E+02
   0.208440289455312E-01
   0.290267422803476E+02
   0.239666168282138E-01
   0.278672563952740E+02
   0.243009988362405E-01
   0.271190357458064E+02
   0.234665365832609E-01
   0.265669105930924E+02
   0.230931595170373E-01
   0.270374527645868E+02
   0.240880300099704E-01
   0.266297538057881E+02
   0.237151293616170E-01
   0.262740788925346E+02
   0.233690583101482E-01
   0.259801553493855E+02
   0.231324196634397E-01
   0.257347470162797E+02
   0.229544775841922E-01
   0.255179902986527E+02
   0.228053029688651E-01
   0.253061522212047E+02
   0.226302867806091E-01
   0.250812173693341E+02
   0.223914892678023E-01
   0.248468129005617E+02
   0.221196810530633E-01
   0.246182989516516E+02
   0.217098154057576E-01
   0.244333067354422E+02
   0.211212356370957E-01
   0.243611651392504E+02
   0.201764779488004E-01
   0.245654527691906E+02
   0.186725783564558E-01
   0.254601164049774E+02
   0.180548374256791E-01
   0.264201016902657E+02
   0.178804505296405E-01
   0.283401321914860E+02
   0.173765095037920E-01
   0.306885866904340E+02
   0.207501022924937E-01
   0.302097475848049E+02
   0.240709009224710E-01
   0.293474773714090E+02
   0.240465597550902E-01
   0.289811341353517E+02
   0.221653279653074E-01
   0.282011154703256E+02
   0.237325997466619E-01
   0.279091500893195E+02
   0.233545410721510E-01
   0.278961573930365E+02
   0.228228227811315E-01
   0.281953779327451E+02
   0.224213793746488E-01
   0.287046913452082E+02
   0.225829544400197E-01
   0.289416188727285E+02
   0.233337345502747E-01
   0.289397173389256E+02
   0.234731111503808E-01
   0.289042595492923E+02
   0.231013647257581E-01
   0.292528112542225E+02
   0.213787421125479E-01
   0.311411925195332E+02
   0.191166384998380E-01
   0.324170501752735E+02
   0.206895827377561E-01
   0.319911830182019E+02
   0.222721969135088E-01
   0.298365406118038E+02
   0.258836181238419E-01
   0.287317201204831E+02
   0.257620592168802E-01
   0.279979766161340E+02
   0.246593581808953E-01
   0.274853585343429E+02
   0.244193165777897E-01
   0.278515452490857E+02
   0.256368526432821E-01
   0.274868813421802E+02
   0.252971406887762E-01
   0.271696845800604E+02
   0.250024322322592E-01
   0.269094989743927E+02
   0.248091398374318E-01
   0.266980253183999E+02
   0.247495750658489E-01
   0.265104497851709E+02
   0.247197473795340E-01
   0.263166221940300E+02
   0.246537850351771E-01
   0.260880220711759E+02
   0.244391853955989E-01
   0.258237575617537E+02
   0.240840339924278E-01
   0.255420427496007E+02
   0.234904293250118E-01
   0.252897764633051E+02
   0.226843418064751E-01
   0.251439858497458E+02
   0.216034195209510E-01
   0.252706216810503E+02
   0.201949656721567E-01
   0.262239110522132E+02
   0.196301266582573E-01
   0.267739251407991E+02
   0.202485414505593E-01
   0.283132493854560E+02
   0.186128623273158E-01
   0.309270000922788E+02
   0.211392602745288E-01
   0.310132476903568E+02
   0.244957904914854E-01
   0.298862679367034E+02
   0.261359300658011E-01
   0.292796290429441E+02
   0.242604990065954E-01
   0.287533348998789E+02
   0.251754787311868E-01
   0.285206034623190E+02
   0.248796076471458E-01
   0.284841911490626E+02
   0.242788762766366E-01
   0.287125458214431E+02
   0.236073339682163E-01
   0.293422808844670E+02
   0.235515187717750E-01
   0.295777559052648E+02
   0.250800141137907E-01
   0.296347223477661E+02
   0.249857936653063E-01
   0.295644601951350E+02
   0.245510095518119E-01
   0.297030378744583E+02
   0.229427579547637E-01
   0.309111729436261E+02
   0.217377866937696E-01
   0.326127067973208E+02
   0.224360415244924E-01
   0.323694889635343E+02
   0.240450415301650E-01
   0.304683107688136E+02
   0.277993185593294E-01
   0.294255452972382E+02
   0.272391356804464E-01
   0.287270228041970E+02
   0.261015040260880E-01
   0.282538129188761E+02
   0.259153929792341E-01
   0.285102019761520E+02
   0.270296657495560E-01
   0.281759885659024E+02
   0.266871311495438E-01
   0.278873984620000E+02
   0.264336050231026E-01
   0.276527103842362E+02
   0.263150140503879E-01
   0.274654521885352E+02
   0.263684640992397E-01
   0.272979524220581E+02
   0.264489224471284E-01
   0.271148257195427E+02
   0.264695430534281E-01
   0.268786283641107E+02
   0.262435141035945E-01
   0.265861038380652E+02
   0.257434763817166E-01
   0.262645718294287E+02
   0.249358174046821E-01
   0.259713407754485E+02
   0.239074523156173E-01
   0.257919022518308E+02
   0.228011361494337E-01
   0.258696404001876E+02
   0.219413497846951E-01
   0.264951065307046E+02
   0.215903044735930E-01
   0.271431968094595E+02
   0.224784986516080E-01
   0.284803547137120E+02
   0.206407554827420E-01
   0.311337574607170E+02
   0.222254211461970E-01
   0.314994067636094E+02
   0.246316253749129E-01
   0.303786922275856E+02
   0.270130563955789E-01
   0.296719898929521E+02
   0.259716719778256E-01
   0.292461754115224E+02
   0.260306394764727E-01
   0.290830189910820E+02
   0.262849696314979E-01
   0.290561662841578E+02
   0.257145747628227E-01
   0.292674157131773E+02
   0.248742154854372E-01
   0.301797240208566E+02
   0.238410616180794E-01
   0.303038021876791E+02
   0.257451045335122E-01
   0.304197010649384E+02
   0.259084265032304E-01
   0.302866140957217E+02
   0.262875827420219E-01
   0.302254129736415E+02
   0.249751602416725E-01
   0.309698472714990E+02
   0.237774265683114E-01
   0.327069543163849E+02
   0.238963626517568E-01
   0.325798004901527E+02
   0.258522066751306E-01
   0.309262841691213E+02
   0.295413969150333E-01
   0.299650300469616E+02
   0.285765364634623E-01
   0.293168743832981E+02
   0.274871736665006E-01
   0.288788110090189E+02
   0.273010717805414E-01
   0.290174107041841E+02
   0.283400770769934E-01
   0.287042807865219E+02
   0.280005528744731E-01
   0.284348132436922E+02
   0.277740849123609E-01
   0.282146834085574E+02
   0.277002444690429E-01
   0.280376604936694E+02
   0.277694204430092E-01
   0.278771909067727E+02
   0.278738509700320E-01
   0.276952175830638E+02
   0.278970552165410E-01
   0.274487247832272E+02
   0.275977752212430E-01
   0.271351549829920E+02
   0.269485144607269E-01
   0.267944963866322E+02
   0.260180322176227E-01
   0.264927526010619E+02
   0.249727671254207E-01
   0.263162451952316E+02
   0.241686495944416E-01
   0.263696245584042E+02
   0.237609821970061E-01
   0.268083178051593E+02
   0.229162797094342E-01
   0.274782515795217E+02
   0.236157400011672E-01
   0.287464269281958E+02
   0.232544441964154E-01
   0.312883871388227E+02
   0.244740875208766E-01
   0.317933104844468E+02
   0.252835888489214E-01
   0.308418496493718E+02
   0.268515937132086E-01
   0.300651259046384E+02
   0.276741177413992E-01
   0.296912519510949E+02
   0.273706986183114E-01
   0.295833747829049E+02
   0.277027934024283E-01
   0.295820457317437E+02
   0.272362556883335E-01
   0.297824267576900E+02
   0.264560221216534E-01
   0.306584969964153E+02
   0.249144702361783E-01
   0.310980117103285E+02
   0.264280450477787E-01
   0.313193576145959E+02
   0.262081925695437E-01
   0.310489248375792E+02
   0.276626371741381E-01
   0.307796908634388E+02
   0.272652936314798E-01
   0.311921806581214E+02
   0.257918604522635E-01
   0.327087420077397E+02
   0.249294881113148E-01
   0.326350900430763E+02
   0.272338119479749E-01
   0.312095305479943E+02
   0.303029620506300E-01
   0.303577662732162E+02
   0.295602107434689E-01
   0.297723688753817E+02
   0.288314430171109E-01
   0.293626970648644E+02
   0.286192328932891E-01
   0.293720959676739E+02
   0.295541840303800E-01
   0.290723813901917E+02
   0.292351581369015E-01
   0.288128203601063E+02
   0.290194524874479E-01
   0.285953141302163E+02
   0.288946724631764E-01
   0.284147686751501E+02
   0.288409342633911E-01
   0.282488882117929E+02
   0.288476691537178E-01
   0.280606213540017E+02
   0.288160689506617E-01
   0.278052400047098E+02
   0.284769778729194E-01
   0.274831214777021E+02
   0.277838150917800E-01
   0.271466171557400E+02
   0.269479779711246E-01
   0.268646540384123E+02
   0.261647428233259E-01
   0.267119197015095E+02
   0.256594443716493E-01
   0.267528204498984E+02
   0.251751910715842E-01
   0.270943686420574E+02
   0.243013331966379E-01
   0.277638800629105E+02
   0.248835161830213E-01
   0.290019609738964E+02
   0.259039544001128E-01
   0.313708815704093E+02
   0.260350771787764E-01
   0.319326763362515E+02
   0.255516674747408E-01
   0.313640480431573E+02
   0.261430044994189E-01
   0.303903983766499E+02
   0.285681625071600E-01
   0.300666321444724E+02
   0.288591592337853E-01
   0.300032917026146E+02
   0.290103765254390E-01
   0.300350243963552E+02
   0.286559271966062E-01
   0.302242390830804E+02
   0.284127213979191E-01
   0.307931782344878E+02
   0.267146250352239E-01
   0.314605558980152E+02
   0.273333402497726E-01
   0.318370674239135E+02
   0.270752873102698E-01
   0.318505799200979E+02
   0.281142074785143E-01
   0.313146458804581E+02
   0.296809703616703E-01
   0.314597260002487E+02
   0.280959708714814E-01
   0.326163404444402E+02
   0.261844788805742E-01
   0.325058133714194E+02
   0.286408475050465E-01
   0.313470284558554E+02
   0.309974181663110E-01
   0.306189702369490E+02
   0.306018111996141E-01
   0.300934003630814E+02
   0.301466604039075E-01
   0.297032105126685E+02
   0.298584980919163E-01
   0.295689071551850E+02
   0.304652584375903E-01
   0.292760499834087E+02
   0.301909799925952E-01
   0.290187946449007E+02
   0.299799261122525E-01
   0.287958103288995E+02
   0.297503265124383E-01
   0.286034127578681E+02
   0.295270425164078E-01
   0.284255361521910E+02
   0.294435936757966E-01
   0.282269823166161E+02
   0.293907289218255E-01
   0.279650715820363E+02
   0.290430334592525E-01
   0.276461325744388E+02
   0.283719214381658E-01
   0.273294994077637E+02
   0.276901895744258E-01
   0.270817237234179E+02
   0.271810511930929E-01
   0.269617738127255E+02
   0.267976378226483E-01
   0.270053918794839E+02
   0.260684987786214E-01
   0.273053659365015E+02
   0.252561393197964E-01
   0.279726790937012E+02
   0.260416872583672E-01
   0.291683027424243E+02
   0.275832657919877E-01
   0.313343553361578E+02
   0.262317463105159E-01
   0.319293840594251E+02
   0.256034997840278E-01
   0.315818282484300E+02
   0.258810200117707E-01
   0.306028002255142E+02
   0.289236028446353E-01
   0.303433649926333E+02
   0.298567272808790E-01
   0.303267777382682E+02
   0.300734157507148E-01
   0.303984715867138E+02
   0.298621208999965E-01
   0.305711201438829E+02
   0.297885898389899E-01
   0.309482848858665E+02
   0.278488896108288E-01
   0.314677849823261E+02
   0.280852234562368E-01
   0.320347362930248E+02
   0.279147160086795E-01
   0.322946619070643E+02
   0.286179677592974E-01
   0.317655997890785E+02
   0.316121422618170E-01
   0.316955043779518E+02
   0.305594884013680E-01
   0.324265640707566E+02
   0.278310584948176E-01
   0.321411646220147E+02
   0.304561418256375E-01
   0.313615990897456E+02
   0.316392458223938E-01
   0.307513409415736E+02
   0.315225437535033E-01
   0.302711827095472E+02
   0.311487341577388E-01
   0.298931824844325E+02
   0.307806478866281E-01
   0.296065259569269E+02
   0.303825135963836E-01
   0.293142125764467E+02
   0.301006860393328E-01
   0.290526975679317E+02
   0.298402610076620E-01
   0.288193806928313E+02
   0.295332475826892E-01
   0.286123514677096E+02
   0.292681009876767E-01
   0.284189332697145E+02
   0.291497076042580E-01
   0.282076019418882E+02
   0.290588053640712E-01
   0.279423162361506E+02
   0.287265888563407E-01
   0.276359660470170E+02
   0.281818494986864E-01
   0.273474248292988E+02
   0.276797090224859E-01
   0.271365011520202E+02
   0.273212809571878E-01
   0.270548732996184E+02
   0.270299668568917E-01
   0.271243740628220E+02
   0.263367195174388E-01
   0.274154324238011E+02
   0.255805994208104E-01
   0.280782669007242E+02
   0.265700100279878E-01
   0.292038579453169E+02
   0.279708712569934E-01
   0.311824565541874E+02
   0.257287529312196E-01
   0.318037372984243E+02
   0.255027452804996E-01
   0.316029149690198E+02
   0.258100077674801E-01
   0.307010059734863E+02
   0.289487233996028E-01
   0.305115832688548E+02
   0.305305500563440E-01
   0.305465572019109E+02
   0.310999713818264E-01
   0.306601501520258E+02
   0.308783994491734E-01
   0.308163569737446E+02
   0.305432760609972E-01
   0.310837564931324E+02
   0.290273534854266E-01
   0.314883561040172E+02
   0.288175190300453E-01
   0.319446487196305E+02
   0.291773367759095E-01
   0.324804813789083E+02
   0.293029573647167E-01
   0.321160078913960E+02
   0.322514559756922E-01
   0.318342662201753E+02
   0.321390158226599E-01
   0.320696486241512E+02
   0.297086170247350E-01
   0.318541733427678E+02
   0.312803049612470E-01
   0.312770627527074E+02
   0.318060050305701E-01
   0.307518389386562E+02
   0.317270665081426E-01
   0.303011501621533E+02
   0.311746922449511E-01
   0.299295404557059E+02
   0.307134390078787E-01
   0.295150804322172E+02
   0.288161515004218E-01
   0.292180720116340E+02
   0.283957570068984E-01
   0.289458117615597E+02
   0.279812618788259E-01
   0.286966698277794E+02
   0.275695562795228E-01
   0.284721186015374E+02
   0.272885314679451E-01
   0.282617300943900E+02
   0.271834267197300E-01
   0.280386505590437E+02
   0.271477064037190E-01
   0.277745750971692E+02
   0.269650696224886E-01
   0.274870974190532E+02
   0.267003302610985E-01
   0.272313502517088E+02
   0.265298952187166E-01
   0.270580007526340E+02
   0.264301845926617E-01
   0.270122971535649E+02
   0.263538997800685E-01
   0.271195808588424E+02
   0.260720956347150E-01
   0.274169176780767E+02
   0.254273457501253E-01
   0.280737782337513E+02
   0.266720314225274E-01
   0.291015570641436E+02
   0.276146679802863E-01
   0.309286858821693E+02
   0.254441635983391E-01
   0.315656821616749E+02
   0.255302210786887E-01
   0.314705335635160E+02
   0.256825014597704E-01
   0.306939682532717E+02
   0.296875549378572E-01
   0.305553077858221E+02
   0.309543354260681E-01
   0.306351067344373E+02
   0.316709000077099E-01
   0.308055723442123E+02
   0.317003867340232E-01
   0.309545807432969E+02
   0.310845558964688E-01
   0.311634311882532E+02
   0.300428862446890E-01
   0.314976144883530E+02
   0.302150642460141E-01
   0.318629804238579E+02
   0.303089990205368E-01
   0.324409754439219E+02
   0.301236042172196E-01
   0.324082188747511E+02
   0.313986013092336E-01
   0.318464053771202E+02
   0.323736909096711E-01
   0.317993216986016E+02
   0.304495516668487E-01
   0.315760734564524E+02
   0.310980884329875E-01
   0.311016289537833E+02
   0.310471494761102E-01
   0.306324549570861E+02
   0.306050086102900E-01
   0.302062830828135E+02
   0.298575736789790E-01
   0.298397881589080E+02
   0.292722005114403E-01
   0.293452778782256E+02
   0.268571487232863E-01
   0.290430708520254E+02
   0.263769423123943E-01
   0.287614430650966E+02
   0.259343091559651E-01
   0.285007359469058E+02
   0.255579514632424E-01
   0.282618331285793E+02
   0.252896064064051E-01
   0.280342868437585E+02
   0.251174948699191E-01
   0.277968092285089E+02
   0.249900323477425E-01
   0.275317329677049E+02
   0.248225881998439E-01
   0.272613379972092E+02
   0.247189794835646E-01
   0.270323265432879E+02
   0.247456893758418E-01
   0.268877067454874E+02
   0.248848914726669E-01
   0.268698399972283E+02
   0.251656165471202E-01
   0.270074100748320E+02
   0.254586566651337E-01
   0.273140687108441E+02
   0.251258359276282E-01
   0.279602738596654E+02
   0.267956242363730E-01
   0.288690402684226E+02
   0.270564814531082E-01
   0.305594327424013E+02
   0.254184658686901E-01
   0.311985348744041E+02
   0.256825255851115E-01
   0.311905632244525E+02
   0.255465663546045E-01
   0.305546658320749E+02
   0.299637505806122E-01
   0.304514715592667E+02
   0.305539138421511E-01
   0.305644194540700E+02
   0.311241503402104E-01
   0.308132828097912E+02
   0.317560201033725E-01
   0.309737591044016E+02
   0.314200549264885E-01
   0.311542811216100E+02
   0.307536167665088E-01
   0.314391625739238E+02
   0.312234233130292E-01
   0.317304639796516E+02
   0.312644114945571E-01
   0.321265014975807E+02
   0.314299216767195E-01
   0.323588412424434E+02
   0.310157992431213E-01
   0.317183652523230E+02
   0.317834891567515E-01
   0.315316197755575E+02
   0.305261719804973E-01
   0.312793678393957E+02
   0.303187342624706E-01
   0.308559334093811E+02
   0.295306374891910E-01
   0.304310080486415E+02
   0.288165020742138E-01
   0.300299635728486E+02
   0.280209112554631E-01
   0.296710207523466E+02
   0.273873417777460E-01
   0.291642882357617E+02
   0.258923333689542E-01
   0.288603643053384E+02
   0.253986872658434E-01
   0.285730795598304E+02
   0.249491295067206E-01
   0.283040551662294E+02
   0.245850991355178E-01
   0.280531740598029E+02
   0.243063924772598E-01
   0.278095546075433E+02
   0.240930220027427E-01
   0.275561635659598E+02
   0.239026537001721E-01
   0.272835383601196E+02
   0.236855252504127E-01
   0.270168710382644E+02
   0.235423251120238E-01
   0.267972578675476E+02
   0.235347463806594E-01
   0.266624115358475E+02
   0.237023973188704E-01
   0.266528884598386E+02
   0.241290496855404E-01
   0.268038015024165E+02
   0.248919484659378E-01
   0.271301133212246E+02
   0.256619790676032E-01
   0.277322553265664E+02
   0.270526248286503E-01
   0.285165671793131E+02
   0.261677900146148E-01
   0.300526278055335E+02
   0.253412157745110E-01
   0.306786426951791E+02
   0.257152026632947E-01
   0.307607535477890E+02
   0.256580768313129E-01
   0.302757111154204E+02
   0.304098157931105E-01
   0.302048805756331E+02
   0.301712234526108E-01
   0.303370649990347E+02
   0.298590458724255E-01
   0.306821014811679E+02
   0.310460726803239E-01
   0.308621036956200E+02
   0.315295612802315E-01
   0.310310111561089E+02
   0.310338566343360E-01
   0.312765084267467E+02
   0.317030769083909E-01
   0.315098948567409E+02
   0.320989423108397E-01
   0.317875204894463E+02
   0.327234683036653E-01
   0.320347832114779E+02
   0.310530963216699E-01
   0.314584940516744E+02
   0.313039340220697E-01
   0.312327037807719E+02
   0.304309108452561E-01
   0.309631063554486E+02
   0.295914749152005E-01
   0.305813040238685E+02
   0.285151718144759E-01
   0.302022574342954E+02
   0.277749659879818E-01
   0.298324487936609E+02
   0.270508475908040E-01
   0.294868119974157E+02
   0.264321261091708E-01
   0.290016208339566E+02
   0.266745358067340E-01
   0.287011863284431E+02
   0.260677620401493E-01
   0.284134993076933E+02
   0.255202844454648E-01
   0.281406210621750E+02
   0.250736318284397E-01
   0.278815630140500E+02
   0.247330818224078E-01
   0.276247318663895E+02
   0.244749708012095E-01
   0.273562925953407E+02
   0.242764894401306E-01
   0.270721243365477E+02
   0.240800095886462E-01
   0.267981626594693E+02
   0.239611803768002E-01
   0.265718268454122E+02
   0.239766212045115E-01
   0.264259825524253E+02
   0.241421072969370E-01
   0.263985090409496E+02
   0.245382171896275E-01
   0.265286633660192E+02
   0.253211559159756E-01
   0.268370242261744E+02
   0.263817433829575E-01
   0.273812573466497E+02
   0.274615236608859E-01
   0.280600708443172E+02
   0.257791943585422E-01
   0.293885823039711E+02
   0.250853689480674E-01
   0.299841153405195E+02
   0.252774285339227E-01
   0.301668181249992E+02
   0.261716022119093E-01
   0.298345379956448E+02
   0.305129893502983E-01
   0.298178161356322E+02
   0.299666440557865E-01
   0.299827538558740E+02
   0.290629359021713E-01
   0.304364303305307E+02
   0.297425931406797E-01
   0.306234739362522E+02
   0.318551757524116E-01
   0.307975699395150E+02
   0.318298715943328E-01
   0.309999845708948E+02
   0.323355709211657E-01
   0.311716907364942E+02
   0.325649986674579E-01
   0.313403937257608E+02
   0.328198739864392E-01
   0.314327998892663E+02
   0.320751931058126E-01
   0.310921779770421E+02
   0.320515564518501E-01
   0.308867401162882E+02
   0.314555868444638E-01
   0.306302565121368E+02
   0.304774852684865E-01
   0.303009648775290E+02
   0.294533971707574E-01
   0.299740784013653E+02
   0.287345225444907E-01
   0.296415741024322E+02
   0.280189277008417E-01
   0.293155075352387E+02
   0.273213971192243E-01
   0.288378072354127E+02
   0.290665828104003E-01
   0.285541248569403E+02
   0.283876696777870E-01
   0.282772379877003E+02
   0.277130248163722E-01
   0.280088754298516E+02
   0.271082562502125E-01
   0.277482867368695E+02
   0.266311072441646E-01
   0.274828059251656E+02
   0.262647638724169E-01
   0.272001039024800E+02
   0.259952352899904E-01
   0.268997659273078E+02
   0.257336333952163E-01
   0.266075776153170E+02
   0.255118337166672E-01
   0.263583592610127E+02
   0.253821070232353E-01
   0.261805282310055E+02
   0.252979213661638E-01
   0.261077775181678E+02
   0.252934082808129E-01
   0.261778120380773E+02
   0.255051400038501E-01
   0.264124326982875E+02
   0.260034352572561E-01
   0.268937424231603E+02
   0.275511610003087E-01
   0.275145674327713E+02
   0.270057899015649E-01
   0.285482200563599E+02
   0.243605469872967E-01
   0.291053561650858E+02
   0.252035992563888E-01
   0.293749187741515E+02
   0.271154203102743E-01
   0.292204307180448E+02
   0.302946235704774E-01
   0.292829537995749E+02
   0.294296708930213E-01
   0.295047459974390E+02
   0.282160441405218E-01
   0.301285870532665E+02
   0.282256988495019E-01
   0.302364334765208E+02
   0.316295254999978E-01
   0.304187698911771E+02
   0.322936703535675E-01
   0.305783128054411E+02
   0.324640568168065E-01
   0.306945822346366E+02
   0.324581060656201E-01
   0.307730994199475E+02
   0.321905120687978E-01
   0.307935606777453E+02
   0.321350914911415E-01
   0.305947310429550E+02
   0.326370518421014E-01
   0.304417670198357E+02
   0.327261492746770E-01
   0.302310115749945E+02
   0.321909678064974E-01
   0.299722760588646E+02
   0.316098924176233E-01
   0.297070702616657E+02
   0.310647656609524E-01
   0.294213196507349E+02
   0.304312776843585E-01
   0.291290019715551E+02
   0.297572095914853E-01
   0.285580457078570E+02
   0.314543754464216E-01
   0.283070301643756E+02
   0.310008095535518E-01
   0.280570526545305E+02
   0.303991735809849E-01
   0.278074987548142E+02
   0.296956657050480E-01
   0.275569017245080E+02
   0.290341306334774E-01
   0.272905267251055E+02
   0.284161457263461E-01
   0.269958549479980E+02
   0.278350374154663E-01
   0.266772671816709E+02
   0.272637984908120E-01
   0.263616013166226E+02
   0.267408657203561E-01
   0.260826001747490E+02
   0.263209801829850E-01
   0.258668606071066E+02
   0.259405516947120E-01
   0.257431403317697E+02
   0.255818353469905E-01
   0.257385644151945E+02
   0.252417407616648E-01
   0.258733389979112E+02
   0.249693854612000E-01
   0.262541913717695E+02
   0.258515997248884E-01
   0.268411234166501E+02
   0.277404663468375E-01
   0.275218788573800E+02
   0.246043760648975E-01
   0.280141305107697E+02
   0.253572652399369E-01
   0.283236566649406E+02
   0.272156925479762E-01
   0.284292266709601E+02
   0.293901281067790E-01
   0.286013773981682E+02
   0.286375805178618E-01
   0.289156407580630E+02
   0.266774313160604E-01
   0.295760911688913E+02
   0.282392619683592E-01
   0.296936723185603E+02
   0.310429033649506E-01
   0.298795107729489E+02
   0.322308101917334E-01
   0.300013232298766E+02
   0.319342748179593E-01
   0.300768608934246E+02
   0.318090344567738E-01
   0.300909060837822E+02
   0.314170779008136E-01
   0.300613847656467E+02
   0.313664370383309E-01
   0.299359828180276E+02
   0.319968902543110E-01
   0.298317041963182E+02
   0.325610695252644E-01
   0.296768565950276E+02
   0.326083913586736E-01
   0.294895957940893E+02
   0.326338179184684E-01
   0.292907073829567E+02
   0.325782499976234E-01
   0.290592338289823E+02
   0.322579979468812E-01
   0.288123047680467E+02
   0.318837724558658E-01
   0.280418778182663E+02
   0.313293835947925E-01
   0.278287771225911E+02
   0.312221799030030E-01
   0.276178645093656E+02
   0.310099233404660E-01
   0.274049433664775E+02
   0.305837278184929E-01
   0.271836424904870E+02
   0.300332480974128E-01
   0.269346213544223E+02
   0.293323925555217E-01
   0.266420435051978E+02
   0.284643977782079E-01
   0.263145451326700E+02
   0.275873915593816E-01
   0.259807810367162E+02
   0.268248425098256E-01
   0.256746923044062E+02
   0.262202906858124E-01
   0.254244948173577E+02
   0.257276259216091E-01
   0.252569163785272E+02
   0.253282108433598E-01
   0.251928089656261E+02
   0.249231246651421E-01
   0.252525026987770E+02
   0.243798465417205E-01
   0.255171541437412E+02
   0.239380652896691E-01
   0.260170304560565E+02
   0.251338931514186E-01
   0.265667311371739E+02
   0.252275668648277E-01
   0.269702155005612E+02
   0.254460762545316E-01
   0.272349023348444E+02
   0.255726534284427E-01
   0.274688211264322E+02
   0.274707169589514E-01
   0.277681990811308E+02
   0.278465891935039E-01
   0.282469813137118E+02
   0.245678492040844E-01
   0.287598673461343E+02
   0.287400013196501E-01
   0.289937898094267E+02
   0.306285955254484E-01
   0.291718362920996E+02
   0.310898333167418E-01
   0.292721338254544E+02
   0.308497337849254E-01
   0.293178374043451E+02
   0.306957565346781E-01
   0.292902885062063E+02
   0.302361262312263E-01
   0.292192314901443E+02
   0.299190224739972E-01
   0.291152381243274E+02
   0.302067396110890E-01
   0.290362327272410E+02
   0.307762389609849E-01
   0.289234069028103E+02
   0.310674345702072E-01
   0.287912343844933E+02
   0.314044551557785E-01
   0.286451365563783E+02
   0.316899790396664E-01
   0.284614027089167E+02
   0.316234965369067E-01
   0.282576592559393E+02
   0.314903892964240E-01
   0.272753793226242E+02
   0.292791968307368E-01
   0.270899446702057E+02
   0.292604457033642E-01
   0.269115327103135E+02
   0.293168744414800E-01
   0.267376989894255E+02
   0.293458091874379E-01
   0.265561475938648E+02
   0.292255947799386E-01
   0.263426157233000E+02
   0.288452900562578E-01
   0.260759819574000E+02
   0.281156097617954E-01
   0.257613758106737E+02
   0.272104821113474E-01
   0.254254774457450E+02
   0.263316479144657E-01
   0.251027812204278E+02
   0.255890236840066E-01
   0.248260735257387E+02
   0.250105123131085E-01
   0.246230804493762E+02
   0.245819236147330E-01
   0.245157040496058E+02
   0.242315193199792E-01
   0.245294236712717E+02
   0.238852998480304E-01
   0.247306910552053E+02
   0.237222973791767E-01
   0.251512394679640E+02
   0.245935236592246E-01
   0.255814182751843E+02
   0.246407377214054E-01
   0.258825371389492E+02
   0.245038910217510E-01
   0.260867123962410E+02
   0.244610828037056E-01
   0.263624217404831E+02
   0.255080304288678E-01
   0.267645107891773E+02
   0.264344175152791E-01
   0.273439999801166E+02
   0.236309964797922E-01
   0.278497160363678E+02
   0.276985398304311E-01
   0.281349250351593E+02
   0.288150300361339E-01
   0.283028777610813E+02
   0.291525946323868E-01
   0.283931597178741E+02
   0.292907612362791E-01
   0.284196357140359E+02
   0.292354245707391E-01
   0.283678302167710E+02
   0.288046657245749E-01
   0.282707079263892E+02
   0.283527248786447E-01
   0.281689533553024E+02
   0.283755940006058E-01
   0.280934985961684E+02
   0.287103109990332E-01
   0.279986679635679E+02
   0.289153492237522E-01
   0.278961808918404E+02
   0.291972849226948E-01
   0.277819015638384E+02
   0.294653535077506E-01
   0.276325984596891E+02
   0.294798813943135E-01
   0.274618531126598E+02
   0.293998388330037E-01
   0.263008457289876E+02
   0.269586475217187E-01
   0.261326421031670E+02
   0.268591729809727E-01
   0.259726423918191E+02
   0.268935749876502E-01
   0.258239912467346E+02
   0.270756021847551E-01
   0.256739569495915E+02
   0.272570628797181E-01
   0.254972705060495E+02
   0.272885296182407E-01
   0.252699942553735E+02
   0.270066579232908E-01
   0.249887655383483E+02
   0.264006285044145E-01
   0.246715560120566E+02
   0.256047444482641E-01
   0.243486164451336E+02
   0.247674737311814E-01
   0.240571924323388E+02
   0.240649676841111E-01
   0.238281911985631E+02
   0.235291897806556E-01
   0.236884907922093E+02
   0.231015528561523E-01
   0.236706876586082E+02
   0.227296456964381E-01
   0.238300967975078E+02
   0.226445574003716E-01
   0.241746539084762E+02
   0.232907849142906E-01
   0.245046664501212E+02
   0.233713086162954E-01
   0.247121828792308E+02
   0.230743717399577E-01
   0.248425334563945E+02
   0.227226352019082E-01
   0.251197172109405E+02
   0.234012651179158E-01
   0.255980831791650E+02
   0.244139923048216E-01
   0.262174805749845E+02
   0.240820470498814E-01
   0.268335797795963E+02
   0.261542721625270E-01
   0.271405747323851E+02
   0.267787137160018E-01
   0.272934387556856E+02
   0.270789672458844E-01
   0.273689764940487E+02
   0.273712560393833E-01
   0.273818455859374E+02
   0.274526220737908E-01
   0.273196093997058E+02
   0.271814078194544E-01
   0.272114262745977E+02
   0.267682917383298E-01
   0.271043969531806E+02
   0.266400952947871E-01
   0.270208518782943E+02
   0.267783151165741E-01
   0.269287752531987E+02
   0.268679955621512E-01
   0.268367567844353E+02
   0.270259578348431E-01
   0.267360809836474E+02
   0.271471669941773E-01
   0.266104751242429E+02
   0.271587921014738E-01
   0.264649958160800E+02
   0.270954028118313E-01
   0.251460002237663E+02
   0.247466341056612E-01
   0.249896905316215E+02
   0.245833456567178E-01
   0.248382622139976E+02
   0.245073634659647E-01
   0.246999657003170E+02
   0.245934663708355E-01
   0.245656729955831E+02
   0.247583899986109E-01
   0.244132694324555E+02
   0.249031763433018E-01
   0.242213409249054E+02
   0.249449496986881E-01
   0.239805137344762E+02
   0.247520601829052E-01
   0.236975397752415E+02
   0.242865892303949E-01
   0.233936571075301E+02
   0.236066291385349E-01
   0.231041155622317E+02
   0.228938285877181E-01
   0.228617528612312E+02
   0.222711854081022E-01
   0.227009878556970E+02
   0.217796243977871E-01
   0.226633690906897E+02
   0.214448141582661E-01
   0.227925551406108E+02
   0.213730369800741E-01
   0.230707118115311E+02
   0.216781063847358E-01
   0.233216000421469E+02
   0.216837736523727E-01
   0.234478534773791E+02
   0.214343323846228E-01
   0.234871087888477E+02
   0.207338599179953E-01
   0.237359302847485E+02
   0.211193848910834E-01
   0.242829355982556E+02
   0.220016666645098E-01
   0.250475192595841E+02
   0.234521588521474E-01
   0.257214573493747E+02
   0.246532080065162E-01
   0.260311357767311E+02
   0.247839721556599E-01
   0.261588519200958E+02
   0.249841010214032E-01
   0.262100884365292E+02
   0.252248273800049E-01
   0.262085519672149E+02
   0.253828965640980E-01
   0.261417322181883E+02
   0.253014248430202E-01
   0.260303719085730E+02
   0.250267983133476E-01
   0.259161541311868E+02
   0.248511435943554E-01
   0.258181212823955E+02
   0.248353402059228E-01
   0.257182534800784E+02
   0.248107969095876E-01
   0.256243059458859E+02
   0.248634478968175E-01
   0.255274957411196E+02
   0.248966204618153E-01
   0.254175403333537E+02
   0.249064944048410E-01
   0.252918417351077E+02
   0.248688532653411E-01
   0.238258609929147E+02
   0.226355165947906E-01
   0.236799171785343E+02
   0.224730589894049E-01
   0.235323405898813E+02
   0.223272811251084E-01
   0.233939549683776E+02
   0.222752491436750E-01
   0.232618549280974E+02
   0.223085867611791E-01
   0.231193859244049E+02
   0.223697845221924E-01
   0.229495071694109E+02
   0.224347853630651E-01
   0.227422091511605E+02
   0.224178286691629E-01
   0.224959967358057E+02
   0.222254321793405E-01
   0.222229401612067E+02
   0.218254241439021E-01
   0.219514098223576E+02
   0.213023735334065E-01
   0.217101919108087E+02
   0.207009041071688E-01
   0.215396043724538E+02
   0.201678979559155E-01
   0.214921927391722E+02
   0.198701264170908E-01
   0.216052403111214E+02
   0.198755822131545E-01
   0.218384465547147E+02
   0.200506281706162E-01
   0.220327589260370E+02
   0.200228889069980E-01
   0.220823141202930E+02
   0.197329369256835E-01
   0.220095381517995E+02
   0.187006867835101E-01
   0.222050595238816E+02
   0.187148471820071E-01
   0.228206130250776E+02
   0.197852367010361E-01
   0.237550572979780E+02
   0.218117101694200E-01
   0.245122098603040E+02
   0.233866826182281E-01
   0.248223639410515E+02
   0.232075435518404E-01
   0.249142822029711E+02
   0.231210847672787E-01
   0.249310871075240E+02
   0.231605216498139E-01
   0.249087301861552E+02
   0.232616175413786E-01
   0.248342228627610E+02
   0.232543095795748E-01
   0.247211491648008E+02
   0.231268739003897E-01
   0.245998200516894E+02
   0.230018832875896E-01
   0.244850843437328E+02
   0.228947145901827E-01
   0.243714564814165E+02
   0.227792895350013E-01
   0.242676668286794E+02
   0.227375137613464E-01
   0.241680862114556E+02
   0.227102524453956E-01
   0.240666890648963E+02
   0.227182671701218E-01
   0.239560376646673E+02
   0.227222288622289E-01
   0.223443206929977E+02
   0.204865923298751E-01
   0.222084398150599E+02
   0.203534058098820E-01
   0.220639868703789E+02
   0.201894315208657E-01
   0.219216095206585E+02
   0.200531032071326E-01
   0.217845401741047E+02
   0.199914934982336E-01
   0.216423761197472E+02
   0.199651994922862E-01
   0.214818046097364E+02
   0.199382298366898E-01
   0.212960377989394E+02
   0.199303982061920E-01
   0.210795488948737E+02
   0.198354834154702E-01
   0.208377465878725E+02
   0.196120291328412E-01
   0.205914990629725E+02
   0.192823347465928E-01
   0.203629334430674E+02
   0.187973113029925E-01
   0.201922392834455E+02
   0.182721192374658E-01
   0.201425546324042E+02
   0.180459784868807E-01
   0.202527234438311E+02
   0.182354670964594E-01
   0.204682473996376E+02
   0.185522818616024E-01
   0.206334602815432E+02
   0.186442133596268E-01
   0.206132065763083E+02
   0.182698752889491E-01
   0.203960681007483E+02
   0.166258677140690E-01
   0.205157330873166E+02
   0.159979241333782E-01
   0.211933826974202E+02
   0.175323344006794E-01
   0.223307030639974E+02
   0.210697564887452E-01
   0.231893032091153E+02
   0.230648811209368E-01
   0.235049586536764E+02
   0.224731740301846E-01
   0.235561751435737E+02
   0.218158910039786E-01
   0.235342892541785E+02
   0.214831430060132E-01
   0.234861730676659E+02
   0.213799948291150E-01
   0.233971414244572E+02
   0.212727754763518E-01
   0.232779116226085E+02
   0.211426247118306E-01
   0.231472596592499E+02
   0.210457100078920E-01
   0.230157879653407E+02
   0.209004342134814E-01
   0.228863254137908E+02
   0.207252344373227E-01
   0.227686164876196E+02
   0.206106685256226E-01
   0.226616215508850E+02
   0.205419350756706E-01
   0.225624220055850E+02
   0.205290445455065E-01
   0.224614154667566E+02
   0.205400130937293E-01
   0.206937088466412E+02
   0.187063882975868E-01
   0.205674730740213E+02
   0.185729737418247E-01
   0.204275056575478E+02
   0.183993984753899E-01
   0.202824159709850E+02
   0.182283059736606E-01
   0.201385733404312E+02
   0.180962546595099E-01
   0.199922554559829E+02
   0.179981355195840E-01
   0.198337170886958E+02
   0.178894186420369E-01
   0.196587212455769E+02
   0.178071844636076E-01
   0.194623136658553E+02
   0.177109853099588E-01
   0.192452031058681E+02
   0.175717579926277E-01
   0.190224733552305E+02
   0.174516062524672E-01
   0.188109913396843E+02
   0.172746059864999E-01
   0.186457782948275E+02
   0.169962463631985E-01
   0.185933998711663E+02
   0.168632295592522E-01
   0.187052591148328E+02
   0.171095179527866E-01
   0.189297863559026E+02
   0.176080934889875E-01
   0.191009740078329E+02
   0.178818229881752E-01
   0.190362568482050E+02
   0.175184977528303E-01
   0.186359363252967E+02
   0.135703927200162E-01
   0.186760032688125E+02
   0.128593308658975E-01
   0.193779880701233E+02
   0.146910693393959E-01
   0.206777853139893E+02
   0.200950756004583E-01
   0.216498065289525E+02
   0.228914555037390E-01
   0.220129599924731E+02
   0.226808222324197E-01
   0.220489123544255E+02
   0.217333860172333E-01
   0.219949905624757E+02
   0.210751376420171E-01
   0.219209861179761E+02
   0.206993191916042E-01
   0.218098390287789E+02
   0.203450914198060E-01
   0.216785464911394E+02
   0.200293707144118E-01
   0.215354190465047E+02
   0.197520133876079E-01
   0.213894221347504E+02
   0.194813393605331E-01
   0.212470310506486E+02
   0.192128137958926E-01
   0.211158421351976E+02
   0.190103362746861E-01
   0.209990690076288E+02
   0.188711649878796E-01
   0.208973503670115E+02
   0.188056287716478E-01
   0.208007439964816E+02
   0.187739861330756E-01
   0.188523921284735E+02
   0.174329907303888E-01
   0.187330931603775E+02
   0.173265812009479E-01
   0.185970578232658E+02
   0.171853917906659E-01
   0.184500331172375E+02
   0.169954580748303E-01
   0.183006749736471E+02
   0.168201678422137E-01
   0.181503121227261E+02
   0.166767487722590E-01
   0.179926647916403E+02
   0.165438290816125E-01
   0.178245142372834E+02
   0.164275744850842E-01
   0.176428731509198E+02
   0.163471113920004E-01
   0.174454360231266E+02
   0.162452820168360E-01
   0.172420302492351E+02
   0.161379150004006E-01
   0.170476730021970E+02
   0.160071178819956E-01
   0.168926078992216E+02
   0.157969112710471E-01
   0.168390751949667E+02
   0.156610637163777E-01
   0.169489556799916E+02
   0.158457449386826E-01
   0.171937253341831E+02
   0.164725012321399E-01
   0.174022028426573E+02
   0.171047736338729E-01
   0.173411841979083E+02
   0.169322993052841E-01
   0.167889110888741E+02
   0.124821582932962E-01
   0.167394557879864E+02
   0.114519111461863E-01
   0.173818567976361E+02
   0.126363928551077E-01
   0.187382626862836E+02
   0.188324430738502E-01
   0.197345131733423E+02
   0.214724379930170E-01
   0.201714259605574E+02
   0.219077754852157E-01
   0.202629561468022E+02
   0.213310197437703E-01
   0.202314973204578E+02
   0.207872502942005E-01
   0.201598830553645E+02
   0.203180820416908E-01
   0.200411425059748E+02
   0.197649547985209E-01
   0.199019687976153E+02
   0.192854325399762E-01
   0.197455771094712E+02
   0.188375286753693E-01
   0.195855973712668E+02
   0.184522840453427E-01
   0.194333022115399E+02
   0.181380600004560E-01
   0.192900951028987E+02
   0.178811372021408E-01
   0.191613660009395E+02
   0.176736521116069E-01
   0.190517879775176E+02
   0.175458779207692E-01
   0.189536040456984E+02
   0.174834662602670E-01
   0.168185107365761E+02
   0.163400450996185E-01
   0.167015757165720E+02
   0.162158037999028E-01
   0.165670238737205E+02
   0.160619749598517E-01
   0.164202010354398E+02
   0.158775053772637E-01
   0.162681376651729E+02
   0.156932179273818E-01
   0.161161027787142E+02
   0.155411219376460E-01
   0.159608001228177E+02
   0.154069973542340E-01
   0.158005724750015E+02
   0.152891039649653E-01
   0.156330641705335E+02
   0.151904381783469E-01
   0.154569029495638E+02
   0.151013922885394E-01
   0.152777298818736E+02
   0.150175960219977E-01
   0.151074552676677E+02
   0.149185066776970E-01
   0.149713041659153E+02
   0.147823822308476E-01
   0.149208703542332E+02
   0.146956092398711E-01
   0.150182052625884E+02
   0.148216014174334E-01
   0.152648589864013E+02
   0.153781265847689E-01
   0.155075385877944E+02
   0.162407229976052E-01
   0.155111320258171E+02
   0.167386492503795E-01
   0.148978344637478E+02
   0.121136430973381E-01
   0.147775995190314E+02
   0.111832755434976E-01
   0.152741420405532E+02
   0.119758342738991E-01
   0.164284243102718E+02
   0.161340876932192E-01
   0.173132040456156E+02
   0.180829141064555E-01
   0.177991440407343E+02
   0.190267918481043E-01
   0.179957863122758E+02
   0.191433715623540E-01
   0.180557415584392E+02
   0.191452326975626E-01
   0.180544132126340E+02
   0.190928766092201E-01
   0.179861973533298E+02
   0.187801608221429E-01
   0.178797893725239E+02
   0.184378188291506E-01
   0.177378031577241E+02
   0.180173900717261E-01
   0.175804916374357E+02
   0.176028979743164E-01
   0.174240210214443E+02
   0.172554664762441E-01
   0.172745651624641E+02
   0.169616916542521E-01
   0.171391707304236E+02
   0.167191459912074E-01
   0.170225508849222E+02
   0.165449579861634E-01
   0.169186731827612E+02
   0.164191766526632E-01
   0.145567248624314E+02
   0.152011595086792E-01
   0.144443038621056E+02
   0.150775061164333E-01
   0.143137756732109E+02
   0.149275010530138E-01
   0.141699673135415E+02
   0.147452366351255E-01
   0.140168635830566E+02
   0.145350049855763E-01
   0.138679632516679E+02
   0.143890680847642E-01
   0.137195313877987E+02
   0.142692707992670E-01
   0.135718457616544E+02
   0.141803662983304E-01
   0.134231757224035E+02
   0.141049557220935E-01
   0.132730879322530E+02
   0.140602751624879E-01
   0.131234443540070E+02
   0.140180328016653E-01
   0.129836665618720E+02
   0.139680281625126E-01
   0.128729754307718E+02
   0.139008588730059E-01
   0.128285033301882E+02
   0.138441211953416E-01
   0.129017395913417E+02
   0.139217455963496E-01
   0.131090495119814E+02
   0.143028029701258E-01
   0.133437272852155E+02
   0.150297553827294E-01
   0.134225180106475E+02
   0.159935679704937E-01
   0.129963860112841E+02
   0.134524497471710E-01
   0.128361322938453E+02
   0.128637156880125E-01
   0.130774470228799E+02
   0.124126460776057E-01
   0.137546592960744E+02
   0.132754754678240E-01
   0.143868136563549E+02
   0.139179269328936E-01
   0.148514997298888E+02
   0.147286282323797E-01
   0.151386762518717E+02
   0.153161989726246E-01
   0.153086880092242E+02
   0.157894602192177E-01
   0.154174894552491E+02
   0.162456995365949E-01
   0.154531771385200E+02
   0.164782963222711E-01
   0.154301105609265E+02
   0.165535479652720E-01
   0.153493714814295E+02
   0.164313748482985E-01
   0.152361130497584E+02
   0.162075293903115E-01
   0.151090853858636E+02
   0.159741680941405E-01
   0.149796202368058E+02
   0.157430943325534E-01
   0.148583502156452E+02
   0.155477993260165E-01
   0.147519663093061E+02
   0.154100463396362E-01
   0.146545736398717E+02
   0.152990903210130E-01
   0.118951354242049E+02
   0.134529037291564E-01
   0.118002430686875E+02
   0.133973715493084E-01
   0.116843726932099E+02
   0.132851200236667E-01
   0.115608921136513E+02
   0.131756617584999E-01
   0.114302632141734E+02
   0.130556667980962E-01
   0.112993204720640E+02
   0.129584765005250E-01
   0.111700091103900E+02
   0.128848834973160E-01
   0.110433394328947E+02
   0.128382242246505E-01
   0.109181501853162E+02
   0.128047232530297E-01
   0.107944312465922E+02
   0.127836133491937E-01
   0.106745119212682E+02
   0.127614584812910E-01
   0.105655980029595E+02
   0.127279200569545E-01
   0.104803614601072E+02
   0.126824865325458E-01
   0.104415045268205E+02
   0.126316846617941E-01
   0.104851169948648E+02
   0.126625417039355E-01
   0.106133251941199E+02
   0.128446933924493E-01
   0.107745324071659E+02
   0.132432137640789E-01
   0.108262684625232E+02
   0.137072214105360E-01
   0.105997818163661E+02
   0.127765387217531E-01
   0.104411095097929E+02
   0.120484018294159E-01
   0.104962953857883E+02
   0.113879159017999E-01
   0.108017519822862E+02
   0.112279779438083E-01
   0.111811457322685E+02
   0.113050016174431E-01
   0.115404388291481E+02
   0.116871284793529E-01
   0.118249224844694E+02
   0.120962107483291E-01
   0.120433595826852E+02
   0.125012414887726E-01
   0.122199939223622E+02
   0.129731498470843E-01
   0.123402629530788E+02
   0.133715889223852E-01
   0.124032273130504E+02
   0.136586762084156E-01
   0.124051377952352E+02
   0.137771391717550E-01
   0.123614269315868E+02
   0.137682503377762E-01
   0.122911652563338E+02
   0.137006566888677E-01
   0.122081910296689E+02
   0.136143466471678E-01
   0.121228536372607E+02
   0.135333521336293E-01
   0.120470995169905E+02
   0.135007968571899E-01
   0.119739583597476E+02
   0.134776771876706E-01
   0.860695120824703E+01
   0.108790862280669E-01
   0.854126546547962E+01
   0.108843269439070E-01
   0.846288251353058E+01
   0.108695963922423E-01
   0.837298770744244E+01
   0.108411444388133E-01
   0.827327143923959E+01
   0.107929674040276E-01
   0.816843572554419E+01
   0.107354935131139E-01
   0.806262476497818E+01
   0.106829090184971E-01
   0.795811644914435E+01
   0.106454882697849E-01
   0.785502683316688E+01
   0.106193924811152E-01
   0.775416519227277E+01
   0.105918229312656E-01
   0.765995961228241E+01
   0.105574337152618E-01
   0.757820574675573E+01
   0.105142325638628E-01
   0.751684550629393E+01
   0.104705337532180E-01
   0.748480385302929E+01
   0.104216872100883E-01
   0.749570257042230E+01
   0.104003548392683E-01
   0.755224174791988E+01
   0.104705127148393E-01
   0.763188122281906E+01
   0.107061342672465E-01
   0.765740525511942E+01
   0.109515442398941E-01
   0.754701584899554E+01
   0.105796514098113E-01
   0.742631806978773E+01
   0.100890348632022E-01
   0.739217556904926E+01
   0.963912885472070E-02
   0.749052372313380E+01
   0.936507461386678E-02
   0.767423223028736E+01
   0.925527107476478E-02
   0.789237942885422E+01
   0.929588067986158E-02
   0.810343239861844E+01
   0.940318427951997E-02
   0.829480344812957E+01
   0.955141576400345E-02
   0.846784304926784E+01
   0.978135304025508E-02
   0.861357838009676E+01
   0.100668221657295E-01
   0.872101369991109E+01
   0.103446373850232E-01
   0.878180592264150E+01
   0.105371287802909E-01
   0.880244229903638E+01
   0.106458878335606E-01
   0.879437661409433E+01
   0.107013335414810E-01
   0.876855153503243E+01
   0.107282514390818E-01
   0.873500487327179E+01
   0.107587398300813E-01
   0.869914655662635E+01
   0.108010296500957E-01
   0.865815204880076E+01
   0.108463455183063E-01
   0.445204817616339E+01
   0.774762149968914E-02
   0.441529912281148E+01
   0.777818051234185E-02
   0.436564998494807E+01
   0.778074097480766E-02
   0.430417828569695E+01
   0.775921622566461E-02
   0.423312351300855E+01
   0.771930450997400E-02
   0.415500360004504E+01
   0.766244811288305E-02
   0.407100481620213E+01
   0.759702763761247E-02
   0.398454165292110E+01
   0.753835470445626E-02
   0.389613072568396E+01
   0.748197194500519E-02
   0.380850585119535E+01
   0.742304082971495E-02
   0.373683554000786E+01
   0.737910133957900E-02
   0.368090650719946E+01
   0.734728358652071E-02
   0.363977549158389E+01
   0.732655707903218E-02
   0.361578823197665E+01
   0.732114380719958E-02
   0.361003871332764E+01
   0.733830198584133E-02
   0.362128305197750E+01
   0.740273827287794E-02
   0.364333375365182E+01
   0.754107503743970E-02
   0.364940231280214E+01
   0.769493334977981E-02
   0.361769187193542E+01
   0.771967727002628E-02
   0.357093552173400E+01
   0.760354777623010E-02
   0.354500956646563E+01
   0.740213951408283E-02
   0.356184570255083E+01
   0.717628161201692E-02
   0.362371148019154E+01
   0.698423724692244E-02
   0.372151408672447E+01
   0.685980289971293E-02
   0.384185011850161E+01
   0.681774366611727E-02
   0.397384409060735E+01
   0.686288551208696E-02
   0.410777406061967E+01
   0.697973495963009E-02
   0.423226995913124E+01
   0.713936454685688E-02
   0.433703862501368E+01
   0.730882083631927E-02
   0.441460101715720E+01
   0.744866593554302E-02
   0.446366209669064E+01
   0.753508082513116E-02
   0.448913822205608E+01
   0.757760130784314E-02
   0.449856661327584E+01
   0.760078243102372E-02
   0.449828112525168E+01
   0.762740542039027E-02
   0.449106221063021E+01
   0.766112340070967E-02
   0.447642634091360E+01
   0.770212727746548E-02
  -0.748262115665915E+00
   0.533703248181242E-02
  -0.762712377618174E+00
   0.534136819123357E-02
  -0.783733506357364E+00
   0.534310276296942E-02
  -0.811449777237709E+00
   0.534110064272086E-02
  -0.844645295649184E+00
   0.533631310947551E-02
  -0.882123209448305E+00
   0.532951623245259E-02
  -0.922759949080458E+00
   0.532142620330024E-02
  -0.965485188129806E+00
   0.531251898710078E-02
  -0.100905414260352E+01
   0.530291507044846E-02
  -0.105165556604568E+01
   0.529321652129266E-02
  -0.109102133671166E+01
   0.528475431329748E-02
  -0.112705731244542E+01
   0.527630590699908E-02
  -0.116003997407119E+01
   0.526676621796517E-02
  -0.119028832323240E+01
   0.525561121106863E-02
  -0.121796183916470E+01
   0.524334397569521E-02
  -0.124310799957179E+01
   0.523147084763384E-02
  -0.126626466562515E+01
   0.522052653788662E-02
  -0.128557659138128E+01
   0.521186627417671E-02
  -0.130154143799451E+01
   0.519922126312823E-02
  -0.131365320401992E+01
   0.517769539856793E-02
  -0.131631413632234E+01
   0.515199518563040E-02
  -0.130494807608657E+01
   0.512820984644614E-02
  -0.127729903008318E+01
   0.511216699902091E-02
  -0.123381552033879E+01
   0.510765621234312E-02
  -0.117729677388657E+01
   0.511583334521626E-02
  -0.111227094201213E+01
   0.513515333382697E-02
  -0.104432420892726E+01
   0.516158653689590E-02
  -0.978774081819486E+00
   0.519044821368709E-02
  -0.919557083201136E+00
   0.521797310992655E-02
  -0.869053917857508E+00
   0.524153053023295E-02
  -0.828053690311816E+00
   0.526028052646861E-02
  -0.796006047729284E+00
   0.527547728568754E-02
  -0.771887517289138E+00
   0.528911749321075E-02
  -0.754950660967473E+00
   0.530255348637006E-02
  -0.745065159037632E+00
   0.531575916667115E-02
  -0.742604206668913E+00
   0.532779527550167E-02
